#indx Mass S step-number desc_indx 
    0  3.1600e+11     5.9621     0    -1     0.0134
    1  3.1013e+11     5.9922     1     0     0.1326
    2  3.0618e+11     6.0128     2     1     0.2441
    3  3.0368e+11     6.0260     3     2     0.3500
    4  3.0207e+11     6.0346     4     3     0.4519
    5  2.9767e+11     6.0583     5     4     0.5506
    6  2.6681e+11     6.2374     6     5     0.6467
    7  2.6562e+11     6.2448     7     6     0.7407
    8  2.6409e+11     6.2543     8     7     0.8330
    9  2.5860e+11     6.2892     9     8     0.9238
   10  2.4215e+11     6.3992    10     9     1.0134
   11  2.1408e+11     6.6092    11    10     1.1018
   12  2.1267e+11     6.6206    12    11     1.1894
   13  1.8886e+11     6.8279    13    12     1.2761
   14  1.4997e+11     7.2439    14    13     1.3621
   15  1.4346e+11     7.3261    15    14     1.4474
   16  1.3470e+11     7.4439    16    15     1.5322
   17  1.3177e+11     7.4852    17    16     1.6165
   18  1.3159e+11     7.4877    18    17     1.7003
   19  1.2862e+11     7.5310    19    18     1.7838
   20  1.2705e+11     7.5542    20    19     1.8669
   21  1.1199e+11     7.7968    21    20     1.9496
   22  1.1010e+11     7.8298    22    21     2.0321
   23  1.0521e+11     7.9189    23    22     2.1143
   24  1.0425e+11     7.9370    24    23     2.1963
   25  1.0222e+11     7.9756    25    24     2.2781
   26  9.0493e+10     8.2191    26    25     2.3597
   27  8.9673e+10     8.2375    27    26     2.4411
   28  8.8327e+10     8.2682    28    27     2.5223
   29  8.6206e+10     8.3176    29    28     2.6034
   30  8.5310e+10     8.3388    30    29     2.6844
   31  8.3519e+10     8.3822    31    30     2.7652
   32  8.2852e+10     8.3987    32    31     2.8459
   33  8.2399e+10     8.4099    33    32     2.9266
   34  8.2089e+10     8.4177    34    33     3.0071
   35  7.9237e+10     8.4905    35    34     3.0876
   36  7.8203e+10     8.5177    36    35     3.1680
   37  7.7200e+10     8.5445    37    36     3.2483
   38  7.6810e+10     8.5550    38    37     3.3285
   39  7.6421e+10     8.5656    39    38     3.4087
   40  7.6208e+10     8.5714    40    39     3.4889
   41  7.6008e+10     8.5769    41    40     3.5689
   42  7.5557e+10     8.5893    42    41     3.6490
   43  6.8017e+10     8.8105    43    42     3.7290
   44  6.7996e+10     8.8111    44    43     3.8089
   45  6.6902e+10     8.8456    45    44     3.8889
   46  5.9822e+10     9.0862    46    45     3.9688
   47  5.8797e+10     9.1237    47    46     4.0486
   48  5.7654e+10     9.1665    48    47     4.1285
   49  5.7542e+10     9.1708    49    48     4.2083
   50  5.5660e+10     9.2437    50    49     4.2881
   51  4.9428e+10     9.5074    51    50     4.3678
   52  4.9374e+10     9.5098    52    51     4.4476
   53  4.9029e+10     9.5256    53    52     4.5273
   54  4.8869e+10     9.5329    54    53     4.6070
   55  4.8627e+10     9.5441    55    54     4.6867
   56  4.7865e+10     9.5796    56    55     4.7664
   57  4.7115e+10     9.6153    57    56     4.8460
   58  3.9055e+10    10.0464    58    57     4.9257
   59  3.8975e+10    10.0512    59    58     5.0053
   60  3.8441e+10    10.0834    60    59     5.0849
   61  3.8374e+10    10.0875    61    60     5.1646
   62  3.1291e+10    10.5734    62    61     5.2442
   63  3.1168e+10    10.5829    63    62     5.3238
   64  3.0355e+10    10.6471    64    63     5.4033
   65  3.0064e+10    10.6705    65    64     5.4829
   66  2.9822e+10    10.6903    66    65     5.5625
   67  2.9623e+10    10.7066    67    66     5.6421
   68  2.6084e+10    11.0207    68    67     5.7216
   69  2.4973e+10    11.1297    69    68     5.8012
   70  2.4911e+10    11.1360    70    69     5.8807
   71  2.3886e+10    11.2419    71    70     5.9602
   72  2.2333e+10    11.4129    72    71     6.0398
   73  2.2282e+10    11.4187    73    72     6.1193
   74  2.1504e+10    11.5100    74    73     6.1988
   75  2.1319e+10    11.5322    75    74     6.2783
   76  2.0350e+10    11.6525    76    75     6.3579
   77  2.0046e+10    11.6916    77    76     6.4374
   78  1.9998e+10    11.6979    78    77     6.5169
   79  1.9071e+10    11.8220    79    78     6.5964
   80  1.8918e+10    11.8431    80    79     6.6759
   81  1.6131e+10    12.2671    81    80     6.7554
   82  1.6002e+10    12.2887    82    81     6.8349
   83  1.1156e+10    13.2896    83    82     6.9143
   84  1.0616e+10    13.4316    84    83     6.9938
   85  1.0592e+10    13.4382    85    84     7.0733
   86  1.0586e+10    13.4396    86    85     7.1528
   87  1.0568e+10    13.4445    87    86     7.2323
   88  1.0238e+10    13.5361    88    87     7.3117
   89  1.0210e+10    13.5440    89    88     7.3912
   90  1.0175e+10    13.5540    90    89     7.4707
   91  1.0074e+10    13.5829    91    90     7.5502
   92  9.7656e+09    13.6731    92    91     7.6296
   93  9.7217e+09    13.6862    93    92     7.7091
   94  8.9981e+09    13.9129    94    93     7.7885
   95  8.8367e+09    13.9663    95    94     7.8680
   96  8.4027e+09    14.1157    96    95     7.9475
   97  8.3937e+09    14.1189    97    96     8.0269
   98  8.2137e+09    14.1836    98    97     8.1064
   99  5.8822e+09    15.2064    99    98     8.1858
  100  5.8321e+09    15.2333   100    99     8.2653
