#indx Mass S step-number desc_indx 
    0  3.1600e+11     5.9621     0    -1     0.0134
    1  1.7521e+11     6.9613     1     0     0.1326
    2  1.5523e+11     7.1806     2     1     0.2441
    3  1.4896e+11     7.2564     3     2     0.3500
    4  1.4731e+11     7.2770     4     3     0.4519
    5  8.3178e+10     8.3906     5     4     0.5506
    6  8.0847e+10     8.4490     6     5     0.6467
    7  8.0667e+10     8.4536     7     6     0.7407
    8  4.9818e+10     9.4897     8     7     0.8330
    9  4.9106e+10     9.5220     9     8     0.9238
   10  4.4610e+10     9.7394    10     9     1.0134
   11  4.3840e+10     9.7792    11    10     1.1018
   12  4.3024e+10     9.8223    12    11     1.1894
   13  4.2781e+10     9.8353    13    12     1.2761
   14  4.2705e+10     9.8394    14    13     1.3621
   15  4.2347e+10     9.8588    15    14     1.4474
   16  4.1007e+10     9.9330    16    15     1.5322
   17  4.0785e+10     9.9456    17    16     1.6165
   18  3.7910e+10    10.1160    18    17     1.7003
   19  3.6664e+10    10.1946    19    18     1.7838
   20  3.6430e+10    10.2098    20    19     1.8669
   21  3.6105e+10    10.2309    21    20     1.9496
   22  3.5900e+10    10.2443    22    21     2.0321
   23  3.5702e+10    10.2575    23    22     2.1143
   24  3.4892e+10    10.3119    24    23     2.1963
   25  3.4831e+10    10.3161    25    24     2.2781
   26  3.2650e+10    10.4708    26    25     2.3597
   27  3.1498e+10    10.5574    27    26     2.4411
   28  3.1434e+10    10.5623    28    27     2.5223
   29  3.1415e+10    10.5638    29    28     2.6034
   30  3.1305e+10    10.5723    30    29     2.6844
   31  3.0837e+10    10.6088    31    30     2.7652
   32  3.0069e+10    10.6701    32    31     2.8459
   33  2.9576e+10    10.7105    33    32     2.9266
   34  2.9554e+10    10.7123    34    33     3.0071
   35  2.8348e+10    10.8145    35    34     3.0876
   36  2.8150e+10    10.8317    36    35     3.1680
   37  2.7950e+10    10.8493    37    36     3.2483
   38  2.6956e+10    10.9390    38    37     3.3285
   39  2.4031e+10    11.2266    39    38     3.4087
   40  2.3961e+10    11.2340    40    39     3.4889
   41  2.2309e+10    11.4157    41    40     3.5689
   42  2.2285e+10    11.4185    42    41     3.6490
   43  2.1125e+10    11.5558    43    42     3.7290
   44  1.8526e+10    11.8982    44    43     3.8089
   45  1.6528e+10    12.2017    45    44     3.8889
   46  1.5914e+10    12.3036    46    45     3.9688
   47  1.5907e+10    12.3047    47    46     4.0486
   48  1.4921e+10    12.4783    48    47     4.1285
   49  1.3550e+10    12.7432    49    48     4.2083
   50  1.3461e+10    12.7615    50    49     4.2881
   51  5.4701e+09    15.4357    51    50     4.3678
   52  5.4581e+09    15.4427    52    51     4.4476
   53  3.8593e+09    16.5711    53    52     4.5273
   54  3.1297e+09    17.2810    54    53     4.6070
   55  3.1090e+09    17.3039    55    54     4.6867
   56  3.1035e+09    17.3099    56    55     4.7664
   57  3.0956e+09    17.3186    57    56     4.8460
   58  3.0254e+09    17.3978    58    57     4.9257
   59  2.9927e+09    17.4354    59    58     5.0053
   60  2.9777e+09    17.4528    60    59     5.0849
   61  2.9747e+09    17.4563    61    60     5.1646
   62  2.9730e+09    17.4583    62    61     5.2442
   63  2.9628e+09    17.4701    63    62     5.3238
   64  2.8821e+09    17.5660    64    63     5.4033
   65  2.8673e+09    17.5839    65    64     5.4829
   66  2.8484e+09    17.6070    66    65     5.5625
   67  2.8413e+09    17.6157    67    66     5.6421
   68  2.7527e+09    17.7263    68    67     5.7216
   69  2.5709e+09    17.9667    69    68     5.8012
   70  2.5407e+09    18.0084    70    69     5.8807
   71  2.4512e+09    18.1356    71    70     5.9602
   72  2.4363e+09    18.1574    72    71     6.0398
   73  2.4226e+09    18.1774    73    72     6.1193
   74  2.4068e+09    18.2007    74    73     6.1988
   75  2.3966e+09    18.2160    75    74     6.2783
   76  2.3599e+09    18.2711    76    75     6.3579
   77  2.3431e+09    18.2966    77    76     6.4374
   78  2.3396e+09    18.3019    78    77     6.5169
   79  1.8537e+09    19.1490    79    78     6.5964
   80  1.7796e+09    19.3002    80    79     6.6759
   81  1.7593e+09    19.3429    81    80     6.7554
   82  1.7315e+09    19.4021    82    81     6.8349
   83  1.7300e+09    19.4054    83    82     6.9143
   84  1.6645e+09    19.5497    84    83     6.9938
   85  1.2996e+09    20.4937    85    84     7.0733
   86  1.2984e+09    20.4973    86    85     7.1528
   87  1.2860e+09    20.5345    87    86     7.2323
   88  1.2822e+09    20.5460    88    87     7.3117
   89  1.2466e+09    20.6554    89    88     7.3912
   90  1.2361e+09    20.6885    90    89     7.4707
   91  1.2318e+09    20.7019    91    90     7.5502
   92  1.2190e+09    20.7429    92    91     7.6296
   93  1.2042e+09    20.7907    93    92     7.7091
   94  1.1467e+09    20.9829    94    93     7.7885
   95  1.1386e+09    21.0107    95    94     7.8680
   96  9.4334e+08    21.7623    96    95     7.9475
   97  9.4084e+08    21.7731    97    96     8.0269
   98  9.0636e+08    21.9245    98    97     8.1064
   99  9.0472e+08    21.9318    99    98     8.1858
  100  5.8863e+08    23.7284   100    99     8.2653
