#indx Mass S step-number desc_indx 
    0  3.1600e+11     5.9621     0    -1     0.0134
    1  3.1473e+11     5.9686     1     0     0.1326
    2  3.0248e+11     6.0324     2     1     0.2441
    3  1.7096e+11     7.0054     3     2     0.3500
    4  1.5019e+11     7.2413     4     3     0.4519
    5  1.4892e+11     7.2568     5     4     0.5506
    6  4.6400e+10     9.6499     6     5     0.6467
    7  4.4546e+10     9.7427     7     6     0.7407
    8  4.3730e+10     9.7850     8     7     0.8330
    9  4.3006e+10     9.8233     9     8     0.9238
   10  4.2531e+10     9.8488    10     9     1.0134
   11  3.9515e+10    10.0191    11    10     1.1018
   12  3.6060e+10    10.2339    12    11     1.1894
   13  3.3807e+10    10.3872    13    12     1.2761
   14  3.3254e+10    10.4268    14    13     1.3621
   15  3.3224e+10    10.4289    15    14     1.4474
   16  3.2970e+10    10.4473    16    15     1.5322
   17  3.1980e+10    10.5207    17    16     1.6165
   18  3.0221e+10    10.6579    18    17     1.7003
   19  2.9694e+10    10.7007    19    18     1.7838
   20  2.7311e+10    10.9064    20    19     1.8669
   21  2.7240e+10    10.9129    21    20     1.9496
   22  2.7195e+10    10.9170    22    21     2.0321
   23  2.6745e+10    10.9584    23    22     2.1143
   24  2.6576e+10    10.9742    24    23     2.1963
   25  2.6455e+10    10.9855    25    24     2.2781
   26  2.6250e+10    11.0049    26    25     2.3597
   27  2.6166e+10    11.0129    27    26     2.4411
   28  2.6030e+10    11.0258    28    27     2.5223
   29  2.6015e+10    11.0274    29    28     2.6034
   30  2.5558e+10    11.0716    30    29     2.6844
   31  2.0028e+10    11.6940    31    30     2.7652
   32  1.9951e+10    11.7041    32    31     2.8459
   33  1.9342e+10    11.7850    33    32     2.9266
   34  1.8597e+10    11.8882    34    33     3.0071
   35  1.8585e+10    11.8899    35    34     3.0876
   36  1.8528e+10    11.8979    36    35     3.1680
   37  1.8371e+10    11.9203    37    36     3.2483
   38  1.7900e+10    11.9891    38    37     3.3285
   39  1.7431e+10    12.0596    39    38     3.4087
   40  1.7164e+10    12.1007    40    39     3.4889
   41  1.0360e+10    13.5019    41    40     3.5689
   42  9.5497e+09    13.7383    42    41     3.6490
   43  9.5415e+09    13.7408    43    42     3.7290
   44  9.3404e+09    13.8031    44    43     3.8089
   45  9.3146e+09    13.8112    45    44     3.8889
   46  9.1480e+09    13.8642    46    45     3.9688
   47  9.0908e+09    13.8827    47    46     4.0486
   48  9.0385e+09    13.8997    48    47     4.1285
   49  8.9850e+09    13.9172    49    48     4.2083
   50  8.8871e+09    13.9495    50    49     4.2881
   51  7.7031e+09    14.3762    51    50     4.3678
   52  7.6457e+09    14.3988    52    51     4.4476
   53  7.6183e+09    14.4097    53    52     4.5273
   54  7.6017e+09    14.4163    54    53     4.6070
   55  7.5980e+09    14.4177    55    54     4.6867
   56  7.4390e+09    14.4818    56    55     4.7664
   57  7.1276e+09    14.6119    57    56     4.8460
   58  7.1066e+09    14.6209    58    57     4.9257
   59  6.2636e+09    15.0100    59    58     5.0053
   60  6.1654e+09    15.0593    60    59     5.0849
   61  6.1615e+09    15.0612    61    60     5.1646
   62  5.9871e+09    15.1510    62    61     5.2442
   63  2.6541e+09    17.8544    63    62     5.3238
   64  2.6300e+09    17.8864    64    63     5.4033
   65  2.5877e+09    17.9436    65    64     5.4829
   66  2.5107e+09    18.0504    66    65     5.5625
   67  2.5050e+09    18.0586    67    66     5.6421
   68  2.1040e+09    18.6848    68    67     5.7216
   69  2.0816e+09    18.7237    69    68     5.8012
   70  2.0761e+09    18.7333    70    69     5.8807
   71  2.0339e+09    18.8081    71    70     5.9602
   72  2.0235e+09    18.8269    72    71     6.0398
   73  2.0226e+09    18.8285    73    72     6.1193
   74  2.0135e+09    18.8451    74    73     6.1988
   75  2.0111e+09    18.8494    75    74     6.2783
   76  2.0094e+09    18.8526    76    75     6.3579
   77  9.8385e+08    21.5928    77    76     6.4374
   78  9.6309e+08    21.6786    78    77     6.5169
   79  9.6096e+08    21.6876    79    78     6.5964
   80  9.5923e+08    21.6949    80    79     6.6759
   81  8.7536e+08    22.0663    81    80     6.7554
   82  8.6424e+08    22.1185    82    81     6.8349
   83  8.3130e+08    22.2778    83    82     6.9143
   84  8.2604e+08    22.3039    84    83     6.9938
   85  7.6433e+08    22.6249    85    84     7.0733
   86  7.5713e+08    22.6643    86    85     7.1528
   87  7.5704e+08    22.6647    87    86     7.2323
   88  7.4394e+08    22.7375    88    87     7.3117
   89  7.4256e+08    22.7452    89    88     7.3912
   90  7.3545e+08    22.7853    90    89     7.4707
   91  7.2565e+08    22.8414    91    90     7.5502
   92  7.0863e+08    22.9408    92    91     7.6296
   93  7.0024e+08    22.9908    93    92     7.7091
   94  6.7173e+08    23.1660    94    93     7.7885
   95  6.6880e+08    23.1844    95    94     7.8680
   96  6.5646e+08    23.2632    96    95     7.9475
   97  5.7977e+08    23.7936    97    96     8.0269
   98  5.7758e+08    23.8099    98    97     8.1064
   99  2.2631e+08    28.0852    99    98     8.1858
  100  2.2326e+08    28.1507   100    99     8.2653
