#indx Mass S step-number desc_indx 
    0  3.1600e+11     5.9621     0    -1     0.0134
    1  3.1346e+11     5.9750     1     0     0.1326
    2  2.7645e+11     6.1789     2     1     0.2441
    3  2.6510e+11     6.2480     3     2     0.3500
    4  2.6413e+11     6.2541     4     3     0.4519
    5  1.5302e+11     7.2069     5     4     0.5506
    6  1.5106e+11     7.2306     6     5     0.6467
    7  1.5029e+11     7.2400     7     6     0.7407
    8  1.5008e+11     7.2426     8     7     0.8330
    9  1.3052e+11     7.5032     9     8     0.9238
   10  1.2785e+11     7.5424    10     9     1.0134
   11  1.1005e+11     7.8308    11    10     1.1018
   12  1.0882e+11     7.8527    12    11     1.1894
   13  1.0825e+11     7.8630    13    12     1.2761
   14  1.0601e+11     7.9039    14    13     1.3621
   15  1.0582e+11     7.9076    15    14     1.4474
   16  1.0521e+11     7.9189    16    15     1.5322
   17  1.0237e+11     7.9728    17    16     1.6165
   18  1.0183e+11     7.9833    18    17     1.7003
   19  1.0176e+11     7.9845    19    18     1.7838
   20  1.0123e+11     7.9950    20    19     1.8669
   21  9.8660e+10     8.0460    21    20     1.9496
   22  9.1759e+10     8.1911    22    21     2.0321
   23  9.0618e+10     8.2163    23    22     2.1143
   24  6.6343e+10     8.8635    24    23     2.1963
   25  5.4956e+10     9.2717    25    24     2.2781
   26  5.4560e+10     9.2876    26    25     2.3597
   27  5.4384e+10     9.2947    27    26     2.4411
   28  5.3372e+10     9.3363    28    27     2.5223
   29  5.0670e+10     9.4518    29    28     2.6034
   30  4.5814e+10     9.6788    30    29     2.6844
   31  3.7223e+10    10.1590    31    30     2.7652
   32  3.4449e+10    10.3424    32    31     2.8459
   33  3.2233e+10    10.5017    33    32     2.9266
   34  3.2227e+10    10.5022    34    33     3.0071
   35  3.0800e+10    10.6117    35    34     3.0876
   36  3.0445e+10    10.6399    36    35     3.1680
   37  2.9187e+10    10.7428    37    36     3.2483
   38  2.9059e+10    10.7537    38    37     3.3285
   39  2.8461e+10    10.8047    39    38     3.4087
   40  2.8377e+10    10.8119    40    39     3.4889
   41  2.6237e+10    11.0061    41    40     3.5689
   42  2.6039e+10    11.0250    42    41     3.6490
   43  2.4534e+10    11.1743    43    42     3.7290
   44  2.4414e+10    11.1866    44    43     3.8089
   45  2.4369e+10    11.1914    45    44     3.8889
   46  2.3367e+10    11.2976    46    45     3.9688
   47  2.3258e+10    11.3094    47    46     4.0486
   48  2.2760e+10    11.3645    48    47     4.1285
   49  2.0661e+10    11.6132    49    48     4.2083
   50  2.0480e+10    11.6360    50    49     4.2881
   51  2.0151e+10    11.6781    51    50     4.3678
   52  2.0101e+10    11.6846    52    51     4.4476
   53  1.9980e+10    11.7003    53    52     4.5273
   54  1.9376e+10    11.7804    54    53     4.6070
   55  1.8742e+10    11.8677    55    54     4.6867
   56  1.8714e+10    11.8716    56    55     4.7664
   57  1.8652e+10    11.8803    57    56     4.8460
   58  1.8348e+10    11.9237    58    57     4.9257
   59  1.8191e+10    11.9464    59    58     5.0053
   60  1.8188e+10    11.9468    60    59     5.0849
   61  1.8010e+10    11.9729    61    60     5.1646
   62  1.7347e+10    12.0724    62    61     5.2442
   63  1.7280e+10    12.0828    63    62     5.3238
   64  1.4397e+10    12.5762    64    63     5.4033
   65  1.4387e+10    12.5781    65    64     5.4829
   66  1.4335e+10    12.5880    66    65     5.5625
   67  1.4323e+10    12.5903    67    66     5.6421
   68  1.4251e+10    12.6040    68    67     5.7216
   69  1.2650e+10    12.9345    69    68     5.8012
   70  1.1537e+10    13.1940    70    69     5.8807
   71  1.1141e+10    13.2933    71    70     5.9602
   72  1.0940e+10    13.3454    72    71     6.0398
   73  7.4906e+09    14.4608    73    72     6.1193
   74  7.4334e+09    14.4841    74    73     6.1988
   75  2.3246e+09    18.3250    75    74     6.2783
   76  2.2989e+09    18.3650    76    75     6.3579
   77  2.2442e+09    18.4515    77    76     6.4374
   78  2.2381e+09    18.4613    78    77     6.5169
   79  2.2351e+09    18.4662    79    78     6.5964
   80  2.2330e+09    18.4695    80    79     6.6759
   81  2.2236e+09    18.4847    81    80     6.7554
   82  2.1994e+09    18.5242    82    81     6.8349
   83  2.0750e+09    18.7352    83    82     6.9143
   84  2.0697e+09    18.7445    84    83     6.9938
   85  1.9851e+09    18.8969    85    84     7.0733
   86  1.0656e+09    21.2736    86    85     7.1528
   87  1.0621e+09    21.2864    87    86     7.2323
   88  1.0256e+09    21.4261    88    87     7.3117
   89  1.0148e+09    21.4684    89    88     7.3912
   90  1.0106e+09    21.4852    90    89     7.4707
   91  1.0056e+09    21.5049    91    90     7.5502
   92  9.8948e+08    21.5698    92    91     7.6296
   93  9.8764e+08    21.5773    93    92     7.7091
   94  9.8348e+08    21.5943    94    93     7.7885
   95  9.7972e+08    21.6097    95    94     7.8680
   96  9.5450e+08    21.7148    96    95     7.9475
   97  9.5101e+08    21.7296    97    96     8.0269
   98  9.4184e+08    21.7688    98    97     8.1064
   99  9.3886e+08    21.7816    99    98     8.1858
  100  9.2344e+08    21.8487   100    99     8.2653
