#indx Mass S step-number desc_indx 
    0  3.1600e+11     5.9621     0    -1     0.0134
    1  3.1451e+11     5.9697     1     0     0.1326
    2  3.1071e+11     5.9892     2     1     0.2441
    3  3.0649e+11     6.0112     3     2     0.3500
    4  2.8969e+11     6.1024     4     3     0.4519
    5  2.8937e+11     6.1042     5     4     0.5506
    6  2.8737e+11     6.1155     6     5     0.6467
    7  2.8569e+11     6.1251     7     6     0.7407
    8  2.5440e+11     6.3165     8     7     0.8330
    9  2.2228e+11     6.5446     9     8     0.9238
   10  1.8441e+11     6.8701    10     9     1.0134
   11  1.6823e+11     7.0344    11    10     1.1018
   12  1.6718e+11     7.0457    12    11     1.1894
   13  1.6442e+11     7.0758    13    12     1.2761
   14  1.6339e+11     7.0872    14    13     1.3621
   15  1.3328e+11     7.4638    15    14     1.4474
   16  1.2173e+11     7.6359    16    15     1.5322
   17  7.6606e+10     8.5606    17    16     1.6165
   18  7.5598e+10     8.5882    18    17     1.7003
   19  7.1435e+10     8.7068    19    18     1.7838
   20  7.0289e+10     8.7409    20    19     1.8669
   21  6.8222e+10     8.8041    21    20     1.9496
   22  6.7282e+10     8.8336    22    21     2.0321
   23  6.7035e+10     8.8414    23    22     2.1143
   24  6.5271e+10     8.8983    24    23     2.1963
   25  6.4901e+10     8.9105    25    24     2.2781
   26  6.4867e+10     8.9116    26    25     2.3597
   27  6.3064e+10     8.9721    27    26     2.4411
   28  6.2993e+10     8.9745    28    27     2.5223
   29  6.2636e+10     8.9867    29    28     2.6034
   30  6.0830e+10     9.0499    30    29     2.6844
   31  6.0717e+10     9.0539    31    30     2.7652
   32  6.0380e+10     9.0660    32    31     2.8459
   33  5.9390e+10     9.1019    33    32     2.9266
   34  5.8102e+10     9.1496    34    33     3.0071
   35  5.6903e+10     9.1952    35    34     3.0876
   36  5.5098e+10     9.2660    36    35     3.1680
   37  5.3634e+10     9.3254    37    36     3.2483
   38  5.1470e+10     9.4168    38    37     3.3285
   39  4.9903e+10     9.4859    39    38     3.4087
   40  4.9753e+10     9.4926    40    39     3.4889
   41  4.7263e+10     9.6082    41    40     3.5689
   42  4.6113e+10     9.6640    42    41     3.6490
   43  4.5966e+10     9.6713    43    42     3.7290
   44  4.2834e+10     9.8325    44    43     3.8089
   45  4.0818e+10     9.9437    45    44     3.8889
   46  3.9734e+10    10.0062    46    45     3.9688
   47  3.8921e+10    10.0544    47    46     4.0486
   48  3.4401e+10    10.3457    48    47     4.1285
   49  3.4107e+10    10.3662    49    48     4.2083
   50  3.3275e+10    10.4252    50    49     4.2881
   51  2.5080e+10    11.1190    51    50     4.3678
   52  2.4894e+10    11.1376    52    51     4.4476
   53  1.8658e+10    11.8795    53    52     4.5273
   54  1.7809e+10    12.0026    54    53     4.6070
   55  1.7691e+10    12.0201    55    54     4.6867
   56  1.6910e+10    12.1405    56    55     4.7664
   57  1.1765e+10    13.1384    57    56     4.8460
   58  1.1761e+10    13.1395    58    57     4.9257
   59  1.1467e+10    13.2112    59    58     5.0053
   60  1.0413e+10    13.4871    60    59     5.0849
   61  1.0394e+10    13.4925    61    60     5.1646
   62  3.8975e+09    16.5383    62    61     5.2442
   63  3.8077e+09    16.6161    63    62     5.3238
   64  3.7719e+09    16.6477    64    63     5.4033
   65  3.7587e+09    16.6595    65    64     5.4829
   66  3.7544e+09    16.6633    66    65     5.5625
   67  2.8496e+09    17.6055    67    66     5.6421
   68  2.8117e+09    17.6522    68    67     5.7216
   69  2.6912e+09    17.8056    69    68     5.8012
   70  2.5829e+09    17.9502    70    69     5.8807
   71  2.5311e+09    18.0219    71    70     5.9602
   72  2.5123e+09    18.0482    72    71     6.0398
   73  2.4848e+09    18.0873    73    72     6.1193
   74  2.4622e+09    18.1198    74    73     6.1988
   75  2.4489e+09    18.1390    75    74     6.2783
   76  2.4168e+09    18.1860    76    75     6.3579
   77  2.3756e+09    18.2474    77    76     6.4374
   78  2.3720e+09    18.2528    78    77     6.5169
   79  2.2691e+09    18.4118    79    78     6.5964
   80  2.1768e+09    18.5615    80    79     6.6759
   81  2.1019e+09    18.6883    81    80     6.7554
   82  2.1006e+09    18.6907    82    81     6.8349
   83  2.0976e+09    18.6958    83    82     6.9143
   84  1.7830e+09    19.2930    84    83     6.9938
   85  1.7680e+09    19.3245    85    84     7.0733
   86  1.6958e+09    19.4801    86    85     7.1528
   87  1.6546e+09    19.5722    87    86     7.2323
   88  1.6483e+09    19.5865    88    87     7.3117
   89  1.6378e+09    19.6107    89    88     7.3912
   90  1.5984e+09    19.7022    90    89     7.4707
   91  1.5951e+09    19.7100    91    90     7.5502
   92  1.5191e+09    19.8948    92    91     7.6296
   93  1.5106e+09    19.9160    93    92     7.7091
   94  1.3834e+09    20.2522    94    93     7.7885
   95  1.3798e+09    20.2623    95    94     7.8680
   96  1.3683e+09    20.2946    96    95     7.9475
   97  1.3047e+09    20.4783    97    96     8.0269
   98  1.2690e+09    20.5863    98    97     8.1064
   99  1.2662e+09    20.5948    99    98     8.1858
  100  1.2640e+09    20.6017   100    99     8.2653
