#indx Mass S step-number desc_indx 
    0  3.1600e+11     5.9621     0    -1     0.0134
    1  3.1400e+11     5.9723     1     0     0.1326
    2  3.0750e+11     6.0059     2     1     0.2441
    3  3.0638e+11     6.0117     3     2     0.3500
    4  2.7728e+11     6.1739     4     3     0.4519
    5  2.7620e+11     6.1803     5     4     0.5506
    6  2.7123e+11     6.2103     6     5     0.6467
    7  2.7039e+11     6.2154     7     6     0.7407
    8  2.6847e+11     6.2271     8     7     0.8330
    9  2.6273e+11     6.2629     9     8     0.9238
   10  2.4430e+11     6.3843    10     9     1.0134
   11  2.2949e+11     6.4901    11    10     1.1018
   12  2.2609e+11     6.5156    12    11     1.1894
   13  2.2332e+11     6.5366    13    12     1.2761
   14  2.1827e+11     6.5759    14    13     1.3621
   15  2.0974e+11     6.6446    15    14     1.4474
   16  2.0893e+11     6.6513    16    15     1.5322
   17  2.0343e+11     6.6976    17    16     1.6165
   18  1.8418e+11     6.8723    18    17     1.7003
   19  1.5227e+11     7.2159    19    18     1.7838
   20  1.5177e+11     7.2219    20    19     1.8669
   21  1.4972e+11     7.2470    21    20     1.9496
   22  1.4514e+11     7.3044    22    21     2.0321
   23  1.3875e+11     7.3883    23    22     2.1143
   24  1.3123e+11     7.4929    24    23     2.1963
   25  1.2088e+11     7.6493    25    24     2.2781
   26  1.1927e+11     7.6751    26    25     2.3597
   27  1.1829e+11     7.6909    27    26     2.4411
   28  1.0462e+11     7.9299    28    27     2.5223
   29  9.7892e+10     8.0615    29    28     2.6034
   30  9.7772e+10     8.0639    30    29     2.6844
   31  9.7026e+10     8.0792    31    30     2.7652
   32  8.8902e+10     8.2550    32    31     2.8459
   33  6.3408e+10     8.9604    33    32     2.9266
   34  6.1697e+10     9.0193    34    33     3.0071
   35  5.7269e+10     9.1812    35    34     3.0876
   36  4.5227e+10     9.7081    36    35     3.1680
   37  4.4381e+10     9.7512    37    36     3.2483
   38  4.3699e+10     9.7866    38    37     3.3285
   39  4.3626e+10     9.7905    39    38     3.4087
   40  4.3275e+10     9.8090    40    39     3.4889
   41  4.1706e+10     9.8939    41    40     3.5689
   42  4.1534e+10     9.9035    42    41     3.6490
   43  3.6954e+10    10.1760    43    42     3.7290
   44  3.6731e+10    10.1903    44    43     3.8089
   45  3.6348e+10    10.2150    45    44     3.8889
   46  3.3258e+10    10.4265    46    45     3.9688
   47  3.3230e+10    10.4285    47    46     4.0486
   48  3.2519e+10    10.4804    48    47     4.1285
   49  9.1999e+09    13.8476    49    48     4.2083
   50  9.0843e+09    13.8848    50    49     4.2881
   51  8.9469e+09    13.9297    51    50     4.3678
   52  8.8767e+09    13.9529    52    51     4.4476
   53  8.8121e+09    13.9745    53    52     4.5273
   54  8.5414e+09    14.0670    54    53     4.6070
   55  8.0371e+09    14.2486    55    54     4.6867
   56  8.0186e+09    14.2555    56    55     4.7664
   57  6.4211e+09    14.9330    57    56     4.8460
   58  6.1447e+09    15.0698    58    57     4.9257
   59  6.0965e+09    15.0943    59    58     5.0053
   60  5.9152e+09    15.1888    60    59     5.0849
   61  5.8517e+09    15.2227    61    60     5.1646
   62  5.7081e+09    15.3010    62    61     5.2442
   63  5.1931e+09    15.6012    63    62     5.3238
   64  5.1747e+09    15.6126    64    63     5.4033
   65  5.1587e+09    15.6225    65    64     5.4829
   66  5.1509e+09    15.6273    66    65     5.5625
   67  5.1334e+09    15.6383    67    66     5.6421
   68  4.9813e+09    15.7348    68    67     5.7216
   69  4.9435e+09    15.7593    69    68     5.8012
   70  4.9351e+09    15.7648    70    69     5.8807
   71  4.6680e+09    15.9448    71    70     5.9602
   72  4.6609e+09    15.9497    72    71     6.0398
   73  4.6562e+09    15.9530    73    72     6.1193
   74  4.5386e+09    16.0363    74    73     6.1988
   75  4.4510e+09    16.0999    75    74     6.2783
   76  4.4460e+09    16.1036    76    75     6.3579
   77  4.3683e+09    16.1613    77    76     6.4374
   78  4.3037e+09    16.2102    78    77     6.5169
   79  4.2466e+09    16.2541    79    78     6.5964
   80  4.2334e+09    16.2644    80    79     6.6759
   81  4.2326e+09    16.2650    81    80     6.7554
   82  4.0295e+09    16.4276    82    81     6.8349
   83  4.0232e+09    16.4328    83    82     6.9143
   84  3.9518e+09    16.4922    84    83     6.9938
   85  3.4678e+09    16.9308    85    84     7.0733
   86  3.4412e+09    16.9570    86    85     7.1528
   87  3.4329e+09    16.9652    87    86     7.2323
   88  3.1590e+09    17.2490    88    87     7.3117
   89  3.1526e+09    17.2559    89    88     7.3912
   90  2.9803e+09    17.4497    90    89     7.4707
   91  2.8778e+09    17.5713    91    90     7.5502
   92  2.2653e+09    18.4178    92    91     7.6296
   93  2.1851e+09    18.5478    93    92     7.7091
   94  2.1783e+09    18.5590    94    93     7.7885
   95  2.1109e+09    18.6730    95    94     7.8680
   96  2.1059e+09    18.6815    96    95     7.9475
   97  2.1037e+09    18.6853    97    96     8.0269
   98  2.0644e+09    18.7539    98    97     8.1064
   99  2.0443e+09    18.7895    99    98     8.1858
  100  1.9552e+09    18.9527   100    99     8.2653
