#indx Mass S step-number desc_indx 
    0  3.1600e+11     5.9621     0    -1     0.0134
    1  3.0886e+11     5.9988     1     0     0.1326
    2  3.0387e+11     6.0250     2     1     0.2441
    3  3.0062e+11     6.0423     3     2     0.3500
    4  2.9750e+11     6.0592     4     3     0.4519
    5  2.9459e+11     6.0751     5     4     0.5506
    6  2.8789e+11     6.1126     6     5     0.6467
    7  2.8682e+11     6.1186     7     6     0.7407
    8  2.7750e+11     6.1727     8     7     0.8330
    9  2.7686e+11     6.1765     9     8     0.9238
   10  2.7516e+11     6.1866    10     9     1.0134
   11  2.7291e+11     6.2001    11    10     1.1018
   12  2.0424e+11     6.6907    12    11     1.1894
   13  1.9999e+11     6.7273    13    12     1.2761
   14  1.6659e+11     7.0521    14    13     1.3621
   15  1.6095e+11     7.1145    15    14     1.4474
   16  1.5852e+11     7.1422    16    15     1.5322
   17  1.4688e+11     7.2824    17    16     1.6165
   18  1.3889e+11     7.3864    18    17     1.7003
   19  1.3040e+11     7.5050    19    18     1.7838
   20  1.2945e+11     7.5189    20    19     1.8669
   21  1.2903e+11     7.5249    21    20     1.9496
   22  1.2851e+11     7.5326    22    21     2.0321
   23  1.0165e+11     7.9867    23    22     2.1143
   24  9.9492e+10     8.0293    24    23     2.1963
   25  9.8968e+10     8.0398    25    24     2.2781
   26  9.4413e+10     8.1338    26    25     2.3597
   27  9.3901e+10     8.1447    27    26     2.4411
   28  9.0428e+10     8.2206    28    27     2.5223
   29  8.9741e+10     8.2360    29    28     2.6034
   30  8.7859e+10     8.2789    30    29     2.6844
   31  8.4930e+10     8.3480    31    30     2.7652
   32  4.4330e+10     9.7538    32    31     2.8459
   33  4.3655e+10     9.7889    33    32     2.9266
   34  4.3283e+10     9.8085    34    33     3.0071
   35  3.7630e+10    10.1334    35    34     3.0876
   36  3.6979e+10    10.1744    36    35     3.1680
   37  3.6851e+10    10.1826    37    36     3.2483
   38  3.5825e+10    10.2493    38    37     3.3285
   39  3.2952e+10    10.4486    39    38     3.4087
   40  2.8671e+10    10.7866    40    39     3.4889
   41  2.8568e+10    10.7955    41    40     3.5689
   42  2.8494e+10    10.8018    42    41     3.6490
   43  2.8428e+10    10.8076    43    42     3.7290
   44  2.8287e+10    10.8198    44    43     3.8089
   45  2.6149e+10    11.0146    45    44     3.8889
   46  2.1244e+10    11.5413    46    45     3.9688
   47  2.1174e+10    11.5498    47    46     4.0486
   48  1.9330e+10    11.7866    48    47     4.1285
   49  1.9316e+10    11.7885    49    48     4.2083
   50  1.9170e+10    11.8084    50    49     4.2881
   51  1.7810e+10    12.0024    51    50     4.3678
   52  1.7798e+10    12.0042    52    51     4.4476
   53  1.7600e+10    12.0339    53    52     4.5273
   54  1.6165e+10    12.2613    54    53     4.6070
   55  1.5236e+10    12.4215    55    54     4.6867
   56  1.5191e+10    12.4296    56    55     4.7664
   57  1.5132e+10    12.4402    57    56     4.8460
   58  1.4929e+10    12.4769    58    57     4.9257
   59  1.4841e+10    12.4931    59    58     5.0053
   60  1.4803e+10    12.5001    60    59     5.0849
   61  1.4787e+10    12.5030    61    60     5.1646
   62  1.3860e+10    12.6807    62    61     5.2442
   63  1.2822e+10    12.8967    63    62     5.3238
   64  1.2805e+10    12.9005    64    63     5.4033
   65  5.1553e+09    15.6246    65    64     5.4829
   66  5.1475e+09    15.6294    66    65     5.5625
   67  5.1446e+09    15.6313    67    66     5.6421
   68  4.9284e+09    15.7692    68    67     5.7216
   69  4.9155e+09    15.7776    69    68     5.8012
   70  4.9053e+09    15.7843    70    69     5.8807
   71  4.8435e+09    15.8252    71    70     5.9602
   72  4.8223e+09    15.8394    72    71     6.0398
   73  4.8027e+09    15.8526    73    72     6.1193
   74  4.7764e+09    15.8704    74    73     6.1988
   75  4.4529e+09    16.0985    75    74     6.2783
   76  4.4113e+09    16.1292    76    75     6.3579
   77  4.4110e+09    16.1294    77    76     6.4374
   78  4.3898e+09    16.1452    78    77     6.5169
   79  4.3606e+09    16.1671    79    78     6.5964
   80  4.1371e+09    16.3403    80    79     6.6759
   81  4.0938e+09    16.3751    81    80     6.7554
   82  4.0869e+09    16.3806    82    81     6.8349
   83  4.0696e+09    16.3947    83    82     6.9143
   84  4.0334e+09    16.4244    84    83     6.9938
   85  3.7599e+09    16.6584    85    84     7.0733
   86  3.7589e+09    16.6593    86    85     7.1528
   87  3.7579e+09    16.6602    87    86     7.2323
   88  3.7357e+09    16.6800    88    87     7.3117
   89  3.5861e+09    16.8174    89    88     7.3912
   90  3.5743e+09    16.8286    90    89     7.4707
   91  3.4799e+09    16.9190    91    90     7.5502
   92  3.4752e+09    16.9236    92    91     7.6296
   93  3.4729e+09    16.9259    93    92     7.7091
   94  3.4579e+09    16.9405    94    93     7.7885
   95  3.4316e+09    16.9665    95    94     7.8680
   96  2.8525e+09    17.6020    96    95     7.9475
   97  2.7240e+09    17.7631    97    96     8.0269
   98  2.7235e+09    17.7637    98    97     8.1064
   99  2.7196e+09    17.7686    99    98     8.1858
  100  2.7187e+09    17.7698   100    99     8.2653
