#indx Mass S step-number desc_indx 
    0  3.1600e+11     5.9621     0    -1     0.0134
    1  3.0664e+11     6.0104     1     0     0.1326
    2  3.0581e+11     6.0147     2     1     0.2441
    3  2.9924e+11     6.0498     3     2     0.3500
    4  2.4096e+11     6.4075     4     3     0.4519
    5  2.3920e+11     6.4198     5     4     0.5506
    6  2.3872e+11     6.4233     6     5     0.6467
    7  2.3387e+11     6.4580     7     6     0.7407
    8  1.7866e+11     6.9264     8     7     0.8330
    9  1.7687e+11     6.9444     9     8     0.9238
   10  1.1310e+11     7.7776    10     9     1.0134
   11  1.1301e+11     7.7792    11    10     1.1018
   12  1.1285e+11     7.7819    12    11     1.1894
   13  1.1258e+11     7.7866    13    12     1.2761
   14  1.0958e+11     7.8392    14    13     1.3621
   15  1.0806e+11     7.8664    15    14     1.4474
   16  1.0244e+11     7.9714    16    15     1.5322
   17  9.5571e+10     8.1094    17    16     1.6165
   18  9.5000e+10     8.1214    18    17     1.7003
   19  9.4149e+10     8.1394    19    18     1.7838
   20  9.3002e+10     8.1640    20    19     1.8669
   21  7.9657e+10     8.4796    21    20     1.9496
   22  7.6358e+10     8.5673    22    21     2.0321
   23  7.4559e+10     8.6170    23    22     2.1143
   24  7.4114e+10     8.6295    24    23     2.1963
   25  7.0786e+10     8.7260    25    24     2.2781
   26  7.0776e+10     8.7263    26    25     2.3597
   27  7.0722e+10     8.7279    27    26     2.4411
   28  7.0573e+10     8.7324    28    27     2.5223
   29  5.2581e+10     9.3694    29    28     2.6034
   30  5.2258e+10     9.3830    30    29     2.6844
   31  4.8025e+10     9.5721    31    30     2.7652
   32  4.1581e+10     9.9009    32    31     2.8459
   33  4.0687e+10     9.9511    33    32     2.9266
   34  4.0544e+10     9.9594    34    33     3.0071
   35  4.0521e+10     9.9607    35    34     3.0876
   36  3.8120e+10    10.1031    36    35     3.1680
   37  2.0074e+10    11.6880    37    36     3.2483
   38  1.9905e+10    11.7100    38    37     3.3285
   39  1.9726e+10    11.7336    39    38     3.4087
   40  1.9027e+10    11.8280    40    39     3.4889
   41  1.8914e+10    11.8436    41    40     3.5689
   42  1.8828e+10    11.8557    42    41     3.6490
   43  1.5703e+10    12.3396    43    42     3.7290
   44  1.5575e+10    12.3618    44    43     3.8089
   45  1.5140e+10    12.4386    45    44     3.8889
   46  1.4965e+10    12.4703    46    45     3.9688
   47  1.4959e+10    12.4714    47    46     4.0486
   48  1.4582e+10    12.5412    48    47     4.1285
   49  1.4362e+10    12.5827    49    48     4.2083
   50  1.4296e+10    12.5954    50    49     4.2881
   51  1.3924e+10    12.6680    51    50     4.3678
   52  1.3800e+10    12.6927    52    51     4.4476
   53  1.3751e+10    12.7024    53    52     4.5273
   54  1.3686e+10    12.7155    54    53     4.6070
   55  1.3310e+10    12.7926    55    54     4.6867
   56  1.3141e+10    12.8282    56    55     4.7664
   57  1.2981e+10    12.8622    57    56     4.8460
   58  1.2556e+10    12.9554    58    57     4.9257
   59  1.2505e+10    12.9666    59    58     5.0053
   60  7.6369e+09    14.4023    60    59     5.0849
   61  7.6268e+09    14.4063    61    60     5.1646
   62  7.2937e+09    14.5417    62    61     5.2442
   63  7.2770e+09    14.5487    63    62     5.3238
   64  7.2282e+09    14.5691    64    63     5.4033
   65  7.1712e+09    14.5933    65    64     5.4829
   66  4.0111e+09    16.4428    66    65     5.5625
   67  3.6980e+09    16.7141    67    66     5.6421
   68  3.6382e+09    16.7689    68    67     5.7216
   69  3.6071e+09    16.7978    69    68     5.8012
   70  3.3576e+09    17.0405    70    69     5.8807
   71  3.3291e+09    17.0695    71    70     5.9602
   72  3.3284e+09    17.0702    72    71     6.0398
   73  3.3111e+09    17.0881    73    72     6.1193
   74  3.3013e+09    17.0982    74    73     6.1988
   75  3.0466e+09    17.3737    75    74     6.2783
   76  3.0116e+09    17.4136    76    75     6.3579
   77  2.9774e+09    17.4531    77    76     6.4374
   78  2.3789e+09    18.2425    78    77     6.5169
   79  2.3738e+09    18.2501    79    78     6.5964
   80  2.2516e+09    18.4397    80    79     6.6759
   81  2.1815e+09    18.5537    81    80     6.7554
   82  2.1224e+09    18.6531    82    81     6.8349
   83  2.1104e+09    18.6738    83    82     6.9143
   84  1.9320e+09    18.9964    84    83     6.9938
   85  1.8425e+09    19.1714    85    84     7.0733
   86  1.7585e+09    19.3446    86    85     7.1528
   87  1.6864e+09    19.5008    87    86     7.2323
   88  1.6841e+09    19.5060    88    87     7.3117
   89  1.6805e+09    19.5140    89    88     7.3912
   90  1.6369e+09    19.6126    90    89     7.4707
   91  1.6068e+09    19.6825    91    90     7.5502
   92  1.6064e+09    19.6833    92    91     7.6296
   93  1.5281e+09    19.8723    93    92     7.7091
   94  1.5179e+09    19.8978    94    93     7.7885
   95  1.3906e+09    20.2323    95    94     7.8680
   96  1.3885e+09    20.2381    96    95     7.9475
   97  1.2974e+09    20.5002    97    96     8.0269
   98  1.2902e+09    20.5216    98    97     8.1064
   99  1.2735e+09    20.5724    99    98     8.1858
  100  1.1859e+09    20.8507   100    99     8.2653
