#indx Mass S step-number desc_indx 
    0  3.1600e+11     5.9621     0    -1     0.0134
    1  3.1289e+11     5.9779     1     0     0.1326
    2  3.0217e+11     6.0340     2     1     0.2441
    3  2.8810e+11     6.1114     3     2     0.3500
    4  2.8650e+11     6.1205     4     3     0.4519
    5  2.7665e+11     6.1777     5     4     0.5506
    6  2.7465e+11     6.1896     6     5     0.6467
    7  2.7341e+11     6.1971     7     6     0.7407
    8  2.3066e+11     6.4814     8     7     0.8330
    9  2.1864e+11     6.5730     9     8     0.9238
   10  2.1851e+11     6.5739    10     9     1.0134
   11  2.1814e+11     6.5769    11    10     1.1018
   12  2.1598e+11     6.5940    12    11     1.1894
   13  2.1087e+11     6.6353    13    12     1.2761
   14  2.0976e+11     6.6444    14    13     1.3621
   15  2.0341e+11     6.6978    15    14     1.4474
   16  1.9985e+11     6.7285    16    15     1.5322
   17  1.6940e+11     7.0219    17    16     1.6165
   18  1.6864e+11     7.0300    18    17     1.7003
   19  1.6790e+11     7.0379    19    18     1.7838
   20  1.6441e+11     7.0759    20    19     1.8669
   21  1.5498e+11     7.1835    21    20     1.9496
   22  1.5460e+11     7.1880    22    21     2.0321
   23  1.5227e+11     7.2159    23    22     2.1143
   24  1.5202e+11     7.2189    24    23     2.1963
   25  1.5085e+11     7.2332    25    24     2.2781
   26  1.5065e+11     7.2355    26    25     2.3597
   27  1.4949e+11     7.2498    27    26     2.4411
   28  1.4632e+11     7.2895    28    27     2.5223
   29  1.4210e+11     7.3437    29    28     2.6034
   30  1.4094e+11     7.3591    30    29     2.6844
   31  1.4059e+11     7.3636    31    30     2.7652
   32  1.3964e+11     7.3763    32    31     2.8459
   33  1.3619e+11     7.4232    33    32     2.9266
   34  1.3450e+11     7.4467    34    33     3.0071
   35  1.3333e+11     7.4631    35    34     3.0876
   36  1.3072e+11     7.5003    36    35     3.1680
   37  1.2898e+11     7.5256    37    36     3.2483
   38  1.2493e+11     7.5864    38    37     3.3285
   39  1.1043e+11     7.8242    39    38     3.4087
   40  1.0736e+11     7.8792    40    39     3.4889
   41  1.0544e+11     7.9145    41    40     3.5689
   42  1.0540e+11     7.9153    42    41     3.6490
   43  1.0225e+11     7.9752    43    42     3.7290
   44  9.4469e+10     8.1326    44    43     3.8089
   45  9.3828e+10     8.1463    45    44     3.8889
   46  9.3243e+10     8.1588    46    45     3.9688
   47  9.2749e+10     8.1695    47    46     4.0486
   48  9.0503e+10     8.2189    48    47     4.1285
   49  8.9136e+10     8.2497    49    48     4.2083
   50  7.0776e+10     8.7263    50    49     4.2881
   51  7.0676e+10     8.7293    51    50     4.3678
   52  7.0424e+10     8.7369    52    51     4.4476
   53  6.9999e+10     8.7496    53    52     4.5273
   54  6.9936e+10     8.7515    54    53     4.6070
   55  5.6936e+10     9.1939    55    54     4.6867
   56  5.6265e+10     9.2199    56    55     4.7664
   57  5.6143e+10     9.2247    57    56     4.8460
   58  5.4454e+10     9.2919    58    57     4.9257
   59  5.3833e+10     9.3173    59    58     5.0053
   60  5.3601e+10     9.3268    60    59     5.0849
   61  5.1072e+10     9.4342    61    60     5.1646
   62  3.9042e+10    10.0472    62    61     5.2442
   63  3.7829e+10    10.1210    63    62     5.3238
   64  3.7710e+10    10.1284    64    63     5.4033
   65  3.7553e+10    10.1382    65    64     5.4829
   66  3.7385e+10    10.1488    66    65     5.5625
   67  3.6713e+10    10.1915    67    66     5.6421
   68  3.3294e+10    10.4239    68    67     5.7216
   69  3.3119e+10    10.4365    69    68     5.8012
   70  3.2970e+10    10.4473    70    69     5.8807
   71  3.2822e+10    10.4582    71    70     5.9602
   72  3.1666e+10    10.5446    72    71     6.0398
   73  3.1339e+10    10.5696    73    72     6.1193
   74  3.1330e+10    10.5704    74    73     6.1988
   75  3.0070e+10    10.6701    75    74     6.2783
   76  2.9822e+10    10.6903    76    75     6.3579
   77  2.7454e+10    10.8936    77    76     6.4374
   78  2.7368e+10    10.9013    78    77     6.5169
   79  2.4573e+10    11.1703    79    78     6.5964
   80  2.4525e+10    11.1752    80    79     6.6759
   81  2.3411e+10    11.2928    81    80     6.7554
   82  2.3388e+10    11.2952    82    81     6.8349
   83  2.3358e+10    11.2985    83    82     6.9143
   84  2.3228e+10    11.3128    84    83     6.9938
   85  2.3193e+10    11.3166    85    84     7.0733
   86  2.3183e+10    11.3176    86    85     7.1528
   87  2.3164e+10    11.3198    87    86     7.2323
   88  2.1648e+10    11.4928    88    87     7.3117
   89  2.1439e+10    11.5178    89    88     7.3912
   90  2.1076e+10    11.5618    90    89     7.4707
   91  2.1027e+10    11.5678    91    90     7.5502
   92  2.0803e+10    11.5955    92    91     7.6296
   93  2.0189e+10    11.6732    93    92     7.7091
   94  1.9989e+10    11.6990    94    93     7.7885
   95  1.9969e+10    11.7017    95    94     7.8680
   96  1.9840e+10    11.7186    96    95     7.9475
   97  1.9782e+10    11.7263    97    96     8.0269
   98  1.9462e+10    11.7687    98    97     8.1064
   99  1.9158e+10    11.8101    99    98     8.1858
  100  1.8949e+10    11.8388   100    99     8.2653
