#indx Mass S step-number desc_indx 
    0  3.1600e+11     5.9621     0    -1     0.0134
    1  3.1569e+11     5.9637     1     0     0.1326
    2  2.7420e+11     6.1923     2     1     0.2441
    3  2.7269e+11     6.2014     3     2     0.3500
    4  2.7120e+11     6.2104     4     3     0.4519
    5  2.7053e+11     6.2145     5     4     0.5506
    6  2.4639e+11     6.3700     6     5     0.6467
    7  2.4256e+11     6.3964     7     6     0.7407
    8  2.3885e+11     6.4223     8     7     0.8330
    9  2.3152e+11     6.4751     9     8     0.9238
   10  1.9256e+11     6.7937    10     9     1.0134
   11  1.8149e+11     6.8985    11    10     1.1018
   12  1.7865e+11     6.9265    12    11     1.1894
   13  1.7360e+11     6.9778    13    12     1.2761
   14  1.7332e+11     6.9807    14    13     1.3621
   15  1.7052e+11     7.0100    15    14     1.4474
   16  1.6049e+11     7.1198    16    15     1.5322
   17  1.5172e+11     7.2225    17    16     1.6165
   18  1.5127e+11     7.2280    18    17     1.7003
   19  1.0709e+11     7.8840    19    18     1.7838
   20  9.5556e+10     8.1097    20    19     1.8669
   21  9.5207e+10     8.1170    21    20     1.9496
   22  8.0962e+10     8.4461    22    21     2.0321
   23  7.9421e+10     8.4857    23    22     2.1143
   24  7.6610e+10     8.5605    24    23     2.1963
   25  7.0905e+10     8.7225    25    24     2.2781
   26  6.6105e+10     8.8711    26    25     2.3597
   27  6.5683e+10     8.8848    27    26     2.4411
   28  5.9559e+10     9.0957    28    27     2.5223
   29  5.9461e+10     9.0993    29    28     2.6034
   30  5.8951e+10     9.1180    30    29     2.6844
   31  5.7977e+10     9.1543    31    30     2.7652
   32  5.2369e+10     9.3783    32    31     2.8459
   33  4.3579e+10     9.7929    33    32     2.9266
   34  4.3229e+10     9.8114    34    33     3.0071
   35  4.2773e+10     9.8357    35    34     3.0876
   36  4.0218e+10     9.9781    36    35     3.1680
   37  3.9591e+10    10.0146    37    36     3.2483
   38  3.9403e+10    10.0257    38    37     3.3285
   39  3.9240e+10    10.0354    39    38     3.4087
   40  3.8966e+10    10.0517    40    39     3.4889
   41  3.5874e+10    10.2461    41    40     3.5689
   42  3.4439e+10    10.3431    42    41     3.6490
   43  3.2971e+10    10.4472    43    42     3.7290
   44  3.2132e+10    10.5092    44    43     3.8089
   45  2.9869e+10    10.6864    45    44     3.8889
   46  2.9474e+10    10.7189    46    45     3.9688
   47  2.1745e+10    11.4814    47    46     4.0486
   48  2.0705e+10    11.6077    48    47     4.1285
   49  2.0613e+10    11.6193    49    48     4.2083
   50  2.0603e+10    11.6205    50    49     4.2881
   51  2.0151e+10    11.6781    51    50     4.3678
   52  1.9995e+10    11.6983    52    51     4.4476
   53  1.9607e+10    11.7494    53    52     4.5273
   54  1.9583e+10    11.7526    54    53     4.6070
   55  1.9309e+10    11.7894    55    54     4.6867
   56  1.7875e+10    11.9927    56    55     4.7664
   57  1.6553e+10    12.1977    57    56     4.8460
   58  1.6003e+10    12.2885    58    57     4.9257
   59  1.5769e+10    12.3283    59    58     5.0053
   60  1.2347e+10    13.0024    60    59     5.0849
   61  9.9111e+09    13.6301    61    60     5.1646
   62  9.8864e+09    13.6374    62    61     5.2442
   63  9.7549e+09    13.6763    63    62     5.3238
   64  6.5990e+09    14.8484    64    63     5.4033
   65  6.5953e+09    14.8501    65    64     5.4829
   66  6.4230e+09    14.9320    66    65     5.5625
   67  5.8053e+09    15.2478    67    66     5.6421
   68  5.6293e+09    15.3449    68    67     5.7216
   69  4.7369e+09    15.8972    69    68     5.8012
   70  4.7120e+09    15.9143    70    69     5.8807
   71  4.4198e+09    16.1229    71    70     5.9602
   72  4.1155e+09    16.3576    72    71     6.0398
   73  4.0974e+09    16.3722    73    72     6.1193
   74  4.0970e+09    16.3725    74    73     6.1988
   75  3.9970e+09    16.4544    75    74     6.2783
   76  3.4318e+09    16.9662    76    75     6.3579
   77  3.3303e+09    17.0683    77    76     6.4374
   78  3.3237e+09    17.0751    78    77     6.5169
   79  3.2797e+09    17.1206    79    78     6.5964
   80  2.8398e+09    17.6175    80    79     6.6759
   81  2.8257e+09    17.6349    81    80     6.7554
   82  2.8092e+09    17.6553    82    81     6.8349
   83  2.7990e+09    17.6680    83    82     6.9143
   84  2.7980e+09    17.6692    84    83     6.9938
   85  2.7351e+09    17.7487    85    84     7.0733
   86  2.7083e+09    17.7833    86    85     7.1528
   87  2.5040e+09    18.0600    87    86     7.2323
   88  2.4652e+09    18.1154    88    87     7.3117
   89  2.4161e+09    18.1871    89    88     7.3912
   90  2.3847e+09    18.2337    90    89     7.4707
   91  2.3444e+09    18.2946    91    90     7.5502
   92  2.3397e+09    18.3019    92    91     7.6296
   93  2.3075e+09    18.3515    93    92     7.7091
   94  2.3014e+09    18.3610    94    93     7.7885
   95  2.2662e+09    18.4163    95    94     7.8680
   96  2.2083e+09    18.5095    96    95     7.9475
   97  2.2056e+09    18.5140    97    96     8.0269
   98  2.1964e+09    18.5291    98    97     8.1064
   99  2.1953e+09    18.5309    99    98     8.1858
  100  2.1114e+09    18.6720   100    99     8.2653
