#indx Mass S step-number desc_indx 
    0  3.1600e+11     5.9621     0    -1     0.0134
    1  3.1169e+11     5.9841     1     0     0.1326
    2  2.9503e+11     6.0728     2     1     0.2441
    3  2.4042e+11     6.4113     3     2     0.3500
    4  2.2937e+11     6.4910     4     3     0.4519
    5  2.2600e+11     6.5162     5     4     0.5506
    6  2.2335e+11     6.5364     6     5     0.6467
    7  2.2308e+11     6.5385     7     6     0.7407
    8  2.1622e+11     6.5920     8     7     0.8330
    9  2.1373e+11     6.6120     9     8     0.9238
   10  2.0908e+11     6.6500    10     9     1.0134
   11  1.9935e+11     6.7330    11    10     1.1018
   12  1.9828e+11     6.7424    12    11     1.1894
   13  1.9595e+11     6.7631    13    12     1.2761
   14  1.9587e+11     6.7638    14    13     1.3621
   15  1.9019e+11     6.8155    15    14     1.4474
   16  1.5931e+11     7.1332    16    15     1.5322
   17  1.5558e+11     7.1764    17    16     1.6165
   18  1.5448e+11     7.1895    18    17     1.7003
   19  1.5364e+11     7.1995    19    18     1.7838
   20  1.5191e+11     7.2202    20    19     1.8669
   21  1.4921e+11     7.2533    21    20     1.9496
   22  1.3675e+11     7.4155    22    21     2.0321
   23  1.3266e+11     7.4725    23    22     2.1143
   24  1.2931e+11     7.5208    24    23     2.1963
   25  1.2733e+11     7.5500    25    24     2.2781
   26  1.2714e+11     7.5529    26    25     2.3597
   27  1.0184e+11     7.9831    27    26     2.4411
   28  9.7338e+10     8.0728    28    27     2.5223
   29  9.6840e+10     8.0831    29    28     2.6034
   30  9.4845e+10     8.1246    30    29     2.6844
   31  9.1646e+10     8.1936    31    30     2.7652
   32  7.8284e+10     8.5156    32    31     2.8459
   33  7.8013e+10     8.5228    33    32     2.9266
   34  6.6044e+10     8.8731    34    33     3.0071
   35  6.5459e+10     8.8921    35    34     3.0876
   36  6.5194e+10     8.9008    36    35     3.1680
   37  5.9616e+10     9.0936    37    36     3.2483
   38  5.6339e+10     9.2170    38    37     3.3285
   39  5.0726e+10     9.4494    39    38     3.4087
   40  4.9792e+10     9.4909    40    39     3.4889
   41  4.9267e+10     9.5147    41    40     3.5689
   42  4.9054e+10     9.5244    42    41     3.6490
   43  4.8761e+10     9.5379    43    42     3.7290
   44  4.8740e+10     9.5388    44    43     3.8089
   45  4.8058e+10     9.5705    45    44     3.8889
   46  4.5808e+10     9.6791    46    45     3.9688
   47  4.1944e+10     9.8808    47    46     4.0486
   48  4.1351e+10     9.9137    48    47     4.1285
   49  4.0214e+10     9.9783    49    48     4.2083
   50  4.0066e+10     9.9868    50    49     4.2881
   51  3.9868e+10     9.9984    51    50     4.3678
   52  3.9078e+10    10.0450    52    51     4.4476
   53  3.8619e+10    10.0726    53    52     4.5273
   54  3.6063e+10    10.2337    54    53     4.6070
   55  3.5940e+10    10.2418    55    54     4.6867
   56  3.1793e+10    10.5349    56    55     4.7664
   57  3.1548e+10    10.5535    57    56     4.8460
   58  2.2660e+10    11.3758    58    57     4.9257
   59  2.1376e+10    11.5254    59    58     5.0053
   60  2.1335e+10    11.5303    60    59     5.0849
   61  2.1257e+10    11.5397    61    60     5.1646
   62  2.0914e+10    11.5817    62    61     5.2442
   63  2.0749e+10    11.6022    63    62     5.3238
   64  1.9777e+10    11.7269    64    63     5.4033
   65  1.9278e+10    11.7937    65    64     5.4829
   66  1.9244e+10    11.7983    66    65     5.5625
   67  8.0866e+09    14.2302    67    66     5.6421
   68  7.8448e+09    14.3213    68    67     5.7216
   69  7.7114e+09    14.3730    69    68     5.8012
   70  7.2182e+09    14.5734    70    69     5.8807
   71  7.1429e+09    14.6053    71    70     5.9602
   72  7.1270e+09    14.6121    72    71     6.0398
   73  7.0480e+09    14.6461    73    72     6.1193
   74  6.9920e+09    14.6706    74    73     6.1988
   75  6.7107e+09    14.7967    75    74     6.2783
   76  6.6819e+09    14.8099    76    75     6.3579
   77  6.6539e+09    14.8228    77    76     6.4374
   78  6.5913e+09    14.8520    78    77     6.5169
   79  6.3202e+09    14.9821    79    78     6.5964
   80  6.2728e+09    15.0055    80    79     6.6759
   81  6.1939e+09    15.0449    81    80     6.7554
   82  6.1800e+09    15.0519    82    81     6.8349
   83  5.9008e+09    15.1965    83    82     6.9143
   84  5.7384e+09    15.2843    84    83     6.9938
   85  5.7332e+09    15.2871    85    84     7.0733
   86  5.7231e+09    15.2927    86    85     7.1528
   87  5.7063e+09    15.3019    87    86     7.2323
   88  5.6693e+09    15.3225    88    87     7.3117
   89  5.6399e+09    15.3389    89    88     7.3912
   90  5.5786e+09    15.3734    90    89     7.4707
   91  5.4999e+09    15.4185    91    90     7.5502
   92  5.4935e+09    15.4221    92    91     7.6296
   93  5.4896e+09    15.4244    93    92     7.7091
   94  5.0568e+09    15.6864    94    93     7.7885
   95  5.0308e+09    15.7030    95    94     7.8680
   96  1.5200e+09    19.8925    96    95     7.9475
   97  1.2130e+09    20.7621    97    96     8.0269
   98  1.2049e+09    20.7884    98    97     8.1064
   99  1.1920e+09    20.8306    99    98     8.1858
  100  1.1908e+09    20.8345   100    99     8.2653
