#indx Mass S step-number desc_indx 
    0  3.1600e+11     5.9621     0    -1     0.0134
    1  3.1187e+11     5.9832     1     0     0.1326
    2  3.1027e+11     5.9915     2     1     0.2441
    3  3.0986e+11     5.9936     3     2     0.3500
    4  2.9809e+11     6.0560     4     3     0.4519
    5  2.3113e+11     6.4780     5     4     0.5506
    6  2.3033e+11     6.4839     6     5     0.6467
    7  2.2948e+11     6.4902     7     6     0.7407
    8  2.2221e+11     6.5451     8     7     0.8330
    9  2.0837e+11     6.6560     9     8     0.9238
   10  2.0815e+11     6.6577    10     9     1.0134
   11  2.0390e+11     6.6936    11    10     1.1018
   12  1.9918e+11     6.7345    12    11     1.1894
   13  1.9689e+11     6.7547    13    12     1.2761
   14  1.9389e+11     6.7816    14    13     1.3621
   15  1.9224e+11     6.7967    15    14     1.4474
   16  1.8816e+11     6.8345    16    15     1.5322
   17  1.7979e+11     6.9152    17    16     1.6165
   18  1.7477e+11     6.9658    18    17     1.7003
   19  1.6432e+11     7.0769    19    18     1.7838
   20  1.5385e+11     7.1969    20    19     1.8669
   21  1.4951e+11     7.2496    21    20     1.9496
   22  1.4822e+11     7.2655    22    21     2.0321
   23  1.4718e+11     7.2785    23    22     2.1143
   24  1.4450e+11     7.3126    24    23     2.1963
   25  1.3884e+11     7.3870    25    24     2.2781
   26  1.3793e+11     7.3993    26    25     2.3597
   27  1.1058e+11     7.8214    27    26     2.4411
   28  6.1440e+10     9.0283    28    27     2.5223
   29  6.0065e+10     9.0773    29    28     2.6034
   30  5.6883e+10     9.1960    30    29     2.6844
   31  5.6676e+10     9.2040    31    30     2.7652
   32  5.5239e+10     9.2604    32    31     2.8459
   33  5.5089e+10     9.2663    33    32     2.9266
   34  5.4154e+10     9.3041    34    33     3.0071
   35  5.1637e+10     9.4096    35    34     3.0876
   36  4.9862e+10     9.4878    36    35     3.1680
   37  4.9536e+10     9.5024    37    36     3.2483
   38  4.6489e+10     9.6456    38    37     3.3285
   39  4.6487e+10     9.6457    39    38     3.4087
   40  4.5799e+10     9.6795    40    39     3.4889
   41  4.3273e+10     9.8091    41    40     3.5689
   42  4.3073e+10     9.8197    42    41     3.6490
   43  2.3117e+10    11.3249    43    42     3.7290
   44  2.3090e+10    11.3279    44    43     3.8089
   45  2.2693e+10    11.3721    45    44     3.8889
   46  2.1547e+10    11.5048    46    45     3.9688
   47  2.1352e+10    11.5282    47    46     4.0486
   48  2.0811e+10    11.5945    48    47     4.1285
   49  2.0705e+10    11.6077    49    48     4.2083
   50  2.0504e+10    11.6330    50    49     4.2881
   51  1.8514e+10    11.8999    51    50     4.3678
   52  1.8387e+10    11.9180    52    51     4.4476
   53  1.7393e+10    12.0654    53    52     4.5273
   54  1.5346e+10    12.4020    54    53     4.6070
   55  1.5305e+10    12.4093    55    54     4.6867
   56  1.5155e+10    12.4360    56    55     4.7664
   57  1.4628e+10    12.5325    57    56     4.8460
   58  1.4554e+10    12.5465    58    57     4.9257
   59  1.4308e+10    12.5931    59    58     5.0053
   60  1.3800e+10    12.6926    60    59     5.0849
   61  1.3261e+10    12.8030    61    60     5.1646
   62  1.2970e+10    12.8647    62    61     5.2442
   63  1.2909e+10    12.8778    63    62     5.3238
   64  1.2619e+10    12.9413    64    63     5.4033
   65  1.2337e+10    13.0046    65    64     5.4829
   66  1.2288e+10    13.0160    66    65     5.5625
   67  1.1914e+10    13.1030    67    66     5.6421
   68  1.1780e+10    13.1349    68    67     5.7216
   69  1.1029e+10    13.3221    69    68     5.8012
   70  1.0978e+10    13.3353    70    69     5.8807
   71  7.4489e+09    14.4777    71    70     5.9602
   72  5.8324e+09    15.2331    72    71     6.0398
   73  5.8229e+09    15.2382    73    72     6.1193
   74  5.8152e+09    15.2424    74    73     6.1988
   75  5.8103e+09    15.2451    75    74     6.2783
   76  5.6070e+09    15.3574    76    75     6.3579
   77  5.4599e+09    15.4416    77    76     6.4374
   78  4.9289e+09    15.7689    78    77     6.5169
   79  3.9237e+09    16.5160    79    78     6.5964
   80  3.8585e+09    16.5718    80    79     6.6759
   81  3.8167e+09    16.6082    81    80     6.7554
   82  3.7927e+09    16.6293    82    81     6.8349
   83  3.7833e+09    16.6376    83    82     6.9143
   84  3.7816e+09    16.6391    84    83     6.9938
   85  3.4051e+09    16.9928    85    84     7.0733
   86  3.1583e+09    17.2498    86    85     7.1528
   87  3.1551e+09    17.2533    87    86     7.2323
   88  3.1519e+09    17.2568    88    87     7.3117
   89  3.1452e+09    17.2640    89    88     7.3912
   90  3.1330e+09    17.2774    90    89     7.4707
   91  3.1132e+09    17.2992    91    90     7.5502
   92  3.0115e+09    17.4137    92    91     7.6296
   93  2.9876e+09    17.4412    93    92     7.7091
   94  2.6505e+09    17.8591    94    93     7.7885
   95  2.5734e+09    17.9632    95    94     7.8680
   96  1.3899e+09    20.2342    96    95     7.9475
   97  9.1460e+08    21.8877    97    96     8.0269
   98  8.8731e+08    22.0109    98    97     8.1064
   99  8.8564e+08    22.0186    99    98     8.1858
  100  8.6026e+08    22.1374   100    99     8.2653
