#indx Mass S step-number desc_indx 
    0  3.1600e+11     5.9621     0    -1     0.0134
    1  3.1449e+11     5.9698     1     0     0.1326
    2  3.0919e+11     5.9970     2     1     0.2441
    3  3.0010e+11     6.0452     3     2     0.3500
    4  2.7268e+11     6.2015     4     3     0.4519
    5  2.6044e+11     6.2774     5     4     0.5506
    6  2.3331e+11     6.4621     6     5     0.6467
    7  2.3264e+11     6.4670     7     6     0.7407
    8  2.3131e+11     6.4767     8     7     0.8330
    9  2.1882e+11     6.5715     9     8     0.9238
   10  8.0649e+10     8.4541    10     9     1.0134
   11  8.0320e+10     8.4625    11    10     1.1018
   12  8.0293e+10     8.4632    12    11     1.1894
   13  7.7724e+10     8.5305    13    12     1.2761
   14  7.7373e+10     8.5399    14    13     1.3621
   15  7.6116e+10     8.5739    15    14     1.4474
   16  7.4897e+10     8.6076    16    15     1.5322
   17  6.7655e+10     8.8218    17    16     1.6165
   18  6.3773e+10     8.9480    18    17     1.7003
   19  5.7582e+10     9.1693    19    18     1.7838
   20  5.4747e+10     9.2801    20    19     1.8669
   21  5.4101e+10     9.3063    21    20     1.9496
   22  5.3483e+10     9.3317    22    21     2.0321
   23  3.6081e+10    10.2325    23    22     2.1143
   24  3.3805e+10    10.3874    24    23     2.1963
   25  3.3678e+10    10.3964    25    24     2.2781
   26  3.1489e+10    10.5581    26    25     2.3597
   27  1.1631e+10    13.1710    27    26     2.4411
   28  8.2428e+09    14.1730    28    27     2.5223
   29  8.1445e+09    14.2088    29    28     2.6034
   30  7.9229e+09    14.2915    30    29     2.6844
   31  7.9036e+09    14.2989    31    30     2.7652
   32  7.7762e+09    14.3478    32    31     2.8459
   33  7.6836e+09    14.3839    33    32     2.9266
   34  7.5577e+09    14.4338    34    33     3.0071
   35  7.4024e+09    14.4968    35    34     3.0876
   36  7.1057e+09    14.6213    36    35     3.1680
   37  7.0583e+09    14.6417    37    36     3.2483
   38  6.9916e+09    14.6707    38    37     3.3285
   39  6.9764e+09    14.6774    39    38     3.4087
   40  6.8736e+09    14.7229    40    39     3.4889
   41  6.8443e+09    14.7360    41    40     3.5689
   42  6.8152e+09    14.7491    42    41     3.6490
   43  4.6901e+09    15.9294    43    42     3.7290
   44  4.6748e+09    15.9400    44    43     3.8089
   45  4.3521e+09    16.1735    45    44     3.8889
   46  4.3445e+09    16.1792    46    45     3.9688
   47  4.1156e+09    16.3575    47    46     4.0486
   48  4.0422e+09    16.4171    48    47     4.1285
   49  4.0022e+09    16.4501    49    48     4.2083
   50  3.9791e+09    16.4693    50    49     4.2881
   51  3.9771e+09    16.4710    51    50     4.3678
   52  3.8941e+09    16.5412    52    51     4.4476
   53  3.8046e+09    16.6188    53    52     4.5273
   54  3.7930e+09    16.6290    54    53     4.6070
   55  3.4476e+09    16.9506    55    54     4.6867
   56  3.4473e+09    16.9510    56    55     4.7664
   57  3.4160e+09    16.9819    57    56     4.8460
   58  3.4018e+09    16.9961    58    57     4.9257
   59  3.1883e+09    17.2173    59    58     5.0053
   60  3.1375e+09    17.2724    60    59     5.0849
   61  3.1324e+09    17.2780    61    60     5.1646
   62  3.1278e+09    17.2831    62    61     5.2442
   63  2.9333e+09    17.5049    63    62     5.3238
   64  2.8427e+09    17.6139    64    63     5.4033
   65  2.8252e+09    17.6355    65    64     5.4829
   66  2.8052e+09    17.6602    66    65     5.5625
   67  2.7956e+09    17.6722    67    66     5.6421
   68  2.7749e+09    17.6982    68    67     5.7216
   69  2.7306e+09    17.7545    69    68     5.8012
   70  2.6922e+09    17.8042    70    69     5.8807
   71  2.6856e+09    17.8128    71    70     5.9602
   72  2.6212e+09    17.8982    72    71     6.0398
   73  2.6017e+09    17.9246    73    72     6.1193
   74  2.5526e+09    17.9919    74    73     6.1988
   75  2.5492e+09    17.9966    75    74     6.2783
   76  2.3844e+09    18.2342    76    75     6.3579
   77  2.3802e+09    18.2405    77    76     6.4374
   78  2.3682e+09    18.2585    78    77     6.5169
   79  2.3520e+09    18.2830    79    78     6.5964
   80  2.1865e+09    18.5454    80    79     6.6759
   81  2.1748e+09    18.5648    81    80     6.7554
   82  2.1432e+09    18.6178    82    81     6.8349
   83  2.0713e+09    18.7418    83    82     6.9143
   84  1.9608e+09    18.9421    84    83     6.9938
   85  1.9581e+09    18.9472    85    84     7.0733
   86  1.6795e+09    19.5163    86    85     7.1528
   87  1.4970e+09    19.9504    87    86     7.2323
   88  1.4858e+09    19.9791    88    87     7.3117
   89  1.4706e+09    20.0182    89    88     7.3912
   90  1.4391e+09    20.1009    90    89     7.4707
   91  1.4385e+09    20.1026    91    90     7.5502
   92  1.4346e+09    20.1130    92    91     7.6296
   93  1.4166e+09    20.1612    93    92     7.7091
   94  1.3629e+09    20.3099    94    93     7.7885
   95  1.2860e+09    20.5344    95    94     7.8680
   96  1.2812e+09    20.5490    96    95     7.9475
   97  1.2805e+09    20.5511    97    96     8.0269
   98  1.2773e+09    20.5607    98    97     8.1064
   99  1.2649e+09    20.5988    99    98     8.1858
  100  1.2558e+09    20.6269   100    99     8.2653
