#indx Mass S step-number desc_indx 
    0  3.1600e+11     5.9621     0    -1     0.0134
    1  2.9792e+11     6.0570     1     0     0.1326
    2  2.8613e+11     6.1226     2     1     0.2441
    3  2.8340e+11     6.1382     3     2     0.3500
    4  2.4401e+11     6.3864     4     3     0.4519
    5  2.4318e+11     6.3921     5     4     0.5506
    6  2.2951e+11     6.4900     6     5     0.6467
    7  2.1676e+11     6.5878     7     6     0.7407
    8  2.0640e+11     6.6724     8     7     0.8330
    9  2.0439e+11     6.6894     9     8     0.9238
   10  2.0360e+11     6.6962    10     9     1.0134
   11  2.0105e+11     6.7181    11    10     1.1018
   12  1.9472e+11     6.7741    12    11     1.1894
   13  1.8268e+11     6.8868    13    12     1.2761
   14  1.8208e+11     6.8927    14    13     1.3621
   15  1.7492e+11     6.9643    15    14     1.4474
   16  1.6827e+11     7.0339    16    15     1.5322
   17  1.5282e+11     7.2093    17    16     1.6165
   18  1.4758e+11     7.2735    18    17     1.7003
   19  1.4133e+11     7.3538    19    18     1.7838
   20  1.2881e+11     7.5281    20    19     1.8669
   21  1.1493e+11     7.7465    21    20     1.9496
   22  1.1424e+11     7.7582    22    21     2.0321
   23  1.1364e+11     7.7684    23    22     2.1143
   24  1.1336e+11     7.7732    24    23     2.1963
   25  1.1197e+11     7.7971    25    24     2.2781
   26  8.3257e+10     8.3887    26    25     2.3597
   27  8.3127e+10     8.3919    27    26     2.4411
   28  8.3087e+10     8.3928    28    27     2.5223
   29  8.0050e+10     8.4695    29    28     2.6034
   30  7.2065e+10     8.6883    30    29     2.6844
   31  7.0537e+10     8.7335    31    30     2.7652
   32  7.0244e+10     8.7422    32    31     2.8459
   33  6.6005e+10     8.8744    33    32     2.9266
   34  6.2790e+10     8.9814    34    33     3.0071
   35  6.1726e+10     9.0183    35    34     3.0876
   36  6.0830e+10     9.0499    36    35     3.1680
   37  5.8100e+10     9.1497    37    36     3.2483
   38  3.6967e+10    10.1752    38    37     3.3285
   39  3.6783e+10    10.1870    39    38     3.4087
   40  3.6776e+10    10.1875    40    39     3.4889
   41  3.5336e+10    10.2819    41    40     3.5689
   42  3.4968e+10    10.3068    42    41     3.6490
   43  3.4129e+10    10.3647    43    42     3.7290
   44  2.9149e+10    10.7460    44    43     3.8089
   45  2.8715e+10    10.7829    45    44     3.8889
   46  2.8461e+10    10.8047    46    45     3.9688
   47  2.8375e+10    10.8121    47    46     4.0486
   48  2.8016e+10    10.8435    48    47     4.1285
   49  2.7449e+10    10.8940    49    48     4.2083
   50  2.7151e+10    10.9210    50    49     4.2881
   51  2.5300e+10    11.0971    51    50     4.3678
   52  2.5233e+10    11.1037    52    51     4.4476
   53  2.3290e+10    11.3060    53    52     4.5273
   54  2.3219e+10    11.3137    54    53     4.6070
   55  2.3190e+10    11.3169    55    54     4.6867
   56  2.3183e+10    11.3177    56    55     4.7664
   57  2.2895e+10    11.3494    57    56     4.8460
   58  2.0618e+10    11.6187    58    57     4.9257
   59  2.0252e+10    11.6650    59    58     5.0053
   60  1.4164e+10    12.6209    60    59     5.0849
   61  1.3696e+10    12.7135    61    60     5.1646
   62  1.3237e+10    12.8079    62    61     5.2442
   63  1.3145e+10    12.8274    63    62     5.3238
   64  1.2382e+10    12.9944    64    63     5.4033
   65  1.2172e+10    13.0425    65    64     5.4829
   66  1.1877e+10    13.1117    66    65     5.5625
   67  1.1813e+10    13.1270    67    66     5.6421
   68  1.1740e+10    13.1445    68    67     5.7216
   69  1.1724e+10    13.1483    69    68     5.8012
   70  1.1588e+10    13.1814    70    69     5.8807
   71  1.1404e+10    13.2269    71    70     5.9602
   72  1.0930e+10    13.3479    72    71     6.0398
   73  1.0914e+10    13.3523    73    72     6.1193
   74  1.0748e+10    13.3960    74    73     6.1988
   75  1.0557e+10    13.4477    75    74     6.2783
   76  9.8233e+09    13.6560    76    75     6.3579
   77  9.1724e+09    13.8564    77    76     6.4374
   78  9.1574e+09    13.8612    78    77     6.5169
   79  8.1879e+09    14.1929    79    78     6.5964
   80  8.1185e+09    14.2184    80    79     6.6759
   81  8.0257e+09    14.2529    81    80     6.7554
   82  7.9185e+09    14.2932    82    81     6.8349
   83  7.1776e+09    14.5905    83    82     6.9143
   84  6.8597e+09    14.7291    84    83     6.9938
   85  6.7537e+09    14.7770    85    84     7.0733
   86  6.6996e+09    14.8017    86    85     7.1528
   87  6.6143e+09    14.8412    87    86     7.2323
   88  3.6581e+09    16.7505    88    87     7.3117
   89  3.5440e+09    16.8573    89    88     7.3912
   90  3.4739e+09    16.9249    90    89     7.4707
   91  3.4516e+09    16.9467    91    90     7.5502
   92  3.2796e+09    17.1207    92    91     7.6296
   93  3.2564e+09    17.1450    93    92     7.7091
   94  3.1881e+09    17.2176    94    93     7.7885
   95  3.1707e+09    17.2364    95    94     7.8680
   96  3.1046e+09    17.3087    96    95     7.9475
   97  3.0976e+09    17.3165    97    96     8.0269
   98  3.0870e+09    17.3283    98    97     8.1064
   99  3.0814e+09    17.3345    99    98     8.1858
  100  3.0771e+09    17.3394   100    99     8.2653
