#indx Mass S step-number desc_indx 
    0  3.1600e+11     5.9621     0    -1     0.0134
    1  3.1104e+11     5.9875     1     0     0.1326
    2  3.0885e+11     5.9988     2     1     0.2441
    3  3.0785e+11     6.0041     3     2     0.3500
    4  3.0679e+11     6.0096     4     3     0.4519
    5  2.8909e+11     6.1058     5     4     0.5506
    6  2.4976e+11     6.3472     6     5     0.6467
    7  2.2359e+11     6.5346     7     6     0.7407
    8  2.2168e+11     6.5493     8     7     0.8330
    9  2.1072e+11     6.6365     9     8     0.9238
   10  2.0990e+11     6.6432    10     9     1.0134
   11  2.0733e+11     6.6646    11    10     1.1018
   12  1.9605e+11     6.7622    12    11     1.1894
   13  1.8691e+11     6.8463    13    12     1.2761
   14  1.7665e+11     6.9467    14    13     1.3621
   15  1.7555e+11     6.9578    15    14     1.4474
   16  1.7133e+11     7.0015    16    15     1.5322
   17  1.7022e+11     7.0132    17    16     1.6165
   18  1.6965e+11     7.0192    18    17     1.7003
   19  1.6894e+11     7.0268    19    18     1.7838
   20  1.6136e+11     7.1099    20    19     1.8669
   21  1.5935e+11     7.1327    21    20     1.9496
   22  1.5513e+11     7.1818    22    21     2.0321
   23  1.4085e+11     7.3602    23    22     2.1143
   24  1.3888e+11     7.3865    24    23     2.1963
   25  1.3529e+11     7.4355    25    24     2.2781
   26  1.3138e+11     7.4908    26    25     2.3597
   27  1.0322e+11     7.9566    27    26     2.4411
   28  9.9901e+10     8.0211    28    27     2.5223
   29  9.3079e+10     8.1624    29    28     2.6034
   30  9.3044e+10     8.1631    30    29     2.6844
   31  9.2655e+10     8.1715    31    30     2.7652
   32  4.0374e+10     9.9691    32    31     2.8459
   33  3.9728e+10    10.0066    33    32     2.9266
   34  3.8771e+10    10.0634    34    33     3.0071
   35  3.8141e+10    10.1018    35    34     3.0876
   36  3.7934e+10    10.1145    36    35     3.1680
   37  3.7713e+10    10.1283    37    36     3.2483
   38  3.7327e+10    10.1524    38    37     3.3285
   39  3.6070e+10    10.2332    39    38     3.4087
   40  3.5977e+10    10.2393    40    39     3.4889
   41  3.4152e+10    10.3630    41    40     3.5689
   42  3.1457e+10    10.5605    42    41     3.6490
   43  3.0865e+10    10.6065    43    42     3.7290
   44  3.0755e+10    10.6152    44    43     3.8089
   45  2.9401e+10    10.7250    45    44     3.8889
   46  2.8745e+10    10.7803    46    45     3.9688
   47  2.4665e+10    11.1609    47    46     4.0486
   48  2.4634e+10    11.1641    48    47     4.1285
   49  2.4573e+10    11.1703    49    48     4.2083
   50  2.4041e+10    11.2255    50    49     4.2881
   51  2.4005e+10    11.2293    51    50     4.3678
   52  2.3343e+10    11.3002    52    51     4.4476
   53  1.2169e+10    13.0433    53    52     4.5273
   54  1.1717e+10    13.1502    54    53     4.6070
   55  1.0935e+10    13.3467    55    54     4.6867
   56  1.0758e+10    13.3934    56    55     4.7664
   57  1.0747e+10    13.3964    57    56     4.8460
   58  1.0629e+10    13.4280    58    57     4.9257
   59  1.0014e+10    13.6002    59    58     5.0053
   60  9.9937e+09    13.6060    60    59     5.0849
   61  9.8752e+09    13.6406    61    60     5.1646
   62  9.6172e+09    13.7177    62    61     5.2442
   63  9.6075e+09    13.7207    63    62     5.3238
   64  6.0995e+09    15.0928    64    63     5.4033
   65  5.8478e+09    15.2248    65    64     5.4829
   66  5.5908e+09    15.3665    66    65     5.5625
   67  5.5406e+09    15.3951    67    66     5.6421
   68  5.5295e+09    15.4014    68    67     5.7216
   69  5.4330e+09    15.4573    69    68     5.8012
   70  5.1039e+09    15.6567    70    69     5.8807
   71  5.0460e+09    15.6933    71    70     5.9602
   72  4.4684e+09    16.0872    72    71     6.0398
   73  4.4671e+09    16.0881    73    72     6.1193
   74  3.6095e+09    16.7955    74    73     6.1988
   75  3.4521e+09    16.9462    75    74     6.2783
   76  3.4038e+09    16.9941    76    75     6.3579
   77  3.4029e+09    16.9950    77    76     6.4374
   78  3.1655e+09    17.2420    78    77     6.5169
   79  2.5506e+09    17.9947    79    78     6.5964
   80  2.5494e+09    17.9963    80    79     6.6759
   81  2.3187e+09    18.3341    81    80     6.7554
   82  2.2761e+09    18.4007    82    81     6.8349
   83  2.2153e+09    18.4981    83    82     6.9143
   84  2.1727e+09    18.5683    84    83     6.9938
   85  2.1707e+09    18.5716    85    84     7.0733
   86  2.1311e+09    18.6384    86    85     7.1528
   87  1.9433e+09    18.9750    87    86     7.2323
   88  1.9225e+09    19.0145    88    87     7.3117
   89  6.9758e+08    23.0068    89    88     7.3912
   90  6.5166e+08    23.2943    90    89     7.4707
   91  6.5056e+08    23.3014    91    90     7.5502
   92  6.5014e+08    23.3042    92    91     7.6296
   93  1.9948e+08    28.6986    93    92     7.7091
   94  1.9923e+08    28.7048    94    93     7.7885
   95  1.6566e+08    29.6181    95    94     7.8680
   96  1.6546e+08    29.6241    96    95     7.9475
   97  1.6460e+08    29.6503    97    96     8.0269
   98  1.6400e+08    29.6687    98    97     8.1064
   99  1.6395e+08    29.6702    99    98     8.1858
  100  1.6362e+08    29.6804   100    99     8.2653
