#indx Mass S step-number desc_indx 
    0  3.1600e+11     5.9621     0    -1     0.0134
    1  3.0071e+11     6.0419     1     0     0.1326
    2  2.6880e+11     6.2251     2     1     0.2441
    3  2.5561e+11     6.3085     3     2     0.3500
    4  2.4506e+11     6.3791     4     3     0.4519
    5  2.4388e+11     6.3872     5     4     0.5506
    6  2.2845e+11     6.4979     6     5     0.6467
    7  2.2663e+11     6.5115     7     6     0.7407
    8  2.2480e+11     6.5254     8     7     0.8330
    9  2.1734e+11     6.5832     9     8     0.9238
   10  1.8609e+11     6.8540    10     9     1.0134
   11  1.7431e+11     6.9706    11    10     1.1018
   12  1.7345e+11     6.9794    12    11     1.1894
   13  1.6848e+11     7.0317    13    12     1.2761
   14  1.6454e+11     7.0745    14    13     1.3621
   15  1.5894e+11     7.1374    15    14     1.4474
   16  1.5502e+11     7.1830    16    15     1.5322
   17  1.5129e+11     7.2277    17    16     1.6165
   18  3.1766e+10    10.5369    18    17     1.7003
   19  3.1730e+10    10.5397    19    18     1.7838
   20  3.1389e+10    10.5658    20    19     1.8669
   21  2.9488e+10    10.7178    21    20     1.9496
   22  2.9454e+10    10.7206    22    21     2.0321
   23  2.8041e+10    10.8413    23    22     2.1143
   24  2.7086e+10    10.9270    24    23     2.1963
   25  2.5903e+10    11.0381    25    24     2.2781
   26  2.1748e+10    11.4810    26    25     2.3597
   27  2.0023e+10    11.6947    27    26     2.4411
   28  1.9887e+10    11.7124    28    27     2.5223
   29  1.9690e+10    11.7383    29    28     2.6034
   30  1.9668e+10    11.7413    30    29     2.6844
   31  1.9581e+10    11.7529    31    30     2.7652
   32  1.8665e+10    11.8786    32    31     2.8459
   33  1.8433e+10    11.9114    33    32     2.9266
   34  1.8387e+10    11.9180    34    33     3.0071
   35  1.8285e+10    11.9328    35    34     3.0876
   36  1.8192e+10    11.9462    36    35     3.1680
   37  1.8020e+10    11.9713    37    36     3.2483
   38  1.7654e+10    12.0258    38    37     3.3285
   39  1.7390e+10    12.0658    39    38     3.4087
   40  1.7204e+10    12.0944    40    39     3.4889
   41  1.5826e+10    12.3185    41    40     3.5689
   42  1.5805e+10    12.3222    42    41     3.6490
   43  1.4218e+10    12.6105    43    42     3.7290
   44  1.3134e+10    12.8298    44    43     3.8089
   45  1.3077e+10    12.8418    45    44     3.8889
   46  1.3060e+10    12.8454    46    45     3.9688
   47  1.2307e+10    13.0115    47    46     4.0486
   48  1.1989e+10    13.0852    48    47     4.1285
   49  1.1954e+10    13.0935    49    48     4.2083
   50  1.1704e+10    13.1532    50    49     4.2881
   51  1.1596e+10    13.1795    51    50     4.3678
   52  1.1578e+10    13.1839    52    51     4.4476
   53  1.0735e+10    13.3995    53    52     4.5273
   54  1.0729e+10    13.4012    54    53     4.6070
   55  1.0645e+10    13.4236    55    54     4.6867
   56  1.0499e+10    13.4634    56    55     4.7664
   57  1.0477e+10    13.4696    57    56     4.8460
   58  1.0383e+10    13.4956    58    57     4.9257
   59  1.0089e+10    13.5786    59    58     5.0053
   60  9.9421e+09    13.6210    60    59     5.0849
   61  9.6475e+09    13.7086    61    60     5.1646
   62  9.5757e+09    13.7304    62    61     5.2442
   63  9.5655e+09    13.7335    63    62     5.3238
   64  9.4848e+09    13.7582    64    63     5.4033
   65  8.5428e+09    14.0665    65    64     5.4829
   66  8.4922e+09    14.0842    66    65     5.5625
   67  8.4517e+09    14.0984    67    66     5.6421
   68  8.4298e+09    14.1061    68    67     5.7216
   69  8.2366e+09    14.1752    69    68     5.8012
   70  6.9137e+09    14.7051    70    69     5.8807
   71  6.7552e+09    14.7763    71    70     5.9602
   72  6.4852e+09    14.9022    72    71     6.0398
   73  6.3905e+09    14.9477    73    72     6.1193
   74  6.3887e+09    14.9486    74    73     6.1988
   75  6.2028e+09    15.0404    75    74     6.2783
   76  6.0812e+09    15.1022    76    75     6.3579
   77  6.0670e+09    15.1095    77    76     6.4374
   78  5.9952e+09    15.1467    78    77     6.5169
   79  5.9198e+09    15.1864    79    78     6.5964
   80  5.8875e+09    15.2036    80    79     6.6759
   81  5.8413e+09    15.2283    81    80     6.7554
   82  5.8234e+09    15.2380    82    81     6.8349
   83  5.0142e+09    15.7136    83    82     6.9143
   84  4.9920e+09    15.7279    84    83     6.9938
   85  4.9384e+09    15.7627    85    84     7.0733
   86  4.8899e+09    15.7944    86    85     7.1528
   87  4.8811e+09    15.8003    87    86     7.2323
   88  4.6636e+09    15.9478    88    87     7.3117
   89  4.6148e+09    15.9820    89    88     7.3912
   90  3.8155e+09    16.6093    90    89     7.4707
   91  3.7375e+09    16.6784    91    90     7.5502
   92  3.6328e+09    16.7739    92    91     7.6296
   93  3.6317e+09    16.7749    93    92     7.7091
   94  3.6210e+09    16.7849    94    93     7.7885
   95  3.5530e+09    16.8488    95    94     7.8680
   96  3.2909e+09    17.1090    96    95     7.9475
   97  3.1572e+09    17.2509    97    96     8.0269
   98  2.7326e+09    17.7519    98    97     8.1064
   99  2.7221e+09    17.7655    99    98     8.1858
  100  2.0735e+09    18.7380   100    99     8.2653
