#indx Mass S step-number desc_indx 
    0  3.1600e+11     5.9621     0    -1     0.0134
    1  2.9524e+11     6.0716     1     0     0.1326
    2  2.2377e+11     6.5332     2     1     0.2441
    3  1.6719e+11     7.0456     3     2     0.3500
    4  1.6494e+11     7.0701     4     3     0.4519
    5  8.7983e+10     8.2761     5     4     0.5506
    6  8.7824e+10     8.2797     6     5     0.6467
    7  8.7572e+10     8.2856     7     6     0.7407
    8  8.7412e+10     8.2893     8     7     0.8330
    9  8.6105e+10     8.3199     9     8     0.9238
   10  8.2554e+10     8.4061    10     9     1.0134
   11  8.1907e+10     8.4222    11    10     1.1018
   12  7.7815e+10     8.5280    12    11     1.1894
   13  7.7682e+10     8.5316    13    12     1.2761
   14  5.9073e+10     9.1135    14    13     1.3621
   15  5.8007e+10     9.1532    15    14     1.4474
   16  5.4642e+10     9.2843    16    15     1.5322
   17  5.3501e+10     9.3309    17    16     1.6165
   18  5.2897e+10     9.3561    18    17     1.7003
   19  5.0701e+10     9.4505    19    18     1.7838
   20  5.0621e+10     9.4540    20    19     1.8669
   21  4.7163e+10     9.6130    21    20     1.9496
   22  4.6053e+10     9.6670    22    21     2.0321
   23  3.5648e+10    10.2610    23    22     2.1143
   24  3.3676e+10    10.3966    24    23     2.1963
   25  3.3414e+10    10.4153    25    24     2.2781
   26  3.3412e+10    10.4154    26    25     2.3597
   27  3.3272e+10    10.4255    27    26     2.4411
   28  3.2650e+10    10.4708    28    27     2.5223
   29  2.6311e+10    10.9991    29    28     2.6034
   30  2.5040e+10    11.1229    30    29     2.6844
   31  2.4920e+10    11.1350    31    30     2.7652
   32  2.4680e+10    11.1594    32    31     2.8459
   33  2.4609e+10    11.1667    33    32     2.9266
   34  2.3229e+10    11.3126    34    33     3.0071
   35  2.0715e+10    11.6065    35    34     3.0876
   36  1.9769e+10    11.7279    36    35     3.1680
   37  1.9609e+10    11.7492    37    36     3.2483
   38  1.9390e+10    11.7785    38    37     3.3285
   39  1.8870e+10    11.8497    39    38     3.4087
   40  1.8582e+10    11.8903    40    39     3.4889
   41  1.8431e+10    11.9117    41    40     3.5689
   42  1.8263e+10    11.9360    42    41     3.6490
   43  1.8226e+10    11.9413    43    42     3.7290
   44  1.6722e+10    12.1704    44    43     3.8089
   45  1.6696e+10    12.1746    45    44     3.8889
   46  1.6625e+10    12.1860    46    45     3.9688
   47  1.6520e+10    12.2031    47    46     4.0486
   48  1.6358e+10    12.2294    48    47     4.1285
   49  1.6306e+10    12.2380    49    48     4.2083
   50  1.5741e+10    12.3332    50    49     4.2881
   51  1.5664e+10    12.3464    51    50     4.3678
   52  1.5607e+10    12.3563    52    51     4.4476
   53  1.5101e+10    12.4458    53    52     4.5273
   54  1.5031e+10    12.4584    54    53     4.6070
   55  1.4942e+10    12.4745    55    54     4.6867
   56  1.4885e+10    12.4851    56    55     4.7664
   57  1.4788e+10    12.5029    57    56     4.8460
   58  1.4725e+10    12.5144    58    57     4.9257
   59  1.4690e+10    12.5210    59    58     5.0053
   60  1.4472e+10    12.5619    60    59     5.0849
   61  1.4419e+10    12.5720    61    60     5.1646
   62  1.4398e+10    12.5759    62    61     5.2442
   63  1.3976e+10    12.6577    63    62     5.3238
   64  1.3859e+10    12.6809    64    63     5.4033
   65  1.3804e+10    12.6918    65    64     5.4829
   66  1.3760e+10    12.7006    66    65     5.5625
   67  1.3669e+10    12.7191    67    66     5.6421
   68  1.3591e+10    12.7348    68    67     5.7216
   69  1.3583e+10    12.7364    69    68     5.8012
   70  1.2869e+10    12.8865    70    69     5.8807
   71  1.2782e+10    12.9054    71    70     5.9602
   72  1.2752e+10    12.9121    72    71     6.0398
   73  1.2738e+10    12.9151    73    72     6.1193
   74  1.2330e+10    13.0062    74    73     6.1988
   75  1.2289e+10    13.0156    75    74     6.2783
   76  1.2270e+10    13.0199    76    75     6.3579
   77  1.2269e+10    13.0203    77    76     6.4374
   78  1.1949e+10    13.0947    78    77     6.5169
   79  1.1842e+10    13.1200    79    78     6.5964
   80  1.1812e+10    13.1272    80    79     6.6759
   81  1.1559e+10    13.1885    81    80     6.7554
   82  1.1528e+10    13.1962    82    81     6.8349
   83  1.0058e+10    13.5873    83    82     6.9143
   84  9.9895e+09    13.6072    84    83     6.9938
   85  8.8153e+09    13.9734    85    84     7.0733
   86  8.5114e+09    14.0774    86    85     7.1528
   87  8.3360e+09    14.1394    87    86     7.2323
   88  8.2366e+09    14.1752    88    87     7.3117
   89  6.8217e+09    14.7462    89    88     7.3912
   90  6.6780e+09    14.8117    90    89     7.4707
   91  6.6319e+09    14.8331    91    90     7.5502
   92  6.5845e+09    14.8552    92    91     7.6296
   93  6.5233e+09    14.8840    93    92     7.7091
   94  6.4990e+09    14.8956    94    93     7.7885
   95  6.4865e+09    14.9016    95    94     7.8680
   96  6.2596e+09    15.0121    96    95     7.9475
   97  6.0728e+09    15.1065    97    96     8.0269
   98  5.8942e+09    15.2000    98    97     8.1064
   99  5.8731e+09    15.2113    99    98     8.1858
  100  5.8360e+09    15.2312   100    99     8.2653
