#indx Mass S step-number desc_indx 
    0  3.1600e+11     5.9621     0    -1     0.0134
    1  3.0924e+11     5.9968     1     0     0.1326
    2  3.0506e+11     6.0187     2     1     0.2441
    3  3.0466e+11     6.0208     3     2     0.3500
    4  2.9425e+11     6.0770     4     3     0.4519
    5  2.9297e+11     6.0841     5     4     0.5506
    6  2.4695e+11     6.3662     6     5     0.6467
    7  2.4108e+11     6.4066     7     6     0.7407
    8  2.1264e+11     6.6208     8     7     0.8330
    9  2.1232e+11     6.6235     9     8     0.9238
   10  2.0634e+11     6.6729    10     9     1.0134
   11  2.0605e+11     6.6754    11    10     1.1018
   12  2.0329e+11     6.6988    12    11     1.1894
   13  2.0264e+11     6.7044    13    12     1.2761
   14  1.5909e+11     7.1358    14    13     1.3621
   15  1.3793e+11     7.3993    15    14     1.4474
   16  1.3736e+11     7.4072    16    15     1.5322
   17  1.2451e+11     7.5927    17    16     1.6165
   18  1.2339e+11     7.6100    18    17     1.7003
   19  1.2236e+11     7.6261    19    18     1.7838
   20  1.2146e+11     7.6402    20    19     1.8669
   21  1.1954e+11     7.6707    21    20     1.9496
   22  1.1774e+11     7.6999    22    21     2.0321
   23  1.1510e+11     7.7436    23    22     2.1143
   24  9.6761e+10     8.0847    24    23     2.1963
   25  8.5997e+10     8.3225    25    24     2.2781
   26  7.6487e+10     8.5638    26    25     2.3597
   27  7.4627e+10     8.6151    27    26     2.4411
   28  7.2612e+10     8.6724    28    27     2.5223
   29  7.1611e+10     8.7016    29    28     2.6034
   30  7.0712e+10     8.7282    30    29     2.6844
   31  7.0657e+10     8.7299    31    30     2.7652
   32  6.7024e+10     8.8417    32    31     2.8459
   33  6.6386e+10     8.8621    33    32     2.9266
   34  5.9223e+10     9.1080    34    33     3.0071
   35  5.5063e+10     9.2674    35    34     3.0876
   36  5.4031e+10     9.3091    36    35     3.1680
   37  4.5214e+10     9.7088    37    36     3.2483
   38  4.4433e+10     9.7485    38    37     3.3285
   39  4.3661e+10     9.7886    39    38     3.4087
   40  4.2458e+10     9.8527    40    39     3.4889
   41  4.0575e+10     9.9575    41    40     3.5689
   42  3.9128e+10    10.0420    42    41     3.6490
   43  3.8820e+10    10.0605    43    42     3.7290
   44  3.8278e+10    10.0934    44    43     3.8089
   45  3.7600e+10    10.1353    45    44     3.8889
   46  3.7404e+10    10.1476    46    45     3.9688
   47  3.5267e+10    10.2866    47    46     4.0486
   48  3.5152e+10    10.2943    48    47     4.1285
   49  3.5125e+10    10.2961    49    48     4.2083
   50  3.4197e+10    10.3599    50    49     4.2881
   51  3.3858e+10    10.3837    51    50     4.3678
   52  3.3165e+10    10.4332    52    51     4.4476
   53  3.2864e+10    10.4551    53    52     4.5273
   54  3.2762e+10    10.4625    54    53     4.6070
   55  3.1875e+10    10.5286    55    54     4.6867
   56  3.1393e+10    10.5655    56    55     4.7664
   57  3.1233e+10    10.5779    57    56     4.8460
   58  3.0986e+10    10.5971    58    57     4.9257
   59  3.0325e+10    10.6495    59    58     5.0053
   60  2.9958e+10    10.6791    60    59     5.0849
   61  2.3877e+10    11.2429    61    60     5.1646
   62  2.2929e+10    11.3457    62    61     5.2442
   63  2.1932e+10    11.4593    63    62     5.3238
   64  2.1803e+10    11.4744    64    63     5.4033
   65  1.2062e+10    13.0682    65    64     5.4829
   66  1.1829e+10    13.1231    66    65     5.5625
   67  1.1809e+10    13.1280    67    66     5.6421
   68  1.1694e+10    13.1557    68    67     5.7216
   69  1.1575e+10    13.1847    69    68     5.8012
   70  1.1547e+10    13.1916    70    69     5.8807
   71  1.0794e+10    13.3840    71    70     5.9602
   72  1.0774e+10    13.3892    72    71     6.0398
   73  9.8485e+09    13.6485    73    72     6.1193
   74  9.5734e+09    13.7311    74    73     6.1988
   75  9.4826e+09    13.7589    75    74     6.2783
   76  9.4562e+09    13.7671    76    75     6.3579
   77  9.2948e+09    13.8175    77    76     6.4374
   78  9.1019e+09    13.8791    78    77     6.5169
   79  8.7527e+09    13.9945    79    78     6.5964
   80  8.7385e+09    13.9993    80    79     6.6759
   81  8.5569e+09    14.0616    81    80     6.7554
   82  8.3446e+09    14.1363    82    81     6.8349
   83  8.3294e+09    14.1418    83    82     6.9143
   84  8.2325e+09    14.1767    84    83     6.9938
   85  8.1779e+09    14.1966    85    84     7.0733
   86  7.6627e+09    14.3921    86    85     7.1528
   87  7.5288e+09    14.4454    87    86     7.2323
   88  7.5116e+09    14.4523    88    87     7.3117
   89  5.0678e+09    15.6795    89    88     7.3912
   90  5.0241e+09    15.7073    90    89     7.4707
   91  4.7141e+09    15.9129    91    90     7.5502
   92  4.6608e+09    15.9498    92    91     7.6296
   93  4.6579e+09    15.9518    93    92     7.7091
   94  4.6213e+09    15.9775    94    93     7.7885
   95  4.6166e+09    15.9807    95    94     7.8680
   96  4.5941e+09    15.9966    96    95     7.9475
   97  4.3674e+09    16.1620    97    96     8.0269
   98  2.0176e+09    18.8376    98    97     8.1064
   99  1.8875e+09    19.0822    99    98     8.1858
  100  1.7834e+09    19.2922   100    99     8.2653
