#indx Mass S step-number desc_indx 
    0  3.1600e+11     5.9621     0    -1     0.0134
    1  3.1488e+11     5.9678     1     0     0.1326
    2  3.1296e+11     5.9776     2     1     0.2441
    3  3.1249e+11     5.9800     3     2     0.3500
    4  3.0839e+11     6.0012     4     3     0.4519
    5  3.0640e+11     6.0117     5     4     0.5506
    6  2.9254e+11     6.0865     6     5     0.6467
    7  2.8498e+11     6.1291     7     6     0.7407
    8  2.8009e+11     6.1574     8     7     0.8330
    9  2.7193e+11     6.2060     9     8     0.9238
   10  2.3720e+11     6.4341    10     9     1.0134
   11  1.8898e+11     6.8268    11    10     1.1018
   12  1.7794e+11     6.9337    12    11     1.1894
   13  1.7167e+11     6.9979    13    12     1.2761
   14  1.6422e+11     7.0780    14    13     1.3621
   15  1.6068e+11     7.1176    15    14     1.4474
   16  1.6039e+11     7.1209    16    15     1.5322
   17  1.5789e+11     7.1495    17    16     1.6165
   18  1.4474e+11     7.3096    18    17     1.7003
   19  1.3799e+11     7.3985    19    18     1.7838
   20  1.3562e+11     7.4310    20    19     1.8669
   21  1.3152e+11     7.4889    21    20     1.9496
   22  1.2846e+11     7.5333    22    21     2.0321
   23  1.1170e+11     7.8019    23    22     2.1143
   24  8.5654e+10     8.3306    24    23     2.1963
   25  8.3813e+10     8.3750    25    24     2.2781
   26  7.6593e+10     8.5609    26    25     2.3597
   27  7.2126e+10     8.6865    27    26     2.4411
   28  7.1963e+10     8.6913    28    27     2.5223
   29  6.8145e+10     8.8065    29    28     2.6034
   30  6.8063e+10     8.8090    30    29     2.6844
   31  6.5559e+10     8.8889    31    30     2.7652
   32  6.4986e+10     8.9077    32    31     2.8459
   33  6.3911e+10     8.9434    33    32     2.9266
   34  5.6712e+10     9.2026    34    33     3.0071
   35  4.6437e+10     9.6481    35    34     3.0876
   36  4.6331e+10     9.6533    36    35     3.1680
   37  4.6251e+10     9.6572    37    36     3.2483
   38  4.5501e+10     9.6944    38    37     3.3285
   39  4.5408e+10     9.6990    39    38     3.4087
   40  4.5241e+10     9.7074    40    39     3.4889
   41  4.4572e+10     9.7414    41    40     3.5689
   42  4.3513e+10     9.7964    42    41     3.6490
   43  3.9690e+10    10.0088    43    42     3.7290
   44  3.8470e+10    10.0816    44    43     3.8089
   45  3.7762e+10    10.1252    45    44     3.8889
   46  3.7165e+10    10.1626    46    45     3.9688
   47  3.6432e+10    10.2096    47    46     4.0486
   48  3.1914e+10    10.5257    48    47     4.1285
   49  3.1327e+10    10.5706    49    48     4.2083
   50  3.1042e+10    10.5927    50    49     4.2881
   51  3.0479e+10    10.6371    51    50     4.3678
   52  2.8559e+10    10.7962    52    51     4.4476
   53  2.8517e+10    10.7999    53    52     4.5273
   54  2.8464e+10    10.8044    54    53     4.6070
   55  2.8152e+10    10.8316    55    54     4.6867
   56  2.8022e+10    10.8430    56    55     4.7664
   57  2.7973e+10    10.8473    57    56     4.8460
   58  2.6613e+10    10.9707    58    57     4.9257
   59  2.6604e+10    10.9716    59    58     5.0053
   60  2.6464e+10    10.9847    60    59     5.0849
   61  2.6183e+10    11.0113    61    60     5.1646
   62  2.6154e+10    11.0140    62    61     5.2442
   63  2.5740e+10    11.0539    63    62     5.3238
   64  2.5624e+10    11.0651    64    63     5.4033
   65  2.5419e+10    11.0853    65    64     5.4829
   66  2.4796e+10    11.1476    66    65     5.5625
   67  2.2320e+10    11.4144    67    66     5.6421
   68  2.2184e+10    11.4301    68    67     5.7216
   69  2.2112e+10    11.4383    69    68     5.8012
   70  1.9315e+10    11.7886    70    69     5.8807
   71  1.8151e+10    11.9522    71    70     5.9602
   72  1.7907e+10    11.9879    72    71     6.0398
   73  1.6930e+10    12.1373    73    72     6.1193
   74  1.6829e+10    12.1533    74    73     6.1988
   75  1.6741e+10    12.1674    75    74     6.2783
   76  1.4872e+10    12.4875    76    75     6.3579
   77  1.4822e+10    12.4966    77    76     6.4374
   78  1.4754e+10    12.5091    78    77     6.5169
   79  1.4729e+10    12.5138    79    78     6.5964
   80  1.2405e+10    12.9892    80    79     6.6759
   81  1.2294e+10    13.0145    81    80     6.7554
   82  1.2292e+10    13.0149    82    81     6.8349
   83  1.2083e+10    13.0633    83    82     6.9143
   84  9.4074e+09    13.7822    84    83     6.9938
   85  9.3866e+09    13.7887    85    84     7.0733
   86  9.3835e+09    13.7896    86    85     7.1528
   87  9.1856e+09    13.8522    87    86     7.2323
   88  9.0650e+09    13.8910    88    87     7.3117
   89  8.8963e+09    13.9464    89    88     7.3912
   90  7.0406e+08    22.9680    90    89     7.4707
   91  7.0328e+08    22.9726    91    90     7.5502
   92  6.6044e+08    23.2376    92    91     7.6296
   93  6.2713e+08    23.4574    93    92     7.7091
   94  6.2564e+08    23.4675    94    93     7.7885
   95  6.2396e+08    23.4790    95    94     7.8680
   96  6.1377e+08    23.5492    96    95     7.9475
   97  5.6418e+08    23.9111    97    96     8.0269
   98  5.6100e+08    23.9355    98    97     8.1064
   99  5.5557e+08    23.9776    99    98     8.1858
  100  5.5512e+08    23.9811   100    99     8.2653
