#indx Mass S step-number desc_indx 
    0  3.1600e+11     5.9621     0    -1     0.0134
    1  2.7013e+11     6.2169     1     0     0.1326
    2  2.6091e+11     6.2744     2     1     0.2441
    3  1.8125e+11     6.9009     3     2     0.3500
    4  1.6517e+11     7.0675     4     3     0.4519
    5  1.6465e+11     7.0732     5     4     0.5506
    6  1.6451e+11     7.0748     6     5     0.6467
    7  1.6101e+11     7.1138     7     6     0.7407
    8  1.4434e+11     7.3146     8     7     0.8330
    9  1.4362e+11     7.3240     9     8     0.9238
   10  1.4254e+11     7.3380    10     9     1.0134
   11  1.2591e+11     7.5714    11    10     1.1018
   12  1.2545e+11     7.5784    12    11     1.1894
   13  1.1528e+11     7.7406    13    12     1.2761
   14  1.1257e+11     7.7867    14    13     1.3621
   15  1.0289e+11     7.9627    15    14     1.4474
   16  1.0179e+11     7.9841    16    15     1.5322
   17  1.0164e+11     7.9870    17    16     1.6165
   18  9.7699e+10     8.0654    18    17     1.7003
   19  8.3933e+10     8.3721    19    18     1.7838
   20  8.2971e+10     8.3957    20    19     1.8669
   21  7.8776e+10     8.5026    21    20     1.9496
   22  7.6044e+10     8.5759    22    21     2.0321
   23  7.1744e+10     8.6977    23    22     2.1143
   24  5.7898e+10     9.1573    24    23     2.1963
   25  5.6826e+10     9.1982    25    24     2.2781
   26  5.3896e+10     9.3147    26    25     2.3597
   27  5.2993e+10     9.3521    27    26     2.4411
   28  5.2663e+10     9.3659    28    27     2.5223
   29  5.1523e+10     9.4146    29    28     2.6034
   30  3.2563e+10    10.4772    30    29     2.6844
   31  3.2161e+10    10.5071    31    30     2.7652
   32  3.2118e+10    10.5103    32    31     2.8459
   33  3.1603e+10    10.5494    33    32     2.9266
   34  3.1312e+10    10.5717    34    33     3.0071
   35  2.8437e+10    10.8067    35    34     3.0876
   36  2.8059e+10    10.8397    36    35     3.1680
   37  2.7683e+10    10.8730    37    36     3.2483
   38  2.7409e+10    10.8976    38    37     3.3285
   39  2.5822e+10    11.0459    39    38     3.4087
   40  1.5755e+10    12.3307    40    39     3.4889
   41  8.6905e+09    14.0157    41    40     3.5689
   42  8.2948e+09    14.1542    42    41     3.6490
   43  8.1539e+09    14.2054    43    42     3.7290
   44  8.1285e+09    14.2148    44    43     3.8089
   45  8.0686e+09    14.2369    45    44     3.8889
   46  8.0363e+09    14.2489    46    45     3.9688
   47  7.9885e+09    14.2668    47    46     4.0486
   48  7.4170e+09    14.4907    48    47     4.1285
   49  7.2983e+09    14.5398    49    48     4.2083
   50  7.1607e+09    14.5977    50    49     4.2881
   51  6.9672e+09    14.6814    51    50     4.3678
   52  6.4911e+09    14.8994    52    51     4.4476
   53  6.3890e+09    14.9485    53    52     4.5273
   54  6.2486e+09    15.0175    54    53     4.6070
   55  6.2443e+09    15.0197    55    54     4.6867
   56  6.1987e+09    15.0425    56    55     4.7664
   57  5.9167e+09    15.1881    57    56     4.8460
   58  5.8973e+09    15.1983    58    57     4.9257
   59  5.0495e+09    15.6911    59    58     5.0053
   60  4.8723e+09    15.8061    60    59     5.0849
   61  4.6973e+09    15.9245    61    60     5.1646
   62  4.6864e+09    15.9320    62    61     5.2442
   63  4.6252e+09    15.9747    63    62     5.3238
   64  4.5054e+09    16.0602    64    63     5.4033
   65  4.4795e+09    16.0791    65    64     5.4829
   66  4.4301e+09    16.1153    66    65     5.5625
   67  4.4127e+09    16.1282    67    66     5.6421
   68  4.4038e+09    16.1347    68    67     5.7216
   69  4.3028e+09    16.2109    69    68     5.8012
   70  3.9571e+09    16.4877    70    69     5.8807
   71  3.8289e+09    16.5975    71    70     5.9602
   72  3.7985e+09    16.6242    72    71     6.0398
   73  2.6227e+09    17.8962    73    72     6.1193
   74  2.5727e+09    17.9642    74    73     6.1988
   75  2.3994e+09    18.2118    75    74     6.2783
   76  2.3410e+09    18.2998    76    75     6.3579
   77  2.3220e+09    18.3291    77    76     6.4374
   78  2.2758e+09    18.4011    78    77     6.5169
   79  2.2717e+09    18.4076    79    78     6.5964
   80  2.2298e+09    18.4746    80    79     6.6759
   81  2.1890e+09    18.5413    81    80     6.7554
   82  1.9424e+09    18.9768    82    81     6.8349
   83  1.8050e+09    19.2476    83    82     6.9143
   84  1.7531e+09    19.3559    84    83     6.9938
   85  1.6901e+09    19.4928    85    84     7.0733
   86  1.6378e+09    19.6105    86    85     7.1528
   87  1.6302e+09    19.6281    87    86     7.2323
   88  1.6223e+09    19.6464    88    87     7.3117
   89  1.6150e+09    19.6634    89    88     7.3912
   90  1.6123e+09    19.6695    90    89     7.4707
   91  1.6105e+09    19.6738    91    90     7.5502
   92  1.6032e+09    19.6908    92    91     7.6296
   93  1.5881e+09    19.7266    93    92     7.7091
   94  1.5837e+09    19.7371    94    93     7.7885
   95  1.5798e+09    19.7463    95    94     7.8680
   96  1.5501e+09    19.8181    96    95     7.9475
   97  1.5500e+09    19.8185    97    96     8.0269
   98  1.5452e+09    19.8301    98    97     8.1064
   99  1.5257e+09    19.8785    99    98     8.1858
  100  1.4506e+09    20.0704   100    99     8.2653
