#indx Mass S step-number desc_indx 
    0  3.1600e+11     5.9621     0    -1     0.0134
    1  3.1479e+11     5.9683     1     0     0.1326
    2  3.0771e+11     6.0048     2     1     0.2441
    3  1.8396e+11     6.8744     3     2     0.3500
    4  1.8205e+11     6.8930     4     3     0.4519
    5  1.5179e+11     7.2217     5     4     0.5506
    6  7.2498e+10     8.6757     6     5     0.6467
    7  7.2110e+10     8.6870     7     6     0.7407
    8  7.1170e+10     8.7146     8     7     0.8330
    9  6.9473e+10     8.7656     9     8     0.9238
   10  6.7621e+10     8.8229    10     9     1.0134
   11  5.7780e+10     9.1618    11    10     1.1018
   12  4.0127e+10     9.9833    12    11     1.1894
   13  3.9943e+10     9.9940    13    12     1.2761
   14  3.4400e+10    10.3457    14    13     1.3621
   15  3.3335e+10    10.4210    15    14     1.4474
   16  3.3202e+10    10.4306    16    15     1.5322
   17  2.8468e+10    10.8041    17    16     1.6165
   18  2.8394e+10    10.8105    18    17     1.7003
   19  2.5410e+10    11.0862    19    18     1.7838
   20  2.5305e+10    11.0966    20    19     1.8669
   21  2.5105e+10    11.1165    21    20     1.9496
   22  2.4174e+10    11.2115    22    21     2.0321
   23  2.4041e+10    11.2256    23    22     2.1143
   24  2.3813e+10    11.2497    24    23     2.1963
   25  2.2990e+10    11.3389    25    24     2.2781
   26  2.2905e+10    11.3484    26    25     2.3597
   27  2.2569e+10    11.3861    27    26     2.4411
   28  2.1949e+10    11.4574    28    27     2.5223
   29  2.1559e+10    11.5034    29    28     2.6034
   30  2.0759e+10    11.6010    30    29     2.6844
   31  2.0611e+10    11.6196    31    30     2.7652
   32  1.9980e+10    11.7003    32    31     2.8459
   33  1.9801e+10    11.7238    33    32     2.9266
   34  1.8289e+10    11.9322    34    33     3.0071
   35  1.8280e+10    11.9335    35    34     3.0876
   36  1.8211e+10    11.9435    36    35     3.1680
   37  1.8147e+10    11.9527    37    36     3.2483
   38  1.8129e+10    11.9554    38    37     3.3285
   39  1.8086e+10    11.9617    39    38     3.4087
   40  1.7978e+10    11.9775    40    39     3.4889
   41  1.7227e+10    12.0909    41    40     3.5689
   42  1.7111e+10    12.1090    42    41     3.6490
   43  1.6985e+10    12.1286    43    42     3.7290
   44  2.8896e+09    17.5570    44    43     3.8089
   45  2.8844e+09    17.5632    45    44     3.8889
   46  2.8836e+09    17.5642    46    45     3.9688
   47  2.8759e+09    17.5735    47    46     4.0486
   48  2.8711e+09    17.5793    48    47     4.1285
   49  2.4395e+09    18.1527    49    48     4.2083
   50  2.1721e+09    18.5692    50    49     4.2881
   51  2.1704e+09    18.5722    51    50     4.3678
   52  2.1678e+09    18.5765    52    51     4.4476
   53  2.1301e+09    18.6400    53    52     4.5273
   54  2.1108e+09    18.6730    54    53     4.6070
   55  2.1091e+09    18.6759    55    54     4.6867
   56  2.0990e+09    18.6934    56    55     4.7664
   57  2.0208e+09    18.8319    57    56     4.8460
   58  1.9788e+09    18.9086    58    57     4.9257
   59  1.9734e+09    18.9186    59    58     5.0053
   60  1.6558e+09    19.5695    60    59     5.0849
   61  1.6555e+09    19.5701    61    60     5.1646
   62  1.6303e+09    19.6278    62    61     5.2442
   63  1.6106e+09    19.6736    63    62     5.3238
   64  1.5911e+09    19.7195    64    63     5.4033
   65  1.5879e+09    19.7270    65    64     5.4829
   66  1.3856e+09    20.2462    66    65     5.5625
   67  1.3848e+09    20.2485    67    66     5.6421
   68  1.3815e+09    20.2577    68    67     5.7216
   69  1.3113e+09    20.4588    69    68     5.8012
   70  1.2966e+09    20.5026    70    69     5.8807
   71  1.1751e+09    20.8866    71    70     5.9602
   72  1.1744e+09    20.8890    72    71     6.0398
   73  6.7924e+08    23.1190    73    72     6.1193
   74  6.7798e+08    23.1268    74    73     6.1988
   75  6.7553e+08    23.1421    75    74     6.2783
   76  6.7138e+08    23.1681    76    75     6.3579
   77  6.6741e+08    23.1932    77    76     6.4374
   78  6.6660e+08    23.1984    78    77     6.5169
   79  6.6113e+08    23.2332    79    78     6.5964
   80  6.1672e+08    23.5288    80    79     6.6759
   81  6.1050e+08    23.5721    81    80     6.7554
   82  5.4360e+08    24.0719    82    81     6.8349
   83  4.8202e+08    24.5974    83    82     6.9143
   84  4.7773e+08    24.6368    84    83     6.9938
   85  4.6806e+08    24.7270    85    84     7.0733
   86  2.9188e+08    26.8758    86    85     7.1528
   87  2.8747e+08    26.9472    87    86     7.2323
   88  2.8659e+08    26.9615    88    87     7.3117
   89  2.8535e+08    26.9819    89    88     7.3912
   90  2.5976e+08    27.4254    90    89     7.4707
   91  2.5529e+08    27.5079    91    90     7.5502
   92  2.4279e+08    27.7475    92    91     7.6296
   93  2.4266e+08    27.7500    93    92     7.7091
   94  2.3935e+08    27.8157    94    93     7.7885
   95  2.3854e+08    27.8320    95    94     7.8680
   96  2.3668e+08    27.8695    96    95     7.9475
   97  2.3627e+08    27.8778    97    96     8.0269
   98  2.3612e+08    27.8810    98    97     8.1064
   99  2.3448e+08    27.9145    99    98     8.1858
  100  2.3424e+08    27.9194   100    99     8.2653
