#indx Mass S step-number desc_indx 
    0  3.1600e+11     5.9621     0    -1     0.0134
    1  3.1081e+11     5.9887     1     0     0.1326
    2  2.9356e+11     6.0808     2     1     0.2441
    3  2.9093e+11     6.0955     3     2     0.3500
    4  2.8948e+11     6.1036     4     3     0.4519
    5  2.8637e+11     6.1212     5     4     0.5506
    6  2.8137e+11     6.1500     6     5     0.6467
    7  2.7343e+11     6.1969     7     6     0.7407
    8  2.6984e+11     6.2187     8     7     0.8330
    9  2.6729e+11     6.2344     9     8     0.9238
   10  1.5522e+11     7.1807    10     9     1.0134
   11  1.5476e+11     7.1861    11    10     1.1018
   12  1.5416e+11     7.1933    12    11     1.1894
   13  1.5343e+11     7.2020    13    12     1.2761
   14  1.5303e+11     7.2067    14    13     1.3621
   15  1.4970e+11     7.2472    15    14     1.4474
   16  1.4796e+11     7.2689    16    15     1.5322
   17  1.3881e+11     7.3875    17    16     1.6165
   18  1.2826e+11     7.5363    18    17     1.7003
   19  1.2113e+11     7.6454    19    18     1.7838
   20  1.1846e+11     7.6881    20    19     1.8669
   21  1.1656e+11     7.7194    21    20     1.9496
   22  1.1095e+11     7.8149    22    21     2.0321
   23  1.0808e+11     7.8660    23    22     2.1143
   24  1.0760e+11     7.8748    24    23     2.1963
   25  1.0348e+11     7.9516    25    24     2.2781
   26  1.0340e+11     7.9530    26    25     2.3597
   27  1.0041e+11     8.0111    27    26     2.4411
   28  9.8965e+10     8.0398    28    27     2.5223
   29  9.3137e+10     8.1611    29    28     2.6034
   30  9.2779e+10     8.1688    30    29     2.6844
   31  8.7669e+10     8.2833    31    30     2.7652
   32  8.7462e+10     8.2881    32    31     2.8459
   33  8.6816e+10     8.3032    33    32     2.9266
   34  8.3184e+10     8.3905    34    33     3.0071
   35  6.0142e+10     9.0746    35    34     3.0876
   36  5.9626e+10     9.0932    36    35     3.1680
   37  5.9069e+10     9.1137    37    36     3.2483
   38  5.0565e+10     9.4564    38    37     3.3285
   39  5.0134e+10     9.4756    39    38     3.4087
   40  4.9541e+10     9.5022    40    39     3.4889
   41  4.8889e+10     9.5320    41    40     3.5689
   42  4.8703e+10     9.5406    42    41     3.6490
   43  4.8180e+10     9.5649    43    42     3.7290
   44  4.1233e+10     9.9203    44    43     3.8089
   45  3.9702e+10    10.0081    45    44     3.8889
   46  3.9254e+10    10.0345    46    45     3.9688
   47  3.7670e+10    10.1309    47    46     4.0486
   48  3.7349e+10    10.1511    48    47     4.1285
   49  3.6630e+10    10.1968    49    48     4.2083
   50  3.6282e+10    10.2193    50    49     4.2881
   51  3.4778e+10    10.3197    51    50     4.3678
   52  2.7131e+10    10.9228    52    51     4.4476
   53  2.6863e+10    10.9475    53    52     4.5273
   54  2.6337e+10    10.9966    54    53     4.6070
   55  2.6029e+10    11.0260    55    54     4.6867
   56  2.5991e+10    11.0296    56    55     4.7664
   57  2.5756e+10    11.0523    57    56     4.8460
   58  2.5404e+10    11.0867    58    57     4.9257
   59  2.5350e+10    11.0921    59    58     5.0053
   60  2.5251e+10    11.1019    60    59     5.0849
   61  2.4355e+10    11.1927    61    60     5.1646
   62  2.3067e+10    11.3305    62    61     5.2442
   63  2.3061e+10    11.3311    63    62     5.3238
   64  2.2725e+10    11.3685    64    63     5.4033
   65  2.2397e+10    11.4056    65    64     5.4829
   66  2.2313e+10    11.4152    66    65     5.5625
   67  2.1677e+10    11.4894    67    66     5.6421
   68  2.1545e+10    11.5051    68    67     5.7216
   69  2.1389e+10    11.5238    69    68     5.8012
   70  2.1284e+10    11.5365    70    69     5.8807
   71  2.0917e+10    11.5814    71    70     5.9602
   72  1.9647e+10    11.7441    72    71     6.0398
   73  1.8504e+10    11.9013    73    72     6.1193
   74  1.7192e+10    12.0963    74    73     6.1988
   75  1.2061e+10    13.0683    75    74     6.2783
   76  1.1907e+10    13.1047    76    75     6.3579
   77  1.1819e+10    13.1256    77    76     6.4374
   78  1.1780e+10    13.1350    78    77     6.5169
   79  1.1737e+10    13.1453    79    78     6.5964
   80  1.0346e+10    13.5059    80    79     6.6759
   81  8.8526e+09    13.9610    81    80     6.7554
   82  8.6725e+09    14.0218    82    81     6.8349
   83  7.0472e+09    14.6465    83    82     6.9143
   84  7.0033e+09    14.6656    84    83     6.9938
   85  6.9909e+09    14.6710    85    84     7.0733
   86  6.5666e+09    14.8636    86    85     7.1528
   87  6.4069e+09    14.9398    87    86     7.2323
   88  6.3338e+09    14.9754    88    87     7.3117
   89  6.3252e+09    14.9796    89    88     7.3912
   90  6.2182e+09    15.0327    90    89     7.4707
   91  5.9251e+09    15.1836    91    90     7.5502
   92  5.8856e+09    15.2046    92    91     7.6296
   93  5.7586e+09    15.2732    93    92     7.7091
   94  5.6715e+09    15.3213    94    93     7.7885
   95  5.0662e+09    15.6805    95    94     7.8680
   96  5.0172e+09    15.7117    96    95     7.9475
   97  4.7760e+09    15.8707    97    96     8.0269
   98  4.7387e+09    15.8960    98    97     8.1064
   99  4.6733e+09    15.9411    99    98     8.1858
  100  4.6700e+09    15.9433   100    99     8.2653
