#indx Mass S step-number desc_indx 
    0  3.1600e+11     5.9621     0    -1     0.0134
    1  3.1545e+11     5.9649     1     0     0.1326
    2  3.1250e+11     5.9800     2     1     0.2441
    3  3.1090e+11     5.9882     3     2     0.3500
    4  3.0667e+11     6.0102     4     3     0.4519
    5  2.8579e+11     6.1245     5     4     0.5506
    6  2.7907e+11     6.1634     6     5     0.6467
    7  2.0278e+11     6.7032     7     6     0.7407
    8  1.9123e+11     6.8060     8     7     0.8330
    9  1.3550e+11     7.4327     9     8     0.9238
   10  1.3441e+11     7.4478    10     9     1.0134
   11  1.2322e+11     7.6126    11    10     1.1018
   12  1.1027e+11     7.8268    12    11     1.1894
   13  7.7919e+10     8.5253    13    12     1.2761
   14  7.7747e+10     8.5299    14    13     1.3621
   15  7.6810e+10     8.5550    15    14     1.4474
   16  7.5476e+10     8.5915    16    15     1.5322
   17  7.5335e+10     8.5954    17    16     1.6165
   18  7.5221e+10     8.5986    18    17     1.7003
   19  7.4904e+10     8.6074    19    18     1.7838
   20  7.3355e+10     8.6511    20    19     1.8669
   21  7.1472e+10     8.7057    21    20     1.9496
   22  6.8934e+10     8.7821    22    21     2.0321
   23  6.8700e+10     8.7893    23    22     2.1143
   24  6.8392e+10     8.7988    24    23     2.1963
   25  6.6806e+10     8.8487    25    24     2.2781
   26  6.3590e+10     8.9542    26    25     2.3597
   27  3.5711e+10    10.2569    27    26     2.4411
   28  3.5675e+10    10.2593    28    27     2.5223
   29  3.5187e+10    10.2920    29    28     2.6034
   30  3.4805e+10    10.3179    30    29     2.6844
   31  3.3612e+10    10.4011    31    30     2.7652
   32  3.2235e+10    10.5016    32    31     2.8459
   33  3.2198e+10    10.5043    33    32     2.9266
   34  3.1284e+10    10.5739    34    33     3.0071
   35  2.9152e+10    10.7458    35    34     3.0876
   36  2.2660e+10    11.3758    36    35     3.1680
   37  2.1528e+10    11.5070    37    36     3.2483
   38  2.1274e+10    11.5377    38    37     3.3285
   39  1.9907e+10    11.7098    39    38     3.4087
   40  1.9011e+10    11.8303    40    39     3.4889
   41  1.6808e+10    12.1567    41    40     3.5689
   42  1.6312e+10    12.2370    42    41     3.6490
   43  1.5958e+10    12.2962    43    42     3.7290
   44  1.5810e+10    12.3213    44    43     3.8089
   45  1.5280e+10    12.4137    45    44     3.8889
   46  1.5167e+10    12.4339    46    45     3.9688
   47  1.5156e+10    12.4359    47    46     4.0486
   48  1.5133e+10    12.4399    48    47     4.1285
   49  1.4052e+10    12.6427    49    48     4.2083
   50  1.4027e+10    12.6476    50    49     4.2881
   51  1.3423e+10    12.7694    51    50     4.3678
   52  9.7916e+09    13.6654    52    51     4.4476
   53  8.7488e+09    13.9959    53    52     4.5273
   54  8.7173e+09    14.0065    54    53     4.6070
   55  8.6675e+09    14.0235    55    54     4.6867
   56  8.0179e+09    14.2557    56    55     4.7664
   57  7.8924e+09    14.3031    57    56     4.8460
   58  7.6629e+09    14.3920    58    57     4.9257
   59  7.6175e+09    14.4100    59    58     5.0053
   60  6.7226e+09    14.7912    60    59     5.0849
   61  6.6660e+09    14.8172    61    60     5.1646
   62  6.5241e+09    14.8837    62    61     5.2442
   63  6.0464e+09    15.1201    63    62     5.3238
   64  6.0428e+09    15.1220    64    63     5.4033
   65  6.0078e+09    15.1402    65    64     5.4829
   66  5.9672e+09    15.1614    66    65     5.5625
   67  5.9131e+09    15.1900    67    66     5.6421
   68  5.8446e+09    15.2266    68    67     5.7216
   69  5.7548e+09    15.2753    69    68     5.8012
   70  5.7382e+09    15.2844    70    69     5.8807
   71  5.6697e+09    15.3223    71    70     5.9602
   72  5.6421e+09    15.3377    72    71     6.0398
   73  5.3979e+09    15.4779    73    72     6.1193
   74  5.3445e+09    15.5095    74    73     6.1988
   75  5.3196e+09    15.5244    75    74     6.2783
   76  4.9690e+09    15.7427    76    75     6.3579
   77  2.9284e+09    17.5106    77    76     6.4374
   78  2.9218e+09    17.5184    78    77     6.5169
   79  2.8485e+09    17.6069    79    78     6.5964
   80  2.8349e+09    17.6235    80    79     6.6759
   81  2.7745e+09    17.6987    81    80     6.7554
   82  2.7549e+09    17.7235    82    81     6.8349
   83  2.7234e+09    17.7638    83    82     6.9143
   84  2.5353e+09    18.0160    84    83     6.9938
   85  2.5315e+09    18.0213    85    84     7.0733
   86  2.3682e+09    18.2585    86    85     7.1528
   87  2.3085e+09    18.3499    87    86     7.2323
   88  2.2339e+09    18.4681    88    87     7.3117
   89  2.1981e+09    18.5263    89    88     7.3912
   90  2.1910e+09    18.5380    90    89     7.4707
   91  2.1126e+09    18.6700    91    90     7.5502
   92  2.1041e+09    18.6846    92    91     7.6296
   93  2.1014e+09    18.6893    93    92     7.7091
   94  2.0954e+09    18.6997    94    93     7.7885
   95  2.0882e+09    18.7123    95    94     7.8680
   96  2.0796e+09    18.7273    96    95     7.9475
   97  2.0713e+09    18.7418    97    96     8.0269
   98  2.0707e+09    18.7429    98    97     8.1064
   99  2.0641e+09    18.7545    99    98     8.1858
  100  2.0336e+09    18.8087   100    99     8.2653
