#indx Mass S step-number desc_indx 
    0  3.1600e+11     5.9621     0    -1     0.0134
    1  3.1182e+11     5.9834     1     0     0.1326
    2  3.0586e+11     6.0145     2     1     0.2441
    3  2.9078e+11     6.0963     3     2     0.3500
    4  2.6841e+11     6.2275     4     3     0.4519
    5  2.5188e+11     6.3331     5     4     0.5506
    6  2.5117e+11     6.3378     6     5     0.6467
    7  2.0564e+11     6.6788     7     6     0.7407
    8  1.4983e+11     7.2457     8     7     0.8330
    9  1.1584e+11     7.7313     9     8     0.9238
   10  1.1257e+11     7.7868    10     9     1.0134
   11  1.0847e+11     7.8590    11    10     1.1018
   12  1.0635e+11     7.8978    12    11     1.1894
   13  1.0615e+11     7.9014    13    12     1.2761
   14  1.0546e+11     7.9142    14    13     1.3621
   15  1.0076e+11     8.0042    15    14     1.4474
   16  9.8733e+10     8.0445    16    15     1.5322
   17  9.2481e+10     8.1753    17    16     1.6165
   18  9.0337e+10     8.2226    18    17     1.7003
   19  8.9710e+10     8.2367    19    18     1.7838
   20  8.9394e+10     8.2438    20    19     1.8669
   21  8.7824e+10     8.2797    21    20     1.9496
   22  8.7514e+10     8.2869    22    21     2.0321
   23  8.7149e+10     8.2954    23    22     2.1143
   24  8.3844e+10     8.3743    24    23     2.1963
   25  7.6682e+10     8.5585    25    24     2.2781
   26  7.5922e+10     8.5792    26    25     2.3597
   27  7.4619e+10     8.6153    27    26     2.4411
   28  7.3822e+10     8.6378    28    27     2.5223
   29  7.2744e+10     8.6686    29    28     2.6034
   30  7.1240e+10     8.7126    30    29     2.6844
   31  7.0811e+10     8.7253    31    30     2.7652
   32  7.0034e+10     8.7486    32    31     2.8459
   33  6.6960e+10     8.8438    33    32     2.9266
   34  6.6831e+10     8.8479    34    33     3.0071
   35  6.6580e+10     8.8559    35    34     3.0876
   36  5.8252e+10     9.1440    36    35     3.1680
   37  5.8156e+10     9.1476    37    36     3.2483
   38  5.6849e+10     9.1973    38    37     3.3285
   39  5.6484e+10     9.2114    39    38     3.4087
   40  5.6283e+10     9.2192    40    39     3.4889
   41  5.5696e+10     9.2423    41    40     3.5689
   42  5.4904e+10     9.2738    42    41     3.6490
   43  5.4887e+10     9.2744    43    42     3.7290
   44  5.4695e+10     9.2822    44    43     3.8089
   45  5.2232e+10     9.3842    45    44     3.8889
   46  3.6338e+10    10.2157    46    45     3.9688
   47  3.5470e+10    10.2729    47    46     4.0486
   48  3.5147e+10    10.2946    48    47     4.1285
   49  3.4700e+10    10.3251    49    48     4.2083
   50  3.4461e+10    10.3415    50    49     4.2881
   51  3.4375e+10    10.3475    51    50     4.3678
   52  3.0747e+10    10.6159    52    51     4.4476
   53  3.0235e+10    10.6567    53    52     4.5273
   54  3.0071e+10    10.6700    54    53     4.6070
   55  2.3360e+10    11.2983    55    54     4.6867
   56  2.3215e+10    11.3142    56    55     4.7664
   57  2.3176e+10    11.3184    57    56     4.8460
   58  2.2832e+10    11.3565    58    57     4.9257
   59  2.2359e+10    11.4100    59    58     5.0053
   60  2.2260e+10    11.4213    60    59     5.0849
   61  2.1435e+10    11.5182    61    60     5.1646
   62  2.0957e+10    11.5764    62    61     5.2442
   63  2.0793e+10    11.5967    63    62     5.3238
   64  2.0781e+10    11.5982    64    63     5.4033
   65  2.0712e+10    11.6068    65    64     5.4829
   66  1.9916e+10    11.7087    66    65     5.5625
   67  1.9398e+10    11.7774    67    66     5.6421
   68  1.8372e+10    11.9202    68    67     5.7216
   69  1.7773e+10    12.0079    69    68     5.8012
   70  1.6891e+10    12.1436    70    69     5.8807
   71  1.4243e+10    12.6057    71    70     5.9602
   72  1.4235e+10    12.6072    72    71     6.0398
   73  1.3498e+10    12.7538    73    72     6.1193
   74  1.3473e+10    12.7590    74    73     6.1988
   75  1.3319e+10    12.7908    75    74     6.2783
   76  1.3293e+10    12.7963    76    75     6.3579
   77  1.3258e+10    12.8037    77    76     6.4374
   78  1.3096e+10    12.8377    78    77     6.5169
   79  1.3005e+10    12.8572    79    78     6.5964
   80  1.2987e+10    12.8611    80    79     6.6759
   81  1.2932e+10    12.8728    81    80     6.7554
   82  1.2788e+10    12.9042    82    81     6.8349
   83  7.8156e+09    14.3326    83    82     6.9143
   84  7.5504e+09    14.4367    84    83     6.9938
   85  7.5172e+09    14.4501    85    84     7.0733
   86  7.4298e+09    14.4855    86    85     7.1528
   87  7.4108e+09    14.4933    87    86     7.2323
   88  5.5854e+09    15.3696    88    87     7.3117
   89  5.5434e+09    15.3935    89    88     7.3912
   90  5.2168e+09    15.5867    90    89     7.4707
   91  5.1693e+09    15.6159    91    90     7.5502
   92  5.1672e+09    15.6172    92    91     7.6296
   93  4.9422e+09    15.7602    93    92     7.7091
   94  3.5765e+09    16.8265    94    93     7.7885
   95  3.5724e+09    16.8304    95    94     7.8680
   96  3.4842e+09    16.9148    96    95     7.9475
   97  3.4786e+09    16.9203    97    96     8.0269
   98  3.4701e+09    16.9286    98    97     8.1064
   99  3.3460e+09    17.0524    99    98     8.1858
  100  3.1876e+09    17.2180   100    99     8.2653
