#indx Mass S step-number desc_indx 
    0  3.1600e+11     5.9621     0    -1     0.0134
    1  3.0640e+11     6.0117     1     0     0.1326
    2  2.9598e+11     6.0675     2     1     0.2441
    3  2.7201e+11     6.2055     3     2     0.3500
    4  2.0713e+11     6.6663     4     3     0.4519
    5  2.0095e+11     6.7190     5     4     0.5506
    6  1.6256e+11     7.0965     6     5     0.6467
    7  1.5545e+11     7.1780     7     6     0.7407
    8  1.5528e+11     7.1800     8     7     0.8330
    9  1.5507e+11     7.1824     9     8     0.9238
   10  1.3446e+11     7.4472    10     9     1.0134
   11  1.2558e+11     7.5764    11    10     1.1018
   12  1.2091e+11     7.6489    12    11     1.1894
   13  1.1678e+11     7.7157    13    12     1.2761
   14  1.0619e+11     7.9007    14    13     1.3621
   15  1.0528e+11     7.9176    15    14     1.4474
   16  9.6519e+10     8.0897    16    15     1.5322
   17  9.4109e+10     8.1403    17    16     1.6165
   18  8.9870e+10     8.2331    18    17     1.7003
   19  8.8835e+10     8.2565    19    18     1.7838
   20  8.7388e+10     8.2898    20    19     1.8669
   21  6.4353e+10     8.9286    21    20     1.9496
   22  6.4129e+10     8.9361    22    21     2.0321
   23  6.4021e+10     8.9397    23    22     2.1143
   24  6.3696e+10     8.9506    24    23     2.1963
   25  6.1468e+10     9.0273    25    24     2.2781
   26  6.0843e+10     9.0494    26    25     2.3597
   27  6.0063e+10     9.0774    27    26     2.4411
   28  5.9614e+10     9.0937    28    27     2.5223
   29  5.9194e+10     9.1090    29    28     2.6034
   30  5.2595e+10     9.3688    30    29     2.6844
   31  5.1830e+10     9.4013    31    30     2.7652
   32  4.9430e+10     9.5073    32    31     2.8459
   33  4.7309e+10     9.6060    33    32     2.9266
   34  4.7046e+10     9.6186    34    33     3.0071
   35  4.6893e+10     9.6260    35    34     3.0876
   36  4.6485e+10     9.6458    36    35     3.1680
   37  4.6436e+10     9.6482    37    36     3.2483
   38  4.5969e+10     9.6711    38    37     3.3285
   39  4.5040e+10     9.7176    39    38     3.4087
   40  4.4803e+10     9.7296    40    39     3.4889
   41  4.4121e+10     9.7646    41    40     3.5689
   42  3.6136e+10    10.2289    42    41     3.6490
   43  3.5968e+10    10.2399    43    42     3.7290
   44  3.5950e+10    10.2411    44    43     3.8089
   45  3.5858e+10    10.2472    45    44     3.8889
   46  1.9181e+10    11.8069    46    45     3.9688
   47  1.8883e+10    11.8480    47    46     4.0486
   48  1.8744e+10    11.8673    48    47     4.1285
   49  1.8222e+10    11.9419    49    48     4.2083
   50  1.8101e+10    11.9595    50    49     4.2881
   51  1.7166e+10    12.1004    51    50     4.3678
   52  1.7148e+10    12.1032    52    51     4.4476
   53  1.6650e+10    12.1820    53    52     4.5273
   54  1.6608e+10    12.1887    54    53     4.6070
   55  1.5483e+10    12.3779    55    54     4.6867
   56  1.4873e+10    12.4871    56    55     4.7664
   57  1.4670e+10    12.5246    57    56     4.8460
   58  1.4534e+10    12.5503    58    57     4.9257
   59  1.4328e+10    12.5893    59    58     5.0053
   60  1.3874e+10    12.6778    60    59     5.0849
   61  1.3818e+10    12.6891    61    60     5.1646
   62  1.3792e+10    12.6942    62    61     5.2442
   63  1.3670e+10    12.7188    63    62     5.3238
   64  1.3183e+10    12.8194    64    63     5.4033
   65  1.3149e+10    12.8265    65    64     5.4829
   66  1.3019e+10    12.8542    66    65     5.5625
   67  1.2491e+10    12.9699    67    66     5.6421
   68  1.1553e+10    13.1901    68    67     5.7216
   69  1.1423e+10    13.2221    69    68     5.8012
   70  1.0878e+10    13.3616    70    69     5.8807
   71  1.0809e+10    13.3798    71    70     5.9602
   72  4.5637e+09    16.0183    72    71     6.0398
   73  4.4880e+09    16.0728    73    72     6.1193
   74  4.4779e+09    16.0802    74    73     6.1988
   75  4.3023e+09    16.2113    75    74     6.2783
   76  4.1761e+09    16.3093    76    75     6.3579
   77  4.1706e+09    16.3137    77    76     6.4374
   78  3.9244e+09    16.5154    78    77     6.5169
   79  3.9234e+09    16.5162    79    78     6.5964
   80  3.8751e+09    16.5575    80    79     6.6759
   81  3.6395e+09    16.7677    81    80     6.7554
   82  3.1079e+09    17.3051    82    81     6.8349
   83  3.1072e+09    17.3058    83    82     6.9143
   84  3.1003e+09    17.3135    84    83     6.9938
   85  3.0704e+09    17.3468    85    84     7.0733
   86  2.5352e+09    18.0161    86    85     7.1528
   87  2.5319e+09    18.0206    87    86     7.2323
   88  2.2519e+09    18.4392    88    87     7.3117
   89  2.2252e+09    18.4821    89    88     7.3912
   90  1.9082e+09    19.0420    90    89     7.4707
   91  1.9017e+09    19.0545    91    90     7.5502
   92  1.8951e+09    19.0674    92    91     7.6296
   93  1.8757e+09    19.1054    93    92     7.7091
   94  1.8752e+09    19.1064    94    93     7.7885
   95  9.6821e+08    21.6573    95    94     7.8680
   96  9.6259e+08    21.6808    96    95     7.9475
   97  9.4840e+08    21.7407    97    96     8.0269
   98  9.4706e+08    21.7464    98    97     8.1064
   99  9.2916e+08    21.8237    99    98     8.1858
  100  9.2804e+08    21.8285   100    99     8.2653
