#indx Mass S step-number desc_indx 
    0  3.1600e+11     5.9621     0    -1     0.0134
    1  2.7920e+11     6.1626     1     0     0.1326
    2  2.7883e+11     6.1648     2     1     0.2441
    3  2.5215e+11     6.3313     3     2     0.3500
    4  2.5060e+11     6.3416     4     3     0.4519
    5  2.4741e+11     6.3631     5     4     0.5506
    6  2.4260e+11     6.3961     6     5     0.6467
    7  2.3686e+11     6.4365     7     6     0.7407
    8  2.2414e+11     6.5304     8     7     0.8330
    9  2.1712e+11     6.5849     9     8     0.9238
   10  2.1621e+11     6.5922    10     9     1.0134
   11  2.1108e+11     6.6335    11    10     1.1018
   12  2.0919e+11     6.6491    12    11     1.1894
   13  2.0442e+11     6.6892    13    12     1.2761
   14  1.9431e+11     6.7778    14    13     1.3621
   15  1.9282e+11     6.7913    15    14     1.4474
   16  1.9183e+11     6.8004    16    15     1.5322
   17  1.8835e+11     6.8327    17    16     1.6165
   18  1.7340e+11     6.9799    18    17     1.7003
   19  1.7243e+11     6.9900    19    18     1.7838
   20  1.7073e+11     7.0078    20    19     1.8669
   21  1.6874e+11     7.0289    21    20     1.9496
   22  1.6847e+11     7.0319    22    21     2.0321
   23  1.6743e+11     7.0430    23    22     2.1143
   24  1.6306e+11     7.0909    24    23     2.1963
   25  1.6202e+11     7.1025    25    24     2.2781
   26  1.4975e+11     7.2467    26    25     2.3597
   27  1.4840e+11     7.2633    27    26     2.4411
   28  1.3081e+11     7.4991    28    27     2.5223
   29  1.2916e+11     7.5231    29    28     2.6034
   30  1.1746e+11     7.7045    30    29     2.6844
   31  1.1596e+11     7.7292    31    30     2.7652
   32  1.0930e+11     7.8441    32    31     2.8459
   33  1.0725e+11     7.8812    33    32     2.9266
   34  1.0285e+11     7.9636    34    33     3.0071
   35  1.0215e+11     7.9771    35    34     3.0876
   36  1.0186e+11     7.9827    36    35     3.1680
   37  9.6891e+10     8.0820    37    36     3.2483
   38  9.5614e+10     8.1085    38    37     3.3285
   39  9.5030e+10     8.1208    39    38     3.4087
   40  9.4932e+10     8.1228    40    39     3.4889
   41  9.4295e+10     8.1363    41    40     3.5689
   42  6.6636e+10     8.8541    42    41     3.6490
   43  6.6508e+10     8.8582    43    42     3.7290
   44  6.6486e+10     8.8589    44    43     3.8089
   45  6.5402e+10     8.8940    45    44     3.8889
   46  6.5023e+10     8.9064    46    45     3.9688
   47  6.3870e+10     8.9448    47    46     4.0486
   48  5.8459e+10     9.1363    48    47     4.1285
   49  5.8397e+10     9.1386    49    48     4.2083
   50  5.2353e+10     9.3790    50    49     4.2881
   51  4.9791e+10     9.4909    51    50     4.3678
   52  3.2942e+10    10.4494    52    51     4.4476
   53  2.5621e+10    11.0655    53    52     4.5273
   54  2.5563e+10    11.0712    54    53     4.6070
   55  2.5466e+10    11.0807    55    54     4.6867
   56  2.5036e+10    11.1234    56    55     4.7664
   57  2.4453e+10    11.1827    57    56     4.8460
   58  2.3903e+10    11.2401    58    57     4.9257
   59  2.2918e+10    11.3469    59    58     5.0053
   60  2.1865e+10    11.4672    60    59     5.0849
   61  2.1718e+10    11.4845    61    60     5.1646
   62  2.1683e+10    11.4886    62    61     5.2442
   63  2.1413e+10    11.5208    63    62     5.3238
   64  2.1395e+10    11.5230    64    63     5.4033
   65  2.1388e+10    11.5239    65    64     5.4829
   66  2.1275e+10    11.5375    66    65     5.5625
   67  2.0615e+10    11.6191    67    66     5.6421
   68  2.0324e+10    11.6559    68    67     5.7216
   69  1.9422e+10    11.7742    69    68     5.8012
   70  1.7939e+10    11.9833    70    69     5.8807
   71  1.7921e+10    11.9859    71    70     5.9602
   72  1.7918e+10    11.9863    72    71     6.0398
   73  1.7910e+10    11.9876    73    72     6.1193
   74  1.7786e+10    12.0060    74    73     6.1988
   75  1.7428e+10    12.0600    75    74     6.2783
   76  1.7221e+10    12.0919    76    75     6.3579
   77  1.6216e+10    12.2528    77    76     6.4374
   78  1.6201e+10    12.2554    78    77     6.5169
   79  1.5919e+10    12.3028    79    78     6.5964
   80  1.5853e+10    12.3140    80    79     6.6759
   81  1.4952e+10    12.4728    81    80     6.7554
   82  1.0455e+10    13.4756    82    81     6.8349
   83  9.2637e+09    13.8273    83    82     6.9143
   84  9.1512e+09    13.8632    84    83     6.9938
   85  9.0501e+09    13.8959    85    84     7.0733
   86  9.0318e+09    13.9019    86    85     7.1528
   87  8.8043e+09    13.9771    87    86     7.2323
   88  8.7701e+09    13.9886    88    87     7.3117
   89  8.7382e+09    13.9994    89    88     7.3912
   90  8.7262e+09    14.0035    90    89     7.4707
   91  8.4423e+09    14.1017    91    90     7.5502
   92  8.4191e+09    14.1099    92    91     7.6296
   93  8.3986e+09    14.1172    93    92     7.7091
   94  8.2943e+09    14.1544    94    93     7.7885
   95  8.2849e+09    14.1578    95    94     7.8680
   96  7.7370e+09    14.3630    96    95     7.9475
   97  7.7266e+09    14.3671    97    96     8.0269
   98  7.7046e+09    14.3756    98    97     8.1064
   99  7.5968e+09    14.4182    99    98     8.1858
  100  7.5465e+09    14.4383   100    99     8.2653
