#indx Mass S step-number desc_indx 
    0  3.1600e+11     5.9621     0    -1     0.0134
    1  3.1488e+11     5.9678     1     0     0.1326
    2  3.1345e+11     5.9751     2     1     0.2441
    3  3.0518e+11     6.0181     3     2     0.3500
    4  2.9595e+11     6.0677     4     3     0.4519
    5  2.7970e+11     6.1597     5     4     0.5506
    6  2.7898e+11     6.1639     6     5     0.6467
    7  2.5611e+11     6.3053     7     6     0.7407
    8  2.5071e+11     6.3409     8     7     0.8330
    9  2.4973e+11     6.3474     9     8     0.9238
   10  2.1061e+11     6.6374    10     9     1.0134
   11  2.0959e+11     6.6458    11    10     1.1018
   12  2.0173e+11     6.7122    12    11     1.1894
   13  1.6937e+11     7.0222    13    12     1.2761
   14  1.5795e+11     7.1488    14    13     1.3621
   15  1.2625e+11     7.5664    15    14     1.4474
   16  1.2249e+11     7.6240    16    15     1.5322
   17  1.2043e+11     7.6565    17    16     1.6165
   18  1.2029e+11     7.6588    18    17     1.7003
   19  1.1814e+11     7.6933    19    18     1.7838
   20  1.1571e+11     7.7334    20    19     1.8669
   21  1.1515e+11     7.7429    21    20     1.9496
   22  1.0360e+11     7.9492    22    21     2.0321
   23  9.8921e+10     8.0407    23    22     2.1143
   24  9.8865e+10     8.0418    24    23     2.1963
   25  9.6269e+10     8.0948    25    24     2.2781
   26  9.5789e+10     8.1048    26    25     2.3597
   27  9.2017e+10     8.1854    27    26     2.4411
   28  8.6874e+10     8.3018    28    27     2.5223
   29  8.5734e+10     8.3287    29    28     2.6034
   30  8.4983e+10     8.3467    30    29     2.6844
   31  8.4175e+10     8.3662    31    30     2.7652
   32  8.3658e+10     8.3788    32    31     2.8459
   33  8.3264e+10     8.3885    33    32     2.9266
   34  8.3140e+10     8.3916    34    33     3.0071
   35  8.2651e+10     8.4036    35    34     3.0876
   36  8.1116e+10     8.4422    36    35     3.1680
   37  7.6108e+10     8.5741    37    36     3.2483
   38  7.3457e+10     8.6482    38    37     3.3285
   39  7.3277e+10     8.6533    39    38     3.4087
   40  7.2366e+10     8.6796    40    39     3.4889
   41  6.8621e+10     8.7917    41    40     3.5689
   42  4.7627e+10     9.5909    42    41     3.6490
   43  4.7458e+10     9.5989    43    42     3.7290
   44  4.6260e+10     9.6568    44    43     3.8089
   45  2.5654e+10    11.0622    45    44     3.8889
   46  2.5262e+10    11.1008    46    45     3.9688
   47  2.5083e+10    11.1187    47    46     4.0486
   48  2.4892e+10    11.1378    48    47     4.1285
   49  2.0938e+10    11.5788    49    48     4.2083
   50  2.0365e+10    11.6506    50    49     4.2881
   51  2.0108e+10    11.6837    51    50     4.3678
   52  1.9965e+10    11.7022    52    51     4.4476
   53  1.9095e+10    11.8186    53    52     4.5273
   54  1.9064e+10    11.8229    54    53     4.6070
   55  1.8319e+10    11.9278    55    54     4.6867
   56  1.8313e+10    11.9286    56    55     4.7664
   57  1.8175e+10    11.9487    57    56     4.8460
   58  1.7758e+10    12.0101    58    57     4.9257
   59  1.7687e+10    12.0207    59    58     5.0053
   60  1.7012e+10    12.1244    60    59     5.0849
   61  1.3720e+10    12.7088    61    60     5.1646
   62  1.2816e+10    12.8981    62    61     5.2442
   63  1.2757e+10    12.9110    63    62     5.3238
   64  5.7303e+09    15.2887    64    63     5.4033
   65  5.6532e+09    15.3315    65    64     5.4829
   66  5.3189e+09    15.5248    66    65     5.5625
   67  5.3068e+09    15.5321    67    66     5.6421
   68  5.2646e+09    15.5576    68    67     5.7216
   69  5.2493e+09    15.5669    69    68     5.8012
   70  5.2211e+09    15.5841    70    69     5.8807
   71  5.2159e+09    15.5872    71    70     5.9602
   72  5.1963e+09    15.5993    72    71     6.0398
   73  5.1846e+09    15.6065    73    72     6.1193
   74  5.1808e+09    15.6088    74    73     6.1988
   75  5.1222e+09    15.6452    75    74     6.2783
   76  5.0878e+09    15.6668    76    75     6.3579
   77  5.0868e+09    15.6675    77    76     6.4374
   78  4.1777e+09    16.3081    78    77     6.5169
   79  4.1701e+09    16.3141    79    78     6.5964
   80  4.1675e+09    16.3162    80    79     6.6759
   81  3.9128e+09    16.5253    81    80     6.7554
   82  3.8675e+09    16.5640    82    81     6.8349
   83  3.8474e+09    16.5814    83    82     6.9143
   84  3.8350e+09    16.5922    84    83     6.9938
   85  3.7212e+09    16.6931    85    84     7.0733
   86  3.7200e+09    16.6941    86    85     7.1528
   87  3.3910e+09    17.0069    87    86     7.2323
   88  3.2855e+09    17.1145    88    87     7.3117
   89  3.1947e+09    17.2105    89    88     7.3912
   90  3.1894e+09    17.2161    90    89     7.4707
   91  3.1396e+09    17.2701    91    90     7.5502
   92  2.9536e+09    17.4809    92    91     7.6296
   93  2.9287e+09    17.5103    93    92     7.7091
   94  2.8990e+09    17.5457    94    93     7.7885
   95  2.8935e+09    17.5522    95    94     7.8680
   96  2.8891e+09    17.5576    96    95     7.9475
   97  2.8829e+09    17.5651    97    96     8.0269
   98  2.8712e+09    17.5792    98    97     8.1064
   99  1.1113e+09    21.1067    99    98     8.1858
  100  1.0911e+09    21.1794   100    99     8.2653
