#indx Mass S step-number desc_indx 
    0  3.1600e+11     5.9621     0    -1     0.0134
    1  3.0326e+11     6.0282     1     0     0.1326
    2  2.9468e+11     6.0747     2     1     0.2441
    3  2.9369e+11     6.0801     3     2     0.3500
    4  2.7426e+11     6.1919     4     3     0.4519
    5  2.3439e+11     6.4543     5     4     0.5506
    6  2.1451e+11     6.6058     6     5     0.6467
    7  2.1060e+11     6.6375     7     6     0.7407
    8  2.0947e+11     6.6468     8     7     0.8330
    9  1.8662e+11     6.8490     9     8     0.9238
   10  1.8530e+11     6.8616    10     9     1.0134
   11  1.4638e+11     7.2887    11    10     1.1018
   12  1.4263e+11     7.3368    12    11     1.1894
   13  1.4027e+11     7.3679    13    12     1.2761
   14  1.3535e+11     7.4347    14    13     1.3621
   15  1.3504e+11     7.4390    15    14     1.4474
   16  1.3394e+11     7.4544    16    15     1.5322
   17  1.3356e+11     7.4598    17    16     1.6165
   18  1.3250e+11     7.4749    18    17     1.7003
   19  1.3232e+11     7.4774    19    18     1.7838
   20  1.2608e+11     7.5688    20    19     1.8669
   21  1.2577e+11     7.5735    21    20     1.9496
   22  1.2387e+11     7.6025    22    21     2.0321
   23  1.2299e+11     7.6161    23    22     2.1143
   24  1.1796e+11     7.6964    24    23     2.1963
   25  1.1792e+11     7.6970    25    24     2.2781
   26  1.1581e+11     7.7317    26    25     2.3597
   27  1.1527e+11     7.7408    27    26     2.4411
   28  1.0392e+11     7.9432    28    27     2.5223
   29  1.0339e+11     7.9532    29    28     2.6034
   30  1.0254e+11     7.9695    30    29     2.6844
   31  1.0001e+11     8.0189    31    30     2.7652
   32  9.6245e+10     8.0954    32    31     2.8459
   33  9.2847e+10     8.1674    33    32     2.9266
   34  9.1463e+10     8.1976    34    33     3.0071
   35  9.0806e+10     8.2121    35    34     3.0876
   36  9.0603e+10     8.2167    36    35     3.1680
   37  7.2988e+10     8.6616    37    36     3.2483
   38  7.2505e+10     8.6755    38    37     3.3285
   39  7.1613e+10     8.7016    39    38     3.4087
   40  7.0449e+10     8.7361    40    39     3.4889
   41  4.2741e+10     9.8374    41    40     3.5689
   42  4.2715e+10     9.8389    42    41     3.6490
   43  4.2021e+10     9.8766    43    42     3.7290
   44  3.2138e+10    10.5088    44    43     3.8089
   45  3.0935e+10    10.6011    45    44     3.8889
   46  1.0429e+10    13.4826    46    45     3.9688
   47  1.0023e+10    13.5975    47    46     4.0486
   48  9.1138e+09    13.8752    48    47     4.1285
   49  9.0937e+09    13.8817    49    48     4.2083
   50  8.6857e+09    14.0173    50    49     4.2881
   51  8.5930e+09    14.0491    51    50     4.3678
   52  5.6797e+09    15.3167    52    51     4.4476
   53  5.6640e+09    15.3255    53    52     4.5273
   54  5.6525e+09    15.3319    54    53     4.6070
   55  5.5453e+09    15.3924    55    54     4.6867
   56  5.1344e+09    15.6376    56    55     4.7664
   57  4.3419e+09    16.1812    57    56     4.8460
   58  4.3300e+09    16.1902    58    57     4.9257
   59  4.3091e+09    16.2061    59    58     5.0053
   60  4.3086e+09    16.2064    60    59     5.0849
   61  4.3068e+09    16.2078    61    60     5.1646
   62  4.2338e+09    16.2640    62    61     5.2442
   63  3.9307e+09    16.5100    63    62     5.3238
   64  3.9039e+09    16.5328    64    63     5.4033
   65  3.8818e+09    16.5518    65    64     5.4829
   66  2.9353e+09    17.5025    66    65     5.5625
   67  2.9208e+09    17.5197    67    66     5.6421
   68  2.9080e+09    17.5349    68    67     5.7216
   69  2.7064e+09    17.7858    69    68     5.8012
   70  2.5139e+09    18.0459    70    69     5.8807
   71  2.3872e+09    18.2300    71    70     5.9602
   72  2.3804e+09    18.2402    72    71     6.0398
   73  2.3603e+09    18.2704    73    72     6.1193
   74  2.3581e+09    18.2737    74    73     6.1988
   75  2.3395e+09    18.3022    75    74     6.2783
   76  2.3294e+09    18.3177    76    75     6.3579
   77  2.2985e+09    18.3656    77    76     6.4374
   78  2.2948e+09    18.3712    78    77     6.5169
   79  2.2699e+09    18.4105    79    78     6.5964
   80  2.2430e+09    18.4534    80    79     6.6759
   81  2.0462e+09    18.7862    81    80     6.7554
   82  2.0236e+09    18.8267    82    81     6.8349
   83  2.0014e+09    18.8670    83    82     6.9143
   84  1.9969e+09    18.8752    84    83     6.9938
   85  1.9814e+09    18.9039    85    84     7.0733
   86  1.9537e+09    18.9554    86    85     7.1528
   87  1.9528e+09    18.9572    87    86     7.2323
   88  1.9390e+09    18.9833    88    87     7.3117
   89  1.9245e+09    19.0107    89    88     7.3912
   90  1.8957e+09    19.0662    90    89     7.4707
   91  1.7642e+09    19.3325    91    90     7.5502
   92  1.7586e+09    19.3442    92    91     7.6296
   93  1.7068e+09    19.4559    93    92     7.7091
   94  1.7036e+09    19.4628    94    93     7.7885
   95  1.6957e+09    19.4803    95    94     7.8680
   96  1.3781e+09    20.2671    96    95     7.9475
   97  1.3557e+09    20.3304    97    96     8.0269
   98  1.3449e+09    20.3611    98    97     8.1064
   99  1.3029e+09    20.4839    99    98     8.1858
  100  1.2980e+09    20.4984   100    99     8.2653
