#indx Mass S step-number desc_indx 
    0  3.1600e+11     5.9621     0    -1     0.0134
    1  2.7126e+11     6.2101     1     0     0.1326
    2  2.7045e+11     6.2150     2     1     0.2441
    3  2.6930e+11     6.2220     3     2     0.3500
    4  2.6345e+11     6.2584     4     3     0.4519
    5  2.5258e+11     6.3284     5     4     0.5506
    6  2.5157e+11     6.3351     6     5     0.6467
    7  2.4310e+11     6.3926     7     6     0.7407
    8  2.4107e+11     6.4068     8     7     0.8330
    9  2.0025e+11     6.7251     9     8     0.9238
   10  1.9796e+11     6.7452    10     9     1.0134
   11  1.9525e+11     6.7693    11    10     1.1018
   12  1.8041e+11     6.9091    12    11     1.1894
   13  1.7925e+11     6.9206    13    12     1.2761
   14  1.7815e+11     6.9316    14    13     1.3621
   15  1.6766e+11     7.0405    15    14     1.4474
   16  1.3958e+11     7.3772    16    15     1.5322
   17  1.3761e+11     7.4037    17    16     1.6165
   18  1.3700e+11     7.4120    18    17     1.7003
   19  1.2770e+11     7.5447    19    18     1.7838
   20  1.2404e+11     7.6000    20    19     1.8669
   21  1.0442e+11     7.9337    21    20     1.9496
   22  8.9504e+10     8.2413    22    21     2.0321
   23  8.8623e+10     8.2614    23    22     2.1143
   24  7.7686e+10     8.5315    24    23     2.1963
   25  6.9820e+10     8.7550    25    24     2.2781
   26  6.9717e+10     8.7582    26    25     2.3597
   27  6.9529e+10     8.7639    27    26     2.4411
   28  6.5080e+10     8.9045    28    27     2.5223
   29  4.6824e+10     9.6293    29    28     2.6034
   30  4.6793e+10     9.6308    30    29     2.6844
   31  4.5811e+10     9.6789    31    30     2.7652
   32  4.5298e+10     9.7045    32    31     2.8459
   33  4.4161e+10     9.7625    33    32     2.9266
   34  4.3115e+10     9.8175    34    33     3.0071
   35  4.2853e+10     9.8315    35    34     3.0876
   36  4.2780e+10     9.8353    36    35     3.1680
   37  4.1377e+10     9.9123    37    36     3.2483
   38  4.1365e+10     9.9129    38    37     3.3285
   39  4.1360e+10     9.9132    39    38     3.4087
   40  4.0623e+10     9.9548    40    39     3.4889
   41  3.6929e+10    10.1776    41    40     3.5689
   42  3.6850e+10    10.1827    42    41     3.6490
   43  3.6833e+10    10.1838    43    42     3.7290
   44  3.5232e+10    10.2889    44    43     3.8089
   45  3.5146e+10    10.2947    45    44     3.8889
   46  3.4461e+10    10.3416    46    45     3.9688
   47  3.4382e+10    10.3470    47    46     4.0486
   48  2.7352e+10    10.9027    48    47     4.1285
   49  2.7014e+10    10.9336    49    48     4.2083
   50  2.6975e+10    10.9371    50    49     4.2881
   51  2.6899e+10    10.9442    51    50     4.3678
   52  2.6789e+10    10.9543    52    51     4.4476
   53  2.4457e+10    11.1823    53    52     4.5273
   54  2.4422e+10    11.1858    54    53     4.6070
   55  2.4127e+10    11.2165    55    54     4.6867
   56  2.4097e+10    11.2196    56    55     4.7664
   57  2.1884e+10    11.4650    57    56     4.8460
   58  2.1736e+10    11.4824    58    57     4.9257
   59  2.1023e+10    11.5683    59    58     5.0053
   60  2.0795e+10    11.5965    60    59     5.0849
   61  2.0150e+10    11.6782    61    60     5.1646
   62  1.9866e+10    11.7151    62    61     5.2442
   63  1.9812e+10    11.7223    63    62     5.3238
   64  1.9586e+10    11.7523    64    63     5.4033
   65  1.9256e+10    11.7966    65    64     5.4829
   66  1.8736e+10    11.8685    66    65     5.5625
   67  1.8216e+10    11.9428    67    66     5.6421
   68  1.7917e+10    11.9865    68    67     5.7216
   69  1.7542e+10    12.0427    69    68     5.8012
   70  1.7375e+10    12.0681    70    69     5.8807
   71  1.7052e+10    12.1181    71    70     5.9602
   72  1.6924e+10    12.1382    72    71     6.0398
   73  1.6803e+10    12.1575    73    72     6.1193
   74  1.6518e+10    12.2034    74    73     6.1988
   75  1.4301e+10    12.5946    75    74     6.2783
   76  1.3594e+10    12.7342    76    75     6.3579
   77  1.2835e+10    12.8940    77    76     6.4374
   78  1.2697e+10    12.9242    78    77     6.5169
   79  1.2473e+10    12.9738    79    78     6.5964
   80  1.2447e+10    12.9797    80    79     6.6759
   81  1.1939e+10    13.0971    81    80     6.7554
   82  1.1903e+10    13.1055    82    81     6.8349
   83  1.1887e+10    13.1094    83    82     6.9143
   84  9.5512e+09    13.7378    84    83     6.9938
   85  8.6867e+09    14.0170    85    84     7.0733
   86  8.5485e+09    14.0645    86    85     7.1528
   87  7.5719e+09    14.4281    87    86     7.2323
   88  7.2149e+09    14.5747    88    87     7.3117
   89  7.1292e+09    14.6112    89    88     7.3912
   90  7.1103e+09    14.6193    90    89     7.4707
   91  6.6917e+09    14.8054    91    90     7.5502
   92  6.6680e+09    14.8163    92    91     7.6296
   93  6.6488e+09    14.8252    93    92     7.7091
   94  6.6284e+09    14.8347    94    93     7.7885
   95  6.4020e+09    14.9422    95    94     7.8680
   96  6.2335e+09    15.0251    96    95     7.9475
   97  6.1950e+09    15.0443    97    96     8.0269
   98  6.1600e+09    15.0620    98    97     8.1064
   99  6.1458e+09    15.0692    99    98     8.1858
  100  6.1434e+09    15.0704   100    99     8.2653
