#indx Mass S step-number desc_indx 
    0  3.1600e+11     5.9621     0    -1     0.0134
    1  3.1541e+11     5.9651     1     0     0.1326
    2  2.9568e+11     6.0691     2     1     0.2441
    3  2.9266e+11     6.0858     3     2     0.3500
    4  2.8048e+11     6.1551     4     3     0.4519
    5  2.7467e+11     6.1895     5     4     0.5506
    6  2.4604e+11     6.3724     6     5     0.6467
    7  2.1312e+11     6.6170     7     6     0.7407
    8  2.1198e+11     6.6262     8     7     0.8330
    9  2.0933e+11     6.6479     9     8     0.9238
   10  2.0527e+11     6.6819    10     9     1.0134
   11  1.1414e+11     7.7598    11    10     1.1018
   12  7.4803e+10     8.6102    12    11     1.1894
   13  7.4463e+10     8.6197    13    12     1.2761
   14  7.3713e+10     8.6409    14    13     1.3621
   15  7.3603e+10     8.6440    15    14     1.4474
   16  7.3572e+10     8.6449    16    15     1.5322
   17  6.0822e+10     9.0502    17    16     1.6165
   18  6.0561e+10     9.0595    18    17     1.7003
   19  4.0581e+10     9.9572    19    18     1.7838
   20  4.0168e+10     9.9810    20    19     1.8669
   21  3.9506e+10    10.0196    21    20     1.9496
   22  3.8510e+10    10.0792    22    21     2.0321
   23  3.3467e+10    10.4115    23    22     2.1143
   24  3.3149e+10    10.4344    24    23     2.1963
   25  3.2945e+10    10.4492    25    24     2.2781
   26  3.2452e+10    10.4854    26    25     2.3597
   27  3.1746e+10    10.5385    27    26     2.4411
   28  3.1560e+10    10.5526    28    27     2.5223
   29  3.1538e+10    10.5543    29    28     2.6034
   30  3.1335e+10    10.5699    30    29     2.6844
   31  3.0647e+10    10.6238    31    30     2.7652
   32  2.8432e+10    10.8072    32    31     2.8459
   33  2.7345e+10    10.9034    33    32     2.9266
   34  2.6741e+10    10.9588    34    33     3.0071
   35  2.6731e+10    10.9598    35    34     3.0876
   36  2.4813e+10    11.1459    36    35     3.1680
   37  2.3970e+10    11.2330    37    36     3.2483
   38  2.3588e+10    11.2737    38    37     3.3285
   39  2.3537e+10    11.2791    39    38     3.4087
   40  2.3505e+10    11.2826    40    39     3.4889
   41  1.8020e+10    11.9713    41    40     3.5689
   42  1.7955e+10    11.9808    42    41     3.6490
   43  1.7850e+10    11.9964    43    42     3.7290
   44  1.7657e+10    12.0252    44    43     3.8089
   45  1.7399e+10    12.0645    45    44     3.8889
   46  1.7302e+10    12.0793    46    45     3.9688
   47  1.7104e+10    12.1101    47    46     4.0486
   48  1.7069e+10    12.1154    48    47     4.1285
   49  1.6494e+10    12.2072    49    48     4.2083
   50  1.6290e+10    12.2406    50    49     4.2881
   51  1.6101e+10    12.2721    51    50     4.3678
   52  1.6082e+10    12.2753    52    51     4.4476
   53  1.6042e+10    12.2820    53    52     4.5273
   54  1.5571e+10    12.3625    54    53     4.6070
   55  1.5235e+10    12.4217    55    54     4.6867
   56  1.5083e+10    12.4491    56    55     4.7664
   57  1.1584e+10    13.1824    57    56     4.8460
   58  1.0321e+10    13.5128    58    57     4.9257
   59  9.3675e+09    13.7946    59    58     5.0053
   60  9.3441e+09    13.8020    60    59     5.0849
   61  9.2283e+09    13.8386    61    60     5.1646
   62  9.1463e+09    13.8648    62    61     5.2442
   63  9.0284e+09    13.9030    63    62     5.3238
   64  8.8259e+09    13.9699    64    63     5.4033
   65  7.6450e+09    14.3991    65    64     5.4829
   66  7.6328e+09    14.4039    66    65     5.5625
   67  7.6301e+09    14.4050    67    66     5.6421
   68  7.4864e+09    14.4625    68    67     5.7216
   69  7.3398e+09    14.5225    69    68     5.8012
   70  6.7737e+09    14.7679    70    69     5.8807
   71  6.7360e+09    14.7851    71    70     5.9602
   72  6.6321e+09    14.8330    72    71     6.0398
   73  6.6065e+09    14.8449    73    72     6.1193
   74  6.5954e+09    14.8501    74    73     6.1988
   75  6.5424e+09    14.8750    75    74     6.2783
   76  6.5109e+09    14.8899    76    75     6.3579
   77  6.3845e+09    14.9506    77    76     6.4374
   78  6.2139e+09    15.0349    78    77     6.5169
   79  6.1323e+09    15.0761    79    78     6.5964
   80  5.9108e+09    15.1912    80    79     6.6759
   81  5.8880e+09    15.2033    81    80     6.7554
   82  5.8568e+09    15.2200    82    81     6.8349
   83  5.7805e+09    15.2613    83    82     6.9143
   84  5.7326e+09    15.2875    84    83     6.9938
   85  5.6548e+09    15.3306    85    84     7.0733
   86  5.6445e+09    15.3364    86    85     7.1528
   87  5.6211e+09    15.3495    87    86     7.2323
   88  5.6185e+09    15.3509    88    87     7.3117
   89  5.6152e+09    15.3528    89    88     7.3912
   90  5.5441e+09    15.3931    90    89     7.4707
   91  5.4235e+09    15.4629    91    90     7.5502
   92  5.4006e+09    15.4763    92    91     7.6296
   93  5.3837e+09    15.4863    93    92     7.7091
   94  5.3556e+09    15.5029    94    93     7.7885
   95  5.2633e+09    15.5583    95    94     7.8680
   96  4.4393e+09    16.1085    96    95     7.9475
   97  4.2381e+09    16.2607    97    96     8.0269
   98  4.2238e+09    16.2718    98    97     8.1064
   99  3.6834e+09    16.7273    99    98     8.1858
  100  3.6106e+09    16.7945   100    99     8.2653
