#indx Mass S step-number desc_indx 
    0  3.1600e+11     5.9621     0    -1     0.0134
    1  3.0905e+11     5.9978     1     0     0.1326
    2  2.9947e+11     6.0485     2     1     0.2441
    3  2.9857e+11     6.0534     3     2     0.3500
    4  2.4064e+11     6.4097     4     3     0.4519
    5  2.3668e+11     6.4378     5     4     0.5506
    6  2.3322e+11     6.4628     6     5     0.6467
    7  2.3079e+11     6.4805     7     6     0.7407
    8  2.2551e+11     6.5199     8     7     0.8330
    9  2.2310e+11     6.5383     9     8     0.9238
   10  2.2173e+11     6.5489    10     9     1.0134
   11  1.2630e+11     7.5655    11    10     1.1018
   12  1.2626e+11     7.5661    12    11     1.1894
   13  1.2593e+11     7.5712    13    12     1.2761
   14  1.1814e+11     7.6934    14    13     1.3621
   15  1.1792e+11     7.6970    15    14     1.4474
   16  1.1682e+11     7.7151    16    15     1.5322
   17  1.1661e+11     7.7186    17    16     1.6165
   18  1.1473e+11     7.7500    18    17     1.7003
   19  9.1603e+10     8.1945    19    18     1.7838
   20  8.8121e+10     8.2729    20    19     1.8669
   21  8.6514e+10     8.3103    21    20     1.9496
   22  8.6154e+10     8.3188    22    21     2.0321
   23  8.0013e+10     8.4704    23    22     2.1143
   24  7.8660e+10     8.5056    24    23     2.1963
   25  7.8248e+10     8.5165    25    24     2.2781
   26  7.2963e+10     8.6623    26    25     2.3597
   27  7.2909e+10     8.6639    27    26     2.4411
   28  6.3228e+10     8.9665    28    27     2.5223
   29  6.2993e+10     8.9745    29    28     2.6034
   30  6.1795e+10     9.0159    30    29     2.6844
   31  6.1159e+10     9.0382    31    30     2.7652
   32  5.9519e+10     9.0972    32    31     2.8459
   33  4.3976e+10     9.7721    33    32     2.9266
   34  4.3857e+10     9.7783    34    33     3.0071
   35  4.1813e+10     9.8880    35    34     3.0876
   36  4.1695e+10     9.8945    36    35     3.1680
   37  4.1235e+10     9.9202    37    36     3.2483
   38  4.0566e+10     9.9581    38    37     3.3285
   39  3.8326e+10    10.0905    39    38     3.4087
   40  3.8255e+10    10.0948    40    39     3.4889
   41  3.5905e+10    10.2440    41    40     3.5689
   42  3.5467e+10    10.2731    42    41     3.6490
   43  3.5269e+10    10.2864    43    42     3.7290
   44  3.3478e+10    10.4107    44    43     3.8089
   45  1.2265e+10    13.0211    45    44     3.8889
   46  1.2238e+10    13.0272    46    45     3.9688
   47  1.1681e+10    13.1589    47    46     4.0486
   48  1.1447e+10    13.2161    48    47     4.1285
   49  1.1431e+10    13.2202    49    48     4.2083
   50  1.1390e+10    13.2304    50    49     4.2881
   51  1.1297e+10    13.2537    51    50     4.3678
   52  1.1164e+10    13.2875    52    51     4.4476
   53  9.5765e+09    13.7301    53    52     4.5273
   54  9.3607e+09    13.7968    54    53     4.6070
   55  8.9935e+09    13.9144    55    54     4.6867
   56  8.8211e+09    13.9715    56    55     4.7664
   57  8.8173e+09    13.9728    57    56     4.8460
   58  8.7808e+09    13.9850    58    57     4.9257
   59  8.7542e+09    13.9940    59    58     5.0053
   60  8.7501e+09    13.9954    60    59     5.0849
   61  8.7227e+09    14.0047    61    60     5.1646
   62  8.6721e+09    14.0219    62    61     5.2442
   63  8.4027e+09    14.1157    63    62     5.3238
   64  8.1238e+09    14.2165    64    63     5.4033
   65  8.0890e+09    14.2293    65    64     5.4829
   66  8.0055e+09    14.2604    66    65     5.5625
   67  7.9892e+09    14.2665    67    66     5.6421
   68  7.8523e+09    14.3185    68    67     5.7216
   69  7.0238e+09    14.6567    69    68     5.8012
   70  6.8437e+09    14.7363    70    69     5.8807
   71  6.2511e+09    15.0163    71    70     5.9602
   72  5.8996e+09    15.1971    72    71     6.0398
   73  5.7743e+09    15.2646    73    72     6.1193
   74  5.6673e+09    15.3236    74    73     6.1988
   75  5.5616e+09    15.3831    75    74     6.2783
   76  4.9717e+09    15.7410    76    75     6.3579
   77  4.8162e+09    15.8435    77    76     6.4374
   78  4.6501e+09    15.9572    78    77     6.5169
   79  4.6181e+09    15.9797    79    78     6.5964
   80  4.5980e+09    15.9939    80    79     6.6759
   81  4.5757e+09    16.0097    81    80     6.7554
   82  4.5166e+09    16.0521    82    81     6.8349
   83  4.5099e+09    16.0570    83    82     6.9143
   84  3.6701e+09    16.7395    84    83     6.9938
   85  3.5578e+09    16.8442    85    84     7.0733
   86  3.4745e+09    16.9243    86    85     7.1528
   87  3.4712e+09    16.9275    87    86     7.2323
   88  3.2982e+09    17.1014    88    87     7.3117
   89  3.0118e+09    17.4133    89    88     7.3912
   90  2.9896e+09    17.4390    90    89     7.4707
   91  2.9785e+09    17.4518    91    90     7.5502
   92  2.4301e+09    18.1665    92    91     7.6296
   93  2.3851e+09    18.2331    93    92     7.7091
   94  2.2578e+09    18.4298    94    93     7.7885
   95  2.1915e+09    18.5371    95    94     7.8680
   96  2.1854e+09    18.5472    96    95     7.9475
   97  2.1746e+09    18.5652    97    96     8.0269
   98  2.1445e+09    18.6157    98    97     8.1064
   99  2.1416e+09    18.6205    99    98     8.1858
  100  2.1269e+09    18.6455   100    99     8.2653
