#indx Mass S step-number desc_indx 
    0  3.1600e+11     5.9621     0    -1     0.0134
    1  3.1423e+11     5.9711     1     0     0.1326
    2  2.4539e+11     6.3768     2     1     0.2441
    3  2.3717e+11     6.4342     3     2     0.3500
    4  2.2276e+11     6.5409     4     3     0.4519
    5  2.1884e+11     6.5714     5     4     0.5506
    6  2.1461e+11     6.6049     6     5     0.6467
    7  2.1106e+11     6.6337     7     6     0.7407
    8  1.5326e+11     7.2040     8     7     0.8330
    9  1.4731e+11     7.2770     9     8     0.9238
   10  1.4630e+11     7.2897    10     9     1.0134
   11  1.4553e+11     7.2995    11    10     1.1018
   12  1.3048e+11     7.5038    12    11     1.1894
   13  1.2930e+11     7.5210    13    12     1.2761
   14  1.2872e+11     7.5296    14    13     1.3621
   15  1.2834e+11     7.5351    15    14     1.4474
   16  9.1350e+10     8.2001    16    15     1.5322
   17  7.0333e+10     8.7396    17    16     1.6165
   18  6.9882e+10     8.7532    18    17     1.7003
   19  6.9242e+10     8.7726    19    18     1.7838
   20  6.3884e+10     8.9443    20    19     1.8669
   21  6.3723e+10     8.9497    21    20     1.9496
   22  5.7920e+10     9.1565    22    21     2.0321
   23  5.7652e+10     9.1666    23    22     2.1143
   24  5.1044e+10     9.4354    24    23     2.1963
   25  5.0546e+10     9.4573    25    24     2.2781
   26  4.9582e+10     9.5004    26    25     2.3597
   27  4.3667e+10     9.7883    27    26     2.4411
   28  3.9895e+10     9.9968    28    27     2.5223
   29  3.9771e+10    10.0041    29    28     2.6034
   30  3.9117e+10    10.0427    30    29     2.6844
   31  3.8756e+10    10.0643    31    30     2.7652
   32  3.8723e+10    10.0664    32    31     2.8459
   33  3.8343e+10    10.0894    33    32     2.9266
   34  3.7755e+10    10.1256    34    33     3.0071
   35  3.4078e+10    10.3682    35    34     3.0876
   36  3.2270e+10    10.4990    36    35     3.1680
   37  2.9755e+10    10.6958    37    36     3.2483
   38  2.9615e+10    10.7073    38    37     3.3285
   39  2.9469e+10    10.7194    39    38     3.4087
   40  2.2262e+10    11.4211    40    39     3.4889
   41  2.1665e+10    11.4908    41    40     3.5689
   42  2.1635e+10    11.4944    42    41     3.6490
   43  2.1562e+10    11.5031    43    42     3.7290
   44  2.1332e+10    11.5306    44    43     3.8089
   45  2.0835e+10    11.5915    45    44     3.8889
   46  2.0106e+10    11.6839    46    45     3.9688
   47  2.0077e+10    11.6877    47    46     4.0486
   48  1.9328e+10    11.7868    48    47     4.1285
   49  1.1782e+10    13.1345    49    48     4.2083
   50  1.1674e+10    13.1604    50    49     4.2881
   51  1.1671e+10    13.1612    51    50     4.3678
   52  1.1552e+10    13.1903    52    51     4.4476
   53  1.1056e+10    13.3153    53    52     4.5273
   54  1.0673e+10    13.4162    54    53     4.6070
   55  1.0443e+10    13.4789    55    54     4.6867
   56  1.0283e+10    13.5235    56    55     4.7664
   57  1.0236e+10    13.5367    57    56     4.8460
   58  1.0163e+10    13.5573    58    57     4.9257
   59  9.9205e+09    13.6273    59    58     5.0053
   60  8.8458e+09    13.9632    60    59     5.0849
   61  8.2430e+09    14.1729    61    60     5.1646
   62  8.1572e+09    14.2042    62    61     5.2442
   63  7.8706e+09    14.3115    63    62     5.3238
   64  7.7356e+09    14.3635    64    63     5.4033
   65  7.6962e+09    14.3790    65    64     5.4829
   66  7.6310e+09    14.4046    66    65     5.5625
   67  7.4418e+09    14.4806    67    66     5.6421
   68  7.4266e+09    14.4868    68    67     5.7216
   69  7.4092e+09    14.4940    69    68     5.8012
   70  7.4064e+09    14.4951    70    69     5.8807
   71  6.9802e+09    14.6757    71    70     5.9602
   72  6.9795e+09    14.6760    72    71     6.0398
   73  6.4960e+09    14.8970    73    72     6.1193
   74  6.3739e+09    14.9558    74    73     6.1988
   75  6.3285e+09    14.9780    75    74     6.2783
   76  6.2839e+09    15.0000    76    75     6.3579
   77  5.0789e+09    15.6725    77    76     6.4374
   78  5.0625e+09    15.6828    78    77     6.5169
   79  5.0371e+09    15.6990    79    78     6.5964
   80  4.9903e+09    15.7290    80    79     6.6759
   81  4.9837e+09    15.7332    81    80     6.7554
   82  4.6184e+09    15.9795    82    81     6.8349
   83  4.4987e+09    16.0650    83    82     6.9143
   84  4.4822e+09    16.0771    84    83     6.9938
   85  4.0337e+09    16.4241    85    84     7.0733
   86  3.8654e+09    16.5659    86    85     7.1528
   87  3.7800e+09    16.6405    87    86     7.2323
   88  3.7675e+09    16.6516    88    87     7.3117
   89  3.6753e+09    16.7347    89    88     7.3912
   90  3.6672e+09    16.7422    90    89     7.4707
   91  3.5286e+09    16.8721    91    90     7.5502
   92  4.4326e+08    24.9685    92    91     7.6296
   93  4.0352e+08    25.3888    93    92     7.7091
   94  2.1878e+08    28.2487    94    93     7.7885
   95  2.1836e+08    28.2580    95    94     7.8680
   96  2.0673e+08    28.5242    96    95     7.9475
   97  1.9672e+08    28.7668    97    96     8.0269
   98  1.9429e+08    28.8279    98    97     8.1064
   99  1.9161e+08    28.8961    99    98     8.1858
  100  1.8745e+08    29.0042   100    99     8.2653
