#indx Mass S step-number desc_indx 
    0  3.1600e+11     5.9621     0    -1     0.0134
    1  3.1172e+11     5.9840     1     0     0.1326
    2  2.7380e+11     6.1947     2     1     0.2441
    3  2.7278e+11     6.2009     3     2     0.3500
    4  2.6789e+11     6.2307     4     3     0.4519
    5  2.4686e+11     6.3668     5     4     0.5506
    6  2.2738e+11     6.5059     6     5     0.6467
    7  2.2709e+11     6.5080     7     6     0.7407
    8  2.0629e+11     6.6733     8     7     0.8330
    9  2.0084e+11     6.7200     9     8     0.9238
   10  1.9956e+11     6.7311    10     9     1.0134
   11  1.9644e+11     6.7587    11    10     1.1018
   12  1.9596e+11     6.7630    12    11     1.1894
   13  1.9349e+11     6.7853    13    12     1.2761
   14  1.5537e+11     7.1789    14    13     1.3621
   15  1.5417e+11     7.1932    15    14     1.4474
   16  5.1238e+10     9.4269    16    15     1.5322
   17  5.1093e+10     9.4333    17    16     1.6165
   18  4.9262e+10     9.5149    18    17     1.7003
   19  4.7340e+10     9.6046    19    18     1.7838
   20  4.4220e+10     9.7595    20    19     1.8669
   21  4.3056e+10     9.8206    21    20     1.9496
   22  4.2904e+10     9.8287    22    21     2.0321
   23  3.4643e+10    10.3290    23    22     2.1143
   24  3.4356e+10    10.3488    24    23     2.1963
   25  2.8874e+10    10.7693    25    24     2.2781
   26  1.8750e+10    11.8666    26    25     2.3597
   27  1.8624e+10    11.8843    27    26     2.4411
   28  1.8578e+10    11.8908    28    27     2.5223
   29  1.6809e+10    12.1565    29    28     2.6034
   30  1.3907e+10    12.6714    30    29     2.6844
   31  1.3651e+10    12.7228    31    30     2.7652
   32  1.3585e+10    12.7360    32    31     2.8459
   33  1.3454e+10    12.7629    33    32     2.9266
   34  1.3159e+10    12.8245    34    33     3.0071
   35  1.3129e+10    12.8308    35    34     3.0876
   36  1.3038e+10    12.8501    36    35     3.1680
   37  1.2305e+10    13.0120    37    36     3.2483
   38  1.2140e+10    13.0500    38    37     3.3285
   39  1.1689e+10    13.1568    39    38     3.4087
   40  1.1649e+10    13.1666    40    39     3.4889
   41  1.1614e+10    13.1750    41    40     3.5689
   42  1.1447e+10    13.2163    42    41     3.6490
   43  1.1227e+10    13.2713    43    42     3.7290
   44  9.6608e+09    13.7045    44    43     3.8089
   45  9.1596e+09    13.8605    45    44     3.8889
   46  9.1056e+09    13.8779    46    45     3.9688
   47  9.0554e+09    13.8941    47    46     4.0486
   48  8.7859e+09    13.9833    48    47     4.1285
   49  8.0718e+09    14.2357    49    48     4.2083
   50  8.0426e+09    14.2465    50    49     4.2881
   51  7.6893e+09    14.3816    51    50     4.3678
   52  7.6395e+09    14.4013    52    51     4.4476
   53  7.6331e+09    14.4038    53    52     4.5273
   54  7.4712e+09    14.4687    54    53     4.6070
   55  7.4353e+09    14.4833    55    54     4.6867
   56  7.2763e+09    14.5489    56    55     4.7664
   57  6.8914e+09    14.7150    57    56     4.8460
   58  6.6030e+09    14.8465    58    57     4.9257
   59  6.4625e+09    14.9131    59    58     5.0053
   60  6.3535e+09    14.9658    60    59     5.0849
   61  6.3469e+09    14.9690    61    60     5.1646
   62  6.3439e+09    14.9705    62    61     5.2442
   63  6.2397e+09    15.0220    63    62     5.3238
   64  5.9361e+09    15.1778    64    63     5.4033
   65  5.7913e+09    15.2553    65    64     5.4829
   66  4.9990e+09    15.7234    66    65     5.5625
   67  4.9751e+09    15.7388    67    66     5.6421
   68  4.9011e+09    15.7871    68    67     5.7216
   69  4.8936e+09    15.7920    69    68     5.8012
   70  4.7349e+09    15.8986    70    69     5.8807
   71  4.6166e+09    15.9808    71    70     5.9602
   72  4.5324e+09    16.0407    72    71     6.0398
   73  4.5221e+09    16.0481    73    72     6.1193
   74  4.4548e+09    16.0971    74    73     6.1988
   75  4.4352e+09    16.1115    75    74     6.2783
   76  4.3847e+09    16.1490    76    75     6.3579
   77  4.3741e+09    16.1570    77    76     6.4374
   78  4.1399e+09    16.3380    78    77     6.5169
   79  3.5623e+09    16.8399    79    78     6.5964
   80  3.5466e+09    16.8548    80    79     6.6759
   81  3.3800e+09    17.0179    81    80     6.7554
   82  3.3787e+09    17.0192    82    81     6.8349
   83  3.3733e+09    17.0246    83    82     6.9143
   84  3.3663e+09    17.0318    84    83     6.9938
   85  3.2064e+09    17.1978    85    84     7.0733
   86  3.1830e+09    17.2230    86    85     7.1528
   87  3.1553e+09    17.2530    87    86     7.2323
   88  3.1451e+09    17.2641    88    87     7.3117
   89  3.1425e+09    17.2670    89    88     7.3912
   90  3.0911e+09    17.3237    90    89     7.4707
   91  2.9942e+09    17.4336    91    90     7.5502
   92  2.7992e+09    17.6678    92    91     7.6296
   93  2.7074e+09    17.7845    93    92     7.7091
   94  2.6634e+09    17.8421    94    93     7.7885
   95  2.2085e+09    18.5093    95    94     7.8680
   96  2.1922e+09    18.5360    96    95     7.9475
   97  2.1208e+09    18.6559    97    96     8.0269
   98  2.0579e+09    18.7654    98    97     8.1064
   99  1.9810e+09    18.9046    99    98     8.1858
  100  1.9509e+09    18.9608   100    99     8.2653
