#indx Mass S step-number desc_indx 
    0  3.1600e+11     5.9621     0    -1     0.0134
    1  3.1462e+11     5.9692     1     0     0.1326
    2  2.6821e+11     6.2287     2     1     0.2441
    3  2.6466e+11     6.2507     3     2     0.3500
    4  1.4940e+11     7.2510     4     3     0.4519
    5  1.4726e+11     7.2776     5     4     0.5506
    6  1.4667e+11     7.2850     6     5     0.6467
    7  1.4609e+11     7.2923     7     6     0.7407
    8  1.4159e+11     7.3504     8     7     0.8330
    9  1.4110e+11     7.3569     9     8     0.9238
   10  1.3995e+11     7.3722    10     9     1.0134
   11  1.3687e+11     7.4138    11    10     1.1018
   12  1.3611e+11     7.4243    12    11     1.1894
   13  1.3268e+11     7.4722    13    12     1.2761
   14  1.3060e+11     7.5021    14    13     1.3621
   15  9.6695e+10     8.0860    15    14     1.4474
   16  9.5903e+10     8.1025    16    15     1.5322
   17  9.2636e+10     8.1719    17    16     1.6165
   18  9.1884e+10     8.1884    18    17     1.7003
   19  9.1772e+10     8.1908    19    18     1.7838
   20  8.7881e+10     8.2784    20    19     1.8669
   21  8.5853e+10     8.3259    21    20     1.9496
   22  4.6327e+10     9.6535    22    21     2.0321
   23  4.5096e+10     9.7147    23    22     2.1143
   24  3.5037e+10    10.3021    24    23     2.1963
   25  3.4808e+10    10.3177    25    24     2.2781
   26  3.4425e+10    10.3440    26    25     2.3597
   27  3.3498e+10    10.4092    27    26     2.4411
   28  3.3128e+10    10.4359    28    27     2.5223
   29  3.2233e+10    10.5018    29    28     2.6034
   30  2.9054e+10    10.7541    30    29     2.6844
   31  2.7409e+10    10.8976    31    30     2.7652
   32  2.5833e+10    11.0449    32    31     2.8459
   33  2.5368e+10    11.0904    33    32     2.9266
   34  2.5171e+10    11.1099    34    33     3.0071
   35  2.4667e+10    11.1607    35    34     3.0876
   36  2.4606e+10    11.1670    36    35     3.1680
   37  2.4328e+10    11.1956    37    36     3.2483
   38  2.2300e+10    11.4167    38    37     3.3285
   39  2.2278e+10    11.4192    39    38     3.4087
   40  2.1542e+10    11.5054    40    39     3.4889
   41  2.1408e+10    11.5215    41    40     3.5689
   42  2.1003e+10    11.5707    42    41     3.6490
   43  1.9953e+10    11.7037    43    42     3.7290
   44  1.7627e+10    12.0298    44    43     3.8089
   45  1.7510e+10    12.0475    45    44     3.8889
   46  1.7468e+10    12.0539    46    45     3.9688
   47  1.7444e+10    12.0576    47    46     4.0486
   48  1.4549e+10    12.5474    48    47     4.1285
   49  1.3831e+10    12.6864    49    48     4.2083
   50  7.1917e+09    14.5845    50    49     4.2881
   51  7.1814e+09    14.5889    51    50     4.3678
   52  7.1012e+09    14.6232    52    51     4.4476
   53  6.9908e+09    14.6711    53    52     4.5273
   54  6.7938e+09    14.7588    54    53     4.6070
   55  6.7715e+09    14.7689    55    54     4.6867
   56  6.6362e+09    14.8311    56    55     4.7664
   57  5.3751e+09    15.4913    57    56     4.8460
   58  5.3723e+09    15.4930    58    57     4.9257
   59  5.0411e+09    15.6964    59    58     5.0053
   60  4.3832e+09    16.1501    60    59     5.0849
   61  3.0884e+09    17.3267    61    60     5.1646
   62  3.0875e+09    17.3277    62    61     5.2442
   63  3.0521e+09    17.3675    63    62     5.3238
   64  2.9946e+09    17.4332    64    63     5.4033
   65  2.9708e+09    17.4608    65    64     5.4829
   66  2.9129e+09    17.5291    66    65     5.5625
   67  2.9095e+09    17.5331    67    66     5.6421
   68  2.7691e+09    17.7056    68    67     5.7216
   69  2.7517e+09    17.7276    69    68     5.8012
   70  2.5236e+09    18.0323    70    69     5.8807
   71  2.5116e+09    18.0492    71    70     5.9602
   72  2.5049e+09    18.0587    72    71     6.0398
   73  2.5012e+09    18.0639    73    72     6.1193
   74  2.4512e+09    18.1356    74    73     6.1988
   75  2.4439e+09    18.1463    75    74     6.2783
   76  2.4290e+09    18.1681    76    75     6.3579
   77  2.3962e+09    18.2166    77    76     6.4374
   78  2.2994e+09    18.3642    78    77     6.5169
   79  2.2067e+09    18.5123    79    78     6.5964
   80  2.1393e+09    18.6245    80    79     6.6759
   81  2.0484e+09    18.7822    81    80     6.7554
   82  2.0442e+09    18.7897    82    81     6.8349
   83  1.1888e+09    20.8410    83    82     6.9143
   84  9.8763e+08    21.5773    84    83     6.9938
   85  9.8558e+08    21.5857    85    84     7.0733
   86  9.8285e+08    21.5969    86    85     7.1528
   87  9.8244e+08    21.5986    87    86     7.2323
   88  9.8211e+08    21.5999    88    87     7.3117
   89  9.8045e+08    21.6067    89    88     7.3912
   90  9.7555e+08    21.6269    90    89     7.4707
   91  1.7303e+08    29.4010    91    90     7.5502
   92  1.6859e+08    29.5305    92    91     7.6296
