#indx Mass S step-number desc_indx 
    0  3.1600e+11     5.9621     0    -1     0.0134
    1  3.1139e+11     5.9857     1     0     0.1326
    2  3.0661e+11     6.0105     2     1     0.2441
    3  3.0191e+11     6.0355     3     2     0.3500
    4  2.9464e+11     6.0749     4     3     0.4519
    5  2.7968e+11     6.1598     5     4     0.5506
    6  2.7643e+11     6.1790     6     5     0.6467
    7  2.6895e+11     6.2242     7     6     0.7407
    8  2.5677e+11     6.3010     8     7     0.8330
    9  2.4285e+11     6.3943     9     8     0.9238
   10  2.3795e+11     6.4287    10     9     1.0134
   11  2.2975e+11     6.4882    11    10     1.1018
   12  2.2497e+11     6.5240    12    11     1.1894
   13  2.2426e+11     6.5295    13    12     1.2761
   14  2.1983e+11     6.5636    14    13     1.3621
   15  1.9212e+11     6.7978    15    14     1.4474
   16  1.8973e+11     6.8198    16    15     1.5322
   17  1.6928e+11     7.0232    17    16     1.6165
   18  1.6253e+11     7.0967    18    17     1.7003
   19  1.5923e+11     7.1341    19    18     1.7838
   20  1.4929e+11     7.2523    20    19     1.8669
   21  1.4761e+11     7.2732    21    20     1.9496
   22  1.3314e+11     7.4657    22    21     2.0321
   23  1.3195e+11     7.4826    23    22     2.1143
   24  1.2997e+11     7.5112    24    23     2.1963
   25  1.2979e+11     7.5138    25    24     2.2781
   26  1.2168e+11     7.6366    26    25     2.3597
   27  1.1900e+11     7.6794    27    26     2.4411
   28  1.1862e+11     7.6856    28    27     2.5223
   29  1.1078e+11     7.8180    29    28     2.6034
   30  9.3780e+10     8.1473    30    29     2.6844
   31  9.0135e+10     8.2271    31    30     2.7652
   32  8.9899e+10     8.2324    32    31     2.8459
   33  8.9698e+10     8.2370    33    32     2.9266
   34  8.9533e+10     8.2407    34    33     3.0071
   35  8.8523e+10     8.2636    35    34     3.0876
   36  8.8310e+10     8.2685    36    35     3.1680
   37  8.6144e+10     8.3190    37    36     3.2483
   38  7.9831e+10     8.4751    38    37     3.3285
   39  6.0184e+10     9.0731    39    38     3.4087
   40  5.6431e+10     9.2135    40    39     3.4889
   41  5.6374e+10     9.2157    41    40     3.5689
   42  5.6272e+10     9.2197    42    41     3.6490
   43  5.5639e+10     9.2445    43    42     3.7290
   44  5.5229e+10     9.2608    44    43     3.8089
   45  5.3000e+10     9.3518    45    44     3.8889
   46  5.2539e+10     9.3711    46    45     3.9688
   47  5.1737e+10     9.4053    47    46     4.0486
   48  4.7990e+10     9.5737    48    47     4.1285
   49  4.7530e+10     9.5955    49    48     4.2083
   50  4.7492e+10     9.5973    50    49     4.2881
   51  4.7234e+10     9.6096    51    50     4.3678
   52  4.4853e+10     9.7271    52    51     4.4476
   53  4.3261e+10     9.8097    53    52     4.5273
   54  1.5094e+10    12.4469    54    53     4.6070
   55  1.4667e+10    12.5253    55    54     4.6867
   56  1.4650e+10    12.5285    56    55     4.7664
   57  1.4613e+10    12.5354    57    56     4.8460
   58  1.4514e+10    12.5539    58    57     4.9257
   59  1.4335e+10    12.5880    59    58     5.0053
   60  1.2097e+10    13.0601    60    59     5.0849
   61  1.1676e+10    13.1601    61    60     5.1646
   62  1.1352e+10    13.2398    62    61     5.2442
   63  1.1005e+10    13.3285    63    62     5.3238
   64  8.7411e+09    13.9985    64    63     5.4033
   65  8.4338e+09    14.1047    65    64     5.4829
   66  8.3530e+09    14.1333    66    65     5.5625
   67  8.1996e+09    14.1887    67    66     5.6421
   68  7.9962e+09    14.2639    68    67     5.7216
   69  7.9661e+09    14.2752    69    68     5.8012
   70  7.9381e+09    14.2858    70    69     5.8807
   71  7.9367e+09    14.2863    71    70     5.9602
   72  7.9214e+09    14.2921    72    71     6.0398
   73  7.4143e+09    14.4919    73    72     6.1193
   74  7.3411e+09    14.5220    74    73     6.1988
   75  7.1254e+09    14.6128    75    74     6.2783
   76  6.8614e+09    14.7284    76    75     6.3579
   77  6.3382e+09    14.9732    77    76     6.4374
   78  6.0360e+09    15.1256    78    77     6.5169
   79  6.0215e+09    15.1330    79    78     6.5964
   80  5.9735e+09    15.1581    80    79     6.6759
   81  5.9147e+09    15.1891    81    80     6.7554
   82  5.9013e+09    15.1962    82    81     6.8349
   83  5.8633e+09    15.2165    83    82     6.9143
   84  5.8245e+09    15.2374    84    83     6.9938
   85  5.8231e+09    15.2382    85    84     7.0733
   86  5.6043e+09    15.3589    86    85     7.1528
   87  5.6022e+09    15.3601    87    86     7.2323
   88  5.5841e+09    15.3703    88    87     7.3117
   89  5.5610e+09    15.3834    89    88     7.3912
   90  5.5448e+09    15.3927    90    89     7.4707
   91  5.5241e+09    15.4046    91    90     7.5502
   92  5.3592e+09    15.5008    92    91     7.6296
   93  5.3371e+09    15.5139    93    92     7.7091
   94  5.2060e+09    15.5933    94    93     7.7885
   95  5.0616e+09    15.6834    95    94     7.8680
   96  4.8072e+09    15.8495    96    95     7.9475
   97  4.8012e+09    15.8536    97    96     8.0269
   98  4.7334e+09    15.8996    98    97     8.1064
   99  4.6469e+09    15.9595    99    98     8.1858
  100  4.5777e+09    16.0083   100    99     8.2653
