#indx Mass S step-number desc_indx 
    0  3.1600e+11     5.9621     0    -1     0.0134
    1  3.0232e+11     6.0332     1     0     0.1326
    2  2.4743e+11     6.3630     2     1     0.2441
    3  2.2596e+11     6.5165     3     2     0.3500
    4  2.1077e+11     6.6361     4     3     0.4519
    5  2.0363e+11     6.6959     5     4     0.5506
    6  1.9712e+11     6.7526     6     5     0.6467
    7  1.4719e+11     7.2784     7     6     0.7407
    8  1.4699e+11     7.2810     8     7     0.8330
    9  1.4071e+11     7.3621     9     8     0.9238
   10  1.4034e+11     7.3670    10     9     1.0134
   11  1.3193e+11     7.4830    11    10     1.1018
   12  1.2413e+11     7.5986    12    11     1.1894
   13  1.2227e+11     7.6274    13    12     1.2761
   14  1.1689e+11     7.7138    14    13     1.3621
   15  1.1663e+11     7.7182    15    14     1.4474
   16  1.1034e+11     7.8257    16    15     1.5322
   17  1.0218e+11     7.9764    17    16     1.6165
   18  1.0201e+11     7.9798    18    17     1.7003
   19  3.8604e+10    10.0735    19    18     1.7838
   20  3.8203e+10    10.0980    20    19     1.8669
   21  3.7596e+10    10.1355    21    20     1.9496
   22  3.6992e+10    10.1736    22    21     2.0321
   23  3.6772e+10    10.1877    23    22     2.1143
   24  3.6760e+10    10.1885    24    23     2.1963
   25  3.6213e+10    10.2239    25    24     2.2781
   26  3.5645e+10    10.2613    26    25     2.3597
   27  3.2991e+10    10.4458    27    26     2.4411
   28  2.7974e+10    10.8472    28    27     2.5223
   29  2.7549e+10    10.8850    29    28     2.6034
   30  2.6522e+10    10.9793    30    29     2.6844
   31  2.6447e+10    10.9863    31    30     2.7652
   32  2.6363e+10    10.9942    32    31     2.8459
   33  2.6117e+10    11.0176    33    32     2.9266
   34  2.5082e+10    11.1187    34    33     3.0071
   35  2.5079e+10    11.1191    35    34     3.0876
   36  2.3503e+10    11.2828    36    35     3.1680
   37  2.2295e+10    11.4173    37    36     3.2483
   38  2.2082e+10    11.4418    38    37     3.3285
   39  1.1203e+10    13.2775    39    38     3.4087
   40  9.8247e+09    13.6556    40    39     3.4889
   41  9.7837e+09    13.6677    41    40     3.5689
   42  9.7763e+09    13.6699    42    41     3.6490
   43  9.7435e+09    13.6797    43    42     3.7290
   44  9.6622e+09    13.7041    44    43     3.8089
   45  9.5154e+09    13.7488    45    44     3.8889
   46  9.4683e+09    13.7633    46    45     3.9688
   47  8.7654e+09    13.9902    47    46     4.0486
   48  8.3969e+09    14.1178    48    47     4.1285
   49  8.3249e+09    14.1434    49    48     4.2083
   50  6.7620e+09    14.7732    50    49     4.2881
   51  6.5275e+09    14.8820    51    50     4.3678
   52  6.1799e+09    15.0519    52    51     4.4476
   53  6.0920e+09    15.0966    53    52     4.5273
   54  5.9711e+09    15.1594    54    53     4.6070
   55  5.8845e+09    15.2052    55    54     4.6867
   56  5.8096e+09    15.2455    56    55     4.7664
   57  5.1413e+09    15.6333    57    56     4.8460
   58  5.1359e+09    15.6367    58    57     4.9257
   59  5.1309e+09    15.6398    59    58     5.0053
   60  5.0938e+09    15.6631    60    59     5.0849
   61  5.0604e+09    15.6842    61    60     5.1646
   62  5.0292e+09    15.7040    62    61     5.2442
   63  4.9480e+09    15.7564    63    62     5.3238
   64  4.8792e+09    15.8015    64    63     5.4033
   65  4.8293e+09    15.8347    65    64     5.4829
   66  4.8223e+09    15.8394    66    65     5.5625
   67  4.8175e+09    15.8426    67    66     5.6421
   68  4.7672e+09    15.8766    68    67     5.7216
   69  4.7002e+09    15.9224    69    68     5.8012
   70  4.6791e+09    15.9371    70    69     5.8807
   71  4.6323e+09    15.9697    71    70     5.9602
   72  4.5457e+09    16.0311    72    71     6.0398
   73  4.4910e+09    16.0707    73    72     6.1193
   74  4.4884e+09    16.0725    74    73     6.1988
   75  4.4316e+09    16.1142    75    74     6.2783
   76  4.4231e+09    16.1205    76    75     6.3579
   77  4.4174e+09    16.1247    77    76     6.4374
   78  3.2824e+09    17.1178    78    77     6.5169
   79  3.2617e+09    17.1394    79    78     6.5964
   80  3.2475e+09    17.1543    80    79     6.6759
   81  3.2346e+09    17.1679    81    80     6.7554
   82  3.2311e+09    17.1716    82    81     6.8349
   83  1.6135e+09    19.6668    83    82     6.9143
   84  1.5145e+09    19.9063    84    83     6.9938
   85  1.4632e+09    20.0376    85    84     7.0733
   86  1.4405e+09    20.0971    86    85     7.1528
   87  1.3902e+09    20.2335    87    86     7.2323
   88  1.1248e+09    21.0589    88    87     7.3117
   89  1.0680e+09    21.2645    89    88     7.3912
   90  1.0644e+09    21.2778    90    89     7.4707
   91  1.0641e+09    21.2792    91    90     7.5502
   92  1.0630e+09    21.2830    92    91     7.6296
   93  1.0606e+09    21.2921    93    92     7.7091
   94  1.0407e+09    21.3677    94    93     7.7885
   95  1.0337e+09    21.3947    95    94     7.8680
   96  1.0262e+09    21.4237    96    95     7.9475
   97  1.0065e+09    21.5015    97    96     8.0269
   98  9.9486e+08    21.5481    98    97     8.1064
   99  9.8932e+08    21.5705    99    98     8.1858
  100  9.8163e+08    21.6019   100    99     8.2653
