#indx Mass S step-number desc_indx 
    0  3.1600e+11     5.9621     0    -1     0.0134
    1  3.1511e+11     5.9667     1     0     0.1326
    2  2.8400e+11     6.1347     2     1     0.2441
    3  2.8305e+11     6.1402     3     2     0.3500
    4  2.6758e+11     6.2326     4     3     0.4519
    5  2.6465e+11     6.2508     5     4     0.5506
    6  2.6009e+11     6.2796     6     5     0.6467
    7  1.8678e+11     6.8475     7     6     0.7407
    8  1.8673e+11     6.8480     8     7     0.8330
    9  1.8571e+11     6.8577     9     8     0.9238
   10  1.6743e+11     7.0430    10     9     1.0134
   11  1.6531e+11     7.0660    11    10     1.1018
   12  1.6132e+11     7.1103    12    11     1.1894
   13  1.5516e+11     7.1815    13    12     1.2761
   14  1.5508e+11     7.1823    14    13     1.3621
   15  1.1066e+11     7.8201    15    14     1.4474
   16  1.0814e+11     7.8650    16    15     1.5322
   17  1.0775e+11     7.8721    17    16     1.6165
   18  9.9678e+10     8.0256    18    17     1.7003
   19  9.3331e+10     8.1569    19    18     1.7838
   20  9.1670e+10     8.1931    20    19     1.8669
   21  9.0390e+10     8.2214    21    20     1.9496
   22  8.9554e+10     8.2402    22    21     2.0321
   23  8.7937e+10     8.2771    23    22     2.1143
   24  8.5623e+10     8.3314    24    23     2.1963
   25  7.8750e+10     8.5033    25    24     2.2781
   26  7.8371e+10     8.5133    26    25     2.3597
   27  7.5240e+10     8.5981    27    26     2.4411
   28  6.5388e+09    14.8767    28    27     2.5223
   29  6.3191e+09    14.9826    29    28     2.6034
   30  6.2875e+09    14.9982    30    29     2.6844
   31  6.0430e+09    15.1219    31    30     2.7652
   32  5.7946e+09    15.2536    32    31     2.8459
   33  5.7797e+09    15.2617    33    32     2.9266
   34  5.7721e+09    15.2658    34    33     3.0071
   35  5.7478e+09    15.2791    35    34     3.0876
   36  5.6742e+09    15.3198    36    35     3.1680
   37  5.6012e+09    15.3606    37    36     3.2483
   38  1.5670e+09    19.7772    38    37     3.3285
   39  1.3911e+09    20.2311    39    38     3.4087
   40  1.3696e+09    20.2908    40    39     3.4889
   41  1.3668e+09    20.2988    41    40     3.5689
   42  1.3519e+09    20.3411    42    41     3.6490
   43  1.3157e+09    20.4459    43    42     3.7290
   44  1.2991e+09    20.4950    44    43     3.8089
   45  1.2943e+09    20.5096    45    44     3.8889
   46  1.2897e+09    20.5232    46    45     3.9688
   47  1.2884e+09    20.5273    47    46     4.0486
   48  1.1817e+09    20.8648    48    47     4.1285
   49  1.1807e+09    20.8681    49    48     4.2083
   50  1.0598e+09    21.2950    50    49     4.2881
   51  1.0567e+09    21.3067    51    50     4.3678
   52  1.0359e+09    21.3862    52    51     4.4476
   53  1.0314e+09    21.4034    53    52     4.5273
   54  1.0124e+09    21.4779    54    53     4.6070
   55  7.9498e+08    22.4619    55    54     4.6867
   56  7.9282e+08    22.4732    56    55     4.7664
   57  7.9168e+08    22.4791    57    56     4.8460
   58  7.5378e+08    22.6827    58    57     4.9257
   59  7.4927e+08    22.7077    59    58     5.0053
   60  7.4918e+08    22.7082    60    59     5.0849
   61  7.4760e+08    22.7170    61    60     5.1646
   62  7.3692e+08    22.7770    62    61     5.2442
   63  7.2066e+08    22.8703    63    62     5.3238
   64  5.9435e+08    23.6869    64    63     5.4033
   65  5.9292e+08    23.6972    65    64     5.4829
   66  5.8014e+08    23.7909    66    65     5.5625
   67  5.6510e+08    23.9041    67    66     5.6421
   68  5.2535e+08    24.2204    68    67     5.7216
   69  5.2225e+08    24.2461    69    68     5.8012
   70  5.0593e+08    24.3849    70    69     5.8807
   71  5.0314e+08    24.4091    71    70     5.9602
   72  4.7297e+08    24.6810    72    71     6.0398
   73  4.7261e+08    24.6843    73    72     6.1193
   74  4.7244e+08    24.6859    74    73     6.1988
   75  4.6532e+08    24.7530    75    74     6.2783
   76  4.6123e+08    24.7921    76    75     6.3579
   77  4.2071e+08    25.2016    77    76     6.4374
   78  4.1905e+08    25.2193    78    77     6.5169
   79  4.1538e+08    25.2587    79    78     6.5964
   80  4.0748e+08    25.3449    80    79     6.6759
   81  4.0689e+08    25.3514    81    80     6.7554
   82  3.5513e+08    25.9683    82    81     6.8349
   83  3.5056e+08    26.0277    83    82     6.9143
   84  3.4924e+08    26.0449    84    83     6.9938
   85  3.4867e+08    26.0524    85    84     7.0733
   86  3.3792e+08    26.1961    86    85     7.1528
   87  3.3671e+08    26.2126    87    86     7.2323
   88  3.2916e+08    26.3171    88    87     7.3117
   89  3.2565e+08    26.3667    89    88     7.3912
   90  3.2146e+08    26.4265    90    89     7.4707
   91  3.1482e+08    26.5232    91    90     7.5502
   92  3.1436e+08    26.5299    92    91     7.6296
   93  3.1417e+08    26.5328    93    92     7.7091
   94  3.1264e+08    26.5555    94    93     7.7885
   95  3.1149e+08    26.5726    95    94     7.8680
   96  3.1124e+08    26.5763    96    95     7.9475
   97  3.0960e+08    26.6009    97    96     8.0269
   98  3.0924e+08    26.6063    98    97     8.1064
   99  3.0910e+08    26.6085    99    98     8.1858
  100  2.5250e+08    27.5602   100    99     8.2653
