#indx Mass S step-number desc_indx 
    0  3.1600e+11     5.9621     0    -1     0.0134
    1  3.1393e+11     5.9726     1     0     0.1326
    2  3.1126e+11     5.9863     2     1     0.2441
    3  2.3243e+11     6.4685     3     2     0.3500
    4  2.3130e+11     6.4768     4     3     0.4519
    5  2.2427e+11     6.5294     5     4     0.5506
    6  2.2140e+11     6.5514     6     5     0.6467
    7  2.1502e+11     6.6016     7     6     0.7407
    8  2.0600e+11     6.6757     8     7     0.8330
    9  2.0505e+11     6.6838     9     8     0.9238
   10  1.9810e+11     6.7439    10     9     1.0134
   11  1.9023e+11     6.8151    11    10     1.1018
   12  1.5529e+11     7.1799    12    11     1.1894
   13  1.5422e+11     7.1925    13    12     1.2761
   14  1.5347e+11     7.2015    14    13     1.3621
   15  1.5328e+11     7.2037    15    14     1.4474
   16  1.5085e+11     7.2331    16    15     1.5322
   17  1.3163e+11     7.4872    17    16     1.6165
   18  1.3085e+11     7.4985    18    17     1.7003
   19  1.2653e+11     7.5621    19    18     1.7838
   20  1.2566e+11     7.5752    20    19     1.8669
   21  1.2402e+11     7.6002    21    20     1.9496
   22  1.1686e+11     7.7143    22    21     2.0321
   23  1.1615e+11     7.7261    23    22     2.1143
   24  1.1603e+11     7.7281    24    23     2.1963
   25  1.1510e+11     7.7437    25    24     2.2781
   26  1.1400e+11     7.7622    26    25     2.3597
   27  1.1339e+11     7.7726    27    26     2.4411
   28  1.1266e+11     7.7852    28    27     2.5223
   29  1.0836e+11     7.8610    29    28     2.6034
   30  6.6675e+10     8.8529    30    29     2.6844
   31  6.5824e+10     8.8803    31    30     2.7652
   32  6.2066e+10     9.0064    32    31     2.8459
   33  6.1203e+10     9.0367    33    32     2.9266
   34  6.1179e+10     9.0375    34    33     3.0071
   35  5.4760e+10     9.2796    35    34     3.0876
   36  5.4297e+10     9.2983    36    35     3.1680
   37  5.3777e+10     9.3195    37    36     3.2483
   38  4.6178e+10     9.6608    38    37     3.3285
   39  4.2960e+10     9.8257    39    38     3.4087
   40  4.2051e+10     9.8749    40    39     3.4889
   41  4.1988e+10     9.8784    41    40     3.5689
   42  3.7134e+10    10.1646    42    41     3.6490
   43  3.7002e+10    10.1730    43    42     3.7290
   44  3.4529e+10    10.3369    44    43     3.8089
   45  3.2137e+10    10.5089    45    44     3.8889
   46  3.1876e+10    10.5286    46    45     3.9688
   47  3.0535e+10    10.6327    47    46     4.0486
   48  3.0490e+10    10.6363    48    47     4.1285
   49  3.0054e+10    10.6713    49    48     4.2083
   50  2.9788e+10    10.6931    50    49     4.2881
   51  2.9684e+10    10.7016    51    50     4.3678
   52  2.9538e+10    10.7136    52    51     4.4476
   53  2.9438e+10    10.7219    53    52     4.5273
   54  2.9182e+10    10.7433    54    53     4.6070
   55  2.9066e+10    10.7530    55    54     4.6867
   56  2.6495e+10    10.9817    56    55     4.7664
   57  2.6307e+10    10.9995    57    56     4.8460
   58  2.4257e+10    11.2029    58    57     4.9257
   59  2.4097e+10    11.2196    59    58     5.0053
   60  2.3898e+10    11.2407    60    59     5.0849
   61  2.3394e+10    11.2946    61    60     5.1646
   62  2.3172e+10    11.3189    62    61     5.2442
   63  2.3109e+10    11.3258    63    62     5.3238
   64  2.2925e+10    11.3461    64    63     5.4033
   65  2.2762e+10    11.3643    65    64     5.4829
   66  2.2694e+10    11.3720    66    65     5.5625
   67  2.1608e+10    11.4976    67    66     5.6421
   68  2.0793e+10    11.5967    68    67     5.7216
   69  2.0333e+10    11.6548    69    68     5.8012
   70  1.9897e+10    11.7111    70    69     5.8807
   71  1.9788e+10    11.7255    71    70     5.9602
   72  1.9634e+10    11.7458    72    71     6.0398
   73  1.9422e+10    11.7743    73    72     6.1193
   74  1.9079e+10    11.8209    74    73     6.1988
   75  1.8943e+10    11.8396    75    74     6.2783
   76  1.8779e+10    11.8625    76    75     6.3579
   77  1.7603e+10    12.0335    77    76     6.4374
   78  1.6834e+10    12.1526    78    77     6.5169
   79  1.6767e+10    12.1632    79    78     6.5964
   80  1.6697e+10    12.1744    80    79     6.6759
   81  1.6487e+10    12.2083    81    80     6.7554
   82  1.6356e+10    12.2297    82    81     6.8349
   83  1.6329e+10    12.2343    83    82     6.9143
   84  1.5842e+10    12.3158    84    83     6.9938
   85  1.5803e+10    12.3224    85    84     7.0733
   86  1.5796e+10    12.3238    86    85     7.1528
   87  1.4378e+10    12.5798    87    86     7.2323
   88  1.1895e+10    13.1075    88    87     7.3117
   89  1.1718e+10    13.1499    89    88     7.3912
   90  1.1620e+10    13.1736    90    89     7.4707
   91  9.8117e+09    13.6594    91    90     7.5502
   92  9.5053e+09    13.7519    92    91     7.6296
   93  9.4838e+09    13.7585    93    92     7.7091
   94  9.1285e+09    13.8705    94    93     7.7885
   95  9.0986e+09    13.8801    95    94     7.8680
   96  8.9590e+09    13.9257    96    95     7.9475
   97  8.9351e+09    13.9336    97    96     8.0269
   98  8.7263e+09    14.0035    98    97     8.1064
   99  8.7024e+09    14.0116    99    98     8.1858
  100  8.6356e+09    14.0344   100    99     8.2653
