#indx Mass S step-number desc_indx 
    0  3.1600e+11     5.9621     0    -1     0.0134
    1  3.0922e+11     5.9969     1     0     0.1326
    2  2.9235e+11     6.0875     2     1     0.2441
    3  2.5366e+11     6.3213     3     2     0.3500
    4  2.2697e+11     6.5089     4     3     0.4519
    5  1.8969e+11     6.8202     5     4     0.5506
    6  1.8897e+11     6.8269     6     5     0.6467
    7  1.8337e+11     6.8802     7     6     0.7407
    8  1.8118e+11     6.9016     8     7     0.8330
    9  1.6796e+11     7.0373     9     8     0.9238
   10  1.6697e+11     7.0480    10     9     1.0134
   11  1.6586e+11     7.0600    11    10     1.1018
   12  1.6484e+11     7.0712    12    11     1.1894
   13  1.5370e+11     7.1987    13    12     1.2761
   14  1.2857e+11     7.5317    14    13     1.3621
   15  1.2658e+11     7.5614    15    14     1.4474
   16  1.2367e+11     7.6057    16    15     1.5322
   17  1.2313e+11     7.6141    17    16     1.6165
   18  1.0835e+11     7.8612    18    17     1.7003
   19  1.0750e+11     7.8766    19    18     1.7838
   20  1.0693e+11     7.8871    20    19     1.8669
   21  1.0642e+11     7.8964    21    20     1.9496
   22  6.5617e+10     8.8870    22    21     2.0321
   23  6.5113e+10     8.9035    23    22     2.1143
   24  6.4504e+10     8.9236    24    23     2.1963
   25  5.9848e+10     9.0852    25    24     2.2781
   26  5.1537e+10     9.4140    26    25     2.3597
   27  5.1306e+10     9.4240    27    26     2.4411
   28  4.4812e+10     9.7291    28    27     2.5223
   29  3.7521e+10    10.1403    29    28     2.6034
   30  3.7239e+10    10.1579    30    29     2.6844
   31  3.7170e+10    10.1623    31    30     2.7652
   32  3.6482e+10    10.2063    32    31     2.8459
   33  3.6384e+10    10.2128    33    32     2.9266
   34  3.6018e+10    10.2366    34    33     3.0071
   35  3.5672e+10    10.2595    35    34     3.0876
   36  3.5236e+10    10.2887    36    35     3.1680
   37  3.4931e+10    10.3093    37    36     3.2483
   38  3.4741e+10    10.3222    38    37     3.3285
   39  3.0611e+10    10.6267    39    38     3.4087
   40  3.0328e+10    10.6492    40    39     3.4889
   41  2.9978e+10    10.6776    41    40     3.5689
   42  2.9594e+10    10.7090    42    41     3.6490
   43  2.9409e+10    10.7244    43    42     3.7290
   44  2.9390e+10    10.7259    44    43     3.8089
   45  2.9251e+10    10.7375    45    44     3.8889
   46  2.8425e+10    10.8078    46    45     3.9688
   47  2.8360e+10    10.8135    47    46     4.0486
   48  2.6360e+10    10.9945    48    47     4.1285
   49  2.6027e+10    11.0262    49    48     4.2083
   50  2.5387e+10    11.0885    50    49     4.2881
   51  2.5307e+10    11.0964    51    50     4.3678
   52  2.5219e+10    11.1051    52    51     4.4476
   53  2.5170e+10    11.1099    53    52     4.5273
   54  2.3490e+10    11.2842    54    53     4.6070
   55  2.1769e+10    11.4785    55    54     4.6867
   56  1.6805e+10    12.1572    56    55     4.7664
   57  1.6761e+10    12.1641    57    56     4.8460
   58  1.6294e+10    12.2401    58    57     4.9257
   59  1.6241e+10    12.2487    59    58     5.0053
   60  1.6043e+10    12.2819    60    59     5.0849
   61  1.5806e+10    12.3219    61    60     5.1646
   62  1.5734e+10    12.3342    62    61     5.2442
   63  1.5689e+10    12.3420    63    62     5.3238
   64  1.5674e+10    12.3446    64    63     5.4033
   65  1.4159e+10    12.6220    65    64     5.4829
   66  1.3870e+10    12.6787    66    65     5.5625
   67  1.3545e+10    12.7442    67    66     5.6421
   68  1.2338e+10    13.0045    68    67     5.7216
   69  1.2210e+10    13.0338    69    68     5.8012
   70  1.1614e+10    13.1751    70    69     5.8807
   71  1.1451e+10    13.2153    71    70     5.9602
   72  1.1412e+10    13.2249    72    71     6.0398
   73  1.1337e+10    13.2437    73    72     6.1193
   74  1.1288e+10    13.2560    74    73     6.1988
   75  1.1246e+10    13.2666    75    74     6.2783
   76  9.5978e+09    13.7236    76    75     6.3579
   77  8.5759e+09    14.0550    77    76     6.4374
   78  8.3327e+09    14.1406    78    77     6.5169
   79  7.7018e+09    14.3767    79    78     6.5964
   80  7.6913e+09    14.3809    80    79     6.6759
   81  5.4320e+09    15.4579    81    80     6.7554
   82  5.3903e+09    15.4823    82    81     6.8349
   83  5.3768e+09    15.4904    83    82     6.9143
   84  5.3429e+09    15.5105    84    83     6.9938
   85  1.4206e+08    30.3940    85    84     7.0733
   86  1.4072e+08    30.4423    86    85     7.1528
   87  1.3966e+08    30.4809    87    86     7.2323
   88  1.3620e+08    30.6089    88    87     7.3117
   89  1.3606e+08    30.6143    89    88     7.3912
   90  1.3559e+08    30.6319    90    89     7.4707
   91  1.3507e+08    30.6515    91    90     7.5502
   92  1.3230e+08    30.7579    92    91     7.6296
   93  1.3181e+08    30.7770    93    92     7.7091
   94  1.3112e+08    30.8038    94    93     7.7885
   95  1.2361e+08    31.1083    95    94     7.8680
   96  1.2280e+08    31.1423    96    95     7.9475
   97  1.2003e+08    31.2602    97    96     8.0269
   98  1.1828e+08    31.3365    98    97     8.1064
   99  1.1822e+08    31.3395    99    98     8.1858
  100  1.1117e+08    31.6603   100    99     8.2653
