#indx Mass S step-number desc_indx 
    0  3.1600e+11     5.9621     0    -1     0.0134
    1  3.0940e+11     5.9960     1     0     0.1326
    2  3.0574e+11     6.0151     2     1     0.2441
    3  2.8080e+11     6.1533     3     2     0.3500
    4  2.5595e+11     6.3063     4     3     0.4519
    5  2.5169e+11     6.3344     5     4     0.5506
    6  2.3807e+11     6.4279     6     5     0.6467
    7  2.3679e+11     6.4370     7     6     0.7407
    8  2.3256e+11     6.4675     8     7     0.8330
    9  2.2965e+11     6.4889     9     8     0.9238
   10  2.2240e+11     6.5437    10     9     1.0134
   11  2.2178e+11     6.5485    11    10     1.1018
   12  1.9418e+11     6.7790    12    11     1.1894
   13  1.8230e+11     6.8905    13    12     1.2761
   14  1.7905e+11     6.9226    14    13     1.3621
   15  1.7305e+11     6.9835    15    14     1.4474
   16  1.5852e+11     7.1422    16    15     1.5322
   17  1.5277e+11     7.2099    17    16     1.6165
   18  1.5158e+11     7.2242    18    17     1.7003
   19  1.4994e+11     7.2442    19    18     1.7838
   20  1.4002e+11     7.3713    20    19     1.8669
   21  1.3990e+11     7.3729    21    20     1.9496
   22  1.3905e+11     7.3842    22    21     2.0321
   23  8.9845e+10     8.2336    23    22     2.1143
   24  8.9279e+10     8.2464    24    23     2.1963
   25  8.8257e+10     8.2698    25    24     2.2781
   26  8.6890e+10     8.3015    26    25     2.3597
   27  8.6238e+10     8.3168    27    26     2.4411
   28  8.5824e+10     8.3266    28    27     2.5223
   29  8.5348e+10     8.3379    29    28     2.6034
   30  8.5087e+10     8.3442    30    29     2.6844
   31  7.8940e+10     8.4983    31    30     2.7652
   32  5.9581e+10     9.0949    32    31     2.8459
   33  5.9355e+10     9.1032    33    32     2.9266
   34  5.7240e+10     9.1823    34    33     3.0071
   35  5.7015e+10     9.1909    35    34     3.0876
   36  5.1097e+10     9.4331    36    35     3.1680
   37  5.0212e+10     9.4721    37    36     3.2483
   38  4.3766e+10     9.7831    38    37     3.3285
   39  4.0729e+10     9.9488    39    38     3.4087
   40  4.0533e+10     9.9599    40    39     3.4889
   41  3.6579e+10    10.2001    41    40     3.5689
   42  2.2143e+10    11.4348    42    41     3.6490
   43  2.2088e+10    11.4412    43    42     3.7290
   44  2.1438e+10    11.5179    44    43     3.8089
   45  2.1279e+10    11.5371    45    44     3.8889
   46  2.0777e+10    11.5987    46    45     3.9688
   47  2.0163e+10    11.6766    47    46     4.0486
   48  2.0106e+10    11.6840    48    47     4.1285
   49  1.9923e+10    11.7078    49    48     4.2083
   50  1.9625e+10    11.7471    50    49     4.2881
   51  1.8336e+10    11.9253    51    50     4.3678
   52  1.8125e+10    11.9559    52    51     4.4476
   53  1.7716e+10    12.0164    53    52     4.5273
   54  1.7415e+10    12.0620    54    53     4.6070
   55  1.7205e+10    12.0944    55    54     4.6867
   56  1.6843e+10    12.1511    56    55     4.7664
   57  1.6583e+10    12.1928    57    56     4.8460
   58  1.5721e+10    12.3365    58    57     4.9257
   59  1.1144e+10    13.2926    59    58     5.0053
   60  1.1109e+10    13.3016    60    59     5.0849
   61  1.1048e+10    13.3173    61    60     5.1646
   62  1.0894e+10    13.3573    62    61     5.2442
   63  1.0886e+10    13.3595    63    62     5.3238
   64  1.0250e+10    13.5327    64    63     5.4033
   65  1.0054e+10    13.5886    65    64     5.4829
   66  9.9195e+09    13.6276    66    65     5.5625
   67  9.8542e+09    13.6468    67    66     5.6421
   68  9.6707e+09    13.7015    68    67     5.7216
   69  8.7131e+09    14.0080    69    68     5.8012
   70  5.4535e+09    15.4454    70    69     5.8807
   71  5.4434e+09    15.4513    71    70     5.9602
   72  5.4136e+09    15.4686    72    71     6.0398
   73  5.4070e+09    15.4726    73    72     6.1193
   74  5.4036e+09    15.4746    74    73     6.1988
   75  4.4898e+09    16.0716    75    74     6.2783
   76  4.2773e+09    16.2304    76    75     6.3579
   77  4.2377e+09    16.2610    77    76     6.4374
   78  4.2326e+09    16.2650    78    77     6.5169
   79  3.5912e+09    16.8127    79    78     6.5964
   80  3.5264e+09    16.8742    80    79     6.6759
   81  3.2179e+09    17.1856    81    80     6.7554
   82  3.2146e+09    17.1892    82    81     6.8349
   83  3.1790e+09    17.2273    83    82     6.9143
   84  3.1467e+09    17.2623    84    83     6.9938
   85  3.1291e+09    17.2816    85    84     7.0733
   86  3.1107e+09    17.3019    86    85     7.1528
   87  3.1052e+09    17.3080    87    86     7.2323
   88  3.0946e+09    17.3198    88    87     7.3117
   89  3.0809e+09    17.3351    89    88     7.3912
   90  3.0770e+09    17.3395    90    89     7.4707
   91  3.0395e+09    17.3817    91    90     7.5502
   92  2.8613e+09    17.5913    92    91     7.6296
   93  2.8320e+09    17.6271    93    92     7.7091
   94  2.8314e+09    17.6278    94    93     7.7885
   95  2.8065e+09    17.6586    95    94     7.8680
   96  2.7860e+09    17.6843    96    95     7.9475
   97  2.7282e+09    17.7576    97    96     8.0269
   98  2.4989e+09    18.0673    98    97     8.1064
   99  2.4185e+09    18.1835    99    98     8.1858
  100  2.3621e+09    18.2677   100    99     8.2653
