#indx Mass S step-number desc_indx 
    0  3.1600e+11     5.9621     0    -1     0.0134
    1  3.1314e+11     5.9767     1     0     0.1326
    2  3.0759e+11     6.0054     2     1     0.2441
    3  2.9143e+11     6.0927     3     2     0.3500
    4  2.9056e+11     6.0975     4     3     0.4519
    5  2.7884e+11     6.1648     5     4     0.5506
    6  2.5444e+11     6.3162     6     5     0.6467
    7  2.4960e+11     6.3483     7     6     0.7407
    8  2.3138e+11     6.4762     8     7     0.8330
    9  2.0819e+11     6.6574     9     8     0.9238
   10  1.9804e+11     6.7445    10     9     1.0134
   11  1.9742e+11     6.7500    11    10     1.1018
   12  1.6682e+11     7.0496    12    11     1.1894
   13  1.5705e+11     7.1593    13    12     1.2761
   14  1.5551e+11     7.1773    14    13     1.3621
   15  1.3250e+11     7.4747    15    14     1.4474
   16  1.3143e+11     7.4901    16    15     1.5322
   17  1.3032e+11     7.5061    17    16     1.6165
   18  1.2955e+11     7.5173    18    17     1.7003
   19  1.2860e+11     7.5314    19    18     1.7838
   20  1.2778e+11     7.5434    20    19     1.8669
   21  1.2145e+11     7.6403    21    20     1.9496
   22  1.1844e+11     7.6885    22    21     2.0321
   23  1.1767e+11     7.7011    23    22     2.1143
   24  1.1303e+11     7.7789    24    23     2.1963
   25  1.1145e+11     7.8061    25    24     2.2781
   26  1.0738e+11     7.8789    26    25     2.3597
   27  8.8198e+10     8.2711    27    26     2.4411
   28  6.2641e+10     8.9866    28    27     2.5223
   29  6.0555e+10     9.0597    29    28     2.6034
   30  5.7950e+10     9.1553    30    29     2.6844
   31  5.2462e+10     9.3744    31    30     2.7652
   32  5.1609e+10     9.4109    32    31     2.8459
   33  5.1584e+10     9.4119    33    32     2.9266
   34  4.9575e+10     9.5007    34    33     3.0071
   35  4.6291e+10     9.6553    35    34     3.0876
   36  4.4977e+10     9.7207    36    35     3.1680
   37  4.1033e+10     9.9316    37    36     3.2483
   38  3.6979e+10    10.1745    38    37     3.3285
   39  3.6864e+10    10.1818    39    38     3.4087
   40  3.5031e+10    10.3025    40    39     3.4889
   41  3.4934e+10    10.3091    41    40     3.5689
   42  3.4025e+10    10.3719    42    41     3.6490
   43  1.5839e+10    12.3164    43    42     3.7290
   44  1.4650e+10    12.5285    44    43     3.8089
   45  1.4427e+10    12.5705    45    44     3.8889
   46  1.4339e+10    12.5872    46    45     3.9688
   47  1.3939e+10    12.6650    47    46     4.0486
   48  1.3912e+10    12.6703    48    47     4.1285
   49  1.2371e+10    12.9970    49    48     4.2083
   50  1.2337e+10    13.0048    50    49     4.2881
   51  1.2033e+10    13.0749    51    50     4.3678
   52  1.1627e+10    13.1720    52    51     4.4476
   53  1.1223e+10    13.2724    53    52     4.5273
   54  1.0996e+10    13.3308    54    53     4.6070
   55  9.0697e+09    13.8895    55    54     4.6867
   56  9.0050e+09    13.9106    56    55     4.7664
   57  8.9604e+09    13.9253    57    56     4.8460
   58  8.6129e+09    14.0422    58    57     4.9257
   59  7.9391e+09    14.2854    59    58     5.0053
   60  7.8343e+09    14.3253    60    59     5.0849
   61  7.2657e+09    14.5534    61    60     5.1646
   62  7.2613e+09    14.5552    62    61     5.2442
   63  7.1714e+09    14.5932    63    62     5.3238
   64  7.1595e+09    14.5982    64    63     5.4033
   65  6.8984e+09    14.7119    65    64     5.4829
   66  6.4932e+09    14.8983    66    65     5.5625
   67  6.4823e+09    14.9036    67    66     5.6421
   68  6.3990e+09    14.9436    68    67     5.7216
   69  6.3593e+09    14.9629    69    68     5.8012
   70  6.3200e+09    14.9822    70    69     5.8807
   71  6.2363e+09    15.0237    71    70     5.9602
   72  6.0856e+09    15.0999    72    71     6.0398
   73  6.0269e+09    15.1302    73    72     6.1193
   74  5.9998e+09    15.1443    74    73     6.1988
   75  5.7788e+09    15.2622    75    74     6.2783
   76  5.5406e+09    15.3951    76    75     6.3579
   77  5.5254e+09    15.4038    77    76     6.4374
   78  5.0656e+09    15.6809    78    77     6.5169
   79  5.0133e+09    15.7142    79    78     6.5964
   80  5.0107e+09    15.7159    80    79     6.6759
   81  4.9536e+09    15.7527    81    80     6.7554
   82  4.8697e+09    15.8078    82    81     6.8349
   83  4.8523e+09    15.8193    83    82     6.9143
   84  4.8379e+09    15.8289    84    83     6.9938
   85  4.7528e+09    15.8864    85    84     7.0733
   86  4.3309e+09    16.1895    86    85     7.1528
   87  4.2235e+09    16.2721    87    86     7.2323
   88  4.2130e+09    16.2803    88    87     7.3117
   89  4.0807e+09    16.3857    89    88     7.3912
   90  3.9996e+09    16.4523    90    89     7.4707
   91  3.9559e+09    16.4887    91    90     7.5502
   92  3.9363e+09    16.5053    92    91     7.6296
   93  3.9224e+09    16.5171    93    92     7.7091
   94  3.9188e+09    16.5202    94    93     7.7885
   95  3.8987e+09    16.5372    95    94     7.8680
   96  3.8518e+09    16.5776    96    95     7.9475
   97  3.5106e+09    16.8893    97    96     8.0269
   98  3.5057e+09    16.8940    98    97     8.1064
   99  3.4592e+09    16.9393    99    98     8.1858
  100  3.4119e+09    16.9859   100    99     8.2653
