#indx Mass S step-number desc_indx 
    0  3.1600e+11     5.9621     0    -1     0.0134
    1  2.5051e+11     6.3422     1     0     0.1326
    2  2.3983e+11     6.4154     2     1     0.2441
    3  2.2988e+11     6.4872     3     2     0.3500
    4  1.9313e+11     6.7885     4     3     0.4519
    5  1.8531e+11     6.8615     5     4     0.5506
    6  1.8369e+11     6.8771     6     5     0.6467
    7  1.6559e+11     7.0630     7     6     0.7407
    8  1.3423e+11     7.4504     8     7     0.8330
    9  1.2150e+11     7.6395     9     8     0.9238
   10  1.2129e+11     7.6428    10     9     1.0134
   11  1.2068e+11     7.6524    11    10     1.1018
   12  1.2031e+11     7.6584    12    11     1.1894
   13  1.1400e+11     7.7622    13    12     1.2761
   14  1.1208e+11     7.7952    14    13     1.3621
   15  1.1000e+11     7.8316    15    14     1.4474
   16  1.0272e+11     7.9660    16    15     1.5322
   17  9.9199e+10     8.0351    17    16     1.6165
   18  9.6030e+10     8.0998    18    17     1.7003
   19  8.3868e+10     8.3737    19    18     1.7838
   20  6.4047e+10     8.9388    20    19     1.8669
   21  6.3329e+10     8.9631    21    20     1.9496
   22  6.2256e+10     8.9998    22    21     2.0321
   23  6.1014e+10     9.0434    23    22     2.1143
   24  6.0806e+10     9.0507    24    23     2.1963
   25  5.8694e+10     9.1275    25    24     2.2781
   26  5.8452e+10     9.1365    26    25     2.3597
   27  5.8343e+10     9.1406    27    26     2.4411
   28  5.8175e+10     9.1469    28    27     2.5223
   29  5.2499e+10     9.3728    29    28     2.6034
   30  5.2278e+10     9.3822    30    29     2.6844
   31  5.0935e+10     9.4401    31    30     2.7652
   32  4.9474e+10     9.5053    32    31     2.8459
   33  4.7003e+10     9.6207    33    32     2.9266
   34  4.4399e+10     9.7502    34    33     3.0071
   35  4.4294e+10     9.7556    35    34     3.0876
   36  3.3876e+10    10.3824    36    35     3.1680
   37  2.7167e+10    10.9195    37    36     3.2483
   38  2.7000e+10    10.9348    38    37     3.3285
   39  2.6954e+10    10.9391    39    38     3.4087
   40  2.6483e+10    10.9829    40    39     3.4889
   41  2.5505e+10    11.0768    41    40     3.5689
   42  2.4962e+10    11.1308    42    41     3.6490
   43  2.4104e+10    11.2190    43    42     3.7290
   44  2.3877e+10    11.2429    44    43     3.8089
   45  2.3745e+10    11.2569    45    44     3.8889
   46  2.2424e+10    11.4025    46    45     3.9688
   47  2.1880e+10    11.4655    47    46     4.0486
   48  2.1340e+10    11.5297    48    47     4.1285
   49  2.1297e+10    11.5349    49    48     4.2083
   50  2.0823e+10    11.5930    50    49     4.2881
   51  2.0679e+10    11.6109    51    50     4.3678
   52  2.0518e+10    11.6313    52    51     4.4476
   53  1.8873e+10    11.8494    53    52     4.5273
   54  1.8168e+10    11.9497    54    53     4.6070
   55  1.8140e+10    11.9538    55    54     4.6867
   56  1.5971e+10    12.2939    56    55     4.7664
   57  1.5953e+10    12.2969    57    56     4.8460
   58  1.5380e+10    12.3959    58    57     4.9257
   59  1.5335e+10    12.4039    59    58     5.0053
   60  1.5086e+10    12.4484    60    59     5.0849
   61  1.4453e+10    12.5656    61    60     5.1646
   62  1.4340e+10    12.5871    62    61     5.2442
   63  1.3796e+10    12.6934    63    62     5.3238
   64  1.3673e+10    12.7182    64    63     5.4033
   65  1.3501e+10    12.7532    65    64     5.4829
   66  1.3138e+10    12.8290    66    65     5.5625
   67  1.2809e+10    12.8996    67    66     5.6421
   68  1.2232e+10    13.0287    68    67     5.7216
   69  1.1262e+10    13.2625    69    68     5.8012
   70  1.1227e+10    13.2716    70    69     5.8807
   71  1.1206e+10    13.2768    71    70     5.9602
   72  6.7408e+09    14.7829    72    71     6.0398
   73  6.4737e+09    14.9077    73    72     6.1193
   74  5.9618e+09    15.1643    74    73     6.1988
   75  5.4880e+09    15.4253    75    74     6.2783
   76  5.3521e+09    15.5050    76    75     6.3579
   77  4.9098e+09    15.7813    77    76     6.4374
   78  4.8994e+09    15.7882    78    77     6.5169
   79  4.8876e+09    15.7960    79    78     6.5964
   80  4.8833e+09    15.7988    80    79     6.6759
   81  4.8593e+09    15.8147    81    80     6.7554
   82  4.8554e+09    15.8173    82    81     6.8349
   83  4.8522e+09    15.8194    83    82     6.9143
   84  4.7599e+09    15.8816    84    83     6.9938
   85  4.7077e+09    15.9173    85    84     7.0733
   86  4.3034e+09    16.2105    86    85     7.1528
   87  4.2509e+09    16.2508    87    86     7.2323
   88  4.1411e+09    16.3371    88    87     7.3117
   89  4.1133e+09    16.3593    89    88     7.3912
   90  3.7485e+09    16.6685    90    89     7.4707
   91  3.7106e+09    16.7026    91    90     7.5502
   92  3.6672e+09    16.7421    92    91     7.6296
   93  3.0929e+09    17.3217    93    92     7.7091
   94  3.0922e+09    17.3225    94    93     7.7885
   95  2.6229e+09    17.8960    95    94     7.8680
   96  2.6029e+09    17.9229    96    95     7.9475
   97  2.5913e+09    17.9387    97    96     8.0269
   98  2.5145e+09    18.0452    98    97     8.1064
   99  2.4943e+09    18.0737    99    98     8.1858
  100  2.4908e+09    18.0788   100    99     8.2653
