#indx Mass S step-number desc_indx 
    0  3.1600e+11     5.9621     0    -1     0.0134
    1  2.2327e+11     6.5370     1     0     0.1326
    2  2.2173e+11     6.5489     2     1     0.2441
    3  2.1374e+11     6.6119     3     2     0.3500
    4  2.1055e+11     6.6379     4     3     0.4519
    5  2.0889e+11     6.6516     5     4     0.5506
    6  2.0018e+11     6.7257     6     5     0.6467
    7  1.6348e+11     7.0862     7     6     0.7407
    8  1.6296e+11     7.0920     8     7     0.8330
    9  1.6025e+11     7.1225     9     8     0.9238
   10  1.5894e+11     7.1374    10     9     1.0134
   11  1.5604e+11     7.1711    11    10     1.1018
   12  1.5398e+11     7.1954    12    11     1.1894
   13  1.4099e+11     7.3583    13    12     1.2761
   14  1.3875e+11     7.3883    14    13     1.3621
   15  1.2399e+11     7.6007    15    14     1.4474
   16  1.2313e+11     7.6141    16    15     1.5322
   17  1.2177e+11     7.6352    17    16     1.6165
   18  1.1258e+11     7.7866    18    17     1.7003
   19  1.1077e+11     7.8180    19    18     1.7838
   20  1.0185e+11     7.9829    20    19     1.8669
   21  1.0082e+11     8.0029    21    20     1.9496
   22  9.9869e+10     8.0218    22    21     2.0321
   23  9.9447e+10     8.0302    23    22     2.1143
   24  9.8779e+10     8.0436    24    23     2.1963
   25  9.2128e+10     8.1830    25    24     2.2781
   26  9.1984e+10     8.1862    26    25     2.3597
   27  8.2808e+10     8.3998    27    26     2.4411
   28  7.9362e+10     8.4873    28    27     2.5223
   29  2.5781e+10    11.0499    29    28     2.6034
   30  2.5396e+10    11.0875    30    29     2.6844
   31  2.5346e+10    11.0925    31    30     2.7652
   32  2.5258e+10    11.1012    32    31     2.8459
   33  7.9737e+09    14.2724    33    32     2.9266
   34  7.9628e+09    14.2765    34    33     3.0071
   35  7.9609e+09    14.2772    35    34     3.0876
   36  7.6349e+09    14.4031    36    35     3.1680
   37  6.9608e+09    14.6843    37    36     3.2483
   38  5.3721e+09    15.4931    38    37     3.3285
   39  5.3603e+09    15.5001    39    38     3.4087
   40  5.3500e+09    15.5062    40    39     3.4889
   41  5.3284e+09    15.5192    41    40     3.5689
   42  5.1711e+09    15.6148    42    41     3.6490
   43  5.1685e+09    15.6165    43    42     3.7290
   44  5.1142e+09    15.6502    44    43     3.8089
   45  3.8147e+09    16.6099    45    44     3.8889
   46  3.7242e+09    16.6903    46    45     3.9688
   47  3.7109e+09    16.7023    47    46     4.0486
   48  3.6681e+09    16.7413    48    47     4.1285
   49  3.5954e+09    16.8087    49    48     4.2083
   50  3.5903e+09    16.8135    50    49     4.2881
   51  3.4632e+09    16.9354    51    50     4.3678
   52  3.4558e+09    16.9426    52    51     4.4476
   53  3.4493e+09    16.9490    53    52     4.5273
   54  3.3886e+09    17.0093    54    53     4.6070
   55  2.8778e+09    17.5713    55    54     4.6867
   56  2.6990e+09    17.7954    56    55     4.7664
   57  2.6711e+09    17.8319    57    56     4.8460
   58  2.6573e+09    17.8501    58    57     4.9257
   59  2.6531e+09    17.8556    59    58     5.0053
   60  2.3173e+09    18.3363    60    59     5.0849
   61  2.3155e+09    18.3390    61    60     5.1646
   62  2.1148e+09    18.6662    62    61     5.2442
   63  2.0919e+09    18.7058    63    62     5.3238
   64  2.0864e+09    18.7153    64    63     5.4033
   65  2.0629e+09    18.7566    65    64     5.4829
   66  2.0572e+09    18.7666    66    65     5.5625
   67  1.9743e+09    18.9170    67    66     5.6421
   68  1.9734e+09    18.9187    68    67     5.7216
   69  1.9643e+09    18.9356    69    68     5.8012
   70  1.9285e+09    19.0032    70    69     5.8807
   71  1.9034e+09    19.0513    71    70     5.9602
   72  1.8807e+09    19.0955    72    71     6.0398
   73  1.8791e+09    19.0987    73    72     6.1193
   74  1.8674e+09    19.1218    74    73     6.1988
   75  1.8534e+09    19.1496    75    74     6.2783
   76  1.8524e+09    19.1515    76    75     6.3579
   77  1.8266e+09    19.2034    77    76     6.4374
   78  1.8239e+09    19.2089    78    77     6.5169
   79  1.8152e+09    19.2266    79    78     6.5964
   80  1.7979e+09    19.2621    80    79     6.6759
   81  1.7916e+09    19.2751    81    80     6.7554
   82  1.7542e+09    19.3536    82    81     6.8349
   83  1.7514e+09    19.3596    83    82     6.9143
   84  1.7130e+09    19.4423    84    83     6.9938
   85  1.7084e+09    19.4524    85    84     7.0733
   86  1.7065e+09    19.4565    86    85     7.1528
   87  1.6606e+09    19.5585    87    86     7.2323
   88  1.6572e+09    19.5664    88    87     7.3117
   89  1.6251e+09    19.6397    89    88     7.3912
   90  1.6243e+09    19.6416    90    89     7.4707
   91  1.6056e+09    19.6852    91    90     7.5502
   92  1.5583e+09    19.7982    92    91     7.6296
   93  1.5183e+09    19.8967    93    92     7.7091
   94  1.4970e+09    19.9504    94    93     7.7885
   95  1.4736e+09    20.0104    95    94     7.8680
   96  1.4726e+09    20.0132    96    95     7.9475
   97  1.4712e+09    20.0166    97    96     8.0269
   98  1.4611e+09    20.0431    98    97     8.1064
   99  1.4213e+09    20.1487    99    98     8.1858
  100  1.4162e+09    20.1623   100    99     8.2653
