#indx Mass S step-number desc_indx 
    0  3.1600e+11     5.9621     0    -1     0.0134
    1  3.1412e+11     5.9717     1     0     0.1326
    2  3.0580e+11     6.0148     2     1     0.2441
    3  3.0463e+11     6.0210     3     2     0.3500
    4  2.9920e+11     6.0500     4     3     0.4519
    5  2.9609e+11     6.0669     5     4     0.5506
    6  2.9080e+11     6.0962     6     5     0.6467
    7  2.8980e+11     6.1018     7     6     0.7407
    8  2.6501e+11     6.2485     8     7     0.8330
    9  2.6383e+11     6.2559     9     8     0.9238
   10  2.5500e+11     6.3126    10     9     1.0134
   11  2.4119e+11     6.4059    11    10     1.1018
   12  2.2967e+11     6.4888    12    11     1.1894
   13  2.2276e+11     6.5409    13    12     1.2761
   14  2.1478e+11     6.6036    14    13     1.3621
   15  2.0395e+11     6.6931    15    14     1.4474
   16  1.8694e+11     6.8460    16    15     1.5322
   17  1.7782e+11     6.9349    17    16     1.6165
   18  1.7638e+11     6.9494    18    17     1.7003
   19  1.7003e+11     7.0151    19    18     1.7838
   20  1.6203e+11     7.1023    20    19     1.8669
   21  1.4876e+11     7.2588    21    20     1.9496
   22  1.4843e+11     7.2630    22    21     2.0321
   23  1.3478e+11     7.4427    23    22     2.1143
   24  1.3390e+11     7.4551    24    23     2.1963
   25  1.2019e+11     7.6604    25    24     2.2781
   26  1.1862e+11     7.6855    26    25     2.3597
   27  7.8001e+10     8.5231    27    26     2.4411
   28  7.0651e+10     8.7301    28    27     2.5223
   29  6.9503e+10     8.7647    29    28     2.6034
   30  6.7643e+10     8.8222    30    29     2.6844
   31  6.4872e+10     8.9114    31    30     2.7652
   32  6.4710e+10     8.9168    32    31     2.8459
   33  5.9874e+10     9.0843    33    32     2.9266
   34  5.9826e+10     9.0860    34    33     3.0071
   35  4.4218e+10     9.7596    35    34     3.0876
   36  4.3464e+10     9.7990    36    35     3.1680
   37  4.3454e+10     9.7995    37    36     3.2483
   38  4.3408e+10     9.8019    38    37     3.3285
   39  4.3075e+10     9.8196    39    38     3.4087
   40  4.3007e+10     9.8232    40    39     3.4889
   41  4.3000e+10     9.8236    41    40     3.5689
   42  4.2226e+10     9.8654    42    41     3.6490
   43  4.1087e+10     9.9285    43    42     3.7290
   44  4.1046e+10     9.9308    44    43     3.8089
   45  4.0409e+10     9.9671    45    44     3.8889
   46  3.3959e+10    10.3766    46    45     3.9688
   47  3.3200e+10    10.4307    47    46     4.0486
   48  3.3173e+10    10.4326    48    47     4.1285
   49  3.1956e+10    10.5225    49    48     4.2083
   50  3.1237e+10    10.5776    50    49     4.2881
   51  3.0637e+10    10.6246    51    50     4.3678
   52  2.8974e+10    10.7608    52    51     4.4476
   53  2.8881e+10    10.7687    53    52     4.5273
   54  2.7940e+10    10.8502    54    53     4.6070
   55  2.4395e+10    11.1887    55    54     4.6867
   56  2.4247e+10    11.2040    56    55     4.7664
   57  2.4202e+10    11.2086    57    56     4.8460
   58  2.4150e+10    11.2141    58    57     4.9257
   59  2.0147e+10    11.6786    59    58     5.0053
   60  1.9992e+10    11.6987    60    59     5.0849
   61  1.9963e+10    11.7024    61    60     5.1646
   62  1.8261e+10    11.9362    62    61     5.2442
   63  5.3167e+09    15.5262    63    62     5.3238
   64  5.2010e+09    15.5964    64    63     5.4033
   65  5.1064e+09    15.6551    65    64     5.4829
   66  5.0723e+09    15.6766    66    65     5.5625
   67  5.0628e+09    15.6826    67    66     5.6421
   68  5.0164e+09    15.7122    68    67     5.7216
   69  4.5858e+09    16.0026    69    68     5.8012
   70  4.5216e+09    16.0485    70    69     5.8807
   71  4.4846e+09    16.0753    71    70     5.9602
   72  3.9885e+09    16.4615    72    71     6.0398
   73  3.6539e+09    16.7543    73    72     6.1193
   74  3.6351e+09    16.7718    74    73     6.1988
   75  3.6204e+09    16.7854    75    74     6.2783
   76  3.6047e+09    16.8000    76    75     6.3579
   77  3.6005e+09    16.8040    77    76     6.4374
   78  3.5749e+09    16.8280    78    77     6.5169
   79  3.5651e+09    16.8372    79    78     6.5964
   80  3.4269e+09    16.9711    80    79     6.6759
   81  3.4260e+09    16.9720    81    80     6.7554
   82  3.3760e+09    17.0220    82    81     6.8349
   83  3.3580e+09    17.0401    83    82     6.9143
   84  3.3566e+09    17.0416    84    83     6.9938
   85  3.3418e+09    17.0566    85    84     7.0733
   86  3.3328e+09    17.0658    86    85     7.1528
   87  3.3308e+09    17.0678    87    86     7.2323
   88  3.3166e+09    17.0824    88    87     7.3117
   89  3.2531e+09    17.1484    89    88     7.3912
   90  3.2019e+09    17.2027    90    89     7.4707
   91  2.9928e+09    17.4353    91    90     7.5502
   92  2.9806e+09    17.4494    92    91     7.6296
   93  2.9610e+09    17.4723    93    92     7.7091
   94  2.9456e+09    17.4904    94    93     7.7885
   95  2.8704e+09    17.5801    95    94     7.8680
   96  2.8616e+09    17.5909    96    95     7.9475
   97  2.5538e+09    17.9903    97    96     8.0269
   98  2.5205e+09    18.0366    98    97     8.1064
   99  2.5186e+09    18.0393    99    98     8.1858
  100  2.4554e+09    18.1296   100    99     8.2653
