#indx Mass S step-number desc_indx 
    0  3.1600e+11     5.9621     0    -1     0.0134
    1  2.2743e+11     6.5055     1     0     0.1326
    2  2.2056e+11     6.5579     2     1     0.2441
    3  1.8931e+11     6.8237     3     2     0.3500
    4  1.8531e+11     6.8615     4     3     0.4519
    5  1.1854e+11     7.6869     5     4     0.5506
    6  8.8423e+10     8.2660     6     5     0.6467
    7  8.6181e+10     8.3181     7     6     0.7407
    8  8.6094e+10     8.3202     8     7     0.8330
    9  8.0928e+10     8.4469     9     8     0.9238
   10  7.9257e+10     8.4900    10     9     1.0134
   11  7.8393e+10     8.5127    11    10     1.1018
   12  6.9862e+10     8.7538    12    11     1.1894
   13  6.8036e+10     8.8099    13    12     1.2761
   14  6.3836e+10     8.9459    14    13     1.3621
   15  4.2494e+10     9.8508    15    14     1.4474
   16  4.2456e+10     9.8529    16    15     1.5322
   17  4.1875e+10     9.8846    17    16     1.6165
   18  4.1705e+10     9.8940    18    17     1.7003
   19  3.9935e+10     9.9945    19    18     1.7838
   20  3.9564e+10    10.0162    20    19     1.8669
   21  3.9227e+10    10.0361    21    20     1.9496
   22  3.9114e+10    10.0429    22    21     2.0321
   23  2.8029e+10    10.8423    23    22     2.1143
   24  2.7140e+10    10.9221    24    23     2.1963
   25  2.6617e+10    10.9703    25    24     2.2781
   26  2.6255e+10    11.0044    26    25     2.3597
   27  2.5736e+10    11.0542    27    26     2.4411
   28  2.5259e+10    11.1011    28    27     2.5223
   29  1.4186e+10    12.6167    29    28     2.6034
   30  1.4105e+10    12.6324    30    29     2.6844
   31  1.3820e+10    12.6886    31    30     2.7652
   32  1.3758e+10    12.7010    32    31     2.8459
   33  1.3668e+10    12.7193    33    32     2.9266
   34  1.3642e+10    12.7245    34    33     3.0071
   35  1.3583e+10    12.7365    35    34     3.0876
   36  1.3375e+10    12.7793    36    35     3.1680
   37  1.3264e+10    12.8025    37    36     3.2483
   38  1.3030e+10    12.8519    38    37     3.3285
   39  1.2846e+10    12.8914    39    38     3.4087
   40  1.2738e+10    12.9152    40    39     3.4889
   41  1.2720e+10    12.9191    41    40     3.5689
   42  1.2569e+10    12.9524    42    41     3.6490
   43  1.2120e+10    13.0546    43    42     3.7290
   44  9.4775e+09    13.7605    44    43     3.8089
   45  9.4248e+09    13.7768    45    44     3.8889
   46  9.0087e+09    13.9094    46    45     3.9688
   47  8.2268e+09    14.1788    47    46     4.0486
   48  8.2072e+09    14.1859    48    47     4.1285
   49  8.1902e+09    14.1921    49    48     4.2083
   50  8.1452e+09    14.2086    50    49     4.2881
   51  8.1361e+09    14.2120    51    50     4.3678
   52  7.9993e+09    14.2627    52    51     4.4476
   53  7.9514e+09    14.2807    53    52     4.5273
   54  7.9327e+09    14.2878    54    53     4.6070
   55  7.4947e+09    14.4591    55    54     4.6867
   56  7.4543e+09    14.4755    56    55     4.7664
   57  6.9934e+09    14.6699    57    56     4.8460
   58  5.9582e+09    15.1661    58    57     4.9257
   59  5.9235e+09    15.1844    59    58     5.0053
   60  5.7005e+09    15.3051    60    59     5.0849
   61  5.6573e+09    15.3292    61    60     5.1646
   62  5.6539e+09    15.3311    62    61     5.2442
   63  5.3535e+09    15.5042    63    62     5.3238
   64  5.3464e+09    15.5084    64    63     5.4033
   65  5.3440e+09    15.5098    65    64     5.4829
   66  5.3247e+09    15.5214    66    65     5.5625
   67  5.2970e+09    15.5380    67    66     5.6421
   68  5.2023e+09    15.5956    68    67     5.7216
   69  4.8539e+09    15.8183    69    68     5.8012
   70  4.6647e+09    15.9471    70    69     5.8807
   71  4.6558e+09    15.9533    71    70     5.9602
   72  4.4864e+09    16.0740    72    71     6.0398
   73  3.9578e+09    16.4871    73    72     6.1193
   74  3.8918e+09    16.5431    74    73     6.1988
   75  3.7982e+09    16.6244    75    74     6.2783
   76  3.7787e+09    16.6417    76    75     6.3579
   77  1.9545e+09    18.9539    77    76     6.4374
   78  1.9539e+09    18.9550    78    77     6.5169
   79  1.7350e+09    19.3948    79    78     6.5964
   80  1.6797e+09    19.5157    80    79     6.6759
   81  1.6681e+09    19.5416    81    80     6.7554
   82  1.6345e+09    19.6181    82    81     6.8349
   83  1.5668e+09    19.7776    83    82     6.9143
   84  1.5542e+09    19.8082    84    83     6.9938
   85  1.5165e+09    19.9013    85    84     7.0733
   86  1.3872e+09    20.2417    86    85     7.1528
   87  1.3853e+09    20.2471    87    86     7.2323
   88  1.3849e+09    20.2481    88    87     7.3117
   89  1.2173e+09    20.7484    89    88     7.3912
   90  1.2164e+09    20.7513    90    89     7.4707
   91  1.1729e+09    20.8940    91    90     7.5502
   92  1.1614e+09    20.9329    92    91     7.6296
   93  1.1345e+09    21.0250    93    92     7.7091
   94  1.1125e+09    21.1024    94    93     7.7885
   95  1.1112e+09    21.1072    95    94     7.8680
   96  1.1075e+09    21.1203    96    95     7.9475
   97  1.0962e+09    21.1611    97    96     8.0269
   98  1.0823e+09    21.2118    98    97     8.1064
   99  1.0764e+09    21.2335    99    98     8.1858
  100  1.0604e+09    21.2931   100    99     8.2653
