#indx Mass S step-number desc_indx 
    0  3.1600e+11     5.9621     0    -1     0.0134
    1  3.1195e+11     5.9828     1     0     0.1326
    2  3.0888e+11     5.9987     2     1     0.2441
    3  3.0388e+11     6.0249     3     2     0.3500
    4  2.9905e+11     6.0508     4     3     0.4519
    5  2.9881e+11     6.0521     5     4     0.5506
    6  2.9700e+11     6.0619     6     5     0.6467
    7  2.9308e+11     6.0835     7     6     0.7407
    8  2.9131e+11     6.0933     8     7     0.8330
    9  2.9112e+11     6.0944     9     8     0.9238
   10  2.9066e+11     6.0969    10     9     1.0134
   11  2.8345e+11     6.1379    11    10     1.1018
   12  2.8002e+11     6.1578    12    11     1.1894
   13  2.7890e+11     6.1644    13    12     1.2761
   14  1.0317e+11     7.9574    14    13     1.3621
   15  4.0946e+10     9.9365    15    14     1.4474
   16  4.0327e+10     9.9718    16    15     1.5322
   17  3.8524e+10    10.0784    17    16     1.6165
   18  3.3393e+10    10.4168    18    17     1.7003
   19  3.3293e+10    10.4240    19    18     1.7838
   20  3.2946e+10    10.4491    20    19     1.8669
   21  3.0960e+10    10.5992    21    20     1.9496
   22  3.0198e+10    10.6597    22    21     2.0321
   23  2.5898e+10    11.0386    23    22     2.1143
   24  2.5848e+10    11.0434    24    23     2.1963
   25  2.5774e+10    11.0505    25    24     2.2781
   26  2.5700e+10    11.0578    26    25     2.3597
   27  2.4772e+10    11.1500    27    26     2.4411
   28  2.4462e+10    11.1817    28    27     2.5223
   29  2.4371e+10    11.1911    29    28     2.6034
   30  2.0279e+10    11.6617    30    29     2.6844
   31  2.0034e+10    11.6933    31    30     2.7652
   32  1.7443e+10    12.0578    32    31     2.8459
   33  1.2281e+10    13.0175    33    32     2.9266
   34  1.2199e+10    13.0364    34    33     3.0071
   35  1.0572e+10    13.4435    35    34     3.0876
   36  1.0435e+10    13.4810    36    35     3.1680
   37  9.7455e+09    13.6791    37    36     3.2483
   38  9.1659e+09    13.8585    38    37     3.3285
   39  9.0857e+09    13.8843    39    38     3.4087
   40  9.0234e+09    13.9046    40    39     3.4889
   41  7.0640e+09    14.6393    41    40     3.5689
   42  7.0278e+09    14.6549    42    41     3.6490
   43  5.3970e+09    15.4784    43    42     3.7290
   44  5.3068e+09    15.5321    44    43     3.8089
   45  5.1850e+09    15.6062    45    44     3.8889
   46  4.9510e+09    15.7545    46    45     3.9688
   47  4.9140e+09    15.7786    47    46     4.0486
   48  4.0165e+09    16.4383    48    47     4.1285
   49  3.9800e+09    16.4686    49    48     4.2083
   50  3.8006e+09    16.6224    50    49     4.2881
   51  3.6843e+09    16.7265    51    50     4.3678
   52  3.6681e+09    16.7413    52    51     4.4476
   53  3.6045e+09    16.8002    53    52     4.5273
   54  3.5715e+09    16.8312    54    53     4.6070
   55  3.5274e+09    16.8732    55    54     4.6867
   56  3.5241e+09    16.8763    56    55     4.7664
   57  3.4788e+09    16.9201    57    56     4.8460
   58  3.2756e+09    17.1248    58    57     4.9257
   59  3.0859e+09    17.3295    59    58     5.0053
   60  3.0640e+09    17.3540    60    59     5.0849
   61  2.9712e+09    17.4603    61    60     5.1646
   62  2.9594e+09    17.4741    62    61     5.2442
   63  2.9074e+09    17.5356    63    62     5.3238
   64  2.7726e+09    17.7011    64    63     5.4033
   65  2.7261e+09    17.7604    65    64     5.4829
   66  2.7190e+09    17.7695    66    65     5.5625
   67  2.6356e+09    17.8790    67    66     5.6421
   68  2.5676e+09    17.9712    68    67     5.7216
   69  2.5579e+09    17.9846    69    68     5.8012
   70  1.8575e+09    19.1413    70    69     5.8807
   71  1.8512e+09    19.1540    71    70     5.9602
   72  1.8505e+09    19.1554    72    71     6.0398
   73  1.8213e+09    19.2143    73    72     6.1193
   74  1.8134e+09    19.2303    74    73     6.1988
   75  1.7957e+09    19.2668    75    74     6.2783
   76  1.7661e+09    19.3286    76    75     6.3579
   77  1.5225e+09    19.8863    77    76     6.4374
   78  1.4456e+09    20.0836    78    77     6.5169
   79  1.2348e+09    20.6925    79    78     6.5964
   80  1.2266e+09    20.7185    80    79     6.6759
   81  1.2251e+09    20.7233    81    80     6.7554
   82  1.2180e+09    20.7460    82    81     6.8349
   83  1.2154e+09    20.7546    83    82     6.9143
   84  1.0524e+09    21.3230    84    83     6.9938
   85  1.0421e+09    21.3625    85    84     7.0733
   86  1.0318e+09    21.4021    86    85     7.1528
   87  9.8257e+08    21.5980    87    86     7.2323
   88  9.6016e+08    21.6910    88    87     7.3117
   89  9.5231e+08    21.7241    89    88     7.3912
   90  9.4423e+08    21.7585    90    89     7.4707
   91  9.3308e+08    21.8066    91    90     7.5502
   92  9.3050e+08    21.8178    92    91     7.6296
   93  9.3008e+08    21.8197    93    92     7.7091
   94  9.2718e+08    21.8323    94    93     7.7885
   95  9.1503e+08    21.8858    95    94     7.8680
   96  2.9133e+08    26.8846    96    95     7.9475
   97  2.8786e+08    26.9409    97    96     8.0269
   98  2.8782e+08    26.9414    98    97     8.1064
   99  2.8695e+08    26.9557    99    98     8.1858
  100  2.8677e+08    26.9586   100    99     8.2653
