#indx Mass S step-number desc_indx 
    0  3.1600e+11     5.9621     0    -1     0.0134
    1  3.1422e+11     5.9712     1     0     0.1326
    2  3.0391e+11     6.0248     2     1     0.2441
    3  2.9794e+11     6.0568     3     2     0.3500
    4  2.9691e+11     6.0624     4     3     0.4519
    5  2.9452e+11     6.0755     5     4     0.5506
    6  2.9253e+11     6.0865     6     5     0.6467
    7  2.3269e+11     6.4666     7     6     0.7407
    8  2.3124e+11     6.4772     8     7     0.8330
    9  2.3083e+11     6.4802     9     8     0.9238
   10  2.2873e+11     6.4957    10     9     1.0134
   11  2.2575e+11     6.5181    11    10     1.1018
   12  2.2408e+11     6.5308    12    11     1.1894
   13  2.0714e+11     6.6662    13    12     1.2761
   14  2.0308e+11     6.7007    14    13     1.3621
   15  1.9838e+11     6.7414    15    14     1.4474
   16  1.9057e+11     6.8120    16    15     1.5322
   17  1.9031e+11     6.8144    17    16     1.6165
   18  1.6173e+11     7.1057    18    17     1.7003
   19  1.5940e+11     7.1321    19    18     1.7838
   20  1.5860e+11     7.1414    20    19     1.8669
   21  1.5644e+11     7.1664    21    20     1.9496
   22  1.5239e+11     7.2145    22    21     2.0321
   23  1.5102e+11     7.2311    23    22     2.1143
   24  1.5036e+11     7.2392    24    23     2.1963
   25  1.4868e+11     7.2598    25    24     2.2781
   26  1.4818e+11     7.2661    26    25     2.3597
   27  1.4428e+11     7.3155    27    26     2.4411
   28  1.3969e+11     7.3757    28    27     2.5223
   29  1.3777e+11     7.4015    29    28     2.6034
   30  1.3710e+11     7.4106    30    29     2.6844
   31  1.3479e+11     7.4426    31    30     2.7652
   32  1.3232e+11     7.4773    32    31     2.8459
   33  1.3208e+11     7.4808    33    32     2.9266
   34  1.3142e+11     7.4903    34    33     3.0071
   35  1.0455e+11     7.9313    35    34     3.0876
   36  1.0305e+11     7.9597    36    35     3.1680
   37  1.0281e+11     7.9644    37    36     3.2483
   38  7.5802e+10     8.5825    38    37     3.3285
   39  7.3384e+10     8.6503    39    38     3.4087
   40  7.2237e+10     8.6833    40    39     3.4889
   41  7.1437e+10     8.7068    41    40     3.5689
   42  6.9294e+10     8.7710    42    41     3.6490
   43  6.8123e+10     8.8072    43    42     3.7290
   44  6.7470e+10     8.8276    44    43     3.8089
   45  6.6939e+10     8.8444    45    44     3.8889
   46  6.6646e+10     8.8538    46    45     3.9688
   47  6.3764e+10     8.9483    47    46     4.0486
   48  6.1571e+10     9.0237    48    47     4.1285
   49  5.9801e+10     9.0869    49    48     4.2083
   50  5.9175e+10     9.1098    50    49     4.2881
   51  5.7109e+10     9.1873    51    50     4.3678
   52  5.4107e+10     9.3060    52    51     4.4476
   53  5.3681e+10     9.3235    53    52     4.5273
   54  4.8272e+10     9.5606    54    53     4.6070
   55  4.8080e+10     9.5695    55    54     4.6867
   56  4.7968e+10     9.5748    56    55     4.7664
   57  4.7732e+10     9.5859    57    56     4.8460
   58  4.7427e+10     9.6004    58    57     4.9257
   59  4.7046e+10     9.6186    59    58     5.0053
   60  4.6871e+10     9.6270    60    59     5.0849
   61  4.5827e+10     9.6781    61    60     5.1646
   62  4.3493e+10     9.7975    62    61     5.2442
   63  4.3464e+10     9.7990    63    62     5.3238
   64  4.3099e+10     9.8183    64    63     5.4033
   65  4.2845e+10     9.8319    65    64     5.4829
   66  4.1922e+10     9.8820    66    65     5.5625
   67  4.1348e+10     9.9138    67    66     5.6421
   68  4.0856e+10     9.9416    68    67     5.7216
   69  3.9986e+10     9.9915    69    68     5.8012
   70  3.9974e+10     9.9922    70    69     5.8807
   71  3.9310e+10    10.0312    71    70     5.9602
   72  3.8770e+10    10.0635    72    71     6.0398
   73  3.7931e+10    10.1147    73    72     6.1193
   74  3.7905e+10    10.1163    74    73     6.1988
   75  3.7527e+10    10.1398    75    74     6.2783
   76  3.7335e+10    10.1519    76    75     6.3579
   77  3.7227e+10    10.1587    77    76     6.4374
   78  3.6962e+10    10.1755    78    77     6.5169
   79  3.0491e+10    10.6362    79    78     6.5964
   80  2.9770e+10    10.6945    80    79     6.6759
   81  2.9560e+10    10.7118    81    80     6.7554
   82  2.9549e+10    10.7127    82    81     6.8349
   83  2.4014e+10    11.2283    83    82     6.9143
   84  2.2899e+10    11.3490    84    83     6.9938
   85  2.2685e+10    11.3730    85    84     7.0733
   86  2.1460e+10    11.5152    86    85     7.1528
   87  2.1041e+10    11.5661    87    86     7.2323
   88  2.0083e+10    11.6869    88    87     7.3117
   89  2.0015e+10    11.6957    89    88     7.3912
   90  1.8773e+10    11.8634    90    89     7.4707
   91  1.8738e+10    11.8683    91    90     7.5502
   92  1.7961e+10    11.9800    92    91     7.6296
   93  1.7951e+10    11.9815    93    92     7.7091
   94  1.5546e+10    12.3669    94    93     7.7885
   95  1.4836e+10    12.4939    95    94     7.8680
   96  1.4741e+10    12.5116    96    95     7.9475
   97  1.4026e+10    12.6479    97    96     8.0269
   98  1.3769e+10    12.6989    98    97     8.1064
   99  1.3730e+10    12.7068    99    98     8.1858
  100  1.3700e+10    12.7127   100    99     8.2653
