#indx Mass S step-number desc_indx 
    0  3.1600e+11     5.9621     0    -1     0.0134
    1  3.1537e+11     5.9653     1     0     0.1326
    2  3.1267e+11     5.9791     2     1     0.2441
    3  3.1115e+11     5.9869     3     2     0.3500
    4  3.0759e+11     6.0054     4     3     0.4519
    5  2.6553e+11     6.2453     5     4     0.5506
    6  2.6433e+11     6.2528     6     5     0.6467
    7  2.3890e+11     6.4220     7     6     0.7407
    8  2.3656e+11     6.4386     8     7     0.8330
    9  2.3409e+11     6.4564     9     8     0.9238
   10  2.2991e+11     6.4870    10     9     1.0134
   11  5.0427e+10     9.4625    11    10     1.1018
   12  4.9599e+10     9.4996    12    11     1.1894
   13  4.9003e+10     9.5268    13    12     1.2761
   14  4.8776e+10     9.5372    14    13     1.3621
   15  4.4674e+10     9.7362    15    14     1.4474
   16  4.4166e+10     9.7623    16    15     1.5322
   17  4.3347e+10     9.8052    17    16     1.6165
   18  4.3277e+10     9.8089    18    17     1.7003
   19  4.1839e+10     9.8866    19    18     1.7838
   20  4.1559e+10     9.9021    20    19     1.8669
   21  4.1006e+10     9.9331    21    20     1.9496
   22  4.0937e+10     9.9370    22    21     2.0321
   23  4.0781e+10     9.9458    23    22     2.1143
   24  4.0176e+10     9.9805    24    23     2.1963
   25  3.8587e+10    10.0746    25    24     2.2781
   26  3.6822e+10    10.1845    26    25     2.3597
   27  3.5071e+10    10.2998    27    26     2.4411
   28  3.4820e+10    10.3169    28    27     2.5223
   29  3.4725e+10    10.3234    29    28     2.6034
   30  3.4266e+10    10.3550    30    29     2.6844
   31  3.2942e+10    10.4494    31    30     2.7652
   32  3.1606e+10    10.5492    32    31     2.8459
   33  3.1471e+10    10.5595    33    32     2.9266
   34  3.0065e+10    10.6704    34    33     3.0071
   35  3.0007e+10    10.6752    35    34     3.0876
   36  2.8045e+10    10.8409    36    35     3.1680
   37  2.7552e+10    10.8847    37    36     3.2483
   38  1.6577e+10    12.1937    38    37     3.3285
   39  1.6263e+10    12.2451    39    38     3.4087
   40  1.5314e+10    12.4076    40    39     3.4889
   41  1.4180e+10    12.6178    41    40     3.5689
   42  1.3561e+10    12.7411    42    41     3.6490
   43  1.2743e+10    12.9141    43    42     3.7290
   44  1.2687e+10    12.9264    44    43     3.8089
   45  1.2630e+10    12.9389    45    44     3.8889
   46  1.2149e+10    13.0478    46    45     3.9688
   47  1.2041e+10    13.0730    47    46     4.0486
   48  1.2034e+10    13.0747    48    47     4.1285
   49  1.1736e+10    13.1455    49    48     4.2083
   50  1.1568e+10    13.1862    50    49     4.2881
   51  1.1455e+10    13.2143    51    50     4.3678
   52  1.1210e+10    13.2758    52    51     4.4476
   53  1.1105e+10    13.3027    53    52     4.5273
   54  1.0568e+10    13.4447    54    53     4.6070
   55  1.0283e+10    13.5235    55    54     4.6867
   56  1.0139e+10    13.5642    56    55     4.7664
   57  9.5971e+09    13.7238    57    56     4.8460
   58  9.5625e+09    13.7344    58    57     4.9257
   59  9.4726e+09    13.7620    59    58     5.0053
   60  9.3543e+09    13.7988    60    59     5.0849
   61  9.2285e+09    13.8385    61    60     5.1646
   62  7.8597e+09    14.3156    62    61     5.2442
   63  7.8002e+09    14.3385    63    62     5.3238
   64  7.5925e+09    14.4199    64    63     5.4033
   65  7.3140e+09    14.5332    65    64     5.4829
   66  7.1865e+09    14.5867    66    65     5.5625
   67  6.9195e+09    14.7025    67    66     5.6421
   68  6.2802e+09    15.0018    68    67     5.7216
   69  6.2570e+09    15.0133    69    68     5.8012
   70  5.9344e+09    15.1787    70    69     5.8807
   71  5.9304e+09    15.1808    71    70     5.9602
   72  5.9078e+09    15.1928    72    71     6.0398
   73  5.8657e+09    15.2152    73    72     6.1193
   74  4.1355e+09    16.3415    74    73     6.1988
   75  4.0661e+09    16.3976    75    74     6.2783
   76  4.0321e+09    16.4254    76    75     6.3579
   77  4.0044e+09    16.4483    77    76     6.4374
   78  3.9994e+09    16.4524    78    77     6.5169
   79  3.6013e+09    16.8032    79    78     6.5964
   80  3.5868e+09    16.8168    80    79     6.6759
   81  3.2867e+09    17.1133    81    80     6.7554
   82  3.2849e+09    17.1152    82    81     6.8349
   83  3.2314e+09    17.1713    83    82     6.9143
   84  3.0350e+09    17.3868    84    83     6.9938
   85  3.0266e+09    17.3964    85    84     7.0733
   86  2.9225e+09    17.5177    86    85     7.1528
   87  2.8801e+09    17.5684    87    86     7.2323
   88  2.8365e+09    17.6215    88    87     7.3117
   89  2.7748e+09    17.6983    89    88     7.3912
   90  2.7130e+09    17.7772    90    89     7.4707
   91  2.5680e+09    17.9707    91    90     7.5502
   92  2.4430e+09    18.1476    92    91     7.6296
   93  2.3857e+09    18.2322    93    92     7.7091
   94  2.3353e+09    18.3085    94    93     7.7885
   95  1.9336e+09    18.9934    95    94     7.8680
   96  1.9219e+09    19.0158    96    95     7.9475
   97  1.8348e+09    19.1869    97    96     8.0269
   98  1.8089e+09    19.2396    98    97     8.1064
   99  1.5653e+09    19.7813    99    98     8.1858
  100  1.5483e+09    19.8226   100    99     8.2653
