#indx Mass S step-number desc_indx 
    0  3.1600e+11     5.9621     0    -1     0.0134
    1  3.1335e+11     5.9756     1     0     0.1326
    2  2.6955e+11     6.2205     2     1     0.2441
    3  2.6102e+11     6.2737     3     2     0.3500
    4  2.5364e+11     6.3215     4     3     0.4519
    5  2.5341e+11     6.3230     5     4     0.5506
    6  2.5206e+11     6.3319     6     5     0.6467
    7  2.3414e+11     6.4561     7     6     0.7407
    8  2.3345e+11     6.4610     8     7     0.8330
    9  1.5202e+11     7.2189     9     8     0.9238
   10  1.4901e+11     7.2557    10     9     1.0134
   11  1.4873e+11     7.2592    11    10     1.1018
   12  1.3891e+11     7.3862    12    11     1.1894
   13  1.3871e+11     7.3888    13    12     1.2761
   14  1.1703e+11     7.7115    14    13     1.3621
   15  1.1343e+11     7.7721    15    14     1.4474
   16  1.1159e+11     7.8037    16    15     1.5322
   17  1.0896e+11     7.8502    17    16     1.6165
   18  1.0727e+11     7.8808    18    17     1.7003
   19  1.0475e+11     7.9276    19    18     1.7838
   20  8.7839e+10     8.2794    20    19     1.8669
   21  8.7163e+10     8.2951    21    20     1.9496
   22  8.6742e+10     8.3049    22    21     2.0321
   23  8.4719e+10     8.3531    23    22     2.1143
   24  8.3690e+10     8.3780    24    23     2.1963
   25  7.9301e+10     8.4889    25    24     2.2781
   26  7.1813e+10     8.6957    26    25     2.3597
   27  7.0198e+10     8.7436    27    26     2.4411
   28  1.5656e+10    12.3478    28    27     2.5223
   29  1.5172e+10    12.4329    29    28     2.6034
   30  1.5037e+10    12.4572    30    29     2.6844
   31  1.4863e+10    12.4891    31    30     2.7652
   32  1.4731e+10    12.5134    32    31     2.8459
   33  1.4601e+10    12.5376    33    32     2.9266
   34  1.4454e+10    12.5654    34    33     3.0071
   35  1.4384e+10    12.5786    35    34     3.0876
   36  1.4255e+10    12.6033    36    35     3.1680
   37  1.2614e+10    12.9424    37    36     3.2483
   38  1.2562e+10    12.9540    38    37     3.3285
   39  1.2464e+10    12.9759    39    38     3.4087
   40  6.7796e+09    14.7652    40    39     3.4889
   41  6.1759e+09    15.0540    41    40     3.5689
   42  6.1448e+09    15.0697    42    41     3.6490
   43  5.7267e+09    15.2907    43    42     3.7290
   44  5.7166e+09    15.2963    44    43     3.8089
   45  5.7151e+09    15.2971    45    44     3.8889
   46  5.7117e+09    15.2989    46    45     3.9688
   47  5.7095e+09    15.3002    47    46     4.0486
   48  5.6321e+09    15.3433    48    47     4.1285
   49  5.2193e+09    15.5851    49    48     4.2083
   50  5.1256e+09    15.6431    50    49     4.2881
   51  5.1097e+09    15.6531    51    50     4.3678
   52  5.0053e+09    15.7193    52    51     4.4476
   53  4.9184e+09    15.7757    53    52     4.5273
   54  4.8970e+09    15.7897    54    53     4.6070
   55  4.8797e+09    15.8012    55    54     4.6867
   56  4.6238e+09    15.9757    56    55     4.7664
   57  4.6189e+09    15.9791    57    56     4.8460
   58  4.5850e+09    16.0031    58    57     4.9257
   59  4.2817e+09    16.2270    59    58     5.0053
   60  4.2601e+09    16.2436    60    59     5.0849
   61  4.2021e+09    16.2889    61    60     5.1646
   62  4.1810e+09    16.3055    62    61     5.2442
   63  4.0883e+09    16.3795    63    62     5.3238
   64  4.0786e+09    16.3874    64    63     5.4033
   65  4.0614e+09    16.4014    65    64     5.4829
   66  3.5061e+09    16.8936    66    65     5.5625
   67  3.5016e+09    16.8980    67    66     5.6421
   68  3.3875e+09    17.0104    68    67     5.7216
   69  3.3801e+09    17.0178    69    68     5.8012
   70  3.3396e+09    17.0588    70    69     5.8807
   71  3.3205e+09    17.0784    71    70     5.9602
   72  3.3106e+09    17.0886    72    71     6.0398
   73  3.0530e+09    17.3665    73    72     6.1193
   74  2.4012e+09    18.2091    74    73     6.1988
   75  2.1575e+09    18.5937    75    74     6.2783
   76  2.1440e+09    18.6164    76    75     6.3579
   77  1.9982e+09    18.8729    77    76     6.4374
   78  1.9750e+09    18.9156    78    77     6.5169
   79  1.9151e+09    19.0288    79    78     6.5964
   80  1.8975e+09    19.0627    80    79     6.6759
   81  1.8941e+09    19.0695    81    80     6.7554
   82  1.8887e+09    19.0799    82    81     6.8349
   83  1.8763e+09    19.1042    83    82     6.9143
   84  1.8630e+09    19.1304    84    83     6.9938
   85  1.8284e+09    19.1999    85    84     7.0733
   86  1.8122e+09    19.2328    86    85     7.1528
   87  1.7730e+09    19.3140    87    86     7.2323
   88  1.7709e+09    19.3184    88    87     7.3117
   89  1.3238e+09    20.4222    89    88     7.3912
   90  1.3234e+09    20.4234    90    89     7.4707
   91  1.3114e+09    20.4587    91    90     7.5502
   92  1.3077e+09    20.4695    92    91     7.6296
   93  1.2996e+09    20.4937    93    92     7.7091
   94  9.9887e+08    21.5319    94    93     7.7885
   95  9.9633e+08    21.5421    95    94     7.8680
   96  9.9222e+08    21.5587    96    95     7.9475
   97  9.8391e+08    21.5925    97    96     8.0269
   98  9.7843e+08    21.6150    98    97     8.1064
   99  9.5225e+08    21.7243    99    98     8.1858
  100  9.3869e+08    21.7824   100    99     8.2653
