#indx Mass S step-number desc_indx 
    0  3.1600e+11     5.9621     0    -1     0.0134
    1  3.1399e+11     5.9724     1     0     0.1326
    2  3.1189e+11     5.9831     2     1     0.2441
    3  3.1118e+11     5.9868     3     2     0.3500
    4  3.0806e+11     6.0029     4     3     0.4519
    5  3.0322e+11     6.0284     5     4     0.5506
    6  3.0020e+11     6.0446     6     5     0.6467
    7  2.9441e+11     6.0761     7     6     0.7407
    8  2.9325e+11     6.0826     8     7     0.8330
    9  2.8626e+11     6.1218     9     8     0.9238
   10  2.7679e+11     6.1769    10     9     1.0134
   11  2.7284e+11     6.2005    11    10     1.1018
   12  2.5826e+11     6.2914    12    11     1.1894
   13  2.1883e+11     6.5714    13    12     1.2761
   14  2.1535e+11     6.5990    14    13     1.3621
   15  2.1293e+11     6.6185    15    14     1.4474
   16  2.0816e+11     6.6577    16    15     1.5322
   17  1.9198e+11     6.7991    17    16     1.6165
   18  1.8869e+11     6.8296    18    17     1.7003
   19  1.7809e+11     6.9322    19    18     1.7838
   20  1.7253e+11     6.9890    20    19     1.8669
   21  9.5323e+10     8.1146    21    20     1.9496
   22  9.3695e+10     8.1491    22    21     2.0321
   23  9.2125e+10     8.1831    23    22     2.1143
   24  8.7658e+10     8.2836    24    23     2.1963
   25  8.7500e+10     8.2872    25    24     2.2781
   26  8.7429e+10     8.2889    26    25     2.3597
   27  8.7261e+10     8.2928    27    26     2.4411
   28  8.1107e+10     8.4424    28    27     2.5223
   29  6.9465e+10     8.7658    29    28     2.6034
   30  6.7084e+10     8.8399    30    29     2.6844
   31  6.6953e+10     8.8440    31    30     2.7652
   32  4.6150e+10     9.6622    32    31     2.8459
   33  4.5985e+10     9.6703    33    32     2.9266
   34  4.0447e+10     9.9649    34    33     3.0071
   35  4.0366e+10     9.9695    35    34     3.0876
   36  3.9543e+10    10.0175    36    35     3.1680
   37  3.9443e+10    10.0233    37    36     3.2483
   38  3.8935e+10    10.0536    38    37     3.3285
   39  3.8896e+10    10.0559    39    38     3.4087
   40  3.8712e+10    10.0670    40    39     3.4889
   41  3.7127e+10    10.1651    41    40     3.5689
   42  3.0598e+10    10.6277    42    41     3.6490
   43  3.0456e+10    10.6390    43    42     3.7290
   44  3.0191e+10    10.6603    44    43     3.8089
   45  3.0071e+10    10.6699    45    44     3.8889
   46  2.9923e+10    10.6820    46    45     3.9688
   47  2.9828e+10    10.6898    47    46     4.0486
   48  2.2969e+10    11.3412    48    47     4.1285
   49  2.2912e+10    11.3476    49    48     4.2083
   50  2.2858e+10    11.3536    50    49     4.2881
   51  2.2755e+10    11.3651    51    50     4.3678
   52  2.2406e+10    11.4046    52    51     4.4476
   53  2.1612e+10    11.4971    53    52     4.5273
   54  2.1443e+10    11.5172    54    53     4.6070
   55  2.1372e+10    11.5258    55    54     4.6867
   56  2.1350e+10    11.5285    56    55     4.7664
   57  1.8473e+10    11.9057    57    56     4.8460
   58  1.8442e+10    11.9102    58    57     4.9257
   59  1.7818e+10    12.0012    59    58     5.0053
   60  1.7691e+10    12.0201    60    59     5.0849
   61  1.6791e+10    12.1593    61    60     5.1646
   62  1.5675e+10    12.3445    62    61     5.2442
   63  1.5451e+10    12.3834    63    62     5.3238
   64  1.5176e+10    12.4322    64    63     5.4033
   65  1.5115e+10    12.4433    65    64     5.4829
   66  1.5003e+10    12.4634    66    65     5.5625
   67  1.4982e+10    12.4673    67    66     5.6421
   68  1.4958e+10    12.4717    68    67     5.7216
   69  1.4822e+10    12.4965    69    68     5.8012
   70  1.4779e+10    12.5045    70    69     5.8807
   71  1.4753e+10    12.5093    71    70     5.9602
   72  1.3307e+10    12.7934    72    71     6.0398
   73  1.3278e+10    12.7995    73    72     6.1193
   74  1.3158e+10    12.8246    74    73     6.1988
   75  1.2979e+10    12.8627    75    74     6.2783
   76  1.2723e+10    12.9184    76    75     6.3579
   77  1.2321e+10    13.0083    77    76     6.4374
   78  1.2248e+10    13.0251    78    77     6.5169
   79  1.1984e+10    13.0865    79    78     6.5964
   80  1.1387e+10    13.2311    80    79     6.6759
   81  1.1359e+10    13.2382    81    80     6.7554
   82  1.1250e+10    13.2655    82    81     6.8349
   83  1.1246e+10    13.2666    83    82     6.9143
   84  1.0813e+10    13.3788    84    83     6.9938
   85  1.0498e+10    13.4637    85    84     7.0733
   86  1.0466e+10    13.4725    86    85     7.1528
   87  1.0401e+10    13.4905    87    86     7.2323
   88  1.0337e+10    13.5084    88    87     7.3117
   89  1.0327e+10    13.5111    89    88     7.3912
   90  9.4242e+09    13.7770    90    89     7.4707
   91  9.3727e+09    13.7930    91    90     7.5502
   92  8.4024e+09    14.1158    92    91     7.6296
   93  8.2381e+09    14.1747    93    92     7.7091
   94  8.0737e+09    14.2350    94    93     7.7885
   95  8.0515e+09    14.2432    95    94     7.8680
   96  7.9857e+09    14.2678    96    95     7.9475
   97  7.8554e+09    14.3173    97    96     8.0269
   98  7.7841e+09    14.3447    98    97     8.1064
   99  7.5487e+09    14.4374    99    98     8.1858
  100  7.5366e+09    14.4423   100    99     8.2653
