#indx Mass S step-number desc_indx 
    0  3.1600e+11     5.9621     0    -1     0.0134
    1  3.1196e+11     5.9827     1     0     0.1326
    2  3.0568e+11     6.0154     2     1     0.2441
    3  3.0498e+11     6.0191     3     2     0.3500
    4  2.9432e+11     6.0766     4     3     0.4519
    5  2.7999e+11     6.1580     5     4     0.5506
    6  2.7918e+11     6.1627     6     5     0.6467
    7  2.7305e+11     6.1992     7     6     0.7407
    8  2.6420e+11     6.2537     8     7     0.8330
    9  2.4362e+11     6.3890     9     8     0.9238
   10  2.3520e+11     6.4484    10     9     1.0134
   11  2.2926e+11     6.4919    11    10     1.1018
   12  2.2566e+11     6.5188    12    11     1.1894
   13  2.2359e+11     6.5346    13    12     1.2761
   14  2.1997e+11     6.5625    14    13     1.3621
   15  2.1609e+11     6.5931    15    14     1.4474
   16  1.9317e+11     6.7881    16    15     1.5322
   17  1.8737e+11     6.8419    17    16     1.6165
   18  1.8614e+11     6.8536    18    17     1.7003
   19  1.8483e+11     6.8660    19    18     1.7838
   20  1.0826e+11     7.8629    20    19     1.8669
   21  1.0479e+11     7.9268    21    20     1.9496
   22  1.0248e+11     7.9707    22    21     2.0321
   23  1.0059e+11     8.0074    23    22     2.1143
   24  9.7915e+10     8.0610    24    23     2.1963
   25  9.6207e+10     8.0961    25    24     2.2781
   26  9.5826e+10     8.1041    26    25     2.3597
   27  7.7127e+10     8.5465    27    26     2.4411
   28  7.6276e+10     8.5695    28    27     2.5223
   29  6.6721e+10     8.8514    29    28     2.6034
   30  6.5373e+10     8.8949    30    29     2.6844
   31  6.3404e+10     8.9605    31    30     2.7652
   32  4.1426e+10     9.9095    32    31     2.8459
   33  4.0032e+10     9.9888    33    32     2.9266
   34  3.9831e+10    10.0006    34    33     3.0071
   35  2.8159e+10    10.8310    35    34     3.0876
   36  2.8110e+10    10.8352    36    35     3.1680
   37  2.7408e+10    10.8977    37    36     3.2483
   38  2.6515e+10    10.9799    38    37     3.3285
   39  2.6428e+10    10.9880    39    38     3.4087
   40  1.0245e+10    13.5340    40    39     3.4889
   41  1.0242e+10    13.5348    41    40     3.5689
   42  1.0141e+10    13.5638    42    41     3.6490
   43  9.5691e+09    13.7324    43    42     3.7290
   44  6.6293e+09    14.8343    44    43     3.8089
   45  6.6201e+09    14.8385    45    44     3.8889
   46  6.3371e+09    14.9738    46    45     3.9688
   47  6.1233e+09    15.0806    47    46     4.0486
   48  6.1149e+09    15.0849    48    47     4.1285
   49  6.1112e+09    15.0868    49    48     4.2083
   50  6.0474e+09    15.1196    50    49     4.2881
   51  5.4511e+09    15.4468    51    50     4.3678
   52  3.8974e+09    16.5384    52    51     4.4476
   53  3.8933e+09    16.5419    53    52     4.5273
   54  3.8448e+09    16.5837    54    53     4.6070
   55  3.8160e+09    16.6088    55    54     4.6867
   56  3.8076e+09    16.6162    56    55     4.7664
   57  3.5775e+09    16.8256    57    56     4.8460
   58  3.5593e+09    16.8428    58    57     4.9257
   59  3.3874e+09    17.0105    59    58     5.0053
   60  3.2686e+09    17.1321    60    59     5.0849
   61  3.2589e+09    17.1423    61    60     5.1646
   62  2.9994e+09    17.4276    62    61     5.2442
   63  2.9846e+09    17.4447    63    62     5.3238
   64  2.7363e+09    17.7473    64    63     5.4033
   65  2.7291e+09    17.7565    65    64     5.4829
   66  2.3733e+09    18.2508    66    65     5.5625
   67  2.3610e+09    18.2693    67    66     5.6421
   68  2.3523e+09    18.2826    68    67     5.7216
   69  2.3488e+09    18.2879    69    68     5.8012
   70  2.3395e+09    18.3022    70    69     5.8807
   71  2.2657e+09    18.4172    71    70     5.9602
   72  2.2556e+09    18.4332    72    71     6.0398
   73  2.2229e+09    18.4858    73    72     6.1193
   74  2.1809e+09    18.5547    74    73     6.1988
   75  2.1768e+09    18.5615    75    74     6.2783
   76  2.1677e+09    18.5766    76    75     6.3579
   77  1.4621e+09    20.0403    77    76     6.4374
   78  1.4360e+09    20.1093    78    77     6.5169
   79  1.4194e+09    20.1538    79    78     6.5964
   80  1.4008e+09    20.2043    80    79     6.6759
   81  1.3999e+09    20.2067    81    80     6.7554
   82  1.3976e+09    20.2132    82    81     6.8349
   83  1.3562e+09    20.3289    83    82     6.9143
   84  1.1563e+09    20.9501    84    83     6.9938
   85  1.1295e+09    21.0427    85    84     7.0733
   86  1.1196e+09    21.0773    86    85     7.1528
   87  1.1159e+09    21.0906    87    86     7.2323
   88  1.1155e+09    21.0920    88    87     7.3117
   89  1.1106e+09    21.1094    89    88     7.3912
   90  1.0989e+09    21.1511    90    89     7.4707
   91  1.0675e+09    21.2664    91    90     7.5502
   92  1.0625e+09    21.2851    92    91     7.6296
   93  1.0332e+09    21.3967    93    92     7.7091
   94  1.0330e+09    21.3974    94    93     7.7885
   95  1.0137e+09    21.4728    95    94     7.8680
   96  1.0049e+09    21.5078    96    95     7.9475
   97  9.2853e+08    21.8264    97    96     8.0269
   98  6.8289e+08    23.0964    98    97     8.1064
   99  6.6970e+08    23.1788    99    98     8.1858
  100  6.5546e+08    23.2697   100    99     8.2653
