#indx Mass S step-number desc_indx 
    0  3.1600e+11     5.9621     0    -1     0.0134
    1  3.1399e+11     5.9724     1     0     0.1326
    2  2.8826e+11     6.1105     2     1     0.2441
    3  2.8562e+11     6.1255     3     2     0.3500
    4  2.6026e+11     6.2786     4     3     0.4519
    5  2.5489e+11     6.3133     5     4     0.5506
    6  2.5428e+11     6.3173     6     5     0.6467
    7  2.5206e+11     6.3319     7     6     0.7407
    8  2.5017e+11     6.3445     8     7     0.8330
    9  2.4594e+11     6.3731     9     8     0.9238
   10  2.4377e+11     6.3880    10     9     1.0134
   11  2.4260e+11     6.3961    11    10     1.1018
   12  2.3637e+11     6.4400    12    11     1.1894
   13  2.1491e+11     6.6025    13    12     1.2761
   14  1.9473e+11     6.7741    14    13     1.3621
   15  1.8960e+11     6.8211    15    14     1.4474
   16  1.8933e+11     6.8235    16    15     1.5322
   17  1.8397e+11     6.8743    17    16     1.6165
   18  1.5471e+11     7.1868    18    17     1.7003
   19  1.4865e+11     7.2602    19    18     1.7838
   20  1.4607e+11     7.2925    20    19     1.8669
   21  1.4111e+11     7.3568    21    20     1.9496
   22  1.3320e+11     7.4649    22    21     2.0321
   23  1.2207e+11     7.6306    23    22     2.1143
   24  1.1899e+11     7.6796    24    23     2.1963
   25  9.6331e+10     8.0936    25    24     2.2781
   26  9.2959e+10     8.1649    26    25     2.3597
   27  8.8028e+10     8.2750    27    26     2.4411
   28  8.3846e+10     8.3742    28    27     2.5223
   29  8.2900e+10     8.3975    29    28     2.6034
   30  8.2197e+10     8.4150    30    29     2.6844
   31  8.0491e+10     8.4581    31    30     2.7652
   32  7.9099e+10     8.4942    32    31     2.8459
   33  7.8138e+10     8.5195    33    32     2.9266
   34  7.7528e+10     8.5357    34    33     3.0071
   35  7.7460e+10     8.5375    35    34     3.0876
   36  7.7405e+10     8.5390    36    35     3.1680
   37  7.4721e+10     8.6125    37    36     3.2483
   38  7.4090e+10     8.6302    38    37     3.3285
   39  7.3715e+10     8.6408    39    38     3.4087
   40  7.3232e+10     8.6546    40    39     3.4889
   41  7.3072e+10     8.6592    41    40     3.5689
   42  6.8177e+10     8.8055    42    41     3.6490
   43  6.6997e+10     8.8426    43    42     3.7290
   44  6.6587e+10     8.8557    44    43     3.8089
   45  6.6063e+10     8.8725    45    44     3.8889
   46  6.5850e+10     8.8794    46    45     3.9688
   47  6.3056e+10     8.9724    47    46     4.0486
   48  6.2940e+10     8.9763    48    47     4.1285
   49  6.1704e+10     9.0191    49    48     4.2083
   50  5.9725e+10     9.0897    50    49     4.2881
   51  5.2143e+10     9.3880    51    50     4.3678
   52  4.9968e+10     9.4830    52    51     4.4476
   53  4.8559e+10     9.5472    53    52     4.5273
   54  4.7765e+10     9.5844    54    53     4.6070
   55  4.5539e+10     9.6924    55    54     4.6867
   56  4.4844e+10     9.7275    56    55     4.7664
   57  4.0049e+10     9.9879    57    56     4.8460
   58  3.9879e+10     9.9978    58    57     4.9257
   59  3.9513e+10    10.0192    59    58     5.0053
   60  3.8154e+10    10.1010    60    59     5.0849
   61  2.0932e+10    11.5795    61    60     5.1646
   62  2.0656e+10    11.6138    62    61     5.2442
   63  1.9140e+10    11.8125    63    62     5.3238
   64  1.7503e+10    12.0486    64    63     5.4033
   65  1.7070e+10    12.1153    65    64     5.4829
   66  1.6806e+10    12.1570    66    65     5.5625
   67  1.6706e+10    12.1730    67    66     5.6421
   68  1.6682e+10    12.1768    68    67     5.7216
   69  1.6314e+10    12.2367    69    68     5.8012
   70  1.6002e+10    12.2888    70    69     5.8807
   71  1.5577e+10    12.3614    71    70     5.9602
   72  1.5233e+10    12.4221    72    71     6.0398
   73  1.5189e+10    12.4299    73    72     6.1193
   74  1.4381e+10    12.5791    74    73     6.1988
   75  1.3997e+10    12.6536    75    74     6.2783
   76  1.3504e+10    12.7527    76    75     6.3579
   77  1.3311e+10    12.7925    77    76     6.4374
   78  1.1877e+10    13.1117    78    77     6.5169
   79  1.1854e+10    13.1172    79    78     6.5964
   80  1.1699e+10    13.1545    80    79     6.6759
   81  1.1522e+10    13.1976    81    80     6.7554
   82  9.0627e+09    13.8918    82    81     6.8349
   83  8.9138e+09    13.9406    83    82     6.9143
   84  8.8933e+09    13.9474    84    83     6.9938
   85  8.8731e+09    13.9541    85    84     7.0733
   86  8.7330e+09    14.0012    86    85     7.1528
   87  8.7016e+09    14.0119    87    86     7.2323
   88  8.6994e+09    14.0126    88    87     7.3117
   89  8.6652e+09    14.0243    89    88     7.3912
   90  8.5909e+09    14.0498    90    89     7.4707
   91  8.5050e+09    14.0797    91    90     7.5502
   92  8.4617e+09    14.0949    92    91     7.6296
   93  8.4506e+09    14.0988    93    92     7.7091
   94  7.9838e+09    14.2685    94    93     7.7885
   95  7.5706e+09    14.4287    95    94     7.8680
   96  7.5015e+09    14.4564    96    95     7.9475
   97  6.8899e+09    14.7157    97    96     8.0269
   98  6.8686e+09    14.7252    98    97     8.1064
   99  6.7618e+09    14.7733    99    98     8.1858
  100  6.7282e+09    14.7886   100    99     8.2653
