#indx Mass S step-number desc_indx 
    0  3.1600e+11     5.9621     0    -1     0.0134
    1  3.1356e+11     5.9746     1     0     0.1326
    2  3.0260e+11     6.0317     2     1     0.2441
    3  3.0164e+11     6.0369     3     2     0.3500
    4  2.8036e+11     6.1559     4     3     0.4519
    5  2.7170e+11     6.2074     5     4     0.5506
    6  2.5709e+11     6.2989     6     5     0.6467
    7  2.2827e+11     6.4992     7     6     0.7407
    8  2.0057e+11     6.7223     8     7     0.8330
    9  1.9284e+11     6.7912     9     8     0.9238
   10  1.8944e+11     6.8225    10     9     1.0134
   11  1.8676e+11     6.8477    11    10     1.1018
   12  1.8429e+11     6.8713    12    11     1.1894
   13  1.8362e+11     6.8777    13    12     1.2761
   14  1.8128e+11     6.9006    14    13     1.3621
   15  1.8003e+11     6.9128    15    14     1.4474
   16  1.7767e+11     6.9364    16    15     1.5322
   17  1.7052e+11     7.0100    17    16     1.6165
   18  1.6812e+11     7.0355    18    17     1.7003
   19  1.6535e+11     7.0656    19    18     1.7838
   20  1.6405e+11     7.0799    20    19     1.8669
   21  1.5391e+11     7.1963    21    20     1.9496
   22  1.5379e+11     7.1977    22    21     2.0321
   23  1.3740e+11     7.4066    23    22     2.1143
   24  1.3625e+11     7.4224    24    23     2.1963
   25  1.3490e+11     7.4411    25    24     2.2781
   26  1.3413e+11     7.4518    26    25     2.3597
   27  1.3296e+11     7.4682    27    26     2.4411
   28  1.3193e+11     7.4829    28    27     2.5223
   29  1.2765e+11     7.5454    29    28     2.6034
   30  1.2495e+11     7.5861    30    29     2.6844
   31  1.2285e+11     7.6183    31    30     2.7652
   32  1.2156e+11     7.6386    32    31     2.8459
   33  1.1220e+11     7.7932    33    32     2.9266
   34  1.1120e+11     7.8106    34    33     3.0071
   35  1.1085e+11     7.8166    35    34     3.0876
   36  1.1066e+11     7.8200    36    35     3.1680
   37  1.1060e+11     7.8211    37    36     3.2483
   38  1.0327e+11     7.9555    38    37     3.3285
   39  1.0203e+11     7.9793    39    38     3.4087
   40  1.0144e+11     7.9909    40    39     3.4889
   41  9.5889e+10     8.1027    41    40     3.5689
   42  9.5802e+10     8.1046    42    41     3.6490
   43  9.5520e+10     8.1105    43    42     3.7290
   44  9.1264e+10     8.2020    44    43     3.8089
   45  9.0256e+10     8.2244    45    44     3.8889
   46  7.8773e+10     8.5027    46    45     3.9688
   47  7.7473e+10     8.5372    47    46     4.0486
   48  7.7378e+10     8.5397    48    47     4.1285
   49  7.5371e+10     8.5944    49    48     4.2083
   50  7.4922e+10     8.6069    50    49     4.2881
   51  5.5097e+10     9.2660    51    50     4.3678
   52  5.4600e+10     9.2860    52    51     4.4476
   53  5.4531e+10     9.2888    53    52     4.5273
   54  5.2477e+10     9.3737    54    53     4.6070
   55  5.1968e+10     9.3954    55    54     4.6867
   56  5.1086e+10     9.4335    56    55     4.7664
   57  4.4799e+10     9.7298    57    56     4.8460
   58  4.1415e+10     9.9101    58    57     4.9257
   59  3.9871e+10     9.9982    59    58     5.0053
   60  3.9560e+10    10.0164    60    59     5.0849
   61  3.0148e+10    10.6637    61    60     5.1646
   62  2.9838e+10    10.6890    62    61     5.2442
   63  2.4351e+10    11.1932    63    62     5.3238
   64  2.4178e+10    11.2112    64    63     5.4033
   65  2.3340e+10    11.3005    65    64     5.4829
   66  2.2861e+10    11.3533    66    65     5.5625
   67  2.2497e+10    11.3943    67    66     5.6421
   68  2.2178e+10    11.4308    68    67     5.7216
   69  2.1856e+10    11.4682    69    68     5.8012
   70  2.1497e+10    11.5108    70    69     5.8807
   71  2.1263e+10    11.5390    71    70     5.9602
   72  1.9058e+10    11.8238    72    71     6.0398
   73  1.8999e+10    11.8319    73    72     6.1193
   74  1.7536e+10    12.0436    74    73     6.1988
   75  1.7468e+10    12.0539    75    74     6.2783
   76  1.7274e+10    12.0836    76    75     6.3579
   77  1.6808e+10    12.1567    77    76     6.4374
   78  1.6612e+10    12.1881    78    77     6.5169
   79  1.6606e+10    12.1890    79    78     6.5964
   80  1.5914e+10    12.3036    80    79     6.6759
   81  1.5901e+10    12.3058    81    80     6.7554
   82  1.5718e+10    12.3370    82    81     6.8349
   83  1.5684e+10    12.3429    83    82     6.9143
   84  1.5408e+10    12.3910    84    83     6.9938
   85  1.1827e+10    13.1237    85    84     7.0733
   86  1.1754e+10    13.1411    86    85     7.1528
   87  8.4023e+09    14.1158    87    86     7.2323
   88  7.9281e+09    14.2896    88    87     7.3117
   89  7.7223e+09    14.3687    89    88     7.3912
   90  7.5782e+09    14.4256    90    89     7.4707
   91  7.4623e+09    14.4723    91    90     7.5502
   92  7.3479e+09    14.5192    92    91     7.6296
   93  7.2253e+09    14.5704    93    92     7.7091
   94  7.1730e+09    14.5925    94    93     7.7885
   95  7.0754e+09    14.6343    95    94     7.8680
   96  5.9345e+09    15.1786    96    95     7.9475
   97  5.7897e+09    15.2562    97    96     8.0269
   98  5.7818e+09    15.2605    98    97     8.1064
   99  5.7661e+09    15.2691    99    98     8.1858
  100  5.7502e+09    15.2778   100    99     8.2653
