#indx Mass S step-number desc_indx 
    0  3.1600e+11     5.9621     0    -1     0.0134
    1  1.4336e+11     7.3274     1     0     0.1326
    2  1.4100e+11     7.3582     2     1     0.2441
    3  1.1609e+11     7.7271     3     2     0.3500
    4  1.0610e+11     7.9022     4     3     0.4519
    5  1.0529e+11     7.9174     5     4     0.5506
    6  1.0461e+11     7.9301     6     5     0.6467
    7  1.0269e+11     7.9666     7     6     0.7407
    8  1.0232e+11     7.9737     8     7     0.8330
    9  1.0149e+11     7.9899     9     8     0.9238
   10  9.5117e+10     8.1189    10     9     1.0134
   11  6.9509e+10     8.7645    11    10     1.1018
   12  6.6955e+10     8.8439    12    11     1.1894
   13  6.5436e+10     8.8929    13    12     1.2761
   14  6.4909e+10     8.9102    14    13     1.3621
   15  6.2407e+10     8.9946    15    14     1.4474
   16  6.1789e+10     9.0161    16    15     1.5322
   17  6.1400e+10     9.0297    17    16     1.6165
   18  6.0697e+10     9.0546    18    17     1.7003
   19  5.9779e+10     9.0877    19    18     1.7838
   20  5.8831e+10     9.1224    20    19     1.8669
   21  5.3453e+10     9.3329    21    20     1.9496
   22  5.2105e+10     9.3896    22    21     2.0321
   23  5.1210e+10     9.4281    23    22     2.1143
   24  5.0823e+10     9.4451    24    23     2.1963
   25  4.1987e+10     9.8785    25    24     2.2781
   26  3.8308e+10    10.0915    26    25     2.3597
   27  3.7800e+10    10.1229    27    26     2.4411
   28  3.2456e+10    10.4851    28    27     2.5223
   29  3.2420e+10    10.4878    29    28     2.6034
   30  3.2087e+10    10.5127    30    29     2.6844
   31  3.1681e+10    10.5434    31    30     2.7652
   32  3.1585e+10    10.5507    32    31     2.8459
   33  3.1193e+10    10.5810    33    32     2.9266
   34  3.0692e+10    10.6203    34    33     3.0071
   35  3.0506e+10    10.6350    35    34     3.0876
   36  2.8491e+10    10.8021    36    35     3.1680
   37  2.8362e+10    10.8133    37    36     3.2483
   38  2.6631e+10    10.9690    38    37     3.3285
   39  2.4180e+10    11.2109    39    38     3.4087
   40  2.4131e+10    11.2161    40    39     3.4889
   41  2.4085e+10    11.2209    41    40     3.5689
   42  2.3661e+10    11.2658    42    41     3.6490
   43  2.3251e+10    11.3102    43    42     3.7290
   44  2.3187e+10    11.3173    44    43     3.8089
   45  2.2575e+10    11.3854    45    44     3.8889
   46  2.2295e+10    11.4173    46    45     3.9688
   47  1.7316e+10    12.0772    47    46     4.0486
   48  1.7209e+10    12.0936    48    47     4.1285
   49  1.7208e+10    12.0939    49    48     4.2083
   50  1.6442e+10    12.2156    50    49     4.2881
   51  1.4400e+10    12.5756    51    50     4.3678
   52  1.4175e+10    12.6188    52    51     4.4476
   53  1.4119e+10    12.6296    53    52     4.5273
   54  1.0751e+10    13.3954    54    53     4.6070
   55  1.0735e+10    13.3995    55    54     4.6867
   56  1.0720e+10    13.4035    56    55     4.7664
   57  9.8597e+09    13.6452    57    56     4.8460
   58  9.8090e+09    13.6602    58    57     4.9257
   59  9.7082e+09    13.6903    59    58     5.0053
   60  9.2812e+09    13.8218    60    59     5.0849
   61  8.9292e+09    13.9355    61    60     5.1646
   62  8.6693e+09    14.0229    62    61     5.2442
   63  8.6057e+09    14.0447    63    62     5.3238
   64  8.5638e+09    14.0592    64    63     5.4033
   65  7.7099e+09    14.3736    65    64     5.4829
   66  7.4703e+09    14.4690    66    65     5.5625
   67  7.2507e+09    14.5596    67    66     5.6421
   68  7.1632e+09    14.5967    68    67     5.7216
   69  5.0868e+09    15.6675    69    68     5.8012
   70  4.8728e+09    15.8058    70    69     5.8807
   71  4.8670e+09    15.8096    71    70     5.9602
   72  4.1991e+09    16.2912    72    71     6.0398
   73  3.7205e+09    16.6937    73    72     6.1193
   74  3.6243e+09    16.7817    74    73     6.1988
   75  3.3462e+09    17.0521    75    74     6.2783
   76  3.1794e+09    17.2269    76    75     6.3579
   77  3.0633e+09    17.3549    77    76     6.4374
   78  3.0605e+09    17.3580    78    77     6.5169
   79  2.6768e+09    17.8244    79    78     6.5964
   80  2.2000e+09    18.5232    80    79     6.6759
   81  2.1660e+09    18.5795    81    80     6.7554
   82  2.1307e+09    18.6390    82    81     6.8349
   83  2.0883e+09    18.7121    83    82     6.9143
   84  2.0112e+09    18.8491    84    83     6.9938
   85  1.9797e+09    18.9069    85    84     7.0733
   86  1.9792e+09    18.9079    86    85     7.1528
   87  1.9782e+09    18.9097    87    86     7.2323
   88  1.9677e+09    18.9291    88    87     7.3117
   89  1.9528e+09    18.9571    89    88     7.3912
   90  1.9131e+09    19.0326    90    89     7.4707
   91  1.8826e+09    19.0919    91    90     7.5502
   92  1.8789e+09    19.0991    92    91     7.6296
   93  1.8382e+09    19.1800    93    92     7.7091
   94  1.8372e+09    19.1821    94    93     7.7885
   95  1.8193e+09    19.2184    95    94     7.8680
   96  1.6269e+09    19.6356    96    95     7.9475
   97  1.6246e+09    19.6410    97    96     8.0269
   98  1.6178e+09    19.6568    98    97     8.1064
   99  1.5879e+09    19.7272    99    98     8.1858
  100  1.5794e+09    19.7473   100    99     8.2653
