#indx Mass S step-number desc_indx 
    0  3.1600e+11     5.9621     0    -1     0.0134
    1  3.0055e+11     6.0427     1     0     0.1326
    2  2.9332e+11     6.0822     2     1     0.2441
    3  2.5642e+11     6.3033     3     2     0.3500
    4  2.5545e+11     6.3096     4     3     0.4519
    5  2.5413e+11     6.3182     5     4     0.5506
    6  2.5034e+11     6.3434     6     5     0.6467
    7  1.2955e+11     7.5174     7     6     0.7407
    8  1.2755e+11     7.5469     8     7     0.8330
    9  1.2626e+11     7.5661     9     8     0.9238
   10  1.2602e+11     7.5698    10     9     1.0134
   11  1.1908e+11     7.6781    11    10     1.1018
   12  1.1241e+11     7.7896    12    11     1.1894
   13  1.0663e+11     7.8925    13    12     1.2761
   14  9.2856e+10     8.1672    14    13     1.3621
   15  9.1355e+10     8.2000    15    14     1.4474
   16  9.0898e+10     8.2101    16    15     1.5322
   17  9.0173e+10     8.2263    17    16     1.6165
   18  8.7012e+10     8.2986    18    17     1.7003
   19  8.2935e+10     8.3966    19    18     1.7838
   20  5.3317e+10     9.3385    20    19     1.8669
   21  5.2144e+10     9.3879    21    20     1.9496
   22  5.0635e+10     9.4534    22    21     2.0321
   23  4.6422e+10     9.6489    23    22     2.1143
   24  4.6095e+10     9.6649    24    23     2.1963
   25  3.5829e+10    10.2491    25    24     2.2781
   26  3.5553e+10    10.2674    26    25     2.3597
   27  3.5520e+10    10.2696    27    26     2.4411
   28  3.5485e+10    10.2719    28    27     2.5223
   29  3.5062e+10    10.3004    29    28     2.6034
   30  3.4885e+10    10.3124    30    29     2.6844
   31  3.2307e+10    10.4962    31    30     2.7652
   32  3.2259e+10    10.4998    32    31     2.8459
   33  3.1439e+10    10.5619    33    32     2.9266
   34  3.0869e+10    10.6063    34    33     3.0071
   35  2.7910e+10    10.8528    35    34     3.0876
   36  2.6905e+10    10.9436    36    35     3.1680
   37  2.6774e+10    10.9557    37    36     3.2483
   38  2.2259e+10    11.4215    38    37     3.3285
   39  2.0057e+10    11.6902    39    38     3.4087
   40  1.9660e+10    11.7424    40    39     3.4889
   41  1.9553e+10    11.7566    41    40     3.5689
   42  1.9260e+10    11.7962    42    41     3.6490
   43  1.8810e+10    11.8581    43    42     3.7290
   44  1.8808e+10    11.8584    44    43     3.8089
   45  1.8721e+10    11.8707    45    44     3.8889
   46  1.8540e+10    11.8963    46    45     3.9688
   47  1.7482e+10    12.0518    47    46     4.0486
   48  1.7440e+10    12.0582    48    47     4.1285
   49  1.6804e+10    12.1573    49    48     4.2083
   50  1.6679e+10    12.1773    50    49     4.2881
   51  1.4544e+10    12.5483    51    50     4.3678
   52  1.4501e+10    12.5564    52    51     4.4476
   53  1.3866e+10    12.6794    53    52     4.5273
   54  1.3144e+10    12.8276    54    53     4.6070
   55  1.2762e+10    12.9098    55    54     4.6867
   56  1.2705e+10    12.9223    56    55     4.7664
   57  1.2362e+10    12.9990    57    56     4.8460
   58  1.1831e+10    13.1226    58    57     4.9257
   59  1.1737e+10    13.1452    59    58     5.0053
   60  1.1566e+10    13.1868    60    59     5.0849
   61  1.1507e+10    13.2015    61    60     5.1646
   62  1.1479e+10    13.2082    62    61     5.2442
   63  1.1350e+10    13.2405    63    62     5.3238
   64  1.1337e+10    13.2438    64    63     5.4033
   65  1.1224e+10    13.2721    65    64     5.4829
   66  1.0889e+10    13.3588    66    65     5.5625
   67  4.9457e+09    15.7579    67    66     5.6421
   68  4.9284e+09    15.7692    68    67     5.7216
   69  4.9268e+09    15.7702    69    68     5.8012
   70  4.7332e+09    15.8998    70    69     5.8807
   71  4.7214e+09    15.9079    71    70     5.9602
   72  4.6979e+09    15.9240    72    71     6.0398
   73  4.6222e+09    15.9768    73    72     6.1193
   74  4.6165e+09    15.9809    74    73     6.1988
   75  4.3965e+09    16.1402    75    74     6.2783
   76  4.3554e+09    16.1710    76    75     6.3579
   77  4.3382e+09    16.1839    77    76     6.4374
   78  4.1322e+09    16.3442    78    77     6.5169
   79  4.1082e+09    16.3635    79    78     6.5964
   80  4.0544e+09    16.4071    80    79     6.6759
   81  4.0261e+09    16.4304    81    80     6.7554
   82  3.9836e+09    16.4655    82    81     6.8349
   83  3.9632e+09    16.4826    83    82     6.9143
   84  3.9173e+09    16.5214    84    83     6.9938
   85  3.9118e+09    16.5261    85    84     7.0733
   86  3.9112e+09    16.5266    86    85     7.1528
   87  3.7787e+09    16.6417    87    86     7.2323
   88  3.5017e+09    16.8979    88    87     7.3117
   89  3.4782e+09    16.9207    89    88     7.3912
   90  3.2836e+09    17.1165    90    89     7.4707
   91  3.2347e+09    17.1678    91    90     7.5502
   92  3.2319e+09    17.1708    92    91     7.6296
   93  3.2135e+09    17.1904    93    92     7.7091
   94  3.1983e+09    17.2066    94    93     7.7885
   95  3.1834e+09    17.2226    95    94     7.8680
   96  2.3208e+09    18.3309    96    95     7.9475
   97  2.1691e+09    18.5743    97    96     8.0269
   98  2.1407e+09    18.6220    98    97     8.1064
   99  2.0961e+09    18.6984    99    98     8.1858
  100  1.8928e+09    19.0719   100    99     8.2653
