#indx Mass S step-number desc_indx 
    0  3.1600e+11     5.9621     0    -1     0.0134
    1  2.9919e+11     6.0501     1     0     0.1326
    2  2.9585e+11     6.0683     2     1     0.2441
    3  2.9147e+11     6.0924     3     2     0.3500
    4  2.8982e+11     6.1017     4     3     0.4519
    5  2.8658e+11     6.1200     5     4     0.5506
    6  2.8544e+11     6.1265     6     5     0.6467
    7  2.8514e+11     6.1282     7     6     0.7407
    8  2.7170e+11     6.2074     8     7     0.8330
    9  2.6422e+11     6.2535     9     8     0.9238
   10  1.8814e+11     6.8347    10     9     1.0134
   11  1.8481e+11     6.8663    11    10     1.1018
   12  1.8076e+11     6.9057    12    11     1.1894
   13  1.7697e+11     6.9434    13    12     1.2761
   14  1.7046e+11     7.0107    14    13     1.3621
   15  1.6642e+11     7.0540    15    14     1.4474
   16  1.6581e+11     7.0606    16    15     1.5322
   17  1.6560e+11     7.0629    17    16     1.6165
   18  1.6436e+11     7.0765    18    17     1.7003
   19  1.6140e+11     7.1095    19    18     1.7838
   20  1.5842e+11     7.1435    20    19     1.8669
   21  1.5732e+11     7.1561    21    20     1.9496
   22  1.5627e+11     7.1683    22    21     2.0321
   23  1.5607e+11     7.1707    23    22     2.1143
   24  1.5552e+11     7.1772    24    23     2.1963
   25  1.5478e+11     7.1859    25    24     2.2781
   26  1.4553e+11     7.2995    26    25     2.3597
   27  1.2310e+11     7.6144    27    26     2.4411
   28  1.2073e+11     7.6517    28    27     2.5223
   29  1.1875e+11     7.6834    29    28     2.6034
   30  1.1388e+11     7.7643    30    29     2.6844
   31  1.1174e+11     7.8012    31    30     2.7652
   32  9.5712e+10     8.1064    32    31     2.8459
   33  8.8100e+10     8.2734    33    32     2.9266
   34  8.7484e+10     8.2876    34    33     3.0071
   35  8.2789e+10     8.4002    35    34     3.0876
   36  8.2657e+10     8.4035    36    35     3.1680
   37  7.8020e+10     8.5226    37    36     3.2483
   38  6.5301e+10     8.8973    38    37     3.3285
   39  6.2373e+10     8.9958    39    38     3.4087
   40  6.2039e+10     9.0074    40    39     3.4889
   41  6.1103e+10     9.0402    41    40     3.5689
   42  4.3581e+10     9.7928    42    41     3.6490
   43  4.3317e+10     9.8068    43    42     3.7290
   44  4.3202e+10     9.8129    44    43     3.8089
   45  4.0586e+10     9.9569    45    44     3.8889
   46  4.0343e+10     9.9709    46    45     3.9688
   47  3.7586e+10    10.1361    47    46     4.0486
   48  3.7324e+10    10.1526    48    47     4.1285
   49  3.7145e+10    10.1639    49    48     4.2083
   50  2.9552e+10    10.7125    50    49     4.2881
   51  2.8310e+10    10.8177    51    50     4.3678
   52  2.7980e+10    10.8467    52    51     4.4476
   53  2.7731e+10    10.8687    53    52     4.5273
   54  2.7097e+10    10.9260    54    53     4.6070
   55  2.7083e+10    10.9273    55    54     4.6867
   56  2.5234e+10    11.1036    56    55     4.7664
   57  2.5188e+10    11.1081    57    56     4.8460
   58  2.3845e+10    11.2463    58    57     4.9257
   59  2.2229e+10    11.4249    59    58     5.0053
   60  2.0909e+10    11.5823    60    59     5.0849
   61  2.0730e+10    11.6046    61    60     5.1646
   62  2.0123e+10    11.6817    62    61     5.2442
   63  1.9049e+10    11.8250    63    62     5.3238
   64  1.8888e+10    11.8472    64    63     5.4033
   65  1.8732e+10    11.8691    65    64     5.4829
   66  1.7406e+10    12.0634    66    65     5.5625
   67  1.7067e+10    12.1158    67    66     5.6421
   68  1.6976e+10    12.1301    68    67     5.7216
   69  1.6903e+10    12.1416    69    68     5.8012
   70  1.6879e+10    12.1454    70    69     5.8807
   71  1.5481e+10    12.3781    71    70     5.9602
   72  1.5253e+10    12.4184    72    71     6.0398
   73  1.4226e+10    12.6089    73    72     6.1193
   74  1.4029e+10    12.6474    74    73     6.1988
   75  1.3315e+10    12.7917    75    74     6.2783
   76  1.1705e+10    13.1529    76    75     6.3579
   77  1.1179e+10    13.2836    77    76     6.4374
   78  1.0678e+10    13.4147    78    77     6.5169
   79  1.0649e+10    13.4227    79    78     6.5964
   80  1.0582e+10    13.4408    80    79     6.6759
   81  1.0414e+10    13.4868    81    80     6.7554
   82  9.8455e+09    13.6494    82    81     6.8349
   83  9.5551e+09    13.7367    83    82     6.9143
   84  9.1355e+09    13.8682    84    83     6.9938
   85  8.9827e+09    13.9179    85    84     7.0733
   86  8.9156e+09    13.9400    86    85     7.1528
   87  8.7809e+09    13.9850    87    86     7.2323
   88  8.6575e+09    14.0269    88    87     7.3117
   89  8.6533e+09    14.0284    89    88     7.3912
   90  8.6145e+09    14.0417    90    89     7.4707
   91  6.6329e+09    14.8326    91    90     7.5502
   92  6.6106e+09    14.8430    92    91     7.6296
   93  6.5956e+09    14.8500    93    92     7.7091
   94  5.8481e+09    15.2247    94    93     7.7885
   95  5.8458e+09    15.2259    95    94     7.8680
   96  5.2080e+09    15.5921    96    95     7.9475
   97  5.1197e+09    15.6468    97    96     8.0269
   98  3.2022e+09    17.2023    98    97     8.1064
   99  1.0708e+09    21.2540    99    98     8.1858
  100  1.0653e+09    21.2746   100    99     8.2653
