#indx Mass S step-number desc_indx 
    0  3.1600e+11     5.9621     0    -1     0.0134
    1  3.1316e+11     5.9766     1     0     0.1326
    2  3.1208e+11     5.9821     2     1     0.2441
    3  3.0679e+11     6.0096     3     2     0.3500
    4  3.0438e+11     6.0223     4     3     0.4519
    5  2.9064e+11     6.0971     5     4     0.5506
    6  2.8140e+11     6.1498     6     5     0.6467
    7  2.8130e+11     6.1504     7     6     0.7407
    8  2.8068e+11     6.1539     8     7     0.8330
    9  2.1391e+11     6.6106     9     8     0.9238
   10  2.0743e+11     6.6637    10     9     1.0134
   11  1.8258e+11     6.8878    11    10     1.1018
   12  1.8152e+11     6.8982    12    11     1.1894
   13  1.6092e+11     7.1148    13    12     1.2761
   14  1.6021e+11     7.1229    14    13     1.3621
   15  1.2557e+11     7.5766    15    14     1.4474
   16  1.2094e+11     7.6484    16    15     1.5322
   17  1.1856e+11     7.6865    17    16     1.6165
   18  1.1748e+11     7.7041    18    17     1.7003
   19  1.1642e+11     7.7216    19    18     1.7838
   20  1.1622e+11     7.7249    20    19     1.8669
   21  1.1588e+11     7.7306    21    20     1.9496
   22  1.1504e+11     7.7446    22    21     2.0321
   23  1.1378e+11     7.7660    23    22     2.1143
   24  1.0193e+11     7.9812    24    23     2.1963
   25  1.0109e+11     7.9977    25    24     2.2781
   26  9.9032e+10     8.0385    26    25     2.3597
   27  9.5441e+10     8.1121    27    26     2.4411
   28  9.2411e+10     8.1768    28    27     2.5223
   29  9.1199e+10     8.2034    29    28     2.6034
   30  8.9401e+10     8.2437    30    29     2.6844
   31  6.7798e+10     8.8173    31    30     2.7652
   32  6.0668e+10     9.0557    32    31     2.8459
   33  6.0606e+10     9.0579    33    32     2.9266
   34  5.8148e+10     9.1479    34    33     3.0071
   35  5.3191e+10     9.3438    35    34     3.0876
   36  4.8959e+10     9.5288    36    35     3.1680
   37  4.6026e+10     9.6683    37    36     3.2483
   38  4.5837e+10     9.6776    38    37     3.3285
   39  4.2954e+10     9.8260    39    38     3.4087
   40  4.0753e+10     9.9474    40    39     3.4889
   41  3.8915e+10    10.0547    41    40     3.5689
   42  3.3408e+10    10.4157    42    41     3.6490
   43  3.2876e+10    10.4542    43    42     3.7290
   44  3.2472e+10    10.4839    44    43     3.8089
   45  3.2407e+10    10.4888    45    44     3.8889
   46  3.2334e+10    10.4942    46    45     3.9688
   47  2.9613e+10    10.7074    47    46     4.0486
   48  2.9513e+10    10.7157    48    47     4.1285
   49  2.9508e+10    10.7161    49    48     4.2083
   50  2.8310e+10    10.8178    50    49     4.2881
   51  2.6169e+10    11.0126    51    50     4.3678
   52  2.3709e+10    11.2607    52    51     4.4476
   53  2.3674e+10    11.2644    53    52     4.5273
   54  2.2799e+10    11.3602    54    53     4.6070
   55  2.2695e+10    11.3718    55    54     4.6867
   56  2.2557e+10    11.3874    56    55     4.7664
   57  2.2043e+10    11.4464    57    56     4.8460
   58  2.1741e+10    11.4818    58    57     4.9257
   59  2.1385e+10    11.5243    59    58     5.0053
   60  2.1084e+10    11.5608    60    59     5.0849
   61  2.1049e+10    11.5651    61    60     5.1646
   62  2.1037e+10    11.5666    62    61     5.2442
   63  2.1008e+10    11.5701    63    62     5.3238
   64  2.0782e+10    11.5980    64    63     5.4033
   65  2.0650e+10    11.6146    65    64     5.4829
   66  2.0558e+10    11.6261    66    65     5.5625
   67  2.0362e+10    11.6511    67    66     5.6421
   68  1.9880e+10    11.7134    68    67     5.7216
   69  1.9617e+10    11.7480    69    68     5.8012
   70  1.9334e+10    11.7861    70    69     5.8807
   71  1.9253e+10    11.7971    71    70     5.9602
   72  1.9138e+10    11.8128    72    71     6.0398
   73  1.4723e+10    12.5148    73    72     6.1193
   74  1.4575e+10    12.5426    74    73     6.1988
   75  1.4492e+10    12.5581    75    74     6.2783
   76  1.4412e+10    12.5733    76    75     6.3579
   77  1.4293e+10    12.5960    77    76     6.4374
   78  1.4292e+10    12.5962    78    77     6.5169
   79  1.3945e+10    12.6639    79    78     6.5964
   80  1.3916e+10    12.6696    80    79     6.6759
   81  1.3575e+10    12.7380    81    80     6.7554
   82  1.3575e+10    12.7381    82    81     6.8349
   83  1.3550e+10    12.7433    83    82     6.9143
   84  1.1148e+10    13.2916    84    83     6.9938
   85  1.1056e+10    13.3151    85    84     7.0733
   86  1.0636e+10    13.4262    86    85     7.1528
   87  1.0604e+10    13.4349    87    86     7.2323
   88  1.0581e+10    13.4410    88    87     7.3117
   89  1.0539e+10    13.4525    89    88     7.3912
   90  9.8986e+09    13.6338    90    89     7.4707
   91  9.7209e+09    13.6864    91    90     7.5502
   92  9.6163e+09    13.7180    92    91     7.6296
   93  9.5560e+09    13.7364    93    92     7.7091
   94  8.5394e+09    14.0677    94    93     7.7885
   95  8.1567e+09    14.2044    95    94     7.8680
   96  8.1446e+09    14.2088    96    95     7.9475
   97  7.3597e+09    14.5143    97    96     8.0269
   98  6.0322e+09    15.1275    98    97     8.1064
   99  6.0103e+09    15.1389    99    98     8.1858
  100  5.8312e+09    15.2338   100    99     8.2653
