#indx Mass S step-number desc_indx 
    0  3.1600e+11     5.9621     0    -1     0.0134
    1  3.0433e+11     6.0226     1     0     0.1326
    2  3.0319e+11     6.0286     2     1     0.2441
    3  2.9175e+11     6.0909     3     2     0.3500
    4  2.6076e+11     6.2754     4     3     0.4519
    5  2.5470e+11     6.3145     5     4     0.5506
    6  2.3757e+11     6.4314     6     5     0.6467
    7  2.2457e+11     6.5271     7     6     0.7407
    8  2.2350e+11     6.5353     8     7     0.8330
    9  2.2188e+11     6.5477     9     8     0.9238
   10  2.2156e+11     6.5502    10     9     1.0134
   11  2.1921e+11     6.5685    11    10     1.1018
   12  2.1852e+11     6.5739    12    11     1.1894
   13  2.0755e+11     6.6628    13    12     1.2761
   14  2.0605e+11     6.6753    14    13     1.3621
   15  2.0305e+11     6.7008    15    14     1.4474
   16  1.5404e+11     7.1946    16    15     1.5322
   17  1.4235e+11     7.3405    17    16     1.6165
   18  1.3956e+11     7.3773    18    17     1.7003
   19  1.3605e+11     7.4251    19    18     1.7838
   20  1.3573e+11     7.4295    20    19     1.8669
   21  1.2554e+11     7.5771    21    20     1.9496
   22  1.0834e+11     7.8615    22    21     2.0321
   23  1.0716e+11     7.8828    23    22     2.1143
   24  1.0359e+11     7.9495    24    23     2.1963
   25  1.0288e+11     7.9629    25    24     2.2781
   26  1.0263e+11     7.9677    26    25     2.3597
   27  1.0201e+11     7.9797    27    26     2.4411
   28  9.9690e+10     8.0253    28    27     2.5223
   29  5.6117e+10     9.2257    29    28     2.6034
   30  5.4378e+10     9.2950    30    29     2.6844
   31  5.2882e+10     9.3567    31    30     2.7652
   32  5.1609e+10     9.4109    32    31     2.8459
   33  5.1177e+10     9.4296    33    32     2.9266
   34  4.8139e+10     9.5668    34    33     3.0071
   35  3.8894e+10    10.0560    35    34     3.0876
   36  2.6782e+10    10.9550    36    35     3.1680
   37  2.6487e+10    10.9825    37    36     3.2483
   38  2.6222e+10    11.0076    38    37     3.3285
   39  2.4250e+10    11.2036    39    38     3.4087
   40  2.4199e+10    11.2090    40    39     3.4889
   41  2.3656e+10    11.2664    41    40     3.5689
   42  2.1968e+10    11.4551    42    41     3.6490
   43  2.1715e+10    11.4849    43    42     3.7290
   44  2.1070e+10    11.5626    44    43     3.8089
   45  2.0817e+10    11.5938    45    44     3.8889
   46  1.9958e+10    11.7032    46    45     3.9688
   47  1.8011e+10    11.9727    47    46     4.0486
   48  1.7916e+10    11.9866    48    47     4.1285
   49  1.7793e+10    12.0049    49    48     4.2083
   50  1.7543e+10    12.0425    50    49     4.2881
   51  1.7012e+10    12.1244    51    50     4.3678
   52  1.7005e+10    12.1256    52    51     4.4476
   53  1.6817e+10    12.1552    53    52     4.5273
   54  1.6782e+10    12.1608    54    53     4.6070
   55  1.6256e+10    12.2463    55    54     4.6867
   56  1.6242e+10    12.2486    56    55     4.7664
   57  1.4749e+10    12.5099    57    56     4.8460
   58  1.3067e+10    12.8440    58    57     4.9257
   59  1.2979e+10    12.8629    59    58     5.0053
   60  1.2848e+10    12.8910    60    59     5.0849
   61  8.1657e+09    14.2011    61    60     5.1646
   62  8.0384e+09    14.2481    62    61     5.2442
   63  7.7370e+09    14.3630    63    62     5.3238
   64  7.6379e+09    14.4019    64    63     5.4033
   65  7.3131e+09    14.5336    65    64     5.4829
   66  7.0016e+09    14.6664    66    65     5.5625
   67  6.9612e+09    14.6841    67    66     5.6421
   68  6.6369e+09    14.8307    68    67     5.7216
   69  6.3815e+09    14.9521    69    68     5.8012
   70  6.3784e+09    14.9536    70    69     5.8807
   71  4.1852e+09    16.3022    71    70     5.9602
   72  4.1570e+09    16.3244    72    71     6.0398
   73  4.1149e+09    16.3581    73    72     6.1193
   74  1.1716e+09    20.8983    74    73     6.1988
   75  1.1579e+09    20.9448    75    74     6.2783
   76  1.1538e+09    20.9584    76    75     6.3579
   77  1.0105e+09    21.4854    77    76     6.4374
   78  9.0097e+08    21.9487    78    77     6.5169
   79  8.4603e+08    22.2057    79    78     6.5964
   80  8.3878e+08    22.2410    80    79     6.6759
   81  6.8761e+08    23.0674    81    80     6.7554
   82  6.8718e+08    23.0700    82    81     6.8349
   83  6.5261e+08    23.2881    83    82     6.9143
   84  6.4887e+08    23.3125    84    83     6.9938
   85  6.4818e+08    23.3170    85    84     7.0733
   86  6.3537e+08    23.4018    86    85     7.1528
   87  6.3424e+08    23.4094    87    86     7.2323
   88  6.1311e+08    23.5538    88    87     7.3117
   89  2.9235e+08    26.8682    89    88     7.3912
   90  2.9035e+08    26.9003    90    89     7.4707
   91  2.9014e+08    26.9037    91    90     7.5502
   92  2.8732e+08    26.9496    92    91     7.6296
   93  2.6985e+08    27.2448    93    92     7.7091
   94  2.6862e+08    27.2665    94    93     7.7885
   95  2.3660e+08    27.8711    95    94     7.8680
   96  2.0214e+08    28.6337    96    95     7.9475
   97  1.4791e+08    30.1890    97    96     8.0269
   98  1.4790e+08    30.1894    98    97     8.1064
   99  1.4619e+08    30.2483    99    98     8.1858
  100  1.4495e+08    30.2916   100    99     8.2653
