#indx Mass S step-number desc_indx 
    0  3.1600e+11     5.9621     0    -1     0.0134
    1  2.9254e+11     6.0865     1     0     0.1326
    2  2.9244e+11     6.0870     2     1     0.2441
    3  2.8547e+11     6.1263     3     2     0.3500
    4  2.6633e+11     6.2403     4     3     0.4519
    5  2.6392e+11     6.2554     5     4     0.5506
    6  2.0690e+11     6.6682     6     5     0.6467
    7  2.0629e+11     6.6733     7     6     0.7407
    8  1.6178e+11     7.1052     8     7     0.8330
    9  1.5886e+11     7.1383     9     8     0.9238
   10  1.4370e+11     7.3230    10     9     1.0134
   11  1.2074e+11     7.6515    11    10     1.1018
   12  1.1888e+11     7.6813    12    11     1.1894
   13  1.1867e+11     7.6847    13    12     1.2761
   14  1.1826e+11     7.6914    14    13     1.3621
   15  1.1740e+11     7.7055    15    14     1.4474
   16  9.9369e+10     8.0317    16    15     1.5322
   17  9.5468e+10     8.1115    17    16     1.6165
   18  9.3075e+10     8.1624    18    17     1.7003
   19  8.5286e+10     8.3394    19    18     1.7838
   20  7.6009e+10     8.5768    20    19     1.8669
   21  7.2780e+10     8.6676    21    20     1.9496
   22  6.9968e+10     8.7506    22    21     2.0321
   23  6.8634e+10     8.7913    23    22     2.1143
   24  6.7555e+10     8.8250    24    23     2.1963
   25  6.7021e+10     8.8418    25    24     2.2781
   26  6.6547e+10     8.8569    26    25     2.3597
   27  6.6243e+10     8.8667    27    26     2.4411
   28  6.1664e+10     9.0205    28    27     2.5223
   29  5.4416e+10     9.2934    29    28     2.6034
   30  5.1853e+10     9.4004    30    29     2.6844
   31  5.1633e+10     9.4098    31    30     2.7652
   32  5.0843e+10     9.4442    32    31     2.8459
   33  4.9893e+10     9.4864    33    32     2.9266
   34  4.8322e+10     9.5582    34    33     3.0071
   35  4.7949e+10     9.5757    35    34     3.0876
   36  4.2761e+10     9.8364    36    35     3.1680
   37  4.0225e+10     9.9777    37    36     3.2483
   38  3.9159e+10    10.0402    38    37     3.3285
   39  3.9131e+10    10.0418    39    38     3.4087
   40  3.9115e+10    10.0428    40    39     3.4889
   41  3.3256e+10    10.4266    41    40     3.5689
   42  3.0536e+10    10.6326    42    41     3.6490
   43  3.0457e+10    10.6389    43    42     3.7290
   44  2.8637e+10    10.7896    44    43     3.8089
   45  2.8308e+10    10.8180    45    44     3.8889
   46  2.8045e+10    10.8409    46    45     3.9688
   47  2.7956e+10    10.8488    47    46     4.0486
   48  2.3240e+10    11.3114    48    47     4.1285
   49  2.1993e+10    11.4523    49    48     4.2083
   50  2.1180e+10    11.5491    50    49     4.2881
   51  2.1056e+10    11.5642    51    50     4.3678
   52  2.0891e+10    11.5846    52    51     4.4476
   53  2.0282e+10    11.6612    53    52     4.5273
   54  2.0259e+10    11.6641    54    53     4.6070
   55  2.0186e+10    11.6735    55    54     4.6867
   56  2.0176e+10    11.6748    56    55     4.7664
   57  1.9237e+10    11.7992    57    56     4.8460
   58  1.8703e+10    11.8731    58    57     4.9257
   59  1.8635e+10    11.8828    59    58     5.0053
   60  1.7332e+10    12.0747    60    59     5.0849
   61  1.6733e+10    12.1687    61    60     5.1646
   62  1.6672e+10    12.1785    62    61     5.2442
   63  1.6643e+10    12.1830    63    62     5.3238
   64  1.6388e+10    12.2245    64    63     5.4033
   65  1.6341e+10    12.2322    65    64     5.4829
   66  1.5668e+10    12.3457    66    65     5.5625
   67  1.5531e+10    12.3695    67    66     5.6421
   68  1.5274e+10    12.4148    68    67     5.7216
   69  1.5253e+10    12.4185    69    68     5.8012
   70  1.5175e+10    12.4325    70    69     5.8807
   71  1.4856e+10    12.4903    71    70     5.9602
   72  1.4758e+10    12.5084    72    71     6.0398
   73  1.4601e+10    12.5376    73    72     6.1193
   74  1.4420e+10    12.5718    74    73     6.1988
   75  1.4390e+10    12.5775    75    74     6.2783
   76  1.4353e+10    12.5845    76    75     6.3579
   77  1.4321e+10    12.5907    77    76     6.4374
   78  1.4190e+10    12.6159    78    77     6.5169
   79  1.4109e+10    12.6316    79    78     6.5964
   80  1.1437e+10    13.2188    80    79     6.6759
   81  1.1089e+10    13.3066    81    80     6.7554
   82  1.0757e+10    13.3936    82    81     6.8349
   83  8.9746e+09    13.9206    83    82     6.9143
   84  8.6803e+09    14.0191    84    83     6.9938
   85  8.6455e+09    14.0310    85    84     7.0733
   86  8.1725e+09    14.1986    86    85     7.1528
   87  7.9515e+09    14.2807    87    86     7.2323
   88  7.9335e+09    14.2875    88    87     7.3117
   89  7.2861e+09    14.5448    89    88     7.3912
   90  7.2701e+09    14.5515    90    89     7.4707
   91  7.1576e+09    14.5991    91    90     7.5502
   92  7.0600e+09    14.6410    92    91     7.6296
   93  4.0345e+09    16.4234    93    92     7.7091
   94  3.9904e+09    16.4599    94    93     7.7885
   95  3.9894e+09    16.4607    95    94     7.8680
   96  3.9791e+09    16.4693    96    95     7.9475
   97  3.5877e+09    16.8159    97    96     8.0269
   98  3.5718e+09    16.8309    98    97     8.1064
   99  3.3795e+09    17.0184    99    98     8.1858
  100  3.3312e+09    17.0674   100    99     8.2653
