#indx Mass S step-number desc_indx 
    0  3.1600e+11     5.9621     0    -1     0.0134
    1  3.0553e+11     6.0162     1     0     0.1326
    2  3.0398e+11     6.0244     2     1     0.2441
    3  2.5773e+11     6.2948     3     2     0.3500
    4  2.5691e+11     6.3001     4     3     0.4519
    5  1.9514e+11     6.7704     5     4     0.5506
    6  1.8952e+11     6.8217     6     5     0.6467
    7  1.6668e+11     7.0511     7     6     0.7407
    8  1.6648e+11     7.0532     8     7     0.8330
    9  1.6457e+11     7.0741     9     8     0.9238
   10  1.6393e+11     7.0812    10     9     1.0134
   11  1.5894e+11     7.1374    11    10     1.1018
   12  1.4857e+11     7.2612    12    11     1.1894
   13  1.2891e+11     7.5268    13    12     1.2761
   14  1.2870e+11     7.5298    14    13     1.3621
   15  1.2517e+11     7.5826    15    14     1.4474
   16  1.2074e+11     7.6515    16    15     1.5322
   17  1.1979e+11     7.6666    17    16     1.6165
   18  1.1777e+11     7.6994    18    17     1.7003
   19  1.1698e+11     7.7124    19    18     1.7838
   20  1.1094e+11     7.8152    20    19     1.8669
   21  1.0871e+11     7.8547    21    20     1.9496
   22  1.0741e+11     7.8783    22    21     2.0321
   23  7.4932e+10     8.6066    23    22     2.1143
   24  7.3164e+10     8.6565    24    23     2.1963
   25  7.2425e+10     8.6779    25    24     2.2781
   26  7.0029e+10     8.7487    26    25     2.3597
   27  6.9517e+10     8.7643    27    26     2.4411
   28  4.1677e+10     9.8955    28    27     2.5223
   29  4.1606e+10     9.8995    29    28     2.6034
   30  4.1047e+10     9.9308    30    29     2.6844
   31  3.9725e+10    10.0068    31    30     2.7652
   32  3.8705e+10    10.0674    32    31     2.8459
   33  3.3884e+10    10.3819    33    32     2.9266
   34  3.3844e+10    10.3847    34    33     3.0071
   35  3.3442e+10    10.4133    35    34     3.0876
   36  2.5772e+10    11.0508    36    35     3.1680
   37  2.5059e+10    11.1210    37    36     3.2483
   38  2.4741e+10    11.1531    38    37     3.3285
   39  2.4472e+10    11.1807    39    38     3.4087
   40  2.3484e+10    11.2849    40    39     3.4889
   41  2.2343e+10    11.4118    41    40     3.5689
   42  2.2286e+10    11.4183    42    41     3.6490
   43  2.2141e+10    11.4350    43    42     3.7290
   44  1.9998e+10    11.6980    44    43     3.8089
   45  1.9976e+10    11.7008    45    44     3.8889
   46  1.9910e+10    11.7094    46    45     3.9688
   47  1.9635e+10    11.7457    47    46     4.0486
   48  1.9512e+10    11.7621    48    47     4.1285
   49  1.8733e+10    11.8689    49    48     4.2083
   50  1.7510e+10    12.0475    50    49     4.2881
   51  1.7456e+10    12.0558    51    50     4.3678
   52  1.7198e+10    12.0954    52    51     4.4476
   53  1.6623e+10    12.1863    53    52     4.5273
   54  1.6531e+10    12.2013    54    53     4.6070
   55  1.3750e+10    12.7027    55    54     4.6867
   56  1.3511e+10    12.7513    56    55     4.7664
   57  1.3341e+10    12.7862    57    56     4.8460
   58  1.3228e+10    12.8099    58    57     4.9257
   59  1.3005e+10    12.8571    59    58     5.0053
   60  1.2863e+10    12.8879    60    59     5.0849
   61  1.2790e+10    12.9037    61    60     5.1646
   62  1.0538e+10    13.4527    62    61     5.2442
   63  1.0336e+10    13.5086    63    62     5.3238
   64  1.0326e+10    13.5114    64    63     5.4033
   65  1.0308e+10    13.5164    65    64     5.4829
   66  8.9112e+09    13.9415    66    65     5.5625
   67  8.2383e+09    14.1746    67    66     5.6421
   68  8.0415e+09    14.2470    68    67     5.7216
   69  8.0114e+09    14.2582    69    68     5.8012
   70  7.9943e+09    14.2646    70    69     5.8807
   71  7.9858e+09    14.2678    71    70     5.9602
   72  7.3841e+09    14.5042    72    71     6.0398
   73  7.3615e+09    14.5136    73    72     6.1193
   74  7.2462e+09    14.5615    74    73     6.1988
   75  7.2395e+09    14.5644    75    74     6.2783
   76  7.1234e+09    14.6137    76    75     6.3579
   77  6.8706e+09    14.7243    77    76     6.4374
   78  6.6536e+09    14.8230    78    77     6.5169
   79  6.6209e+09    14.8382    79    78     6.5964
   80  6.5943e+09    14.8506    80    79     6.6759
   81  6.5360e+09    14.8780    81    80     6.7554
   82  6.4989e+09    14.8956    82    81     6.8349
   83  4.7517e+09    15.8871    83    82     6.9143
   84  4.5519e+09    16.0267    84    83     6.9938
   85  4.2846e+09    16.2248    85    84     7.0733
   86  3.8436e+09    16.5847    86    85     7.1528
   87  3.8313e+09    16.5954    87    86     7.2323
   88  3.0732e+09    17.3438    88    87     7.3117
   89  2.4679e+09    18.1115    89    88     7.3912
   90  2.4450e+09    18.1447    90    89     7.4707
   91  2.3594e+09    18.2718    91    90     7.5502
   92  2.2699e+09    18.4104    92    91     7.6296
   93  2.2390e+09    18.4599    93    92     7.7091
   94  1.9325e+09    18.9956    94    93     7.7885
   95  8.5136e+08    22.1799    95    94     7.8680
   96  8.4658e+08    22.2030    96    95     7.9475
   97  8.3437e+08    22.2627    97    96     8.0269
   98  7.2785e+08    22.8287    98    97     8.1064
   99  7.1197e+08    22.9211    99    98     8.1858
  100  6.6221e+08    23.2263   100    99     8.2653
