#indx Mass S step-number desc_indx 
    0  3.1600e+11     5.9621     0    -1     0.0134
    1  2.1926e+11     6.5680     1     0     0.1326
    2  2.1681e+11     6.5874     2     1     0.2441
    3  2.0315e+11     6.7000     3     2     0.3500
    4  2.0288e+11     6.7023     4     3     0.4519
    5  1.6083e+11     7.1159     5     4     0.5506
    6  1.6050e+11     7.1196     6     5     0.6467
    7  1.5713e+11     7.1584     7     6     0.7407
    8  1.5561e+11     7.1761     8     7     0.8330
    9  1.5441e+11     7.1903     9     8     0.9238
   10  1.5026e+11     7.2404    10     9     1.0134
   11  1.4911e+11     7.2545    11    10     1.1018
   12  1.4794e+11     7.2690    12    11     1.1894
   13  1.4762e+11     7.2731    13    12     1.2761
   14  1.4536e+11     7.3016    14    13     1.3621
   15  1.4231e+11     7.3411    15    14     1.4474
   16  1.2962e+11     7.5164    16    15     1.5322
   17  1.1317e+11     7.7765    17    16     1.6165
   18  1.0916e+11     7.8467    18    17     1.7003
   19  9.9279e+10     8.0335    19    18     1.7838
   20  9.4156e+10     8.1393    20    19     1.8669
   21  2.9937e+10    10.6808    21    20     1.9496
   22  2.9720e+10    10.6986    22    21     2.0321
   23  2.8754e+10    10.7795    23    22     2.1143
   24  2.5813e+10    11.0468    24    23     2.1963
   25  2.5760e+10    11.0520    25    24     2.2781
   26  2.5660e+10    11.0617    26    25     2.3597
   27  2.5632e+10    11.0643    27    26     2.4411
   28  2.5519e+10    11.0754    28    27     2.5223
   29  2.4500e+10    11.1779    29    28     2.6034
   30  2.4372e+10    11.1910    30    29     2.6844
   31  2.4155e+10    11.2136    31    30     2.7652
   32  2.3742e+10    11.2572    32    31     2.8459
   33  2.3005e+10    11.3373    33    32     2.9266
   34  2.2898e+10    11.3491    34    33     3.0071
   35  2.2829e+10    11.3569    35    34     3.0876
   36  2.2824e+10    11.3573    36    35     3.1680
   37  2.2653e+10    11.3765    37    36     3.2483
   38  2.2166e+10    11.4322    38    37     3.3285
   39  2.2030e+10    11.4479    39    38     3.4087
   40  2.1205e+10    11.5460    40    39     3.4889
   41  2.0314e+10    11.6572    41    40     3.5689
   42  1.9518e+10    11.7613    42    41     3.6490
   43  1.9252e+10    11.7972    43    42     3.7290
   44  1.8992e+10    11.8329    44    43     3.8089
   45  1.8882e+10    11.8481    45    44     3.8889
   46  1.8711e+10    11.8721    46    45     3.9688
   47  1.8539e+10    11.8963    47    46     4.0486
   48  1.8161e+10    11.9508    48    47     4.1285
   49  1.8061e+10    11.9653    49    48     4.2083
   50  1.7911e+10    11.9874    50    49     4.2881
   51  1.7833e+10    11.9990    51    50     4.3678
   52  1.7759e+10    12.0099    52    51     4.4476
   53  1.7334e+10    12.0744    53    52     4.5273
   54  1.7140e+10    12.1043    54    53     4.6070
   55  1.7022e+10    12.1229    55    54     4.6867
   56  1.6454e+10    12.2138    56    55     4.7664
   57  1.5180e+10    12.4315    57    56     4.8460
   58  1.3799e+10    12.6928    58    57     4.9257
   59  1.3760e+10    12.7006    59    58     5.0053
   60  1.3751e+10    12.7025    60    59     5.0849
   61  1.2919e+10    12.8756    61    60     5.1646
   62  1.2892e+10    12.8816    62    61     5.2442
   63  1.1520e+10    13.1981    63    62     5.3238
   64  1.1432e+10    13.2200    64    63     5.4033
   65  1.0957e+10    13.3409    65    64     5.4829
   66  1.0802e+10    13.3818    66    65     5.5625
   67  1.0739e+10    13.3986    67    66     5.6421
   68  1.0716e+10    13.4048    68    67     5.7216
   69  1.0634e+10    13.4268    69    68     5.8012
   70  1.0446e+10    13.4782    70    69     5.8807
   71  1.0103e+10    13.5746    71    70     5.9602
   72  9.8344e+09    13.6527    72    71     6.0398
   73  9.6003e+09    13.7229    73    72     6.1193
   74  9.4642e+09    13.7646    74    73     6.1988
   75  7.9143e+09    14.2948    75    74     6.2783
   76  7.8879e+09    14.3048    76    75     6.3579
   77  7.8790e+09    14.3082    77    76     6.4374
   78  7.5713e+09    14.4284    78    77     6.5169
   79  7.3125e+09    14.5338    79    78     6.5964
   80  7.2995e+09    14.5393    80    79     6.6759
   81  7.2903e+09    14.5431    81    80     6.7554
   82  7.2130e+09    14.5755    82    81     6.8349
   83  6.5832e+09    14.8558    83    82     6.9143
   84  6.4103e+09    14.9382    84    83     6.9938
   85  6.1691e+09    15.0574    85    84     7.0733
   86  5.8620e+09    15.2172    86    85     7.1528
   87  5.8543e+09    15.2213    87    86     7.2323
   88  5.5671e+09    15.3800    88    87     7.3117
   89  5.4648e+09    15.4388    89    88     7.3912
   90  5.4372e+09    15.4548    90    89     7.4707
   91  5.3341e+09    15.5158    91    90     7.5502
   92  5.2496e+09    15.5667    92    91     7.6296
   93  3.3974e+09    17.0005    93    92     7.7091
   94  3.3816e+09    17.0164    94    93     7.7885
   95  3.3670e+09    17.0310    95    94     7.8680
   96  3.3525e+09    17.0457    96    95     7.9475
   97  3.2552e+09    17.1462    97    96     8.0269
   98  3.2436e+09    17.1584    98    97     8.1064
   99  3.1765e+09    17.2300    99    98     8.1858
  100  3.1688e+09    17.2384   100    99     8.2653
