#indx Mass S step-number desc_indx 
    0  3.1600e+11     5.9621     0    -1     0.0134
    1  3.1456e+11     5.9695     1     0     0.1326
    2  2.9976e+11     6.0470     2     1     0.2441
    3  2.9702e+11     6.0618     3     2     0.3500
    4  2.5258e+11     6.3285     4     3     0.4519
    5  2.3922e+11     6.4197     5     4     0.5506
    6  2.3499e+11     6.4499     6     5     0.6467
    7  2.3446e+11     6.4537     7     6     0.7407
    8  2.2975e+11     6.4882     8     7     0.8330
    9  2.2706e+11     6.5082     9     8     0.9238
   10  2.2620e+11     6.5147    10     9     1.0134
   11  2.1805e+11     6.5776    11    10     1.1018
   12  2.1712e+11     6.5849    12    11     1.1894
   13  2.1615e+11     6.5926    13    12     1.2761
   14  2.1586e+11     6.5949    14    13     1.3621
   15  2.1540e+11     6.5986    15    14     1.4474
   16  2.0922e+11     6.6488    16    15     1.5322
   17  1.9135e+11     6.8049    17    16     1.6165
   18  1.8705e+11     6.8449    18    17     1.7003
   19  1.8697e+11     6.8458    19    18     1.7838
   20  1.7516e+11     6.9619    20    19     1.8669
   21  1.7439e+11     6.9698    21    20     1.9496
   22  1.7324e+11     6.9816    22    21     2.0321
   23  1.6570e+11     7.0618    23    22     2.1143
   24  1.5468e+11     7.1871    24    23     2.1963
   25  1.4049e+11     7.3650    25    24     2.2781
   26  1.3375e+11     7.4572    26    25     2.3597
   27  1.0546e+11     7.9142    27    26     2.4411
   28  1.0536e+11     7.9162    28    27     2.5223
   29  1.0365e+11     7.9482    29    28     2.6034
   30  1.0341e+11     7.9528    30    29     2.6844
   31  9.2409e+10     8.1769    31    30     2.7652
   32  9.1910e+10     8.1878    32    31     2.8459
   33  8.9154e+10     8.2493    33    32     2.9266
   34  8.8691e+10     8.2598    34    33     3.0071
   35  8.5169e+10     8.3422    35    34     3.0876
   36  7.7429e+10     8.5384    36    35     3.1680
   37  6.6896e+10     8.8458    37    36     3.2483
   38  6.6866e+10     8.8468    38    37     3.3285
   39  6.6728e+10     8.8512    39    38     3.4087
   40  6.6335e+10     8.8638    40    39     3.4889
   41  6.5359e+10     8.8954    41    40     3.5689
   42  6.2366e+10     8.9960    42    41     3.6490
   43  5.8154e+10     9.1477    43    42     3.7290
   44  5.4846e+10     9.2761    44    43     3.8089
   45  5.4272e+10     9.2993    45    44     3.8889
   46  5.3365e+10     9.3366    46    45     3.9688
   47  5.2012e+10     9.3936    47    46     4.0486
   48  5.1871e+10     9.3996    48    47     4.1285
   49  5.1522e+10     9.4146    49    48     4.2083
   50  5.1294e+10     9.4245    50    49     4.2881
   51  5.0599e+10     9.4550    51    50     4.3678
   52  4.9093e+10     9.5226    52    51     4.4476
   53  4.8220e+10     9.5630    53    52     4.5273
   54  4.7119e+10     9.6151    54    53     4.6070
   55  4.4738e+10     9.7329    55    54     4.6867
   56  4.3560e+10     9.7939    56    55     4.7664
   57  4.3118e+10     9.8173    57    56     4.8460
   58  4.1975e+10     9.8791    58    57     4.9257
   59  3.9898e+10     9.9966    59    58     5.0053
   60  3.6726e+10    10.1907    60    59     5.0849
   61  3.5059e+10    10.3006    61    60     5.1646
   62  3.4879e+10    10.3128    62    61     5.2442
   63  3.3412e+10    10.4154    63    62     5.3238
   64  3.3193e+10    10.4312    64    63     5.4033
   65  3.2991e+10    10.4458    65    64     5.4829
   66  3.2941e+10    10.4495    66    65     5.5625
   67  2.4089e+10    11.2205    67    66     5.6421
   68  2.4050e+10    11.2246    68    67     5.7216
   69  2.4015e+10    11.2282    69    68     5.8012
   70  2.3587e+10    11.2738    70    69     5.8807
   71  2.2983e+10    11.3397    71    70     5.9602
   72  1.5239e+10    12.4210    72    71     6.0398
   73  1.4573e+10    12.5429    73    72     6.1193
   74  1.3467e+10    12.7601    74    73     6.1988
   75  1.3430e+10    12.7679    75    74     6.2783
   76  1.3302e+10    12.7944    76    75     6.3579
   77  1.3023e+10    12.8533    77    76     6.4374
   78  1.2441e+10    12.9811    78    77     6.5169
   79  1.2421e+10    12.9857    79    78     6.5964
   80  1.2380e+10    12.9949    80    79     6.6759
   81  1.2346e+10    13.0026    81    80     6.7554
   82  1.1606e+10    13.1772    82    81     6.8349
   83  1.1512e+10    13.2002    83    82     6.9143
   84  1.0436e+10    13.4809    84    83     6.9938
   85  1.0397e+10    13.4916    85    84     7.0733
   86  1.0212e+10    13.5434    86    85     7.1528
   87  1.0163e+10    13.5574    87    86     7.2323
   88  1.0152e+10    13.5605    88    87     7.3117
   89  1.0148e+10    13.5617    89    88     7.3912
   90  1.0089e+10    13.5786    90    89     7.4707
   91  1.0048e+10    13.5903    91    90     7.5502
   92  9.5252e+09    13.7458    92    91     7.6296
   93  9.4109e+09    13.7811    93    92     7.7091
   94  9.4030e+09    13.7836    94    93     7.7885
   95  7.9304e+09    14.2887    95    94     7.8680
   96  7.9012e+09    14.2998    96    95     7.9475
   97  7.8800e+09    14.3079    97    96     8.0269
   98  7.8394e+09    14.3234    98    97     8.1064
   99  7.7717e+09    14.3495    99    98     8.1858
  100  7.7349e+09    14.3638   100    99     8.2653
