#indx Mass S step-number desc_indx 
    0  3.1600e+11     5.9621     0    -1     0.0134
    1  3.0667e+11     6.0102     1     0     0.1326
    2  2.7481e+11     6.1887     2     1     0.2441
    3  2.6703e+11     6.2360     3     2     0.3500
    4  2.6161e+11     6.2699     4     3     0.4519
    5  2.5959e+11     6.2828     5     4     0.5506
    6  2.5223e+11     6.3308     6     5     0.6467
    7  2.0329e+11     6.6988     7     6     0.7407
    8  1.9002e+11     6.8171     8     7     0.8330
    9  1.8625e+11     6.8525     9     8     0.9238
   10  1.7374e+11     6.9764    10     9     1.0134
   11  1.7273e+11     6.9869    11    10     1.1018
   12  1.7191e+11     6.9954    12    11     1.1894
   13  1.7146e+11     7.0001    13    12     1.2761
   14  1.7093e+11     7.0057    14    13     1.3621
   15  1.7069e+11     7.0082    15    14     1.4474
   16  1.5760e+11     7.1529    16    15     1.5322
   17  1.5737e+11     7.1556    17    16     1.6165
   18  1.5524e+11     7.1804    18    17     1.7003
   19  1.5334e+11     7.2030    19    18     1.7838
   20  1.5056e+11     7.2367    20    19     1.8669
   21  1.3755e+11     7.4046    21    20     1.9496
   22  1.3568e+11     7.4301    22    21     2.0321
   23  1.2650e+11     7.5625    23    22     2.1143
   24  1.2558e+11     7.5765    24    23     2.1963
   25  1.2252e+11     7.6235    25    24     2.2781
   26  1.2198e+11     7.6320    26    25     2.3597
   27  1.1754e+11     7.7032    27    26     2.4411
   28  1.1680e+11     7.7154    28    27     2.5223
   29  1.1344e+11     7.7719    29    28     2.6034
   30  1.1011e+11     7.8296    30    29     2.6844
   31  1.0798e+11     7.8679    31    30     2.7652
   32  9.1359e+10     8.1999    32    31     2.8459
   33  8.9050e+10     8.2516    33    32     2.9266
   34  8.6581e+10     8.3087    34    33     3.0071
   35  8.6060e+10     8.3210    35    34     3.0876
   36  8.5680e+10     8.3300    36    35     3.1680
   37  8.4936e+10     8.3478    37    36     3.2483
   38  8.0352e+10     8.4617    38    37     3.3285
   39  7.9371e+10     8.4871    39    38     3.4087
   40  7.8599e+10     8.5073    40    39     3.4889
   41  7.8371e+10     8.5133    41    40     3.5689
   42  7.4891e+10     8.6077    42    41     3.6490
   43  7.3333e+10     8.6517    43    42     3.7290
   44  6.9475e+10     8.7655    44    43     3.8089
   45  6.4793e+10     8.9140    45    44     3.8889
   46  6.3275e+10     8.9649    46    45     3.9688
   47  6.2976e+10     8.9751    47    46     4.0486
   48  6.1036e+10     9.0426    48    47     4.1285
   49  6.0890e+10     9.0478    49    48     4.2083
   50  6.0203e+10     9.0724    50    49     4.2881
   51  6.0077e+10     9.0769    51    50     4.3678
   52  5.8231e+10     9.1448    52    51     4.4476
   53  5.6761e+10     9.2007    53    52     4.5273
   54  5.2126e+10     9.3887    54    53     4.6070
   55  5.2108e+10     9.3894    55    54     4.6867
   56  5.2089e+10     9.3903    56    55     4.7664
   57  5.1717e+10     9.4062    57    56     4.8460
   58  5.1210e+10     9.4281    58    57     4.9257
   59  5.1004e+10     9.4371    59    58     5.0053
   60  1.7259e+10    12.0860    60    59     5.0849
   61  1.7185e+10    12.0975    61    60     5.1646
   62  1.7092e+10    12.1118    62    61     5.2442
   63  1.6936e+10    12.1363    63    62     5.3238
   64  1.6738e+10    12.1679    64    63     5.4033
   65  1.6655e+10    12.1811    65    64     5.4829
   66  1.6126e+10    12.2679    66    65     5.5625
   67  1.6026e+10    12.2846    67    66     5.6421
   68  1.5719e+10    12.3368    68    67     5.7216
   69  1.5558e+10    12.3648    69    68     5.8012
   70  1.5017e+10    12.4609    70    69     5.8807
   71  1.4809e+10    12.4989    71    70     5.9602
   72  1.4718e+10    12.5157    72    71     6.0398
   73  1.4609e+10    12.5362    73    72     6.1193
   74  1.1523e+10    13.1974    74    73     6.1988
   75  1.1386e+10    13.2314    75    74     6.2783
   76  1.1359e+10    13.2381    76    75     6.3579
   77  1.0526e+10    13.4562    77    76     6.4374
   78  1.0032e+10    13.5948    78    77     6.5169
   79  1.0001e+10    13.6039    79    78     6.5964
   80  7.9047e+09    14.2984    80    79     6.6759
   81  7.5140e+09    14.4513    81    80     6.7554
   82  7.3240e+09    14.5291    82    81     6.8349
   83  7.2249e+09    14.5705    83    82     6.9143
   84  7.1695e+09    14.5940    84    83     6.9938
   85  5.5944e+09    15.3645    85    84     7.0733
   86  5.3585e+09    15.5012    86    85     7.1528
   87  5.1115e+09    15.6519    87    86     7.2323
   88  4.6464e+09    15.9598    88    87     7.3117
   89  4.6340e+09    15.9686    89    88     7.3912
   90  4.5821e+09    16.0052    90    89     7.4707
   91  4.4814e+09    16.0776    91    90     7.5502
   92  4.4681e+09    16.0874    92    91     7.6296
   93  4.1994e+09    16.2910    93    92     7.7091
   94  4.0841e+09    16.3829    94    93     7.7885
   95  4.0834e+09    16.3835    95    94     7.8680
   96  4.0353e+09    16.4228    96    95     7.9475
   97  3.7254e+09    16.6893    97    96     8.0269
   98  3.7190e+09    16.6950    98    97     8.1064
   99  3.6803e+09    16.7301    99    98     8.1858
  100  3.4891e+09    16.9101   100    99     8.2653
