#indx Mass S step-number desc_indx 
    0  3.1600e+11     5.9621     0    -1     0.0134
    1  3.0787e+11     6.0039     1     0     0.1326
    2  2.3661e+11     6.4383     2     1     0.2441
    3  2.1718e+11     6.5844     3     2     0.3500
    4  1.9679e+11     6.7556     4     3     0.4519
    5  1.6070e+11     7.1174     5     4     0.5506
    6  1.5982e+11     7.1274     6     5     0.6467
    7  1.5295e+11     7.2078     7     6     0.7407
    8  1.4246e+11     7.3391     8     7     0.8330
    9  1.4218e+11     7.3427     9     8     0.9238
   10  1.3583e+11     7.4281    10     9     1.0134
   11  1.3570e+11     7.4299    11    10     1.1018
   12  1.2739e+11     7.5492    12    11     1.1894
   13  1.2334e+11     7.6107    13    12     1.2761
   14  1.2264e+11     7.6217    14    13     1.3621
   15  1.1486e+11     7.7477    15    14     1.4474
   16  1.1149e+11     7.8054    16    15     1.5322
   17  1.0843e+11     7.8597    17    16     1.6165
   18  1.0769e+11     7.8732    18    17     1.7003
   19  1.0676e+11     7.8902    19    18     1.7838
   20  1.0216e+11     7.9769    20    19     1.8669
   21  9.8319e+10     8.0528    21    20     1.9496
   22  9.1267e+10     8.2019    22    21     2.0321
   23  9.0455e+10     8.2200    23    22     2.1143
   24  8.9222e+10     8.2477    24    23     2.1963
   25  8.8725e+10     8.2590    25    24     2.2781
   26  8.2891e+10     8.3977    26    25     2.3597
   27  8.1404e+10     8.4349    27    26     2.4411
   28  7.9081e+10     8.4946    28    27     2.5223
   29  7.5637e+10     8.5871    29    28     2.6034
   30  3.0606e+10    10.6271    30    29     2.6844
   31  3.0590e+10    10.6283    31    30     2.7652
   32  3.0368e+10    10.6460    32    31     2.8459
   33  3.0094e+10    10.6681    33    32     2.9266
   34  2.9861e+10    10.6870    34    33     3.0071
   35  2.9715e+10    10.6990    35    34     3.0876
   36  2.9447e+10    10.7211    36    35     3.1680
   37  2.9113e+10    10.7491    37    36     3.2483
   38  2.9089e+10    10.7511    38    37     3.3285
   39  2.8936e+10    10.7640    39    38     3.4087
   40  2.7733e+10    10.8685    40    39     3.4889
   41  2.7585e+10    10.8818    41    40     3.5689
   42  2.7516e+10    10.8880    42    41     3.6490
   43  2.6631e+10    10.9690    43    42     3.7290
   44  2.6184e+10    11.0111    44    43     3.8089
   45  2.6054e+10    11.0236    45    44     3.8889
   46  2.5712e+10    11.0565    46    45     3.9688
   47  2.3658e+10    11.2662    47    46     4.0486
   48  2.3209e+10    11.3148    48    47     4.1285
   49  2.1808e+10    11.4739    49    48     4.2083
   50  1.5518e+10    12.3718    50    49     4.2881
   51  1.4581e+10    12.5414    51    50     4.3678
   52  1.4470e+10    12.5623    52    51     4.4476
   53  1.4433e+10    12.5694    53    52     4.5273
   54  1.4295e+10    12.5956    54    53     4.6070
   55  1.4053e+10    12.6425    55    54     4.6867
   56  1.3861e+10    12.6805    56    55     4.7664
   57  1.3763e+10    12.7002    57    56     4.8460
   58  1.2491e+10    12.9698    58    57     4.9257
   59  1.1822e+10    13.1249    59    58     5.0053
   60  1.1319e+10    13.2482    60    59     5.0849
   61  1.1223e+10    13.2723    61    60     5.1646
   62  1.1190e+10    13.2808    62    61     5.2442
   63  1.1097e+10    13.3046    63    62     5.3238
   64  1.0990e+10    13.3322    64    63     5.4033
   65  1.0968e+10    13.3380    65    64     5.4829
   66  1.0935e+10    13.3468    66    65     5.5625
   67  1.0259e+10    13.5303    67    66     5.6421
   68  8.8743e+09    13.9537    68    67     5.7216
   69  8.6220e+09    14.0391    69    68     5.8012
   70  8.1361e+09    14.2119    70    69     5.8807
   71  8.0070e+09    14.2598    71    70     5.9602
   72  7.9176e+09    14.2935    72    71     6.0398
   73  7.9044e+09    14.2986    73    72     6.1193
   74  7.8397e+09    14.3233    74    73     6.1988
   75  7.8215e+09    14.3303    75    74     6.2783
   76  7.7889e+09    14.3428    76    75     6.3579
   77  7.5743e+09    14.4272    77    76     6.4374
   78  7.4913e+09    14.4605    78    77     6.5169
   79  7.3259e+09    14.5283    79    78     6.5964
   80  7.3043e+09    14.5372    80    79     6.6759
   81  7.2327e+09    14.5672    81    80     6.7554
   82  5.9604e+09    15.1650    82    81     6.8349
   83  5.8927e+09    15.2008    83    82     6.9143
   84  5.8759e+09    15.2098    84    83     6.9938
   85  5.7682e+09    15.2679    85    84     7.0733
   86  5.2740e+09    15.5519    86    85     7.1528
   87  4.2933e+09    16.2181    87    86     7.2323
   88  4.2595e+09    16.2441    88    87     7.3117
   89  4.1124e+09    16.3601    89    88     7.3912
   90  4.0214e+09    16.4343    90    89     7.4707
   91  3.9740e+09    16.4735    91    90     7.5502
   92  3.9641e+09    16.4819    92    91     7.6296
   93  3.0299e+09    17.3926    93    92     7.7091
   94  3.0278e+09    17.3951    94    93     7.7885
   95  2.9379e+09    17.4994    95    94     7.8680
   96  2.9349e+09    17.5030    96    95     7.9475
   97  2.8260e+09    17.6345    97    96     8.0269
   98  2.8001e+09    17.6666    98    97     8.1064
   99  2.7093e+09    17.7820    99    98     8.1858
  100  2.6983e+09    17.7963   100    99     8.2653
