#indx Mass S step-number desc_indx 
    0  3.1600e+11     5.9621     0    -1     0.0134
    1  3.0492e+11     6.0195     1     0     0.1326
    2  2.3643e+11     6.4395     2     1     0.2441
    3  2.2492e+11     6.5244     3     2     0.3500
    4  2.1350e+11     6.6138     4     3     0.4519
    5  2.1151e+11     6.6301     5     4     0.5506
    6  1.8133e+11     6.9000     6     5     0.6467
    7  1.7435e+11     6.9701     7     6     0.7407
    8  1.6247e+11     7.0975     8     7     0.8330
    9  1.4322e+11     7.3292     9     8     0.9238
   10  9.6114e+10     8.0981    10     9     1.0134
   11  9.4816e+10     8.1253    11    10     1.1018
   12  8.3047e+10     8.3938    12    11     1.1894
   13  8.2892e+10     8.3977    13    12     1.2761
   14  8.1219e+10     8.4396    14    13     1.3621
   15  6.2027e+10     9.0078    15    14     1.4474
   16  1.0484e+10    13.4677    16    15     1.5322
   17  1.0216e+10    13.5424    17    16     1.6165
   18  9.8595e+09    13.6453    18    17     1.7003
   19  9.6479e+09    13.7084    19    18     1.7838
   20  9.6002e+09    13.7229    20    19     1.8669
   21  9.2248e+09    13.8397    21    20     1.9496
   22  9.0552e+09    13.8942    22    21     2.0321
   23  8.9715e+09    13.9216    23    22     2.1143
   24  8.9683e+09    13.9227    24    23     2.1963
   25  8.8665e+09    13.9563    25    24     2.2781
   26  8.6979e+09    14.0131    26    25     2.3597
   27  6.8830e+09    14.7187    27    26     2.4411
   28  6.8485e+09    14.7341    28    27     2.5223
   29  6.8124e+09    14.7504    29    28     2.6034
   30  6.8023e+09    14.7549    30    29     2.6844
   31  6.6062e+09    14.8450    31    30     2.7652
   32  6.0816e+09    15.1020    32    31     2.8459
   33  6.0166e+09    15.1356    33    32     2.9266
   34  6.0020e+09    15.1432    34    33     3.0071
   35  5.8337e+09    15.2324    35    34     3.0876
   36  5.8213e+09    15.2391    36    35     3.1680
   37  5.7593e+09    15.2728    37    36     3.2483
   38  5.7048e+09    15.3028    38    37     3.3285
   39  5.6561e+09    15.3298    39    38     3.4087
   40  3.4556e+09    16.9427    40    39     3.4889
   41  3.4544e+09    16.9439    41    40     3.5689
   42  2.7206e+09    17.7674    42    41     3.6490
   43  2.7189e+09    17.7696    43    42     3.7290
   44  2.6985e+09    17.7960    44    43     3.8089
   45  2.6353e+09    17.8793    45    44     3.8889
   46  2.4368e+09    18.1567    46    45     3.9688
   47  2.4291e+09    18.1679    47    46     4.0486
   48  2.4109e+09    18.1947    48    47     4.1285
   49  2.3938e+09    18.2201    49    48     4.2083
   50  2.3786e+09    18.2429    50    49     4.2881
   51  2.3358e+09    18.3078    51    50     4.3678
   52  2.3317e+09    18.3142    52    51     4.4476
   53  2.2643e+09    18.4194    53    52     4.5273
   54  2.2456e+09    18.4493    54    53     4.6070
   55  2.2385e+09    18.4607    55    54     4.6867
   56  2.2379e+09    18.4616    56    55     4.7664
   57  2.0761e+09    18.7333    57    56     4.8460
   58  2.0263e+09    18.8219    58    57     4.9257
   59  2.0249e+09    18.8244    59    58     5.0053
   60  2.0194e+09    18.8344    60    59     5.0849
   61  2.0077e+09    18.8556    61    60     5.1646
   62  1.9947e+09    18.8792    62    61     5.2442
   63  1.8735e+09    19.1097    63    62     5.3238
   64  1.8700e+09    19.1166    64    63     5.4033
   65  1.8618e+09    19.1328    65    64     5.4829
   66  1.8408e+09    19.1747    66    65     5.5625
   67  1.8271e+09    19.2024    67    66     5.6421
   68  1.8198e+09    19.2173    68    67     5.7216
   69  1.8156e+09    19.2258    69    68     5.8012
   70  1.8126e+09    19.2321    70    69     5.8807
   71  1.7756e+09    19.3085    71    70     5.9602
   72  1.7673e+09    19.3260    72    71     6.0398
   73  1.7251e+09    19.4160    73    72     6.1193
   74  1.7060e+09    19.4577    74    73     6.1988
   75  1.7045e+09    19.4609    75    74     6.2783
   76  1.7028e+09    19.4647    76    75     6.3579
   77  1.7000e+09    19.4708    77    76     6.4374
   78  1.6994e+09    19.4720    78    77     6.5169
   79  1.6816e+09    19.5115    79    78     6.5964
   80  1.6738e+09    19.5290    80    79     6.6759
   81  1.6458e+09    19.5923    81    80     6.7554
   82  1.5902e+09    19.7215    82    81     6.8349
   83  1.5452e+09    19.8302    83    82     6.9143
   84  1.5435e+09    19.8343    84    83     6.9938
   85  1.5357e+09    19.8534    85    84     7.0733
   86  1.5113e+09    19.9145    86    85     7.1528
   87  1.2956e+09    20.5056    87    86     7.2323
   88  1.2940e+09    20.5105    88    87     7.3117
   89  1.2076e+09    20.7796    89    88     7.3912
   90  1.2044e+09    20.7900    90    89     7.4707
   91  1.1941e+09    20.8238    91    90     7.5502
   92  1.1913e+09    20.8329    92    91     7.6296
   93  1.1904e+09    20.8359    93    92     7.7091
   94  1.1836e+09    20.8585    94    93     7.7885
   95  1.1615e+09    20.9326    95    94     7.8680
   96  1.1001e+09    21.1470    96    95     7.9475
   97  1.0820e+09    21.2128    97    96     8.0269
   98  1.0485e+09    21.3380    98    97     8.1064
   99  1.0438e+09    21.3557    99    98     8.1858
  100  9.6907e+08    21.6537   100    99     8.2653
