#indx Mass S step-number desc_indx 
    0  3.1600e+11     5.9621     0    -1     0.0134
    1  3.1166e+11     5.9843     1     0     0.1326
    2  3.0896e+11     5.9983     2     1     0.2441
    3  3.0521e+11     6.0179     3     2     0.3500
    4  3.0462e+11     6.0210     4     3     0.4519
    5  2.6780e+11     6.2312     5     4     0.5506
    6  2.5789e+11     6.2938     6     5     0.6467
    7  2.0543e+11     6.6806     7     6     0.7407
    8  2.0477e+11     6.6862     8     7     0.8330
    9  1.9396e+11     6.7809     9     8     0.9238
   10  1.9329e+11     6.7871    10     9     1.0134
   11  1.9296e+11     6.7901    11    10     1.1018
   12  1.8533e+11     6.8613    12    11     1.1894
   13  1.5116e+11     7.2294    13    12     1.2761
   14  1.4683e+11     7.2830    14    13     1.3621
   15  1.3872e+11     7.3886    15    14     1.4474
   16  1.3159e+11     7.4879    16    15     1.5322
   17  1.3081e+11     7.4990    17    16     1.6165
   18  1.2832e+11     7.5354    18    17     1.7003
   19  1.1464e+11     7.7514    19    18     1.7838
   20  1.1093e+11     7.8153    20    19     1.8669
   21  9.3886e+10     8.1450    21    20     1.9496
   22  9.2555e+10     8.1737    22    21     2.0321
   23  7.7170e+10     8.5453    23    22     2.1143
   24  7.4920e+10     8.6069    24    23     2.1963
   25  7.4878e+10     8.6081    25    24     2.2781
   26  6.9244e+10     8.7726    26    25     2.3597
   27  6.3568e+10     8.9550    27    26     2.4411
   28  6.3263e+10     8.9653    28    27     2.5223
   29  6.2154e+10     9.0034    29    28     2.6034
   30  5.8944e+10     9.1183    30    29     2.6844
   31  5.8837e+10     9.1222    31    30     2.7652
   32  5.0999e+10     9.4374    32    31     2.8459
   33  5.0909e+10     9.4413    33    32     2.9266
   34  5.0876e+10     9.4427    34    33     3.0071
   35  4.6492e+10     9.6455    35    34     3.0876
   36  4.5856e+10     9.6767    36    35     3.1680
   37  4.4882e+10     9.7256    37    36     3.2483
   38  4.0479e+10     9.9630    38    37     3.3285
   39  4.0048e+10     9.9879    39    38     3.4087
   40  3.9731e+10    10.0064    40    39     3.4889
   41  3.9709e+10    10.0077    41    40     3.5689
   42  3.7885e+10    10.1175    42    41     3.6490
   43  3.7544e+10    10.1388    43    42     3.7290
   44  3.6204e+10    10.2244    44    43     3.8089
   45  3.1486e+10    10.5583    45    44     3.8889
   46  3.1432e+10    10.5625    46    45     3.9688
   47  3.1386e+10    10.5661    47    46     4.0486
   48  3.0371e+10    10.6458    48    47     4.1285
   49  2.9988e+10    10.6767    49    48     4.2083
   50  2.9090e+10    10.7510    50    49     4.2881
   51  2.8540e+10    10.7979    51    50     4.3678
   52  2.8262e+10    10.8219    52    51     4.4476
   53  2.2611e+10    11.3813    53    52     4.5273
   54  2.2286e+10    11.4183    54    53     4.6070
   55  2.1923e+10    11.4604    55    54     4.6867
   56  2.0288e+10    11.6605    56    55     4.7664
   57  1.9859e+10    11.7160    57    56     4.8460
   58  1.1175e+10    13.2846    58    57     4.9257
   59  1.0756e+10    13.3940    59    58     5.0053
   60  1.0445e+10    13.4784    60    59     5.0849
   61  1.0431e+10    13.4821    61    60     5.1646
   62  1.0392e+10    13.4929    62    61     5.2442
   63  1.0317e+10    13.5137    63    62     5.3238
   64  1.0103e+10    13.5744    64    63     5.4033
   65  1.0098e+10    13.5758    65    64     5.4829
   66  9.6647e+09    13.7034    66    65     5.5625
   67  9.6357e+09    13.7121    67    66     5.6421
   68  9.6324e+09    13.7131    68    67     5.7216
   69  9.6095e+09    13.7201    69    68     5.8012
   70  9.4384e+09    13.7726    70    69     5.8807
   71  8.9635e+09    13.9242    71    70     5.9602
   72  8.1399e+09    14.2105    72    71     6.0398
   73  8.1287e+09    14.2147    73    72     6.1193
   74  4.9201e+09    15.7746    74    73     6.1988
   75  4.8560e+09    15.8169    75    74     6.2783
   76  4.3949e+09    16.1414    76    75     6.3579
   77  4.3857e+09    16.1482    77    76     6.4374
   78  4.3679e+09    16.1616    78    77     6.5169
   79  4.3490e+09    16.1758    79    78     6.5964
   80  4.3015e+09    16.2118    80    79     6.6759
   81  4.2670e+09    16.2383    81    80     6.7554
   82  4.2405e+09    16.2588    82    81     6.8349
   83  4.2228e+09    16.2726    83    82     6.9143
   84  4.1451e+09    16.3339    84    83     6.9938
   85  4.1198e+09    16.3541    85    84     7.0733
   86  4.0976e+09    16.3720    86    85     7.1528
   87  3.2023e+09    17.2023    87    86     7.2323
   88  3.1967e+09    17.2082    88    87     7.3117
   89  3.1203e+09    17.2914    89    88     7.3912
   90  3.0964e+09    17.3178    90    89     7.4707
   91  3.0688e+09    17.3487    91    90     7.5502
   92  3.0009e+09    17.4259    92    91     7.6296
   93  2.9564e+09    17.4777    93    92     7.7091
   94  3.8051e+08    25.6541    94    93     7.7885
   95  3.2178e+08    26.4219    95    94     7.8680
   96  3.2169e+08    26.4233    96    95     7.9475
   97  3.2150e+08    26.4259    97    96     8.0269
   98  3.1741e+08    26.4852    98    97     8.1064
   99  3.1717e+08    26.4887    99    98     8.1858
  100  3.0315e+08    26.6989   100    99     8.2653
