#indx Mass S step-number desc_indx 
    0  3.1600e+11     5.9621     0    -1     0.0134
    1  3.0637e+11     6.0118     1     0     0.1326
    2  3.0520e+11     6.0180     2     1     0.2441
    3  3.0380e+11     6.0254     3     2     0.3500
    4  3.0242e+11     6.0327     4     3     0.4519
    5  2.8477e+11     6.1303     5     4     0.5506
    6  2.7086e+11     6.2125     6     5     0.6467
    7  2.6849e+11     6.2270     7     6     0.7407
    8  2.6659e+11     6.2387     8     7     0.8330
    9  2.6324e+11     6.2597     9     8     0.9238
   10  2.6047e+11     6.2772    10     9     1.0134
   11  1.8968e+11     6.8203    11    10     1.1018
   12  1.8765e+11     6.8393    12    11     1.1894
   13  1.8717e+11     6.8438    13    12     1.2761
   14  1.7898e+11     6.9233    14    13     1.3621
   15  1.5504e+11     7.1828    15    14     1.4474
   16  1.4985e+11     7.2455    16    15     1.5322
   17  1.3597e+11     7.4262    17    16     1.6165
   18  1.0351e+11     7.9509    18    17     1.7003
   19  1.0209e+11     7.9782    19    18     1.7838
   20  1.0163e+11     7.9871    20    19     1.8669
   21  1.0010e+11     8.0172    21    20     1.9496
   22  9.5634e+10     8.1081    22    21     2.0321
   23  5.1934e+10     9.3969    23    22     2.1143
   24  4.1968e+10     9.8795    24    23     2.1963
   25  4.0220e+10     9.9779    25    24     2.2781
   26  4.0099e+10     9.9850    26    25     2.3597
   27  3.9998e+10     9.9908    27    26     2.4411
   28  3.9518e+10    10.0189    28    27     2.5223
   29  3.9008e+10    10.0492    29    28     2.6034
   30  3.8019e+10    10.1092    30    29     2.6844
   31  3.5625e+10    10.2626    31    30     2.7652
   32  3.5581e+10    10.2655    32    31     2.8459
   33  3.5275e+10    10.2860    33    32     2.9266
   34  3.5192e+10    10.2916    34    33     3.0071
   35  3.3516e+10    10.4079    35    34     3.0876
   36  3.3328e+10    10.4214    36    35     3.1680
   37  2.6075e+10    11.0216    37    36     3.2483
   38  2.4842e+10    11.1429    38    37     3.3285
   39  2.4412e+10    11.1869    39    38     3.4087
   40  2.4006e+10    11.2293    40    39     3.4889
   41  2.3152e+10    11.3211    41    40     3.5689
   42  2.2961e+10    11.3421    42    41     3.6490
   43  2.2946e+10    11.3438    43    42     3.7290
   44  2.2479e+10    11.3963    44    43     3.8089
   45  2.2471e+10    11.3972    45    44     3.8889
   46  2.2074e+10    11.4428    46    45     3.9688
   47  2.1982e+10    11.4535    47    46     4.0486
   48  2.1644e+10    11.4932    48    47     4.1285
   49  2.1202e+10    11.5464    49    48     4.2083
   50  2.1070e+10    11.5625    50    49     4.2881
   51  2.0546e+10    11.6277    51    50     4.3678
   52  2.0480e+10    11.6360    52    51     4.4476
   53  1.9645e+10    11.7443    53    52     4.5273
   54  1.7605e+10    12.0331    54    53     4.6070
   55  1.7545e+10    12.0422    55    54     4.6867
   56  1.6391e+10    12.2240    56    55     4.7664
   57  1.1618e+10    13.1743    57    56     4.8460
   58  1.0976e+10    13.3360    58    57     4.9257
   59  1.0920e+10    13.3505    59    58     5.0053
   60  9.9496e+09    13.6188    60    59     5.0849
   61  9.9388e+09    13.6220    61    60     5.1646
   62  9.5635e+09    13.7341    62    61     5.2442
   63  9.5198e+09    13.7475    63    62     5.3238
   64  9.2274e+09    13.8388    64    63     5.4033
   65  5.9392e+09    15.1761    65    64     5.4829
   66  5.8401e+09    15.2290    66    65     5.5625
   67  5.8348e+09    15.2318    67    66     5.6421
   68  5.7592e+09    15.2729    68    67     5.7216
   69  5.6479e+09    15.3345    69    68     5.8012
   70  5.6383e+09    15.3398    70    69     5.8807
   71  5.5310e+09    15.4006    71    70     5.9602
   72  5.4110e+09    15.4702    72    71     6.0398
   73  5.3854e+09    15.4853    73    72     6.1193
   74  5.3543e+09    15.5037    74    73     6.1988
   75  5.1028e+09    15.6574    75    74     6.2783
   76  4.7936e+09    15.8587    76    75     6.3579
   77  4.7894e+09    15.8615    77    76     6.4374
   78  4.4077e+09    16.1319    78    77     6.5169
   79  4.4028e+09    16.1355    79    78     6.5964
   80  4.3739e+09    16.1571    80    79     6.6759
   81  4.3617e+09    16.1663    81    80     6.7554
   82  4.2160e+09    16.2779    82    81     6.8349
   83  3.4184e+09    16.9795    83    82     6.9143
   84  3.3269e+09    17.0718    84    83     6.9938
   85  3.3124e+09    17.0867    85    84     7.0733
   86  3.2850e+09    17.1151    86    85     7.1528
   87  3.2643e+09    17.1367    87    86     7.2323
   88  3.1465e+09    17.2626    88    87     7.3117
   89  3.1277e+09    17.2831    89    88     7.3912
   90  3.1193e+09    17.2925    90    89     7.4707
   91  3.1151e+09    17.2971    91    90     7.5502
   92  3.0230e+09    17.4005    92    91     7.6296
   93  2.9963e+09    17.4312    93    92     7.7091
   94  2.9793e+09    17.4509    94    93     7.7885
   95  2.8119e+09    17.6519    95    94     7.8680
   96  2.8045e+09    17.6611    96    95     7.9475
   97  2.7271e+09    17.7590    97    96     8.0269
   98  2.6776e+09    17.8233    98    97     8.1064
   99  2.6751e+09    17.8267    99    98     8.1858
  100  2.6716e+09    17.8312   100    99     8.2653
