#indx Mass S step-number desc_indx 
    0  3.1600e+11     5.9621     0    -1     0.0134
    1  3.0537e+11     6.0171     1     0     0.1326
    2  2.8268e+11     6.1424     2     1     0.2441
    3  2.8088e+11     6.1528     3     2     0.3500
    4  2.7475e+11     6.1890     4     3     0.4519
    5  2.6238e+11     6.2651     5     4     0.5506
    6  2.5231e+11     6.3302     6     5     0.6467
    7  2.3790e+11     6.4291     7     6     0.7407
    8  2.3759e+11     6.4313     8     7     0.8330
    9  1.8791e+11     6.8368     9     8     0.9238
   10  1.8724e+11     6.8431    10     9     1.0134
   11  1.5235e+11     7.2149    11    10     1.1018
   12  1.4932e+11     7.2519    12    11     1.1894
   13  1.2652e+11     7.5623    13    12     1.2761
   14  1.2181e+11     7.6346    14    13     1.3621
   15  1.2128e+11     7.6430    15    14     1.4474
   16  1.1122e+11     7.8103    16    15     1.5322
   17  1.1004e+11     7.8309    17    16     1.6165
   18  1.0781e+11     7.8711    18    17     1.7003
   19  1.0603e+11     7.9036    19    18     1.7838
   20  9.1322e+10     8.2007    20    19     1.8669
   21  9.1109e+10     8.2054    21    20     1.9496
   22  7.7237e+10     8.5435    22    21     2.0321
   23  7.7051e+10     8.5485    23    22     2.1143
   24  7.5892e+10     8.5800    24    23     2.1963
   25  7.0335e+10     8.7395    25    24     2.2781
   26  5.9801e+10     9.0869    26    25     2.3597
   27  5.9277e+10     9.1060    27    26     2.4411
   28  4.7553e+10     9.5944    28    27     2.5223
   29  4.7405e+10     9.6014    29    28     2.6034
   30  4.6693e+10     9.6357    30    29     2.6844
   31  4.5789e+10     9.6800    31    30     2.7652
   32  4.5713e+10     9.6838    32    31     2.8459
   33  4.5561e+10     9.6914    33    32     2.9266
   34  4.5086e+10     9.7152    34    33     3.0071
   35  4.5018e+10     9.7187    35    34     3.0876
   36  4.3898e+10     9.7762    36    35     3.1680
   37  4.2954e+10     9.8260    37    36     3.2483
   38  4.2706e+10     9.8393    38    37     3.3285
   39  4.2406e+10     9.8556    39    38     3.4087
   40  1.6386e+10    12.2249    40    39     3.4889
   41  1.5977e+10    12.2929    41    40     3.5689
   42  1.5561e+10    12.3642    42    41     3.6490
   43  1.5502e+10    12.3745    43    42     3.7290
   44  1.4609e+10    12.5360    44    43     3.8089
   45  1.4561e+10    12.5450    45    44     3.8889
   46  1.4340e+10    12.5870    46    45     3.9688
   47  1.3431e+10    12.7677    47    46     4.0486
   48  1.3402e+10    12.7737    48    47     4.1285
   49  1.3130e+10    12.8306    49    48     4.2083
   50  1.2529e+10    12.9613    50    49     4.2881
   51  1.2499e+10    12.9681    51    50     4.3678
   52  1.2171e+10    13.0428    52    51     4.4476
   53  1.2108e+10    13.0575    53    52     4.5273
   54  5.5029e+09    15.4167    54    53     4.6070
   55  5.0398e+09    15.6972    55    54     4.6867
   56  3.6803e+09    16.7302    56    55     4.7664
   57  3.6377e+09    16.7694    57    56     4.8460
   58  3.6242e+09    16.7818    58    57     4.9257
   59  3.0861e+09    17.3293    59    58     5.0053
   60  2.9047e+09    17.5389    60    59     5.0849
   61  2.7548e+09    17.7237    61    60     5.1646
   62  2.7447e+09    17.7366    62    61     5.2442
   63  2.6999e+09    17.7942    63    62     5.3238
   64  2.5808e+09    17.9531    64    63     5.4033
   65  2.5788e+09    17.9557    65    64     5.4829
   66  2.5354e+09    18.0158    66    65     5.5625
   67  2.3018e+09    18.3604    67    66     5.6421
   68  2.3009e+09    18.3618    68    67     5.7216
   69  2.2896e+09    18.3795    69    68     5.8012
   70  2.2760e+09    18.4008    70    69     5.8807
   71  2.2635e+09    18.4206    71    70     5.9602
   72  2.2175e+09    18.4947    72    71     6.0398
   73  2.1985e+09    18.5256    73    72     6.1193
   74  2.1927e+09    18.5352    74    73     6.1988
   75  2.1734e+09    18.5671    75    74     6.2783
   76  2.1727e+09    18.5683    76    75     6.3579
   77  2.1349e+09    18.6319    77    76     6.4374
   78  2.1262e+09    18.6467    78    77     6.5169
   79  2.0774e+09    18.7310    79    78     6.5964
   80  2.0606e+09    18.7606    80    79     6.6759
   81  2.0504e+09    18.7787    81    80     6.7554
   82  2.0400e+09    18.7972    82    81     6.8349
   83  1.9866e+09    18.8942    83    82     6.9143
   84  1.9648e+09    18.9346    84    83     6.9938
   85  1.9562e+09    18.9508    85    84     7.0733
   86  1.9266e+09    19.0067    86    85     7.1528
   87  1.8557e+09    19.1450    87    86     7.2323
   88  1.8498e+09    19.1566    88    87     7.3117
   89  1.8399e+09    19.1766    89    88     7.3912
   90  1.8238e+09    19.2092    90    89     7.4707
   91  1.7787e+09    19.3021    91    90     7.5502
   92  1.6409e+09    19.6034    92    91     7.6296
   93  1.6322e+09    19.6234    93    92     7.7091
   94  1.5812e+09    19.7431    94    93     7.7885
   95  1.5790e+09    19.7482    95    94     7.8680
   96  1.5723e+09    19.7644    96    95     7.9475
   97  1.5650e+09    19.7821    97    96     8.0269
   98  1.5582e+09    19.7985    98    97     8.1064
   99  1.5522e+09    19.8130    99    98     8.1858
  100  1.5474e+09    19.8247   100    99     8.2653
