#indx Mass S step-number desc_indx 
    0  3.1600e+11     5.9621     0    -1     0.0134
    1  3.1421e+11     5.9712     1     0     0.1326
    2  3.1212e+11     5.9819     2     1     0.2441
    3  3.1016e+11     5.9920     3     2     0.3500
    4  3.0656e+11     6.0108     4     3     0.4519
    5  2.9689e+11     6.0626     5     4     0.5506
    6  2.9594e+11     6.0677     6     5     0.6467
    7  2.8807e+11     6.1115     7     6     0.7407
    8  2.3486e+11     6.4509     8     7     0.8330
    9  1.8284e+11     6.8853     9     8     0.9238
   10  1.8122e+11     6.9011    10     9     1.0134
   11  1.8062e+11     6.9070    11    10     1.1018
   12  1.8018e+11     6.9114    12    11     1.1894
   13  1.6767e+11     7.0405    13    12     1.2761
   14  1.6697e+11     7.0480    14    13     1.3621
   15  1.6114e+11     7.1124    15    14     1.4474
   16  1.5589e+11     7.1728    16    15     1.5322
   17  1.5538e+11     7.1789    17    16     1.6165
   18  1.5097e+11     7.2317    18    17     1.7003
   19  1.4831e+11     7.2644    19    18     1.7838
   20  8.1375e+10     8.4356    20    19     1.8669
   21  8.0942e+10     8.4466    21    20     1.9496
   22  8.0291e+10     8.4633    22    21     2.0321
   23  8.0115e+10     8.4678    23    22     2.1143
   24  7.9554e+10     8.4823    24    23     2.1963
   25  7.7908e+10     8.5256    25    24     2.2781
   26  7.5692e+10     8.5856    26    25     2.3597
   27  7.3197e+10     8.6556    27    26     2.4411
   28  7.2253e+10     8.6828    28    27     2.5223
   29  6.1011e+10     9.0435    29    28     2.6034
   30  5.6848e+10     9.1973    30    29     2.6844
   31  5.5537e+10     9.2485    31    30     2.7652
   32  5.4596e+10     9.2862    32    31     2.8459
   33  5.4169e+10     9.3035    33    32     2.9266
   34  5.1225e+10     9.4275    34    33     3.0071
   35  4.7907e+10     9.5777    35    34     3.0876
   36  4.7089e+10     9.6165    36    35     3.1680
   37  4.6985e+10     9.6215    37    36     3.2483
   38  4.1488e+10     9.9060    38    37     3.3285
   39  4.0633e+10     9.9543    39    38     3.4087
   40  3.9844e+10     9.9998    40    39     3.4889
   41  3.8431e+10    10.0840    41    40     3.5689
   42  3.8233e+10    10.0961    42    41     3.6490
   43  3.8004e+10    10.1102    43    42     3.7290
   44  3.7891e+10    10.1172    44    43     3.8089
   45  3.7874e+10    10.1182    45    44     3.8889
   46  3.5017e+10    10.3035    46    45     3.9688
   47  3.4804e+10    10.3180    47    46     4.0486
   48  2.7949e+10    10.8494    48    47     4.1285
   49  2.6896e+10    10.9444    49    48     4.2083
   50  2.6520e+10    10.9794    50    49     4.2881
   51  2.2013e+10    11.4498    51    50     4.3678
   52  2.1863e+10    11.4674    52    51     4.4476
   53  2.1843e+10    11.4698    53    52     4.5273
   54  2.0325e+10    11.6558    54    53     4.6070
   55  2.0255e+10    11.6647    55    54     4.6867
   56  1.9020e+10    11.8290    56    55     4.7664
   57  1.8949e+10    11.8389    57    56     4.8460
   58  1.7814e+10    12.0017    58    57     4.9257
   59  1.7800e+10    12.0039    59    58     5.0053
   60  1.7186e+10    12.0972    60    59     5.0849
   61  1.7132e+10    12.1056    61    60     5.1646
   62  1.6925e+10    12.1382    62    61     5.2442
   63  1.5151e+10    12.4368    63    62     5.3238
   64  1.4955e+10    12.4721    64    63     5.4033
   65  1.4573e+10    12.5428    65    64     5.4829
   66  1.4263e+10    12.6017    66    65     5.5625
   67  1.4032e+10    12.6468    67    66     5.6421
   68  1.4002e+10    12.6526    68    67     5.7216
   69  1.3864e+10    12.6799    69    68     5.8012
   70  1.3138e+10    12.8288    70    69     5.8807
   71  1.3102e+10    12.8366    71    70     5.9602
   72  1.2952e+10    12.8685    72    71     6.0398
   73  1.2757e+10    12.9109    73    72     6.1193
   74  1.1394e+10    13.2295    74    73     6.1988
   75  1.0249e+10    13.5331    75    74     6.2783
   76  9.8575e+09    13.6459    76    75     6.3579
   77  9.7923e+09    13.6651    77    76     6.4374
   78  9.7538e+09    13.6766    78    77     6.5169
   79  9.3971e+09    13.7854    79    78     6.5964
   80  9.3267e+09    13.8074    80    79     6.6759
   81  8.6771e+09    14.0202    81    80     6.7554
   82  8.6603e+09    14.0260    82    81     6.8349
   83  8.6259e+09    14.0378    83    82     6.9143
   84  8.2022e+09    14.1877    84    83     6.9938
   85  8.0965e+09    14.2265    85    84     7.0733
   86  8.0385e+09    14.2481    86    85     7.1528
   87  7.9866e+09    14.2675    87    86     7.2323
   88  7.7153e+09    14.3715    88    87     7.3117
   89  7.7002e+09    14.3774    89    88     7.3912
   90  5.8867e+09    15.2040    90    89     7.4707
   91  5.6599e+09    15.3277    91    90     7.5502
   92  5.5727e+09    15.3768    92    91     7.6296
   93  5.5570e+09    15.3857    93    92     7.7091
   94  2.9312e+09    17.5073    94    93     7.7885
   95  2.9183e+09    17.5227    95    94     7.8680
   96  2.8972e+09    17.5478    96    95     7.9475
   97  2.8832e+09    17.5646    97    96     8.0269
   98  2.5972e+09    17.9307    98    97     8.1064
   99  2.5877e+09    17.9437    99    98     8.1858
  100  2.5626e+09    17.9780   100    99     8.2653
