#indx Mass S step-number desc_indx 
    0  3.1600e+11     5.9621     0    -1     0.0134
    1  2.8489e+11     6.1296     1     0     0.1326
    2  2.8270e+11     6.1423     2     1     0.2441
    3  2.6679e+11     6.2375     3     2     0.3500
    4  1.6878e+11     7.0285     4     3     0.4519
    5  1.6695e+11     7.0482     5     4     0.5506
    6  1.6048e+11     7.1198     6     5     0.6467
    7  1.5674e+11     7.1629     7     6     0.7407
    8  1.5525e+11     7.1804     8     7     0.8330
    9  1.4998e+11     7.2438     9     8     0.9238
   10  1.1833e+11     7.6903    10     9     1.0134
   11  1.1333e+11     7.7736    11    10     1.1018
   12  1.1139e+11     7.8073    12    11     1.1894
   13  1.0904e+11     7.8489    13    12     1.2761
   14  1.0764e+11     7.8740    14    13     1.3621
   15  1.0753e+11     7.8762    15    14     1.4474
   16  1.0178e+11     7.9841    16    15     1.5322
   17  1.0044e+11     8.0106    17    16     1.6165
   18  9.9353e+10     8.0320    18    17     1.7003
   19  9.7746e+10     8.0645    19    18     1.7838
   20  9.5010e+10     8.1212    20    19     1.8669
   21  8.8941e+10     8.2541    21    20     1.9496
   22  8.7682e+10     8.2830    22    21     2.0321
   23  8.1205e+10     8.4399    23    22     2.1143
   24  7.8696e+10     8.5047    24    23     2.1963
   25  7.7755e+10     8.5297    25    24     2.2781
   26  7.3064e+10     8.6594    26    25     2.3597
   27  7.2229e+10     8.6836    27    26     2.4411
   28  7.2170e+10     8.6853    28    27     2.5223
   29  7.1025e+10     8.7189    29    28     2.6034
   30  4.0200e+10     9.9791    30    29     2.6844
   31  3.7476e+10    10.1430    31    30     2.7652
   32  3.7456e+10    10.1443    32    31     2.8459
   33  3.6819e+10    10.1847    33    32     2.9266
   34  3.5877e+10    10.2459    34    33     3.0071
   35  3.5861e+10    10.2469    35    34     3.0876
   36  3.5808e+10    10.2504    36    35     3.1680
   37  3.1562e+10    10.5525    37    36     3.2483
   38  3.1304e+10    10.5723    38    37     3.3285
   39  2.8232e+10    10.8246    39    38     3.4087
   40  2.8012e+10    10.8438    40    39     3.4889
   41  2.7939e+10    10.8503    41    40     3.5689
   42  2.7858e+10    10.8574    42    41     3.6490
   43  2.7337e+10    10.9041    43    42     3.7290
   44  2.4658e+10    11.1616    44    43     3.8089
   45  1.8203e+10    11.9447    45    44     3.8889
   46  1.6321e+10    12.2355    46    45     3.9688
   47  1.5399e+10    12.3927    47    46     4.0486
   48  1.5288e+10    12.4123    48    47     4.1285
   49  1.0862e+10    13.3658    49    48     4.2083
   50  1.0442e+10    13.4793    50    49     4.2881
   51  1.0435e+10    13.4812    51    50     4.3678
   52  1.0304e+10    13.5175    52    51     4.4476
   53  1.0273e+10    13.5262    53    52     4.5273
   54  1.0115e+10    13.5709    54    53     4.6070
   55  1.0097e+10    13.5763    55    54     4.6867
   56  1.0057e+10    13.5877    56    55     4.7664
   57  9.1595e+09    13.8605    57    56     4.8460
   58  9.1275e+09    13.8708    58    57     4.9257
   59  9.1009e+09    13.8794    59    58     5.0053
   60  9.0085e+09    13.9095    60    59     5.0849
   61  9.0035e+09    13.9111    61    60     5.1646
   62  8.4876e+09    14.0857    62    61     5.2442
   63  7.8005e+09    14.3384    63    62     5.3238
   64  7.7870e+09    14.3436    64    63     5.4033
   65  7.7840e+09    14.3447    65    64     5.4829
   66  7.4008e+09    14.4974    66    65     5.5625
   67  6.9591e+09    14.6850    67    66     5.6421
   68  6.6213e+09    14.8380    68    67     5.7216
   69  6.6067e+09    14.8448    69    68     5.8012
