#indx Mass S step-number desc_indx 
    0  3.1600e+11     5.9621     0    -1     0.0134
    1  3.0561e+11     6.0158     1     0     0.1326
    2  2.9431e+11     6.0767     2     1     0.2441
    3  2.9095e+11     6.0953     3     2     0.3500
    4  2.7744e+11     6.1730     4     3     0.4519
    5  2.5602e+11     6.3059     5     4     0.5506
    6  2.5207e+11     6.3319     6     5     0.6467
    7  2.5141e+11     6.3362     7     6     0.7407
    8  2.5121e+11     6.3376     8     7     0.8330
    9  2.5010e+11     6.3449     9     8     0.9238
   10  2.4595e+11     6.3730    10     9     1.0134
   11  2.3597e+11     6.4429    11    10     1.1018
   12  2.3370e+11     6.4592    12    11     1.1894
   13  2.3147e+11     6.4755    13    12     1.2761
   14  2.2921e+11     6.4922    14    13     1.3621
   15  2.2777e+11     6.5029    15    14     1.4474
   16  2.2671e+11     6.5109    16    15     1.5322
   17  2.2649e+11     6.5126    17    16     1.6165
   18  2.1827e+11     6.5758    18    17     1.7003
   19  2.0244e+11     6.7061    19    18     1.7838
   20  1.8455e+11     6.8688    20    19     1.8669
   21  1.7378e+11     6.9760    21    20     1.9496
   22  1.7347e+11     6.9792    22    21     2.0321
   23  1.7342e+11     6.9798    23    22     2.1143
   24  1.6978e+11     7.0179    24    23     2.1963
   25  1.6348e+11     7.0862    25    24     2.2781
   26  1.6331e+11     7.0881    26    25     2.3597
   27  1.6213e+11     7.1013    27    26     2.4411
   28  1.5778e+11     7.1508    28    27     2.5223
   29  1.5556e+11     7.1767    29    28     2.6034
   30  1.2545e+11     7.5784    30    29     2.6844
   31  1.2428e+11     7.5963    31    30     2.7652
   32  1.2361e+11     7.6066    32    31     2.8459
   33  1.2284e+11     7.6186    33    32     2.9266
   34  1.2029e+11     7.6587    34    33     3.0071
   35  1.2002e+11     7.6629    35    34     3.0876
   36  1.1557e+11     7.7358    36    35     3.1680
   37  1.0353e+11     7.9506    37    36     3.2483
   38  9.1082e+10     8.2060    38    37     3.3285
   39  8.7163e+10     8.2951    39    38     3.4087
   40  8.5604e+10     8.3318    40    39     3.4889
   41  8.3114e+10     8.3922    41    40     3.5689
   42  8.2623e+10     8.4043    42    41     3.6490
   43  7.7434e+10     8.5382    43    42     3.7290
   44  7.6086e+10     8.5747    44    43     3.8089
   45  7.5688e+10     8.5857    45    44     3.8889
   46  7.5351e+10     8.5950    46    45     3.9688
   47  7.4880e+10     8.6081    47    46     4.0486
   48  6.9439e+10     8.7666    48    47     4.1285
   49  6.4687e+10     8.9175    49    48     4.2083
   50  6.2628e+10     8.9870    50    49     4.2881
   51  6.2403e+10     8.9948    51    50     4.3678
   52  6.0039e+10     9.0783    52    51     4.4476
   53  5.6652e+10     9.2049    53    52     4.5273
   54  5.6383e+10     9.2154    54    53     4.6070
   55  5.5275e+10     9.2589    55    54     4.6867
   56  5.3494e+10     9.3312    56    55     4.7664
   57  4.1237e+10     9.9201    57    56     4.8460
   58  3.4855e+10    10.3145    58    57     4.9257
   59  3.4554e+10    10.3351    59    58     5.0053
   60  3.3932e+10    10.3785    60    59     5.0849
   61  3.3879e+10    10.3822    61    60     5.1646
   62  3.3648e+10    10.3985    62    61     5.2442
   63  3.1322e+10    10.5710    63    62     5.3238
   64  3.1177e+10    10.5822    64    63     5.4033
   65  3.0950e+10    10.5999    65    64     5.4829
   66  3.0944e+10    10.6004    66    65     5.5625
   67  3.0864e+10    10.6067    67    66     5.6421
   68  3.0317e+10    10.6501    68    67     5.7216
   69  3.0245e+10    10.6560    69    68     5.8012
   70  2.9638e+10    10.7054    70    69     5.8807
   71  2.9240e+10    10.7384    71    70     5.9602
   72  2.9231e+10    10.7392    72    71     6.0398
   73  2.5262e+10    11.1008    73    72     6.1193
   74  2.5212e+10    11.1058    74    73     6.1988
   75  2.2768e+10    11.3637    75    74     6.2783
   76  2.2617e+10    11.3806    76    75     6.3579
   77  2.2574e+10    11.3855    77    76     6.4374
   78  2.1799e+10    11.4749    78    77     6.5169
   79  2.0842e+10    11.5906    79    78     6.5964
   80  1.8997e+10    11.8322    80    79     6.6759
   81  1.8584e+10    11.8900    81    80     6.7554
   82  1.8046e+10    11.9676    82    81     6.8349
   83  1.7886e+10    11.9911    83    82     6.9143
   84  1.7864e+10    11.9943    84    83     6.9938
   85  1.4501e+10    12.5565    85    84     7.0733
   86  1.4372e+10    12.5810    86    85     7.1528
   87  1.4163e+10    12.6211    87    86     7.2323
   88  1.3837e+10    12.6852    88    87     7.3117
   89  9.7805e+09    13.6687    89    88     7.3912
   90  9.5430e+09    13.7404    90    89     7.4707
   91  9.4913e+09    13.7562    91    90     7.5502
   92  9.2964e+09    13.8170    92    91     7.6296
   93  9.1672e+09    13.8581    93    92     7.7091
   94  8.9690e+09    13.9224    94    93     7.7885
   95  8.7680e+09    13.9894    95    94     7.8680
   96  8.6573e+09    14.0270    96    95     7.9475
   97  8.5936e+09    14.0489    97    96     8.0269
   98  8.4402e+09    14.1024    98    97     8.1064
   99  8.4355e+09    14.1041    99    98     8.1858
  100  8.3077e+09    14.1496   100    99     8.2653
