#indx Mass S step-number desc_indx 
    0  3.1600e+11     5.9621     0    -1     0.0134
    1  3.1334e+11     5.9757     1     0     0.1326
    2  3.1227e+11     5.9812     2     1     0.2441
    3  3.0797e+11     6.0034     3     2     0.3500
    4  3.0615e+11     6.0130     4     3     0.4519
    5  3.0439e+11     6.0222     5     4     0.5506
    6  2.9487e+11     6.0736     6     5     0.6467
    7  2.8772e+11     6.1135     7     6     0.7407
    8  2.8697e+11     6.1178     8     7     0.8330
    9  2.1988e+11     6.5633     9     8     0.9238
   10  2.1532e+11     6.5992    10     9     1.0134
   11  1.9205e+11     6.7984    11    10     1.1018
   12  1.8982e+11     6.8190    12    11     1.1894
   13  1.8912e+11     6.8255    13    12     1.2761
   14  1.7926e+11     6.9205    14    13     1.3621
   15  1.5789e+11     7.1495    15    14     1.4474
   16  1.5656e+11     7.1649    16    15     1.5322
   17  1.4430e+11     7.3152    17    16     1.6165
   18  1.4298e+11     7.3322    18    17     1.7003
   19  1.4285e+11     7.3339    19    18     1.7838
   20  1.4198e+11     7.3454    20    19     1.8669
   21  1.3896e+11     7.3854    21    20     1.9496
   22  1.3509e+11     7.4384    22    21     2.0321
   23  1.1169e+11     7.8019    23    22     2.1143
   24  1.0854e+11     7.8578    24    23     2.1963
   25  9.5480e+10     8.1113    25    24     2.2781
   26  7.9832e+10     8.4751    26    25     2.3597
   27  7.9567e+10     8.4820    27    26     2.4411
   28  7.6822e+10     8.5547    28    27     2.5223
   29  7.6087e+10     8.5747    29    28     2.6034
   30  7.5464e+10     8.5918    30    29     2.6844
   31  7.5005e+10     8.6046    31    30     2.7652
   32  7.2833e+10     8.6661    32    31     2.8459
   33  7.1508e+10     8.7047    33    32     2.9266
   34  7.1338e+10     8.7097    34    33     3.0071
   35  7.0298e+10     8.7406    35    34     3.0876
   36  5.8976e+10     9.1171    36    35     3.1680
   37  5.8169e+10     9.1471    37    36     3.2483
   38  5.7584e+10     9.1692    38    37     3.3285
   39  5.7153e+10     9.1856    39    38     3.4087
   40  5.3662e+10     9.3243    40    39     3.4889
   41  4.3186e+10     9.8137    41    40     3.5689
   42  4.3074e+10     9.8196    42    41     3.6490
   43  4.0483e+10     9.9628    43    42     3.7290
   44  3.9094e+10    10.0440    44    43     3.8089
   45  3.9032e+10    10.0478    45    44     3.8889
   46  3.1846e+10    10.5309    46    45     3.9688
   47  3.1771e+10    10.5365    47    46     4.0486
   48  3.0476e+10    10.6374    48    47     4.1285
   49  3.0431e+10    10.6410    49    48     4.2083
   50  2.6633e+10    10.9689    50    49     4.2881
   51  2.6590e+10    10.9729    51    50     4.3678
   52  2.6312e+10    10.9990    52    51     4.4476
   53  2.5209e+10    11.1061    53    52     4.5273
   54  2.5186e+10    11.1083    54    53     4.6070
   55  1.7728e+10    12.0146    55    54     4.6867
   56  1.7144e+10    12.1038    56    55     4.7664
   57  1.7107e+10    12.1096    57    56     4.8460
   58  1.6845e+10    12.1508    58    57     4.9257
   59  1.6788e+10    12.1599    59    58     5.0053
   60  1.6178e+10    12.2593    60    59     5.0849
   61  1.6156e+10    12.2628    61    60     5.1646
   62  1.6088e+10    12.2743    62    61     5.2442
   63  1.6053e+10    12.2802    63    62     5.3238
   64  1.5409e+10    12.3908    64    63     5.4033
   65  1.5372e+10    12.3974    65    64     5.4829
   66  1.5143e+10    12.4381    66    65     5.5625
   67  1.4837e+10    12.4939    67    66     5.6421
   68  1.4644e+10    12.5295    68    67     5.7216
   69  1.3350e+10    12.7843    69    68     5.8012
   70  1.3114e+10    12.8340    70    69     5.8807
   71  1.2898e+10    12.8802    71    70     5.9602
   72  1.2270e+10    13.0200    72    71     6.0398
   73  1.2266e+10    13.0208    73    72     6.1193
   74  1.2100e+10    13.0593    74    73     6.1988
   75  1.2087e+10    13.0623    75    74     6.2783
   76  1.1639e+10    13.1689    76    75     6.3579
   77  9.1452e+09    13.8651    77    76     6.4374
   78  9.0901e+09    13.8829    78    77     6.5169
   79  9.0410e+09    13.8988    79    78     6.5964
   80  8.9947e+09    13.9140    80    79     6.6759
   81  8.2963e+09    14.1537    81    80     6.7554
   82  8.1875e+09    14.1931    82    81     6.8349
   83  7.8482e+09    14.3200    83    82     6.9143
   84  7.2925e+09    14.5422    84    83     6.9938
   85  7.2500e+09    14.5600    85    84     7.0733
   86  7.1413e+09    14.6060    86    85     7.1528
   87  6.9538e+09    14.6874    87    86     7.2323
   88  6.7915e+09    14.7598    88    87     7.3117
   89  6.5888e+09    14.8531    89    88     7.3912
   90  6.5722e+09    14.8610    90    89     7.4707
   91  6.3348e+09    14.9749    91    90     7.5502
   92  6.0770e+09    15.1043    92    91     7.6296
   93  5.3560e+09    15.5027    93    92     7.7091
   94  5.2695e+09    15.5546    94    93     7.7885
   95  5.2684e+09    15.5553    95    94     7.8680
   96  5.0176e+09    15.7115    96    95     7.9475
   97  4.9884e+09    15.7302    97    96     8.0269
   98  4.9846e+09    15.7327    98    97     8.1064
   99  4.9248e+09    15.7715    99    98     8.1858
  100  4.8045e+09    15.8513   100    99     8.2653
