#indx Mass S step-number desc_indx 
    0  3.1600e+11     5.9621     0    -1     0.0134
    1  1.4320e+11     7.3295     1     0     0.1326
    2  1.4311e+11     7.3306     2     1     0.2441
    3  1.2549e+11     7.5778     3     2     0.3500
    4  1.2477e+11     7.5887     4     3     0.4519
    5  1.2459e+11     7.5916     5     4     0.5506
    6  1.2389e+11     7.6023     6     5     0.6467
    7  1.1139e+11     7.8072     7     6     0.7407
    8  1.0720e+11     7.8821     8     7     0.8330
    9  1.0693e+11     7.8870     9     8     0.9238
   10  1.0363e+11     7.9487    10     9     1.0134
   11  1.0219e+11     7.9764    11    10     1.1018
   12  9.3614e+10     8.1508    12    11     1.1894
   13  5.4902e+10     9.2739    13    12     1.2761
   14  4.9818e+10     9.4897    14    13     1.3621
   15  2.7770e+10    10.8653    15    14     1.4474
   16  2.6844e+10    10.9492    16    15     1.5322
   17  2.6589e+10    10.9730    17    16     1.6165
   18  2.4785e+10    11.1487    18    17     1.7003
   19  2.4136e+10    11.2156    19    18     1.7838
   20  2.2386e+10    11.4069    20    19     1.8669
   21  2.2291e+10    11.4177    21    20     1.9496
   22  2.2190e+10    11.4293    22    21     2.0321
   23  2.2077e+10    11.4425    23    22     2.1143
   24  2.1686e+10    11.4883    24    23     2.1963
   25  2.1619e+10    11.4963    25    24     2.2781
   26  2.1470e+10    11.5140    26    25     2.3597
   27  2.1239e+10    11.5419    27    26     2.4411
   28  2.1147e+10    11.5531    28    27     2.5223
   29  2.0538e+10    11.6287    29    28     2.6034
   30  2.0002e+10    11.6974    30    29     2.6844
   31  1.9929e+10    11.7069    31    30     2.7652
   32  1.7631e+10    12.0292    32    31     2.8459
   33  1.7617e+10    12.0314    33    32     2.9266
   34  1.7588e+10    12.0356    34    33     3.0071
   35  1.7189e+10    12.0967    35    34     3.0876
   36  1.6394e+10    12.2235    36    35     3.1680
   37  1.6255e+10    12.2465    37    36     3.2483
   38  1.3055e+10    12.8466    38    37     3.3285
   39  1.3018e+10    12.8545    39    38     3.4087
   40  1.2650e+10    12.9346    40    39     3.4889
   41  1.1738e+10    13.1451    41    40     3.5689
   42  1.1529e+10    13.1959    42    41     3.6490
   43  9.7284e+09    13.6842    43    42     3.7290
   44  8.6322e+09    14.0356    44    43     3.8089
   45  8.4630e+09    14.0944    45    44     3.8889
   46  8.2425e+09    14.1731    46    45     3.9688
   47  8.2290e+09    14.1780    47    46     4.0486
   48  8.0214e+09    14.2544    48    47     4.1285
   49  7.9104e+09    14.2963    49    48     4.2083
   50  7.4041e+09    14.4961    50    49     4.2881
   51  7.0542e+09    14.6435    51    50     4.3678
   52  6.9393e+09    14.6938    52    51     4.4476
   53  5.8962e+09    15.1990    53    52     4.5273
   54  5.8033e+09    15.2489    54    53     4.6070
   55  5.7937e+09    15.2541    55    54     4.6867
   56  5.7128e+09    15.2983    56    55     4.7664
   57  5.7124e+09    15.2986    57    56     4.8460
   58  5.7042e+09    15.3031    58    57     4.9257
   59  5.6017e+09    15.3604    59    58     5.0053
   60  5.6007e+09    15.3609    60    59     5.0849
   61  5.5359e+09    15.3978    61    60     5.1646
   62  4.6155e+09    15.9816    62    61     5.2442
   63  4.4767e+09    16.0811    63    62     5.3238
   64  4.4394e+09    16.1084    64    63     5.4033
   65  4.0773e+09    16.3884    65    64     5.4829
   66  3.9449e+09    16.4980    66    65     5.5625
   67  3.8374e+09    16.5901    67    66     5.6421
   68  3.8096e+09    16.6144    68    67     5.7216
   69  3.6731e+09    16.7367    69    68     5.8012
   70  3.6562e+09    16.7522    70    69     5.8807
   71  3.5030e+09    16.8967    71    70     5.9602
   72  3.3399e+09    17.0586    72    71     6.0398
   73  3.1259e+09    17.2852    73    72     6.1193
   74  3.1223e+09    17.2892    74    73     6.1988
   75  3.0932e+09    17.3214    75    74     6.2783
   76  3.0757e+09    17.3410    76    75     6.3579
   77  2.7461e+09    17.7347    77    76     6.4374
   78  2.2319e+09    18.4713    78    77     6.5169
   79  2.2286e+09    18.4765    79    78     6.5964
   80  2.2137e+09    18.5007    80    79     6.6759
   81  2.2025e+09    18.5190    81    80     6.7554
   82  1.8833e+09    19.0904    82    81     6.8349
   83  1.8810e+09    19.0949    83    82     6.9143
   84  1.8760e+09    19.1048    84    83     6.9938
   85  1.8243e+09    19.2082    85    84     7.0733
   86  1.7968e+09    19.2644    86    85     7.1528
   87  1.7854e+09    19.2881    87    86     7.2323
   88  1.7790e+09    19.3015    88    87     7.3117
   89  1.3738e+09    20.2792    89    88     7.3912
   90  1.2408e+09    20.6738    90    89     7.4707
   91  1.2384e+09    20.6813    91    90     7.5502
   92  1.2145e+09    20.7573    92    91     7.6296
   93  1.2120e+09    20.7654    93    92     7.7091
   94  1.2051e+09    20.7876    94    93     7.7885
   95  1.1966e+09    20.8156    95    94     7.8680
   96  1.1633e+09    20.9263    96    95     7.9475
   97  1.1604e+09    20.9362    97    96     8.0269
   98  9.5663e+08    21.7058    98    97     8.1064
   99  9.4403e+08    21.7594    99    98     8.1858
  100  9.4002e+08    21.7766   100    99     8.2653
