#indx Mass S step-number desc_indx 
    0  3.1600e+11     5.9621     0    -1     0.0134
    1  3.0503e+11     6.0189     1     0     0.1326
    2  3.0394e+11     6.0246     2     1     0.2441
    3  3.0207e+11     6.0346     3     2     0.3500
    4  2.9852e+11     6.0537     4     3     0.4519
    5  2.6913e+11     6.2231     5     4     0.5506
    6  2.6804e+11     6.2298     6     5     0.6467
    7  2.6026e+11     6.2786     7     6     0.7407
    8  2.5982e+11     6.2814     8     7     0.8330
    9  2.5085e+11     6.3400     9     8     0.9238
   10  2.4712e+11     6.3650    10     9     1.0134
   11  2.4019e+11     6.4129    11    10     1.1018
   12  2.3768e+11     6.4306    12    11     1.1894
   13  2.1566e+11     6.5965    13    12     1.2761
   14  2.1445e+11     6.6062    14    13     1.3621
   15  2.0376e+11     6.6948    15    14     1.4474
   16  1.7950e+11     6.9181    16    15     1.5322
   17  1.7707e+11     6.9425    17    16     1.6165
   18  9.8412e+10     8.0510    18    17     1.7003
   19  9.8103e+10     8.0572    19    18     1.7838
   20  9.7287e+10     8.0739    20    19     1.8669
   21  9.6383e+10     8.0925    21    20     1.9496
   22  9.6288e+10     8.0944    22    21     2.0321
   23  7.5864e+10     8.5808    23    22     2.1143
   24  6.8955e+10     8.7814    24    23     2.1963
   25  5.4170e+10     9.3035    25    24     2.2781
   26  5.4100e+10     9.3063    26    25     2.3597
   27  5.4035e+10     9.3090    27    26     2.4411
   28  4.8949e+10     9.5292    28    27     2.5223
   29  4.5362e+10     9.7013    29    28     2.6034
   30  4.4575e+10     9.7412    30    29     2.6844
   31  4.3288e+10     9.8083    31    30     2.7652
   32  4.2632e+10     9.8433    32    31     2.8459
   33  4.1080e+10     9.9289    33    32     2.9266
   34  4.0493e+10     9.9622    34    33     3.0071
   35  4.0047e+10     9.9880    35    34     3.0876
   36  3.9926e+10     9.9950    36    35     3.1680
   37  3.9483e+10    10.0210    37    36     3.2483
   38  3.9128e+10    10.0420    38    37     3.3285
   39  3.8969e+10    10.0516    39    38     3.4087
   40  3.8056e+10    10.1070    40    39     3.4889
   41  3.7931e+10    10.1147    41    40     3.5689
   42  3.4059e+10    10.3695    42    41     3.6490
   43  3.1841e+10    10.5312    43    42     3.7290
   44  3.1811e+10    10.5335    44    43     3.8089
   45  3.1309e+10    10.5720    45    44     3.8889
   46  2.7612e+10    10.8793    46    45     3.9688
   47  2.7400e+10    10.8984    47    46     4.0486
   48  2.6686e+10    10.9639    48    47     4.1285
   49  2.4090e+10    11.2204    49    48     4.2083
   50  2.3959e+10    11.2341    50    49     4.2881
   51  2.3732e+10    11.2583    51    50     4.3678
   52  2.3468e+10    11.2866    52    51     4.4476
   53  2.1750e+10    11.4808    53    52     4.5273
   54  2.1546e+10    11.5049    54    53     4.6070
   55  2.1538e+10    11.5060    55    54     4.6867
   56  2.1460e+10    11.5153    56    55     4.7664
   57  2.1402e+10    11.5222    57    56     4.8460
   58  2.0714e+10    11.6066    58    57     4.9257
   59  1.7512e+10    12.0472    59    58     5.0053
   60  1.3251e+10    12.8051    60    59     5.0849
   61  1.3057e+10    12.8461    61    60     5.1646
   62  1.3048e+10    12.8481    62    61     5.2442
   63  1.2903e+10    12.8790    63    62     5.3238
   64  1.2893e+10    12.8813    64    63     5.4033
   65  1.2860e+10    12.8886    65    64     5.4829
   66  1.0873e+10    13.3631    66    65     5.5625
   67  1.0693e+10    13.4108    67    66     5.6421
   68  1.0186e+10    13.5508    68    67     5.7216
   69  1.0027e+10    13.5964    69    68     5.8012
   70  9.1455e+09    13.8650    70    69     5.8807
   71  9.0894e+09    13.8831    71    70     5.9602
   72  8.3504e+09    14.1343    72    71     6.0398
   73  6.5822e+09    14.8562    73    72     6.1193
   74  6.5521e+09    14.8704    74    73     6.1988
   75  6.5480e+09    14.8723    75    74     6.2783
   76  5.6459e+09    15.3356    76    75     6.3579
   77  5.6284e+09    15.3453    77    76     6.4374
   78  5.5065e+09    15.4147    78    77     6.5169
   79  5.4605e+09    15.4413    79    78     6.5964
   80  5.4220e+09    15.4637    80    79     6.6759
   81  5.1519e+09    15.6267    81    80     6.7554
   82  5.0488e+09    15.6915    82    81     6.8349
   83  4.9407e+09    15.7612    83    82     6.9143
   84  4.3168e+09    16.2002    84    83     6.9938
   85  3.7921e+09    16.6298    85    84     7.0733
   86  3.7159e+09    16.6978    86    85     7.1528
   87  3.7051e+09    16.7076    87    86     7.2323
   88  3.6418e+09    16.7655    88    87     7.3117
   89  3.6366e+09    16.7704    89    88     7.3912
   90  3.5625e+09    16.8397    90    89     7.4707
   91  3.5127e+09    16.8873    91    90     7.5502
   92  3.5024e+09    16.8972    92    91     7.6296
   93  3.4996e+09    16.8999    93    92     7.7091
   94  3.4856e+09    16.9135    94    93     7.7885
   95  3.3437e+09    17.0547    95    94     7.8680
   96  3.3298e+09    17.0688    96    95     7.9475
   97  3.2360e+09    17.1664    97    96     8.0269
   98  3.2357e+09    17.1668    98    97     8.1064
   99  3.2323e+09    17.1704    99    98     8.1858
  100  3.1217e+09    17.2898   100    99     8.2653
