#indx Mass S step-number desc_indx 
    0  3.1600e+11     5.9621     0    -1     0.0134
    1  2.2205e+11     6.5464     1     0     0.1326
    2  2.1484e+11     6.6031     2     1     0.2441
    3  2.0536e+11     6.6812     3     2     0.3500
    4  2.0401e+11     6.6926     4     3     0.4519
    5  1.9854e+11     6.7401     5     4     0.5506
    6  1.7698e+11     6.9434     6     5     0.6467
    7  1.7592e+11     6.9541     7     6     0.7407
    8  1.7528e+11     6.9606     8     7     0.8330
    9  1.6830e+11     7.0336     9     8     0.9238
   10  1.6625e+11     7.0557    10     9     1.0134
   11  1.6484e+11     7.0712    11    10     1.1018
   12  1.6277e+11     7.0941    12    11     1.1894
   13  1.6094e+11     7.1147    13    12     1.2761
   14  1.5803e+11     7.1479    14    13     1.3621
   15  1.5255e+11     7.2125    15    14     1.4474
   16  1.5139e+11     7.2265    16    15     1.5322
   17  1.5090e+11     7.2326    17    16     1.6165
   18  1.4764e+11     7.2728    18    17     1.7003
   19  1.4613e+11     7.2919    19    18     1.7838
   20  1.4458e+11     7.3116    20    19     1.8669
   21  1.4392e+11     7.3201    21    20     1.9496
   22  4.6079e+10     9.6657    22    21     2.0321
   23  3.1793e+10    10.5348    23    22     2.1143
   24  3.1403e+10    10.5647    24    23     2.1963
   25  3.1288e+10    10.5736    25    24     2.2781
   26  2.8788e+10    10.7766    26    25     2.3597
   27  2.8745e+10    10.7803    27    26     2.4411
   28  2.4343e+10    11.1940    28    27     2.5223
   29  2.4002e+10    11.2297    29    28     2.6034
   30  1.8856e+10    11.8518    30    29     2.6844
   31  1.8854e+10    11.8521    31    30     2.7652
   32  1.8730e+10    11.8693    32    31     2.8459
   33  1.8706e+10    11.8727    33    32     2.9266
   34  1.8472e+10    11.9059    34    33     3.0071
   35  1.6786e+10    12.1602    35    34     3.0876
   36  1.5875e+10    12.3102    36    35     3.1680
   37  1.5577e+10    12.3615    37    36     3.2483
   38  1.2813e+10    12.8988    38    37     3.3285
   39  1.2714e+10    12.9204    39    38     3.4087
   40  1.2607e+10    12.9441    40    39     3.4889
   41  1.2508e+10    12.9661    41    40     3.5689
   42  1.2226e+10    13.0300    42    41     3.6490
   43  1.1596e+10    13.1794    43    42     3.7290
   44  1.1245e+10    13.2669    44    43     3.8089
   45  1.1009e+10    13.3274    45    44     3.8889
   46  1.0958e+10    13.3408    46    45     3.9688
   47  1.0259e+10    13.5303    47    46     4.0486
   48  1.0200e+10    13.5468    48    47     4.1285
   49  1.0186e+10    13.5508    49    48     4.2083
   50  1.0152e+10    13.5606    50    49     4.2881
   51  1.0137e+10    13.5648    51    50     4.3678
   52  1.0106e+10    13.5736    52    51     4.4476
   53  9.9575e+09    13.6165    53    52     4.5273
   54  9.8974e+09    13.6341    54    53     4.6070
   55  7.6630e+09    14.3920    55    54     4.6867
   56  7.3446e+09    14.5206    56    55     4.7664
   57  7.3237e+09    14.5292    57    56     4.8460
   58  6.2421e+09    15.0208    58    57     4.9257
   59  6.0385e+09    15.1242    59    58     5.0053
   60  5.3439e+09    15.5099    60    59     5.0849
   61  5.3323e+09    15.5168    61    60     5.1646
   62  5.3234e+09    15.5221    62    61     5.2442
   63  5.3203e+09    15.5240    63    62     5.3238
   64  5.2014e+09    15.5961    64    63     5.4033
   65  4.9766e+09    15.7378    65    64     5.4829
   66  4.9669e+09    15.7441    66    65     5.5625
   67  4.9263e+09    15.7705    67    66     5.6421
   68  4.1899e+09    16.2984    68    67     5.7216
   69  4.1293e+09    16.3465    69    68     5.8012
   70  3.5978e+09    16.8065    70    69     5.8807
   71  3.4914e+09    16.9078    71    70     5.9602
   72  3.4426e+09    16.9556    72    71     6.0398
   73  3.3777e+09    17.0202    73    72     6.1193
   74  3.3753e+09    17.0226    74    73     6.1988
   75  3.3632e+09    17.0349    75    74     6.2783
   76  3.2017e+09    17.2029    76    75     6.3579
   77  3.1783e+09    17.2281    77    76     6.4374
   78  3.1604e+09    17.2474    78    77     6.5169
   79  2.9263e+09    17.5132    79    78     6.5964
   80  2.9015e+09    17.5427    80    79     6.6759
   81  2.5854e+09    17.9468    81    80     6.7554
   82  2.5827e+09    17.9504    82    81     6.8349
   83  2.1056e+09    18.6820    83    82     6.9143
   84  2.0911e+09    18.7071    84    83     6.9938
   85  2.0905e+09    18.7083    85    84     7.0733
   86  1.9568e+09    18.9496    86    85     7.1528
   87  1.9523e+09    18.9581    87    86     7.2323
   88  1.7862e+09    19.2865    88    87     7.3117
   89  1.7839e+09    19.2912    89    88     7.3912
   90  1.6784e+09    19.5187    90    89     7.4707
   91  1.6666e+09    19.5452    91    90     7.5502
   92  1.5855e+09    19.7329    92    91     7.6296
   93  1.4973e+09    19.9498    93    92     7.7091
   94  1.4843e+09    19.9829    94    93     7.7885
   95  1.4836e+09    19.9846    95    94     7.8680
   96  1.4716e+09    20.0158    96    95     7.9475
   97  1.4051e+09    20.1927    97    96     8.0269
   98  1.3834e+09    20.2524    98    97     8.1064
   99  1.3142e+09    20.4504    99    98     8.1858
  100  1.3138e+09    20.4516   100    99     8.2653
