#indx Mass S step-number desc_indx 
    0  3.1600e+11     5.9621     0    -1     0.0134
    1  3.0953e+11     5.9953     1     0     0.1326
    2  3.0627e+11     6.0123     2     1     0.2441
    3  3.0522e+11     6.0178     3     2     0.3500
    4  3.0113e+11     6.0396     4     3     0.4519
    5  2.9569e+11     6.0691     5     4     0.5506
    6  2.9461e+11     6.0751     6     5     0.6467
    7  2.7559e+11     6.1840     7     6     0.7407
    8  2.6842e+11     6.2274     8     7     0.8330
    9  2.6777e+11     6.2314     9     8     0.9238
   10  2.6668e+11     6.2382    10     9     1.0134
   11  2.4021e+11     6.4128    11    10     1.1018
   12  2.3376e+11     6.4588    12    11     1.1894
   13  2.3223e+11     6.4700    13    12     1.2761
   14  8.8765e+10     8.2581    14    13     1.3621
   15  8.8472e+10     8.2648    15    14     1.4474
   16  8.5480e+10     8.3348    16    15     1.5322
   17  8.4324e+10     8.3626    17    16     1.6165
   18  8.3739e+10     8.3768    18    17     1.7003
   19  8.3648e+10     8.3791    19    18     1.7838
   20  7.6800e+10     8.5553    20    19     1.8669
   21  7.6768e+10     8.5562    21    20     1.9496
   22  7.6652e+10     8.5593    22    21     2.0321
   23  7.5136e+10     8.6009    23    22     2.1143
   24  7.4525e+10     8.6180    24    23     2.1963
   25  5.6919e+10     9.1946    25    24     2.2781
   26  5.5260e+10     9.2596    26    25     2.3597
   27  5.5049e+10     9.2680    27    26     2.4411
   28  5.0564e+10     9.4565    28    27     2.5223
   29  5.0496e+10     9.4595    29    28     2.6034
   30  4.8883e+10     9.5322    30    29     2.6844
   31  4.8602e+10     9.5452    31    30     2.7652
   32  4.7238e+10     9.6094    32    31     2.8459
   33  4.7060e+10     9.6180    33    32     2.9266
   34  4.6666e+10     9.6370    34    33     3.0071
   35  4.6544e+10     9.6429    35    34     3.0876
   36  4.5737e+10     9.6826    36    35     3.1680
   37  4.5666e+10     9.6862    37    36     3.2483
   38  4.4803e+10     9.7296    38    37     3.3285
   39  3.0681e+10    10.6211    39    38     3.4087
   40  3.0143e+10    10.6641    40    39     3.4889
   41  2.7158e+10    10.9204    41    40     3.5689
   42  2.7114e+10    10.9244    42    41     3.6490
   43  2.6790e+10    10.9543    43    42     3.7290
   44  2.6655e+10    10.9668    44    43     3.8089
   45  2.6624e+10    10.9697    45    44     3.8889
   46  1.7768e+10    12.0086    46    45     3.9688
   47  1.7509e+10    12.0477    47    46     4.0486
   48  1.2376e+10    12.9959    48    47     4.1285
   49  1.0705e+10    13.4076    49    48     4.2083
   50  1.0678e+10    13.4148    50    49     4.2881
   51  1.0152e+10    13.5606    51    50     4.3678
   52  9.5903e+09    13.7259    52    51     4.4476
   53  9.4550e+09    13.7674    53    52     4.5273
   54  8.4992e+09    14.0817    54    53     4.6070
   55  8.4977e+09    14.0822    55    54     4.6867
   56  2.7816e+09    17.6898    56    55     4.7664
   57  2.5347e+09    18.0167    57    56     4.8460
   58  1.5705e+09    19.7688    58    57     4.9257
   59  1.5637e+09    19.7852    59    58     5.0053
   60  1.5294e+09    19.8691    60    59     5.0849
   61  1.2028e+09    20.7952    61    60     5.1646
   62  1.2014e+09    20.7998    62    61     5.2442
   63  1.1945e+09    20.8223    63    62     5.3238
   64  1.1923e+09    20.8296    64    63     5.4033
   65  9.9986e+08    21.5279    65    64     5.4829
   66  9.6518e+08    21.6699    66    65     5.5625
   67  9.3448e+08    21.8005    67    66     5.6421
   68  9.1761e+08    21.8744    68    67     5.7216
   69  9.1651e+08    21.8792    69    68     5.8012
   70  8.8482e+08    22.0224    70    69     5.8807
   71  8.8214e+08    22.0348    71    70     5.9602
   72  8.8176e+08    22.0365    72    71     6.0398
   73  8.6286e+08    22.1250    73    72     6.1193
   74  8.5988e+08    22.1392    74    73     6.1988
   75  8.5143e+08    22.1796    75    74     6.2783
   76  8.4590e+08    22.2063    76    75     6.3579
   77  8.2261e+08    22.3210    77    76     6.4374
   78  8.2258e+08    22.3212    78    77     6.5169
   79  7.9194e+08    22.4778    79    78     6.5964
   80  7.9157e+08    22.4797    80    79     6.6759
   81  7.8953e+08    22.4904    81    80     6.7554
   82  7.8709e+08    22.5032    82    81     6.8349
   83  7.5767e+08    22.6613    83    82     6.9143
   84  7.5077e+08    22.6994    84    83     6.9938
   85  7.2670e+08    22.8354    85    84     7.0733
   86  6.5629e+08    23.2643    86    85     7.1528
   87  6.5197e+08    23.2923    87    86     7.2323
   88  6.0457e+08    23.6138    88    87     7.3117
   89  5.9369e+08    23.6917    89    88     7.3912
   90  5.9212e+08    23.7030    90    89     7.4707
   91  5.8965e+08    23.7209    91    90     7.5502
   92  5.2790e+08    24.1993    92    91     7.6296
   93  4.7903e+08    24.6248    93    92     7.7091
   94  4.7824e+08    24.6321    94    93     7.7885
   95  4.4586e+08    24.9424    95    94     7.8680
   96  4.4106e+08    24.9907    96    95     7.9475
   97  4.3190e+08    25.0842    97    96     8.0269
   98  4.0057e+08    25.4219    98    97     8.1064
   99  3.8382e+08    25.6149    99    98     8.1858
  100  1.7013e+08    29.4853   100    99     8.2653
