#indx Mass S step-number desc_indx 
    0  3.1600e+11     5.9621     0    -1     0.0134
    1  3.1252e+11     5.9798     1     0     0.1326
    2  2.9450e+11     6.0757     2     1     0.2441
    3  2.9265e+11     6.0859     3     2     0.3500
    4  2.2196e+11     6.5471     4     3     0.4519
    5  2.0994e+11     6.6429     5     4     0.5506
    6  1.9539e+11     6.7681     6     5     0.6467
    7  1.9509e+11     6.7708     7     6     0.7407
    8  1.8879e+11     6.8285     8     7     0.8330
    9  1.8333e+11     6.8805     9     8     0.9238
   10  1.8325e+11     6.8813    10     9     1.0134
   11  1.6999e+11     7.0156    11    10     1.1018
   12  1.6951e+11     7.0207    12    11     1.1894
   13  1.6601e+11     7.0584    13    12     1.2761
   14  1.6560e+11     7.0629    14    13     1.3621
   15  1.6533e+11     7.0659    15    14     1.4474
   16  1.6358e+11     7.0851    16    15     1.5322
   17  1.5049e+11     7.2376    17    16     1.6165
   18  1.4911e+11     7.2546    18    17     1.7003
   19  1.1582e+11     7.7316    19    18     1.7838
   20  1.1133e+11     7.8082    20    19     1.8669
   21  1.1115e+11     7.8114    21    20     1.9496
   22  5.8080e+10     9.1505    22    21     2.0321
   23  5.7576e+10     9.1695    23    22     2.1143
   24  5.5935e+10     9.2328    24    23     2.1963
   25  5.5373e+10     9.2550    25    24     2.2781
   26  4.0650e+10     9.9533    26    25     2.3597
   27  4.0269e+10     9.9751    27    26     2.4411
   28  3.9195e+10    10.0380    28    27     2.5223
   29  3.8987e+10    10.0504    29    28     2.6034
   30  3.7991e+10    10.1110    30    29     2.6844
   31  3.7752e+10    10.1258    31    30     2.7652
   32  3.4197e+10    10.3599    32    31     2.8459
   33  3.2750e+10    10.4634    33    32     2.9266
   34  3.2171e+10    10.5064    34    33     3.0071
   35  3.1072e+10    10.5904    35    34     3.0876
   36  3.0449e+10    10.6396    36    35     3.1680
   37  2.9116e+10    10.7489    37    36     3.2483
   38  2.8979e+10    10.7604    38    37     3.3285
   39  2.8971e+10    10.7611    39    38     3.4087
   40  2.0672e+10    11.6119    40    39     3.4889
   41  1.9377e+10    11.7803    41    40     3.5689
   42  1.6842e+10    12.1513    42    41     3.6490
   43  1.6545e+10    12.1989    43    42     3.7290
   44  1.6247e+10    12.2478    44    43     3.8089
   45  1.5032e+10    12.4581    45    44     3.8889
   46  1.4880e+10    12.4859    46    45     3.9688
   47  1.4819e+10    12.4971    47    46     4.0486
   48  1.4503e+10    12.5561    48    47     4.1285
   49  1.4487e+10    12.5591    49    48     4.2083
   50  1.4471e+10    12.5621    50    49     4.2881
   51  1.4467e+10    12.5628    51    50     4.3678
   52  1.4367e+10    12.5818    52    51     4.4476
   53  1.2985e+10    12.8615    53    52     4.5273
   54  1.2802e+10    12.9011    54    53     4.6070
   55  1.2461e+10    12.9766    55    54     4.6867
   56  1.2136e+10    13.0508    56    55     4.7664
   57  9.5207e+09    13.7472    57    56     4.8460
   58  9.5146e+09    13.7491    58    57     4.9257
   59  9.3863e+09    13.7888    59    58     5.0053
   60  9.2822e+09    13.8215    60    59     5.0849
   61  8.7844e+09    13.9838    61    60     5.1646
   62  8.1991e+09    14.1888    62    61     5.2442
   63  8.1871e+09    14.1932    63    62     5.3238
   64  8.1335e+09    14.2129    64    63     5.4033
   65  7.9782e+09    14.2707    65    64     5.4829
   66  7.4311e+09    14.4850    66    65     5.5625
   67  7.3779e+09    14.5068    67    66     5.6421
   68  7.2098e+09    14.5769    68    67     5.7216
   69  7.1596e+09    14.5982    69    68     5.8012
   70  6.2250e+09    15.0293    70    69     5.8807
   71  6.2222e+09    15.0307    71    70     5.9602
   72  5.5562e+09    15.3862    72    71     6.0398
   73  5.5342e+09    15.3988    73    72     6.1193
   74  5.2083e+09    15.5919    74    73     6.1988
   75  5.1713e+09    15.6147    75    74     6.2783
   76  4.4906e+09    16.0709    76    75     6.3579
   77  4.2044e+09    16.2871    77    76     6.4374
   78  3.9263e+09    16.5137    78    77     6.5169
   79  3.3019e+09    17.0975    79    78     6.5964
   80  3.2399e+09    17.1623    80    79     6.6759
   81  3.1768e+09    17.2297    81    80     6.7554
   82  3.1736e+09    17.2332    82    81     6.8349
   83  3.1669e+09    17.2404    83    82     6.9143
   84  3.1583e+09    17.2498    84    83     6.9938
   85  3.1277e+09    17.2831    85    84     7.0733
   86  2.9715e+09    17.4600    86    85     7.1528
   87  2.8958e+09    17.5495    87    86     7.2323
   88  2.8916e+09    17.5546    88    87     7.3117
   89  2.8770e+09    17.5722    89    88     7.3912
   90  2.8675e+09    17.5837    90    89     7.4707
   91  2.6609e+09    17.8453    91    90     7.5502
   92  2.6560e+09    17.8519    92    91     7.6296
   93  2.6527e+09    17.8561    93    92     7.7091
   94  2.6429e+09    17.8692    94    93     7.7885
   95  2.0835e+09    18.7203    95    94     7.8680
   96  2.0748e+09    18.7357    96    95     7.9475
   97  2.0689e+09    18.7461    97    96     8.0269
   98  2.0457e+09    18.7871    98    97     8.1064
   99  1.9626e+09    18.9388    99    98     8.1858
  100  1.9592e+09    18.9450   100    99     8.2653
