#indx Mass S step-number desc_indx 
    0  3.1600e+11     5.9621     0    -1     0.0134
    1  3.0318e+11     6.0287     1     0     0.1326
    2  3.0181e+11     6.0360     2     1     0.2441
    3  2.8880e+11     6.1074     3     2     0.3500
    4  2.8671e+11     6.1192     4     3     0.4519
    5  2.7942e+11     6.1613     5     4     0.5506
    6  2.7073e+11     6.2133     6     5     0.6467
    7  2.2296e+11     6.5394     7     6     0.7407
    8  2.0130e+11     6.7160     8     7     0.8330
    9  1.8898e+11     6.8268     9     8     0.9238
   10  1.7202e+11     6.9943    10     9     1.0134
   11  1.6912e+11     7.0248    11    10     1.1018
   12  1.6842e+11     7.0324    12    11     1.1894
   13  1.6528e+11     7.0663    13    12     1.2761
   14  1.6059e+11     7.1186    14    13     1.3621
   15  1.5894e+11     7.1374    15    14     1.4474
   16  3.2134e+10    10.5091    16    15     1.5322
   17  3.1897e+10    10.5270    17    16     1.6165
   18  2.8557e+10    10.7964    18    17     1.7003
   19  2.5804e+10    11.0476    19    18     1.7838
   20  2.5530e+10    11.0743    20    19     1.8669
   21  2.4781e+10    11.1490    21    20     1.9496
   22  2.4743e+10    11.1529    22    21     2.0321
   23  2.4340e+10    11.1943    23    22     2.1143
   24  2.4304e+10    11.1980    24    23     2.1963
   25  2.4210e+10    11.2078    25    24     2.2781
   26  2.3678e+10    11.2640    26    25     2.3597
   27  2.2383e+10    11.4072    27    26     2.4411
   28  2.2142e+10    11.4349    28    27     2.5223
   29  2.2109e+10    11.4387    29    28     2.6034
   30  2.1811e+10    11.4735    30    29     2.6844
   31  2.1731e+10    11.4830    31    30     2.7652
   32  2.1619e+10    11.4963    32    31     2.8459
   33  2.1258e+10    11.5396    33    32     2.9266
   34  1.8317e+10    11.9281    34    33     3.0071
   35  1.8272e+10    11.9346    35    34     3.0876
   36  1.7995e+10    11.9750    36    35     3.1680
   37  1.5614e+10    12.3550    37    36     3.2483
   38  1.5196e+10    12.4287    38    37     3.3285
   39  1.5184e+10    12.4308    39    38     3.4087
   40  1.4961e+10    12.4712    40    39     3.4889
   41  1.4785e+10    12.5034    41    40     3.5689
   42  1.4257e+10    12.6029    42    41     3.6490
   43  1.4206e+10    12.6129    43    42     3.7290
   44  1.3944e+10    12.6641    44    43     3.8089
   45  9.1858e+09    13.8521    45    44     3.8889
   46  8.1734e+09    14.1983    46    45     3.9688
   47  7.8242e+09    14.3292    47    46     4.0486
   48  7.8227e+09    14.3298    48    47     4.1285
   49  7.7966e+09    14.3399    49    48     4.2083
   50  7.7043e+09    14.3758    50    49     4.2881
   51  7.6720e+09    14.3884    51    50     4.3678
   52  7.6544e+09    14.3954    52    51     4.4476
   53  7.6103e+09    14.4129    53    52     4.5273
   54  7.6025e+09    14.4160    54    53     4.6070
   55  7.3733e+09    14.5087    55    54     4.6867
   56  7.2748e+09    14.5496    56    55     4.7664
   57  7.2057e+09    14.5786    57    56     4.8460
   58  6.8331e+09    14.7410    58    57     4.9257
   59  6.8187e+09    14.7475    59    58     5.0053
   60  5.5656e+09    15.3808    60    59     5.0849
   61  5.3167e+09    15.5262    61    60     5.1646
   62  5.1169e+09    15.6486    62    61     5.2442
   63  5.0350e+09    15.7003    63    62     5.3238
   64  5.0157e+09    15.7127    64    63     5.4033
   65  4.9776e+09    15.7372    65    64     5.4829
   66  4.8437e+09    15.8251    66    65     5.5625
   67  4.7070e+09    15.9177    67    66     5.6421
   68  4.5848e+09    16.0032    68    67     5.7216
   69  4.4089e+09    16.1310    69    68     5.8012
   70  4.3390e+09    16.1833    70    69     5.8807
   71  4.3114e+09    16.2043    71    70     5.9602
   72  4.2946e+09    16.2171    72    71     6.0398
   73  4.0689e+09    16.3952    73    72     6.1193
   74  3.5160e+09    16.8841    74    73     6.1988
   75  3.3687e+09    17.0293    75    74     6.2783
   76  3.3195e+09    17.0794    76    75     6.3579
   77  1.7350e+09    19.3946    77    76     6.4374
   78  1.7124e+09    19.4437    78    77     6.5169
   79  1.7072e+09    19.4551    79    78     6.5964
   80  1.6799e+09    19.5152    80    79     6.6759
   81  1.6747e+09    19.5268    81    80     6.7554
   82  1.6567e+09    19.5673    82    81     6.8349
   83  1.6343e+09    19.6187    83    82     6.9143
   84  1.6334e+09    19.6207    84    83     6.9938
   85  1.6233e+09    19.6440    85    84     7.0733
   86  1.6194e+09    19.6530    86    85     7.1528
   87  1.6149e+09    19.6635    87    86     7.2323
   88  1.6100e+09    19.6749    88    87     7.3117
   89  1.6034e+09    19.6904    89    88     7.3912
   90  1.5789e+09    19.7485    90    89     7.4707
   91  1.5769e+09    19.7534    91    90     7.5502
   92  1.5627e+09    19.7875    92    91     7.6296
   93  1.5571e+09    19.8010    93    92     7.7091
   94  1.5300e+09    19.8677    94    93     7.7885
   95  1.5082e+09    19.9223    95    94     7.8680
   96  1.5001e+09    19.9426    96    95     7.9475
   97  1.4876e+09    19.9745    97    96     8.0269
   98  1.2947e+09    20.5083    98    97     8.1064
   99  1.2247e+09    20.7246    99    98     8.1858
  100  1.1795e+09    20.8719   100    99     8.2653
