#indx Mass S step-number desc_indx 
    0  3.1600e+11     5.9621     0    -1     0.0134
    1  3.0316e+11     6.0288     1     0     0.1326
    2  2.2440e+11     6.5284     2     1     0.2441
    3  2.2026e+11     6.5603     3     2     0.3500
    4  2.1483e+11     6.6032     4     3     0.4519
    5  2.0248e+11     6.7058     5     4     0.5506
    6  1.9080e+11     6.8099     6     5     0.6467
    7  1.9059e+11     6.8118     7     6     0.7407
    8  1.9014e+11     6.8160     8     7     0.8330
    9  1.6263e+11     7.0957     9     8     0.9238
   10  1.5942e+11     7.1319    10     9     1.0134
   11  1.5435e+11     7.1911    11    10     1.1018
   12  1.5371e+11     7.1986    12    11     1.1894
   13  1.5214e+11     7.2175    13    12     1.2761
   14  1.5085e+11     7.2332    14    13     1.3621
   15  1.4390e+11     7.3203    15    14     1.4474
   16  1.4347e+11     7.3259    16    15     1.5322
   17  1.4265e+11     7.3366    17    16     1.6165
   18  1.1678e+11     7.7157    18    17     1.7003
   19  7.7080e+10     8.5477    19    18     1.7838
   20  7.6398e+10     8.5662    20    19     1.8669
   21  7.5103e+10     8.6018    21    20     1.9496
   22  7.0642e+10     8.7303    22    21     2.0321
   23  7.0511e+10     8.7343    23    22     2.1143
   24  6.1447e+10     9.0281    24    23     2.1963
   25  5.9337e+10     9.1038    25    24     2.2781
   26  5.5771e+10     9.2393    26    25     2.3597
   27  5.5453e+10     9.2519    27    26     2.4411
   28  5.5076e+10     9.2669    28    27     2.5223
   29  5.4962e+10     9.2715    29    28     2.6034
   30  4.5040e+10     9.7176    30    29     2.6844
   31  4.4876e+10     9.7259    31    30     2.7652
   32  4.4550e+10     9.7425    32    31     2.8459
   33  4.4150e+10     9.7631    33    32     2.9266
   34  4.0987e+10     9.9342    34    33     3.0071
   35  3.9743e+10    10.0057    35    34     3.0876
   36  3.9595e+10    10.0144    36    35     3.1680
   37  3.7791e+10    10.1234    37    36     3.2483
   38  3.7787e+10    10.1237    38    37     3.3285
   39  3.5928e+10    10.2425    39    38     3.4087
   40  3.5917e+10    10.2433    40    39     3.4889
   41  3.5390e+10    10.2783    41    40     3.5689
   42  3.5018e+10    10.3034    42    41     3.6490
   43  3.2431e+10    10.4869    43    42     3.7290
   44  3.2385e+10    10.4904    44    43     3.8089
   45  3.2276e+10    10.4985    45    44     3.8889
   46  3.1893e+10    10.5273    46    45     3.9688
   47  3.0327e+10    10.6493    47    46     4.0486
   48  3.0278e+10    10.6532    48    47     4.1285
   49  2.7401e+10    10.8983    49    48     4.2083
   50  2.6828e+10    10.9507    50    49     4.2881
   51  1.0065e+10    13.5853    51    50     4.3678
   52  9.5473e+09    13.7390    52    51     4.4476
   53  8.1064e+09    14.2229    53    52     4.5273
   54  6.2402e+09    15.0217    54    53     4.6070
   55  6.1580e+09    15.0630    55    54     4.6867
   56  6.0901e+09    15.0976    56    55     4.7664
   57  6.0865e+09    15.0995    57    56     4.8460
   58  6.0243e+09    15.1316    58    57     4.9257
   59  4.4420e+09    16.1065    59    58     5.0053
   60  4.3781e+09    16.1540    60    59     5.0849
   61  4.3717e+09    16.1587    61    60     5.1646
   62  4.3597e+09    16.1678    62    61     5.2442
   63  4.1451e+09    16.3339    63    62     5.3238
   64  4.1109e+09    16.3613    64    63     5.4033
   65  3.9646e+09    16.4815    65    64     5.4829
   66  3.8022e+09    16.6209    66    65     5.5625
   67  3.7985e+09    16.6241    67    66     5.6421
   68  3.7949e+09    16.6274    68    67     5.7216
   69  3.7782e+09    16.6421    69    68     5.8012
   70  3.0441e+09    17.3765    70    69     5.8807
   71  2.7614e+09    17.7153    71    70     5.9602
   72  2.7513e+09    17.7281    72    71     6.0398
   73  2.7264e+09    17.7599    73    72     6.1193
   74  2.6390e+09    17.8744    74    73     6.1988
   75  2.6298e+09    17.8866    75    74     6.2783
   76  2.5560e+09    17.9872    76    75     6.3579
   77  2.5291e+09    18.0246    77    76     6.4374
   78  2.5003e+09    18.0653    78    77     6.5169
   79  2.4794e+09    18.0951    79    78     6.5964
   80  2.4569e+09    18.1274    80    79     6.6759
   81  2.4487e+09    18.1393    81    80     6.7554
   82  2.4364e+09    18.1572    82    81     6.8349
   83  2.2255e+09    18.4816    83    82     6.9143
   84  2.2166e+09    18.4961    84    83     6.9938
   85  2.1462e+09    18.6127    85    84     7.0733
   86  2.1254e+09    18.6480    86    85     7.1528
   87  2.1235e+09    18.6514    87    86     7.2323
   88  2.0520e+09    18.7758    88    87     7.3117
   89  2.0164e+09    18.8397    89    88     7.3912
   90  2.0086e+09    18.8539    90    89     7.4707
   91  2.0069e+09    18.8570    91    90     7.5502
   92  2.0040e+09    18.8623    92    91     7.6296
   93  1.9990e+09    18.8714    93    92     7.7091
   94  1.9535e+09    18.9559    94    93     7.7885
   95  1.9270e+09    19.0060    95    94     7.8680
   96  1.8779e+09    19.1011    96    95     7.9475
   97  1.4768e+09    20.0022    97    96     8.0269
   98  1.3117e+09    20.4576    98    97     8.1064
   99  1.2715e+09    20.5786    99    98     8.1858
  100  1.2626e+09    20.6059   100    99     8.2653
