#indx Mass S step-number desc_indx 
    0  3.1600e+11     5.9621     0    -1     0.0134
    1  3.0931e+11     5.9965     1     0     0.1326
    2  3.0655e+11     6.0109     2     1     0.2441
    3  2.9820e+11     6.0554     3     2     0.3500
    4  2.9762e+11     6.0586     4     3     0.4519
    5  2.9309e+11     6.0834     5     4     0.5506
    6  2.9199e+11     6.0895     6     5     0.6467
    7  2.8859e+11     6.1086     7     6     0.7407
    8  2.8289e+11     6.1411     8     7     0.8330
    9  2.6236e+11     6.2652     9     8     0.9238
   10  2.4694e+11     6.3662    10     9     1.0134
   11  2.4574e+11     6.3745    11    10     1.1018
   12  2.1901e+11     6.5701    12    11     1.1894
   13  1.8669e+11     6.8484    13    12     1.2761
   14  1.8495e+11     6.8649    14    13     1.3621
   15  1.8332e+11     6.8807    15    14     1.4474
   16  1.8017e+11     6.9114    16    15     1.5322
   17  1.7621e+11     6.9511    17    16     1.6165
   18  1.7435e+11     6.9701    18    17     1.7003
   19  1.6880e+11     7.0283    19    18     1.7838
   20  1.6319e+11     7.0894    20    19     1.8669
   21  1.6142e+11     7.1093    21    20     1.9496
   22  1.2369e+11     7.6053    22    21     2.0321
   23  1.2242e+11     7.6251    23    22     2.1143
   24  1.2221e+11     7.6283    24    23     2.1963
   25  9.1950e+10     8.1869    25    24     2.2781
   26  9.1180e+10     8.2039    26    25     2.3597
   27  9.0707e+10     8.2144    27    26     2.4411
   28  8.9369e+10     8.2444    28    27     2.5223
   29  8.8956e+10     8.2538    29    28     2.6034
   30  8.8085e+10     8.2737    30    29     2.6844
   31  8.7661e+10     8.2835    31    30     2.7652
   32  3.6256e+10    10.2210    32    31     2.8459
   33  3.6236e+10    10.2224    33    32     2.9266
   34  3.6019e+10    10.2365    34    33     3.0071
   35  3.5919e+10    10.2431    35    34     3.0876
   36  3.5900e+10    10.2444    36    35     3.1680
   37  2.6306e+10    10.9996    37    36     3.2483
   38  2.5972e+10    11.0314    38    37     3.3285
   39  2.5903e+10    11.0381    39    38     3.4087
   40  2.3880e+10    11.2425    40    39     3.4889
   41  2.2155e+10    11.4334    41    40     3.5689
   42  2.1925e+10    11.4602    42    41     3.6490
   43  2.0949e+10    11.5774    43    42     3.7290
   44  2.0892e+10    11.5845    44    43     3.8089
   45  1.9850e+10    11.7173    45    44     3.8889
   46  1.9711e+10    11.7356    46    45     3.9688
   47  1.9645e+10    11.7444    47    46     4.0486
   48  1.6254e+10    12.2466    48    47     4.1285
   49  1.6181e+10    12.2587    49    48     4.2083
   50  1.5852e+10    12.3141    50    49     4.2881
   51  1.5310e+10    12.4084    51    50     4.3678
   52  1.5277e+10    12.4143    52    51     4.4476
   53  1.5228e+10    12.4229    53    52     4.5273
   54  1.2574e+10    12.9512    54    53     4.6070
   55  3.0102e+09    17.4152    55    54     4.6867
   56  3.0023e+09    17.4243    56    55     4.7664
   57  2.8457e+09    17.6103    57    56     4.8460
   58  2.5283e+09    18.0258    58    57     4.9257
   59  2.5243e+09    18.0314    59    58     5.0053
   60  2.4889e+09    18.0815    60    59     5.0849
   61  2.4828e+09    18.0902    61    60     5.1646
   62  1.4305e+08    30.3586    62    61     5.2442
   63  1.3579e+08    30.6244    63    62     5.3238
   64  1.3060e+08    30.8244    64    63     5.4033
   65  1.3032e+08    30.8352    65    64     5.4829
   66  1.3006e+08    30.8457    66    65     5.5625
   67  1.2936e+08    30.8735    67    66     5.6421
   68  1.2908e+08    30.8847    68    67     5.7216
   69  1.2363e+08    31.1074    69    68     5.8012
   70  1.2338e+08    31.1177    70    69     5.8807
   71  1.1282e+08    31.5832    71    70     5.9602
   72  1.1199e+08    31.6218    72    71     6.0398
   73  1.1192e+08    31.6250    73    72     6.1193
   74  1.1061e+08    31.6868    74    73     6.1988
   75  1.0955e+08    31.7373    75    74     6.2783
   76  1.0778e+08    31.8228    76    75     6.3579
   77  1.0700e+08    31.8607    77    76     6.4374
