#indx Mass S step-number desc_indx 
    0  3.1600e+11     5.9621     0    -1     0.0134
    1  3.1511e+11     5.9666     1     0     0.1326
    2  3.0749e+11     6.0059     2     1     0.2441
    3  2.8888e+11     6.1070     3     2     0.3500
    4  2.3969e+11     6.4164     4     3     0.4519
    5  2.2937e+11     6.4910     5     4     0.5506
    6  2.2612e+11     6.5153     6     5     0.6467
    7  2.2538e+11     6.5209     7     6     0.7407
    8  1.8475e+11     6.8668     8     7     0.8330
    9  1.8460e+11     6.8683     9     8     0.9238
   10  1.8297e+11     6.8840    10     9     1.0134
   11  1.7934e+11     6.9197    11    10     1.1018
   12  1.7520e+11     6.9614    12    11     1.1894
   13  1.7492e+11     6.9642    13    12     1.2761
   14  1.3598e+11     7.4260    14    13     1.3621
   15  1.3474e+11     7.4433    15    14     1.4474
   16  1.3415e+11     7.4514    16    15     1.5322
   17  1.3226e+11     7.4782    17    16     1.6165
   18  1.2643e+11     7.5635    18    17     1.7003
   19  1.2633e+11     7.5651    19    18     1.7838
   20  1.2514e+11     7.5831    20    19     1.8669
   21  1.0311e+11     7.9585    21    20     1.9496
   22  1.0149e+11     7.9899    22    21     2.0321
   23  9.7158e+10     8.0765    23    22     2.1143
   24  9.6801e+10     8.0839    24    23     2.1963
   25  9.4584e+10     8.1302    25    24     2.2781
   26  9.4455e+10     8.1329    26    25     2.3597
   27  9.3882e+10     8.1451    27    26     2.4411
   28  9.3872e+10     8.1453    28    27     2.5223
   29  9.0302e+10     8.2234    29    28     2.6034
   30  8.9480e+10     8.2419    30    29     2.6844
   31  8.8948e+10     8.2540    31    30     2.7652
   32  8.8412e+10     8.2662    32    31     2.8459
   33  8.2384e+10     8.4103    33    32     2.9266
   34  8.2006e+10     8.4197    34    33     3.0071
   35  8.1212e+10     8.4397    35    34     3.0876
   36  7.8910e+10     8.4991    36    35     3.1680
   37  7.8805e+10     8.5018    37    36     3.2483
   38  7.8469e+10     8.5107    38    37     3.3285
   39  7.7998e+10     8.5232    39    38     3.4087
   40  6.8828e+10     8.7853    40    39     3.4889
   41  6.6722e+10     8.8514    41    40     3.5689
   42  6.0858e+10     9.0489    42    41     3.6490
   43  5.8606e+10     9.1308    43    42     3.7290
   44  5.5976e+10     9.2312    44    43     3.8089
   45  5.5680e+10     9.2429    45    44     3.8889
   46  5.5589e+10     9.2465    46    45     3.9688
   47  5.5150e+10     9.2639    47    46     4.0486
   48  5.4882e+10     9.2747    48    47     4.1285
   49  5.1223e+10     9.4276    49    48     4.2083
   50  5.1133e+10     9.4315    50    49     4.2881
   51  5.0648e+10     9.4528    51    50     4.3678
   52  5.0211e+10     9.4721    52    51     4.4476
   53  4.6235e+10     9.6580    53    52     4.5273
   54  4.6113e+10     9.6640    54    53     4.6070
   55  4.5271e+10     9.7059    55    54     4.6867
   56  4.4659e+10     9.7369    56    55     4.7664
   57  4.2567e+10     9.8469    57    56     4.8460
   58  4.1003e+10     9.9332    58    57     4.9257
   59  4.0786e+10     9.9455    59    58     5.0053
   60  4.0405e+10     9.9673    60    59     5.0849
   61  4.0242e+10     9.9767    61    60     5.1646
   62  4.0194e+10     9.9795    62    61     5.2442
   63  3.8712e+10    10.0670    63    62     5.3238
   64  3.8222e+10    10.0968    64    63     5.4033
   65  3.7948e+10    10.1137    65    64     5.4829
   66  3.7624e+10    10.1338    66    65     5.5625
   67  3.7141e+10    10.1642    67    66     5.6421
   68  3.6773e+10    10.1876    68    67     5.7216
   69  3.6417e+10    10.2106    69    68     5.8012
   70  3.6197e+10    10.2249    70    69     5.8807
   71  3.5978e+10    10.2392    71    70     5.9602
   72  3.5848e+10    10.2478    72    71     6.0398
   73  2.8297e+10    10.8189    73    72     6.1193
   74  2.6875e+10    10.9464    74    73     6.1988
   75  2.6183e+10    11.0113    75    74     6.2783
   76  2.2205e+10    11.4277    76    75     6.3579
   77  2.1739e+10    11.4820    77    76     6.4374
   78  2.1721e+10    11.4842    78    77     6.5169
   79  2.1693e+10    11.4875    79    78     6.5964
   80  2.1690e+10    11.4878    80    79     6.6759
   81  1.8375e+10    11.9197    81    80     6.7554
   82  1.8310e+10    11.9292    82    81     6.8349
   83  1.8029e+10    11.9700    83    82     6.9143
   84  1.7915e+10    11.9868    84    83     6.9938
   85  1.7428e+10    12.0600    85    84     7.0733
   86  1.5440e+10    12.3854    86    85     7.1528
   87  1.2697e+10    12.9241    87    86     7.2323
   88  1.2239e+10    13.0272    88    87     7.3117
   89  1.1622e+10    13.1733    89    88     7.3912
   90  1.1484e+10    13.2070    90    89     7.4707
   91  1.1459e+10    13.2132    91    90     7.5502
   92  9.7797e+09    13.6689    92    91     7.6296
   93  9.0759e+09    13.8875    93    92     7.7091
   94  8.8335e+09    13.9673    94    93     7.7885
   95  7.8558e+09    14.3171    95    94     7.8680
   96  7.7625e+09    14.3531    96    95     7.9475
   97  7.7135e+09    14.3722    97    96     8.0269
   98  7.6939e+09    14.3798    98    97     8.1064
   99  7.5665e+09    14.4303    99    98     8.1858
  100  7.4849e+09    14.4631   100    99     8.2653
