#indx Mass S step-number desc_indx 
    0  3.1600e+11     5.9621     0    -1     0.0134
    1  2.7197e+11     6.2057     1     0     0.1326
    2  2.6239e+11     6.2651     2     1     0.2441
    3  2.5405e+11     6.3188     3     2     0.3500
    4  2.5151e+11     6.3355     4     3     0.4519
    5  2.3283e+11     6.4655     5     4     0.5506
    6  2.2778e+11     6.5028     6     5     0.6467
    7  2.0784e+11     6.6604     7     6     0.7407
    8  2.0091e+11     6.7193     8     7     0.8330
    9  1.8752e+11     6.8405     9     8     0.9238
   10  1.8543e+11     6.8603    10     9     1.0134
   11  1.6743e+11     7.0430    11    10     1.1018
   12  1.6712e+11     7.0463    12    11     1.1894
   13  1.6609e+11     7.0576    13    12     1.2761
   14  1.6138e+11     7.1097    14    13     1.3621
   15  1.5296e+11     7.2076    15    14     1.4474
   16  1.4620e+11     7.2909    16    15     1.5322
   17  1.1953e+11     7.6709    17    16     1.6165
   18  1.1348e+11     7.7711    18    17     1.7003
   19  7.5776e+10     8.5832    19    18     1.7838
   20  7.5702e+10     8.5853    20    19     1.8669
   21  7.5578e+10     8.5887    21    20     1.9496
   22  7.3982e+10     8.6333    22    21     2.0321
   23  6.8673e+10     8.7901    23    22     2.1143
   24  3.8165e+10    10.1003    24    23     2.1963
   25  3.7193e+10    10.1608    25    24     2.2781
   26  3.6993e+10    10.1736    26    25     2.3597
   27  3.6544e+10    10.2023    27    26     2.4411
   28  3.6530e+10    10.2033    28    27     2.5223
   29  3.6507e+10    10.2048    29    28     2.6034
   30  3.6136e+10    10.2289    30    29     2.6844
   31  3.5397e+10    10.2778    31    30     2.7652
   32  3.4156e+10    10.3628    32    31     2.8459
   33  3.3998e+10    10.3738    33    32     2.9266
   34  3.3959e+10    10.3765    34    33     3.0071
   35  3.3396e+10    10.4166    35    34     3.0876
   36  3.1677e+10    10.5437    36    35     3.1680
   37  3.1644e+10    10.5462    37    36     3.2483
   38  3.0415e+10    10.6423    38    37     3.3285
   39  3.0205e+10    10.6591    39    38     3.4087
   40  3.0157e+10    10.6630    40    39     3.4889
   41  2.4689e+10    11.1584    41    40     3.5689
   42  2.3554e+10    11.2773    42    41     3.6490
   43  2.2966e+10    11.3416    43    42     3.7290
   44  2.2787e+10    11.3616    44    43     3.8089
   45  2.2199e+10    11.4283    45    44     3.8889
   46  2.2134e+10    11.4358    46    45     3.9688
   47  2.1968e+10    11.4551    47    46     4.0486
   48  1.4141e+10    12.6255    48    47     4.1285
   49  1.4120e+10    12.6295    49    48     4.2083
   50  1.3568e+10    12.7396    50    49     4.2881
   51  1.3313e+10    12.7920    51    50     4.3678
   52  1.3300e+10    12.7949    52    51     4.4476
   53  1.3129e+10    12.8309    53    52     4.5273
   54  1.1330e+10    13.2455    54    53     4.6070
   55  1.1128e+10    13.2968    55    54     4.6867
   56  1.1073e+10    13.3107    56    55     4.7664
   57  1.1066e+10    13.3126    57    56     4.8460
   58  1.0746e+10    13.3968    58    57     4.9257
   59  1.0726e+10    13.4019    59    58     5.0053
   60  1.0641e+10    13.4247    60    59     5.0849
   61  1.0600e+10    13.4360    61    60     5.1646
   62  1.0563e+10    13.4461    62    61     5.2442
   63  1.0441e+10    13.4795    63    62     5.3238
   64  1.0261e+10    13.5296    64    63     5.4033
   65  9.9986e+09    13.6046    65    64     5.4829
   66  8.8455e+09    13.9633    66    65     5.5625
   67  8.7404e+09    13.9987    67    66     5.6421
   68  8.0346e+09    14.2495    68    67     5.7216
   69  7.7698e+09    14.3503    69    68     5.8012
   70  7.7138e+09    14.3720    70    69     5.8807
   71  7.6084e+09    14.4136    71    70     5.9602
   72  7.5179e+09    14.4498    72    71     6.0398
   73  7.4765e+09    14.4665    73    72     6.1193
   74  7.4136e+09    14.4922    74    73     6.1988
   75  6.1876e+09    15.0481    75    74     6.2783
   76  6.1800e+09    15.0519    76    75     6.3579
   77  6.1290e+09    15.0778    77    76     6.4374
   78  6.1159e+09    15.0844    78    77     6.5169
   79  6.0678e+09    15.1091    79    78     6.5964
   80  6.0199e+09    15.1339    80    79     6.6759
   81  5.1869e+09    15.6051    81    80     6.7554
   82  5.1854e+09    15.6060    82    81     6.8349
   83  4.0149e+08    25.4115    83    82     6.9143
   84  4.0104e+08    25.4166    84    83     6.9938
