#indx Mass S step-number desc_indx 
    0  3.1600e+11     5.9621     0    -1     0.0134
    1  2.9990e+11     6.0462     1     0     0.1326
    2  2.8372e+11     6.1363     2     1     0.2441
    3  2.8117e+11     6.1511     3     2     0.3500
    4  2.7321e+11     6.1982     4     3     0.4519
    5  2.4646e+11     6.3696     5     4     0.5506
    6  2.4289e+11     6.3941     6     5     0.6467
    7  2.3878e+11     6.4228     7     6     0.7407
    8  2.2822e+11     6.4995     8     7     0.8330
    9  2.2343e+11     6.5358     9     8     0.9238
   10  2.2040e+11     6.5592    10     9     1.0134
   11  2.1959e+11     6.5655    11    10     1.1018
   12  2.1787e+11     6.5790    12    11     1.1894
   13  2.1091e+11     6.6350    13    12     1.2761
   14  1.7705e+11     6.9427    14    13     1.3621
   15  1.4174e+11     7.3484    15    14     1.4474
   16  1.4040e+11     7.3662    16    15     1.5322
   17  1.2878e+11     7.5286    17    16     1.6165
   18  1.2754e+11     7.5469    18    17     1.7003
   19  1.0031e+11     8.0130    19    18     1.7838
   20  9.4338e+10     8.1354    20    19     1.8669
   21  8.7478e+10     8.2878    21    20     1.9496
   22  8.7149e+10     8.2954    22    21     2.0321
   23  8.3566e+10     8.3811    23    22     2.1143
   24  8.3431e+10     8.3844    24    23     2.1963
   25  7.2992e+10     8.6615    25    24     2.2781
   26  7.2902e+10     8.6641    26    25     2.3597
   27  7.2555e+10     8.6741    27    26     2.4411
   28  7.0749e+10     8.7271    28    27     2.5223
   29  7.0516e+10     8.7341    29    28     2.6034
   30  7.0331e+10     8.7396    30    29     2.6844
   31  7.0177e+10     8.7443    31    30     2.7652
   32  6.8463e+10     8.7966    32    31     2.8459
   33  3.2400e+10    10.4892    33    32     2.9266
   34  1.9363e+10    11.7822    34    33     3.0071
   35  1.9088e+10    11.8197    35    34     3.0876
   36  1.8432e+10    11.9117    36    35     3.1680
   37  1.8374e+10    11.9199    37    36     3.2483
   38  1.8350e+10    11.9234    38    37     3.3285
   39  1.8288e+10    11.9323    39    38     3.4087
   40  1.8259e+10    11.9365    40    39     3.4889
   41  1.5725e+10    12.3358    41    40     3.5689
   42  1.5697e+10    12.3408    42    41     3.6490
   43  1.2351e+10    13.0015    43    42     3.7290
   44  1.2208e+10    13.0342    44    43     3.8089
   45  1.2062e+10    13.0682    45    44     3.8889
   46  1.0913e+10    13.3524    46    45     3.9688
   47  1.0792e+10    13.3843    47    46     4.0486
   48  9.5395e+09    13.7414    48    47     4.1285
   49  9.1210e+09    13.8729    49    48     4.2083
   50  8.8840e+09    13.9505    50    49     4.2881
   51  8.7566e+09    13.9932    51    50     4.3678
   52  8.6225e+09    14.0389    52    51     4.4476
   53  8.6166e+09    14.0410    53    52     4.5273
   54  2.8775e+09    17.5716    54    53     4.6070
   55  2.0055e+09    18.8596    55    54     4.6867
   56  1.8784e+09    19.1000    56    55     4.7664
   57  1.8484e+09    19.1595    57    56     4.8460
   58  1.7299e+09    19.4057    58    57     4.9257
   59  1.6772e+09    19.5213    59    58     5.0053
   60  1.6617e+09    19.5562    60    59     5.0849
   61  1.6451e+09    19.5938    61    60     5.1646
   62  1.6406e+09    19.6042    62    61     5.2442
   63  1.2178e+09    20.7466    63    62     5.3238
   64  1.1808e+09    20.8676    64    63     5.4033
   65  9.6319e+08    21.6783    65    64     5.4829
   66  9.5923e+08    21.6948    66    65     5.5625
   67  9.1295e+08    21.8950    67    66     5.6421
   68  9.1188e+08    21.8998    68    67     5.7216
   69  8.7013e+08    22.0907    69    68     5.8012
   70  8.4043e+08    22.2329    70    69     5.8807
   71  5.2761e+08    24.2017    71    70     5.9602
   72  5.2461e+08    24.2265    72    71     6.0398
   73  5.1580e+08    24.3005    73    72     6.1193
   74  4.9986e+08    24.4377    74    73     6.1988
   75  4.9964e+08    24.4396    75    74     6.2783
   76  4.8645e+08    24.5572    76    75     6.3579
   77  1.7485e+08    29.3489    77    76     6.4374
   78  1.6704e+08    29.5766    78    77     6.5169
   79  1.6412e+08    29.6649    79    78     6.5964
   80  1.6160e+08    29.7424    80    79     6.6759
   81  1.6087e+08    29.7654    81    80     6.7554
   82  1.5951e+08    29.8080    82    81     6.8349
   83  1.5346e+08    30.0026    83    82     6.9143
   84  1.5314e+08    30.0132    84    83     6.9938
   85  1.5247e+08    30.0353    85    84     7.0733
   86  1.5242e+08    30.0369    86    85     7.1528
   87  1.4967e+08    30.1289    87    86     7.2323
   88  1.4930e+08    30.1415    88    87     7.3117
   89  1.4602e+08    30.2542    89    88     7.3912
   90  1.4399e+08    30.3253    90    89     7.4707
   91  1.4267e+08    30.3723    91    90     7.5502
   92  1.3371e+08    30.7036    92    91     7.6296
   93  1.3326e+08    30.7207    93    92     7.7091
   94  1.3315e+08    30.7252    94    93     7.7885
   95  1.3252e+08    30.7493    95    94     7.8680
   96  1.3243e+08    30.7529    96    95     7.9475
   97  1.3134e+08    30.7953    97    96     8.0269
   98  1.3124e+08    30.7993    98    97     8.1064
   99  1.3014e+08    30.8426    99    98     8.1858
  100  1.2440e+08    31.0753   100    99     8.2653
