#indx Mass S step-number desc_indx 
    0  3.1600e+11     5.9621     0    -1     0.0134
    1  2.0325e+11     6.6992     1     0     0.1326
    2  1.9961e+11     6.7307     2     1     0.2441
    3  1.9888e+11     6.7371     3     2     0.3500
    4  1.8578e+11     6.8570     4     3     0.4519
    5  1.8402e+11     6.8739     5     4     0.5506
    6  1.8372e+11     6.8768     6     5     0.6467
    7  1.8206e+11     6.8929     7     6     0.7407
    8  1.7297e+11     6.9844     8     7     0.8330
    9  1.5961e+11     7.1298     9     8     0.9238
   10  1.4850e+11     7.2621    10     9     1.0134
   11  1.4653e+11     7.2867    11    10     1.1018
   12  1.4391e+11     7.3203    12    11     1.1894
   13  1.2416e+11     7.5982    13    12     1.2761
   14  1.1589e+11     7.7305    14    13     1.3621
   15  1.1573e+11     7.7331    15    14     1.4474
   16  1.0775e+11     7.8721    16    15     1.5322
   17  1.0765e+11     7.8739    17    16     1.6165
   18  1.0366e+11     7.9482    18    17     1.7003
   19  1.0029e+11     8.0133    19    18     1.7838
   20  9.3200e+10     8.1597    20    19     1.8669
   21  9.2607e+10     8.1726    21    20     1.9496
   22  9.2409e+10     8.1769    22    21     2.0321
   23  9.1286e+10     8.2015    23    22     2.1143
   24  8.9849e+10     8.2336    24    23     2.1963
   25  8.4711e+10     8.3532    25    24     2.2781
   26  8.2009e+10     8.4197    26    25     2.3597
   27  8.0829e+10     8.4495    27    26     2.4411
   28  7.9362e+10     8.4873    28    27     2.5223
   29  7.8328e+10     8.5144    29    28     2.6034
   30  5.9746e+10     9.0889    30    29     2.6844
   31  5.3553e+10     9.3288    31    30     2.7652
   32  5.1804e+10     9.4025    32    31     2.8459
   33  5.1569e+10     9.4126    33    32     2.9266
   34  5.1233e+10     9.4271    34    33     3.0071
   35  5.0865e+10     9.4432    35    34     3.0876
   36  4.8660e+10     9.5425    36    35     3.1680
   37  4.6959e+10     9.6228    37    36     3.2483
   38  4.3077e+10     9.8195    38    37     3.3285
   39  4.1229e+10     9.9205    39    38     3.4087
   40  3.9514e+10    10.0191    40    39     3.4889
   41  3.9387e+10    10.0267    41    40     3.5689
   42  3.7776e+10    10.1243    42    41     3.6490
   43  3.7129e+10    10.1649    43    42     3.7290
   44  3.6128e+10    10.2294    44    43     3.8089
   45  3.5871e+10    10.2463    45    44     3.8889
   46  3.5714e+10    10.2567    46    45     3.9688
   47  3.5434e+10    10.2754    47    46     4.0486
   48  3.3329e+10    10.4214    48    47     4.1285
   49  3.3132e+10    10.4356    49    48     4.2083
   50  3.3076e+10    10.4397    50    49     4.2881
   51  3.2222e+10    10.5025    51    50     4.3678
   52  3.0418e+10    10.6420    52    51     4.4476
   53  2.2909e+10    11.3479    53    52     4.5273
   54  2.2380e+10    11.4075    54    53     4.6070
   55  2.2339e+10    11.4122    55    54     4.6867
   56  2.2285e+10    11.4185    56    55     4.7664
   57  2.1964e+10    11.4556    57    56     4.8460
   58  2.1743e+10    11.4816    58    57     4.9257
   59  2.1646e+10    11.4931    59    58     5.0053
   60  2.1548e+10    11.5047    60    59     5.0849
   61  2.1261e+10    11.5392    61    60     5.1646
   62  1.4994e+10    12.4650    62    61     5.2442
   63  1.4683e+10    12.5224    63    62     5.3238
   64  1.4543e+10    12.5485    64    63     5.4033
   65  1.4183e+10    12.6172    65    64     5.4829
   66  1.4160e+10    12.6217    66    65     5.5625
   67  1.4139e+10    12.6259    67    66     5.6421
   68  1.4106e+10    12.6321    68    67     5.7216
   69  1.3992e+10    12.6546    69    68     5.8012
   70  1.3957e+10    12.6615    70    69     5.8807
   71  1.3951e+10    12.6626    71    70     5.9602
   72  1.3714e+10    12.7099    72    71     6.0398
   73  1.2263e+10    13.0215    73    72     6.1193
   74  1.2218e+10    13.0320    74    73     6.1988
   75  1.1437e+10    13.2187    75    74     6.2783
   76  1.1258e+10    13.2635    76    75     6.3579
   77  1.1201e+10    13.2780    77    76     6.4374
   78  1.1156e+10    13.2895    78    77     6.5169
   79  1.1108e+10    13.3019    79    78     6.5964
   80  1.0474e+10    13.4704    80    79     6.6759
   81  1.0405e+10    13.4893    81    80     6.7554
   82  9.9521e+09    13.6181    82    81     6.8349
   83  9.7385e+09    13.6812    83    82     6.9143
   84  9.7252e+09    13.6852    84    83     6.9938
   85  9.3133e+09    13.8117    85    84     7.0733
   86  9.2287e+09    13.8384    86    85     7.1528
   87  8.8934e+09    13.9474    87    86     7.2323
   88  8.8505e+09    13.9616    88    87     7.3117
   89  8.8351e+09    13.9668    89    88     7.3912
   90  8.8124e+09    13.9744    90    89     7.4707
   91  7.8130e+09    14.3335    91    90     7.5502
   92  7.8008e+09    14.3383    92    91     7.6296
   93  7.7975e+09    14.3395    93    92     7.7091
   94  7.6671e+09    14.3904    94    93     7.7885
   95  7.3188e+09    14.5312    95    94     7.8680
   96  7.2248e+09    14.5706    96    95     7.9475
   97  7.1428e+09    14.6054    97    96     8.0269
   98  7.0204e+09    14.6582    98    97     8.1064
   99  6.7276e+09    14.7889    99    98     8.1858
  100  6.6357e+09    14.8313   100    99     8.2653
