#indx Mass S step-number desc_indx 
    0  3.1600e+11     5.9621     0    -1     0.0134
    1  3.0136e+11     6.0384     1     0     0.1326
    2  2.8922e+11     6.1051     2     1     0.2441
    3  2.8676e+11     6.1190     3     2     0.3500
    4  2.7190e+11     6.2062     4     3     0.4519
    5  2.6153e+11     6.2705     5     4     0.5506
    6  2.5734e+11     6.2973     6     5     0.6467
    7  2.5685e+11     6.3005     7     6     0.7407
    8  1.9063e+11     6.8114     8     7     0.8330
    9  1.8989e+11     6.8183     9     8     0.9238
   10  1.8621e+11     6.8529    10     9     1.0134
   11  1.8451e+11     6.8691    11    10     1.1018
   12  1.7169e+11     6.9977    12    11     1.1894
   13  1.6627e+11     7.0556    13    12     1.2761
   14  1.6476e+11     7.0721    14    13     1.3621
   15  1.1739e+11     7.7056    15    14     1.4474
   16  1.1314e+11     7.7769    16    15     1.5322
   17  7.7965e+10     8.5241    17    16     1.6165
   18  7.7490e+10     8.5367    18    17     1.7003
   19  7.5399e+10     8.5936    19    18     1.7838
   20  7.5117e+10     8.6015    20    19     1.8669
   21  4.5326e+10     9.7031    21    20     1.9496
   22  3.9372e+10    10.0275    22    21     2.0321
   23  3.5939e+10    10.2418    23    22     2.1143
   24  3.2451e+10    10.4855    24    23     2.1963
   25  3.2113e+10    10.5107    25    24     2.2781
   26  2.3458e+10    11.2877    26    25     2.3597
   27  2.1703e+10    11.4863    27    26     2.4411
   28  2.0767e+10    11.6000    28    27     2.5223
   29  1.7272e+10    12.0839    29    28     2.6034
   30  1.7267e+10    12.0848    30    29     2.6844
   31  1.7182e+10    12.0979    31    30     2.7652
   32  1.4833e+10    12.4945    32    31     2.8459
   33  1.4480e+10    12.5604    33    32     2.9266
   34  1.4330e+10    12.5889    34    33     3.0071
   35  1.4322e+10    12.5905    35    34     3.0876
   36  9.9625e+09    13.6151    36    35     3.1680
   37  9.9401e+09    13.6216    37    36     3.2483
   38  9.8391e+09    13.6513    38    37     3.3285
   39  9.6609e+09    13.7045    39    38     3.4087
   40  4.6378e+09    15.9658    40    39     3.4889
   41  4.6032e+09    15.9902    41    40     3.5689
   42  4.6007e+09    15.9920    42    41     3.6490
   43  4.5861e+09    16.0024    43    42     3.7290
   44  4.3658e+09    16.1632    44    43     3.8089
   45  2.5726e+09    17.9643    45    44     3.8889
   46  2.5346e+09    18.0169    46    45     3.9688
   47  2.5242e+09    18.0314    47    46     4.0486
   48  2.5228e+09    18.0334    48    47     4.1285
   49  2.5200e+09    18.0374    49    48     4.2083
   50  2.3186e+09    18.3343    50    49     4.2881
   51  2.1725e+09    18.5687    51    50     4.3678
   52  2.1665e+09    18.5786    52    51     4.4476
   53  2.0543e+09    18.7717    53    52     4.5273
   54  1.9309e+09    18.9985    54    53     4.6070
   55  1.7952e+09    19.2678    55    54     4.6867
   56  6.4714e+08    23.3239    56    55     4.7664
   57  6.4132e+08    23.3622    57    56     4.8460
   58  6.3349e+08    23.4144    58    57     4.9257
   59  6.3115e+08    23.4302    59    58     5.0053
   60  6.2720e+08    23.4569    60    59     5.0849
   61  6.1565e+08    23.5362    61    60     5.1646
   62  5.4467e+08    24.0634    62    61     5.2442
   63  5.4333e+08    24.0741    63    62     5.3238
   64  4.1320e+08    25.2823    64    63     5.4033
   65  4.1080e+08    25.3085    65    64     5.4829
   66  4.1012e+08    25.3159    66    65     5.5625
   67  4.0333e+08    25.3910    67    66     5.6421
   68  3.9920e+08    25.4373    68    67     5.7216
   69  3.9505e+08    25.4844    69    68     5.8012
   70  3.8979e+08    25.5450    70    69     5.8807
   71  3.8917e+08    25.5522    71    70     5.9602
   72  3.8631e+08    25.5856    72    71     6.0398
   73  3.8423e+08    25.6100    73    72     6.1193
   74  3.7515e+08    25.7185    74    73     6.1988
   75  3.6367e+08    25.8598    75    74     6.2783
   76  3.5295e+08    25.9965    76    75     6.3579
   77  3.2542e+08    26.3699    77    76     6.4374
   78  3.1699e+08    26.4914    78    77     6.5169
   79  3.1069e+08    26.5846    79    78     6.5964
   80  3.1065e+08    26.5851    80    79     6.6759
   81  3.1058e+08    26.5861    81    80     6.7554
   82  3.1008e+08    26.5937    82    81     6.8349
   83  3.0996e+08    26.5955    83    82     6.9143
   84  2.2144e+08    28.1902    84    83     6.9938
   85  2.2141e+08    28.1909    85    84     7.0733
   86  2.2016e+08    28.2183    86    85     7.1528
   87  2.2013e+08    28.2190    87    86     7.2323
   88  1.9704e+08    28.7588    88    87     7.3117
   89  1.9619e+08    28.7801    89    88     7.3912
   90  1.9081e+08    28.9168    90    89     7.4707
   91  1.8531e+08    29.0609    91    90     7.5502
   92  1.7922e+08    29.2263    92    91     7.6296
   93  1.7851e+08    29.2459    93    92     7.7091
   94  1.7455e+08    29.3574    94    93     7.7885
   95  1.5773e+08    29.8642    95    94     7.8680
   96  1.5566e+08    29.9309    96    95     7.9475
   97  1.5432e+08    29.9743    97    96     8.0269
   98  1.5418e+08    29.9790    98    97     8.1064
   99  1.5278e+08    30.0250    99    98     8.1858
  100  1.5262e+08    30.0302   100    99     8.2653
