#indx Mass S step-number desc_indx 
    0  3.1600e+11     5.9621     0    -1     0.0134
    1  3.0731e+11     6.0069     1     0     0.1326
    2  2.9442e+11     6.0761     2     1     0.2441
    3  2.9245e+11     6.0870     3     2     0.3500
    4  2.9120e+11     6.0939     4     3     0.4519
    5  2.7894e+11     6.1642     5     4     0.5506
    6  2.7781e+11     6.1708     6     5     0.6467
    7  2.6978e+11     6.2191     7     6     0.7407
    8  2.6465e+11     6.2508     8     7     0.8330
    9  2.6431e+11     6.2529     9     8     0.9238
   10  2.3807e+11     6.4278    10     9     1.0134
   11  2.1594e+11     6.5943    11    10     1.1018
   12  2.1555e+11     6.5974    12    11     1.1894
   13  2.1505e+11     6.6014    13    12     1.2761
   14  2.1419e+11     6.6083    14    13     1.3621
   15  2.1269e+11     6.6204    15    14     1.4474
   16  2.0546e+11     6.6803    16    15     1.5322
   17  1.9428e+11     6.7781    17    16     1.6165
   18  1.9394e+11     6.7811    18    17     1.7003
   19  1.8804e+11     6.8356    19    18     1.7838
   20  1.8615e+11     6.8535    20    19     1.8669
   21  1.8545e+11     6.8602    21    20     1.9496
   22  1.7767e+11     6.9364    22    21     2.0321
   23  1.7638e+11     6.9494    23    22     2.1143
   24  1.4489e+11     7.3076    24    23     2.1963
   25  1.3839e+11     7.3932    25    24     2.2781
   26  1.3385e+11     7.4558    26    25     2.3597
   27  1.3184e+11     7.4842    27    26     2.4411
   28  1.3008e+11     7.5096    28    27     2.5223
   29  1.2471e+11     7.5897    29    28     2.6034
   30  1.2190e+11     7.6332    30    29     2.6844
   31  9.1662e+10     8.1932    31    30     2.7652
   32  9.0027e+10     8.2296    32    31     2.8459
   33  5.3427e+10     9.3340    33    32     2.9266
   34  5.1718e+10     9.4062    34    33     3.0071
   35  4.7669e+10     9.5889    35    34     3.0876
   36  4.6895e+10     9.6259    36    35     3.1680
   37  4.5693e+10     9.6848    37    36     3.2483
   38  4.4920e+10     9.7236    38    37     3.3285
   39  3.1744e+10    10.5386    39    38     3.4087
   40  3.1395e+10    10.5653    40    39     3.4889
   41  3.1279e+10    10.5743    41    40     3.5689
   42  3.1111e+10    10.5874    42    41     3.6490
   43  3.1019e+10    10.5945    43    42     3.7290
   44  3.0343e+10    10.6480    44    43     3.8089
   45  2.8210e+10    10.8265    45    44     3.8889
   46  2.7392e+10    10.8992    46    45     3.9688
   47  2.7040e+10    10.9312    47    46     4.0486
   48  2.6867e+10    10.9471    48    47     4.1285
   49  2.6421e+10    10.9887    49    48     4.2083
   50  2.5317e+10    11.0954    50    49     4.2881
   51  1.8015e+10    11.9722    51    50     4.3678
   52  1.7769e+10    12.0086    52    51     4.4476
   53  1.7611e+10    12.0323    53    52     4.5273
   54  1.7579e+10    12.0371    54    53     4.6070
   55  1.7508e+10    12.0479    55    54     4.6867
   56  1.7497e+10    12.0495    56    55     4.7664
   57  1.7415e+10    12.0620    57    56     4.8460
   58  1.7412e+10    12.0624    58    57     4.9257
   59  1.6413e+10    12.2204    59    58     5.0053
   60  1.6258e+10    12.2459    60    59     5.0849
   61  1.2716e+10    12.9200    61    60     5.1646
   62  1.2415e+10    12.9869    62    61     5.2442
   63  1.1947e+10    13.0951    63    62     5.3238
   64  9.7634e+09    13.6738    64    63     5.4033
   65  7.1173e+09    14.6163    65    64     5.4829
   66  7.1166e+09    14.6166    66    65     5.5625
   67  6.8658e+09    14.7264    67    66     5.6421
   68  6.8316e+09    14.7417    68    67     5.7216
   69  6.8000e+09    14.7560    69    68     5.8012
   70  6.7977e+09    14.7570    70    69     5.8807
   71  6.3853e+09    14.9503    71    70     5.9602
   72  6.2607e+09    15.0115    72    71     6.0398
   73  6.1279e+09    15.0783    73    72     6.1193
   74  5.5984e+09    15.3623    74    73     6.1988
   75  5.5194e+09    15.4072    75    74     6.2783
   76  5.2728e+09    15.5526    76    75     6.3579
   77  5.0522e+09    15.6894    77    76     6.4374
   78  5.0306e+09    15.7031    78    77     6.5169
   79  5.0170e+09    15.7118    79    78     6.5964
   80  4.8971e+09    15.7897    80    79     6.6759
   81  4.8148e+09    15.8444    81    80     6.7554
   82  4.7914e+09    15.8602    82    81     6.8349
   83  4.6805e+09    15.9360    83    82     6.9143
   84  4.6617e+09    15.9492    84    83     6.9938
   85  4.6348e+09    15.9679    85    84     7.0733
   86  4.5958e+09    15.9955    86    85     7.1528
   87  4.5917e+09    15.9984    87    86     7.2323
   88  4.5696e+09    16.0140    88    87     7.3117
   89  4.5556e+09    16.0240    89    88     7.3912
   90  4.1141e+09    16.3587    90    89     7.4707
   91  4.1055e+09    16.3656    91    90     7.5502
   92  4.1049e+09    16.3661    92    91     7.6296
   93  4.0474e+09    16.4128    93    92     7.7091
   94  4.0141e+09    16.4402    94    93     7.7885
   95  3.9865e+09    16.4631    95    94     7.8680
   96  3.9583e+09    16.4868    96    95     7.9475
   97  3.8418e+09    16.5863    97    96     8.0269
   98  3.7999e+09    16.6229    98    97     8.1064
   99  3.7827e+09    16.6381    99    98     8.1858
  100  3.6484e+09    16.7594   100    99     8.2653
