#indx Mass S step-number desc_indx 
    0  3.1600e+11     5.9621     0    -1     0.0134
    1  3.0354e+11     6.0267     1     0     0.1326
    2  2.7802e+11     6.1696     2     1     0.2441
    3  2.7770e+11     6.1715     3     2     0.3500
    4  2.6326e+11     6.2595     4     3     0.4519
    5  2.5587e+11     6.3069     5     4     0.5506
    6  2.4993e+11     6.3461     6     5     0.6467
    7  2.4815e+11     6.3581     7     6     0.7407
    8  2.4435e+11     6.3840     8     7     0.8330
    9  2.3825e+11     6.4266     9     8     0.9238
   10  2.2652e+11     6.5123    10     9     1.0134
   11  2.2552e+11     6.5198    11    10     1.1018
   12  2.1988e+11     6.5632    12    11     1.1894
   13  2.1642e+11     6.5905    13    12     1.2761
   14  1.5926e+11     7.1338    14    13     1.3621
   15  1.4315e+11     7.3301    15    14     1.4474
   16  1.3993e+11     7.3725    16    15     1.5322
   17  1.3124e+11     7.4928    17    16     1.6165
   18  1.3051e+11     7.5033    18    17     1.7003
   19  1.2663e+11     7.5605    19    18     1.7838
   20  1.2033e+11     7.6581    20    19     1.8669
   21  1.1793e+11     7.6967    21    20     1.9496
   22  1.0856e+11     7.8575    22    21     2.0321
   23  1.0166e+11     7.9865    23    22     2.1143
   24  1.0112e+11     7.9970    24    23     2.1963
   25  9.9936e+10     8.0204    25    24     2.2781
   26  9.6550e+10     8.0890    26    25     2.3597
   27  9.6167e+10     8.0970    27    26     2.4411
   28  9.2658e+10     8.1715    28    27     2.5223
   29  9.0178e+10     8.2262    29    28     2.6034
   30  8.8915e+10     8.2547    30    29     2.6844
   31  8.7181e+10     8.2947    31    30     2.7652
   32  8.3807e+10     8.3752    32    31     2.8459
   33  5.7847e+10     9.1592    33    32     2.9266
   34  5.6428e+10     9.2136    34    33     3.0071
   35  5.6366e+10     9.2160    35    34     3.0876
   36  5.2275e+10     9.3823    36    35     3.1680
   37  5.2066e+10     9.3912    37    36     3.2483
   38  4.9365e+10     9.5102    38    37     3.3285
   39  4.8463e+10     9.5517    39    38     3.4087
   40  4.7634e+10     9.5905    40    39     3.4889
   41  4.6546e+10     9.6428    41    40     3.5689
   42  4.1338e+10     9.9144    42    41     3.6490
   43  4.1068e+10     9.9296    43    42     3.7290
   44  4.0739e+10     9.9482    44    43     3.8089
   45  4.0563e+10     9.9582    45    44     3.8889
   46  3.7720e+10    10.1278    46    45     3.9688
   47  1.6838e+10    12.1519    47    46     4.0486
   48  1.6358e+10    12.2295    48    47     4.1285
   49  1.6181e+10    12.2586    49    48     4.2083
   50  1.6032e+10    12.2836    50    49     4.2881
   51  1.5875e+10    12.3102    51    50     4.3678
   52  1.3267e+10    12.8018    52    51     4.4476
   53  1.0739e+10    13.3986    53    52     4.5273
   54  1.0582e+10    13.4408    54    53     4.6070
   55  1.0504e+10    13.4622    55    54     4.6867
   56  1.0502e+10    13.4626    56    55     4.7664
   57  1.0321e+10    13.5127    57    56     4.8460
   58  1.0251e+10    13.5324    58    57     4.9257
   59  1.0242e+10    13.5350    59    58     5.0053
   60  9.4225e+09    13.7775    60    59     5.0849
   61  9.2908e+09    13.8187    61    60     5.1646
   62  9.2028e+09    13.8467    62    61     5.2442
   63  3.0126e+09    17.4124    63    62     5.3238
   64  2.9674e+09    17.4648    64    63     5.4033
   65  2.8971e+09    17.5479    65    64     5.4829
   66  2.6437e+09    17.8681    66    65     5.5625
   67  6.5553e+08    23.2692    67    66     5.6421
   68  6.3578e+08    23.3991    68    67     5.7216
   69  6.1213e+08    23.5607    69    68     5.8012
   70  6.0109e+08    23.6386    70    69     5.8807
   71  5.8155e+08    23.7804    71    70     5.9602
   72  5.7916e+08    23.7981    72    71     6.0398
   73  5.5069e+08    24.0158    73    72     6.1193
   74  5.4178e+08    24.0864    74    73     6.1988
   75  5.2923e+08    24.1883    75    74     6.2783
   76  4.8124e+08    24.6045    76    75     6.3579
   77  4.7446e+08    24.6672    77    76     6.4374
   78  4.3776e+08    25.0241    78    77     6.5169
   79  4.2563e+08    25.1495    79    78     6.5964
   80  4.2420e+08    25.1646    80    79     6.6759
   81  4.1931e+08    25.2164    81    80     6.7554
   82  3.9555e+08    25.4788    82    81     6.8349
   83  3.4410e+08    26.1128    83    82     6.9143
   84  3.2179e+08    26.4217    84    83     6.9938
   85  3.2125e+08    26.4296    85    84     7.0733
   86  3.2014e+08    26.4456    86    85     7.1528
   87  3.1892e+08    26.4633    87    86     7.2323
   88  3.1600e+08    26.5059    88    87     7.3117
   89  2.5146e+08    27.5799    89    88     7.3912
   90  2.5136e+08    27.5818    90    89     7.4707
   91  2.5127e+08    27.5835    91    90     7.5502
   92  2.4929e+08    27.6211    92    91     7.6296
   93  2.0828e+08    28.4878    93    92     7.7091
   94  2.0821e+08    28.4894    94    93     7.7885
   95  2.0817e+08    28.4902    95    94     7.8680
   96  2.0768e+08    28.5018    96    95     7.9475
   97  2.0607e+08    28.5398    97    96     8.0269
   98  2.0576e+08    28.5470    98    97     8.1064
   99  2.0558e+08    28.5513    99    98     8.1858
  100  1.9564e+08    28.7938   100    99     8.2653
