#indx Mass S step-number desc_indx 
    0  3.1600e+11     5.9621     0    -1     0.0134
    1  2.8960e+11     6.1029     1     0     0.1326
    2  2.8795e+11     6.1122     2     1     0.2441
    3  1.1999e+11     7.6634     3     2     0.3500
    4  1.1217e+11     7.7937     4     3     0.4519
    5  8.9305e+10     8.2459     5     4     0.5506
    6  8.8482e+10     8.2646     6     5     0.6467
    7  8.7686e+10     8.2829     7     6     0.7407
    8  8.6812e+10     8.3033     8     7     0.8330
    9  8.6601e+10     8.3082     9     8     0.9238
   10  8.2691e+10     8.4026    10     9     1.0134
   11  7.9490e+10     8.4840    11    10     1.1018
   12  7.6987e+10     8.5503    12    11     1.1894
   13  6.8012e+10     8.8106    13    12     1.2761
   14  6.7463e+10     8.8278    14    13     1.3621
   15  6.5918e+10     8.8772    15    14     1.4474
   16  6.5575e+10     8.8884    16    15     1.5322
   17  6.5164e+10     8.9018    17    16     1.6165
   18  6.4895e+10     8.9106    18    17     1.7003
   19  6.3951e+10     8.9420    19    18     1.7838
   20  4.8425e+10     9.5534    20    19     1.8669
   21  4.8373e+10     9.5558    21    20     1.9496
   22  4.8022e+10     9.5722    22    21     2.0321
   23  4.6865e+10     9.6273    23    22     2.1143
   24  4.6415e+10     9.6492    24    23     2.1963
   25  4.4620e+10     9.7389    25    24     2.2781
   26  4.4411e+10     9.7497    26    25     2.3597
   27  4.4105e+10     9.7654    27    26     2.4411
   28  4.3816e+10     9.7805    28    27     2.5223
   29  4.1170e+10     9.9239    29    28     2.6034
   30  3.8939e+10    10.0533    30    29     2.6844
   31  3.5977e+10    10.2393    31    30     2.7652
   32  3.2877e+10    10.4541    32    31     2.8459
   33  3.2553e+10    10.4779    33    32     2.9266
   34  3.1435e+10    10.5623    34    33     3.0071
   35  2.9185e+10    10.7431    35    34     3.0876
   36  2.8673e+10    10.7865    36    35     3.1680
   37  2.8611e+10    10.7918    37    36     3.2483
   38  2.8407e+10    10.8094    38    37     3.3285
   39  2.6743e+10    10.9586    39    38     3.4087
   40  2.6528e+10    10.9787    40    39     3.4889
   41  2.3611e+10    11.2712    41    40     3.5689
   42  2.3433e+10    11.2904    42    41     3.6490
   43  2.3313e+10    11.3035    43    42     3.7290
   44  2.3172e+10    11.3189    44    43     3.8089
   45  1.6229e+10    12.2508    45    44     3.8889
   46  1.5097e+10    12.4464    46    45     3.9688
   47  1.4869e+10    12.4879    47    46     4.0486
   48  1.4669e+10    12.5250    48    47     4.1285
   49  1.4617e+10    12.5346    49    48     4.2083
   50  1.4336e+10    12.5877    50    49     4.2881
   51  1.4312e+10    12.5924    51    50     4.3678
   52  1.2136e+10    13.0510    52    51     4.4476
   53  1.1957e+10    13.0929    53    52     4.5273
   54  1.1896e+10    13.1072    54    53     4.6070
   55  1.1794e+10    13.1315    55    54     4.6867
   56  1.1764e+10    13.1387    56    55     4.7664
   57  1.1129e+10    13.2966    57    56     4.8460
   58  1.0975e+10    13.3362    58    57     4.9257
   59  1.0960e+10    13.3403    59    58     5.0053
   60  1.0781e+10    13.3872    60    59     5.0849
   61  1.0642e+10    13.4244    61    60     5.1646
   62  1.0477e+10    13.4695    62    61     5.2442
   63  1.0047e+10    13.5905    63    62     5.3238
   64  9.4864e+09    13.7577    64    63     5.4033
   65  9.4150e+09    13.7798    65    64     5.4829
   66  9.3212e+09    13.8092    66    65     5.5625
   67  9.2384e+09    13.8353    67    66     5.6421
   68  9.0759e+09    13.8875    68    67     5.7216
   69  8.8411e+09    13.9648    69    68     5.8012
   70  8.8071e+09    13.9762    70    69     5.8807
   71  8.6979e+09    14.0131    71    70     5.9602
   72  8.3203e+09    14.1450    72    71     6.0398
   73  7.9612e+09    14.2771    73    72     6.1193
   74  7.2338e+09    14.5668    74    73     6.1988
   75  7.0304e+09    14.6538    75    74     6.2783
   76  6.6110e+09    14.8428    76    75     6.3579
   77  1.8686e+09    19.1194    77    76     6.4374
   78  1.8615e+09    19.1334    78    77     6.5169
   79  1.7577e+09    19.3462    79    78     6.5964
   80  1.7125e+09    19.4434    80    79     6.6759
   81  1.7074e+09    19.4546    81    80     6.7554
   82  1.6949e+09    19.4820    82    81     6.8349
   83  1.6865e+09    19.5007    83    82     6.9143
   84  1.6758e+09    19.5245    84    83     6.9938
   85  1.6710e+09    19.5353    85    84     7.0733
   86  1.6041e+09    19.6887    86    85     7.1528
   87  1.5977e+09    19.7038    87    86     7.2323
   88  1.5952e+09    19.7098    88    87     7.3117
   89  1.4992e+09    19.9450    89    88     7.3912
   90  1.4927e+09    19.9614    90    89     7.4707
   91  1.4840e+09    19.9837    91    90     7.5502
   92  1.4805e+09    19.9926    92    91     7.6296
   93  1.4427e+09    20.0914    93    92     7.7091
   94  1.2571e+09    20.6228    94    93     7.7885
   95  1.2563e+09    20.6254    95    94     7.8680
   96  1.2219e+09    20.7337    96    95     7.9475
   97  1.1714e+09    20.8992    97    96     8.0269
   98  1.1684e+09    20.9090    98    97     8.1064
   99  1.1643e+09    20.9230    99    98     8.1858
  100  1.0208e+09    21.4450   100    99     8.2653
