#indx Mass S step-number desc_indx 
    0  3.1600e+11     5.9621     0    -1     0.0134
    1  3.1198e+11     5.9826     1     0     0.1326
    2  2.8627e+11     6.1218     2     1     0.2441
    3  2.7963e+11     6.1601     3     2     0.3500
    4  2.7671e+11     6.1773     4     3     0.4519
    5  2.6746e+11     6.2333     5     4     0.5506
    6  2.6303e+11     6.2610     6     5     0.6467
    7  2.3216e+11     6.4705     7     6     0.7407
    8  1.7217e+11     6.9927     8     7     0.8330
    9  1.6097e+11     7.1143     9     8     0.9238
   10  1.5025e+11     7.2405    10     9     1.0134
   11  8.4414e+10     8.3604    11    10     1.1018
   12  8.4289e+10     8.3635    12    11     1.1894
   13  6.4367e+10     8.9282    13    12     1.2761
   14  6.4040e+10     8.9391    14    13     1.3621
   15  6.3589e+10     8.9543    15    14     1.4474
   16  4.9039e+10     9.5251    16    15     1.5322
   17  4.6904e+10     9.6254    17    16     1.6165
   18  2.6679e+10    10.9646    18    17     1.7003
   19  2.5825e+10    11.0457    19    18     1.7838
   20  2.5816e+10    11.0465    20    19     1.8669
   21  2.5447e+10    11.0825    21    20     1.9496
   22  2.5287e+10    11.0983    22    21     2.0321
   23  2.5181e+10    11.1089    23    22     2.1143
   24  2.4320e+10    11.1963    24    23     2.1963
   25  2.4260e+10    11.2026    25    24     2.2781
   26  2.4244e+10    11.2042    26    25     2.3597
   27  2.3991e+10    11.2308    27    26     2.4411
   28  2.3964e+10    11.2337    28    27     2.5223
   29  2.3098e+10    11.3270    29    28     2.6034
   30  2.2936e+10    11.3449    30    29     2.6844
   31  2.2871e+10    11.3522    31    30     2.7652
   32  2.1791e+10    11.4759    32    31     2.8459
   33  2.1347e+10    11.5289    33    32     2.9266
   34  2.1342e+10    11.5295    34    33     3.0071
   35  2.0784e+10    11.5978    35    34     3.0876
   36  2.0596e+10    11.6214    36    35     3.1680
   37  2.0587e+10    11.6225    37    36     3.2483
   38  2.0315e+10    11.6570    38    37     3.3285
   39  1.9559e+10    11.7558    39    38     3.4087
   40  1.8498e+10    11.9022    40    39     3.4889
   41  1.7699e+10    12.0190    41    40     3.5689
   42  1.6235e+10    12.2498    42    41     3.6490
   43  1.5626e+10    12.3530    43    42     3.7290
   44  1.5524e+10    12.3708    44    43     3.8089
   45  1.5477e+10    12.3790    45    44     3.8889
   46  1.5117e+10    12.4428    46    45     3.9688
   47  1.5062e+10    12.4528    47    46     4.0486
   48  1.4975e+10    12.4685    48    47     4.1285
   49  1.4953e+10    12.4726    49    48     4.2083
   50  1.4871e+10    12.4876    50    49     4.2881
   51  1.4843e+10    12.4927    51    50     4.3678
   52  1.4766e+10    12.5069    52    51     4.4476
   53  1.4725e+10    12.5145    53    52     4.5273
   54  1.4581e+10    12.5414    54    53     4.6070
   55  1.4226e+10    12.6090    55    54     4.6867
   56  1.4223e+10    12.6095    56    55     4.7664
   57  1.4204e+10    12.6132    57    56     4.8460
   58  1.3823e+10    12.6880    58    57     4.9257
   59  1.3792e+10    12.6943    59    58     5.0053
   60  1.3785e+10    12.6957    60    59     5.0849
   61  1.3764e+10    12.7000    61    60     5.1646
   62  1.3147e+10    12.8269    62    61     5.2442
   63  1.1612e+10    13.1757    63    62     5.3238
   64  1.1221e+10    13.2729    64    63     5.4033
   65  1.1074e+10    13.3105    65    64     5.4829
   66  1.1071e+10    13.3114    66    65     5.5625
   67  1.0965e+10    13.3388    67    66     5.6421
   68  1.0825e+10    13.3755    68    67     5.7216
   69  1.0741e+10    13.3981    69    68     5.8012
   70  1.0479e+10    13.4691    70    69     5.8807
   71  9.9917e+09    13.6066    71    70     5.9602
   72  9.9079e+09    13.6310    72    71     6.0398
   73  9.2275e+09    13.8388    73    72     6.1193
   74  8.1307e+09    14.2139    74    73     6.1988
   75  8.0624e+09    14.2392    75    74     6.2783
   76  6.6639e+09    14.8182    76    75     6.3579
   77  6.6204e+09    14.8384    77    76     6.4374
   78  6.5966e+09    14.8495    78    77     6.5169
   79  6.0448e+09    15.1210    79    78     6.5964
   80  5.9188e+09    15.1869    80    79     6.6759
   81  5.4778e+09    15.4313    81    80     6.7554
   82  5.4654e+09    15.4385    82    81     6.8349
   83  5.3861e+09    15.4849    83    82     6.9143
   84  5.2954e+09    15.5390    84    83     6.9938
   85  5.2642e+09    15.5578    85    84     7.0733
   86  5.2224e+09    15.5833    86    85     7.1528
   87  4.9399e+09    15.7617    87    86     7.2323
   88  4.8912e+09    15.7936    88    87     7.3117
   89  4.8787e+09    15.8018    89    88     7.3912
   90  4.8685e+09    15.8086    90    89     7.4707
   91  4.8593e+09    15.8147    91    90     7.5502
   92  1.4330e+09    20.1171    92    91     7.6296
   93  1.4195e+09    20.1534    93    92     7.7091
   94  1.4166e+09    20.1613    94    93     7.7885
   95  1.4027e+09    20.1992    95    94     7.8680
   96  1.4020e+09    20.2010    96    95     7.9475
   97  1.4001e+09    20.2063    97    96     8.0269
   98  1.3898e+09    20.2347    98    97     8.1064
   99  1.3774e+09    20.2690    99    98     8.1858
  100  1.3634e+09    20.3085   100    99     8.2653
