#indx Mass S step-number desc_indx 
    0  3.1600e+11     5.9621     0    -1     0.0134
    1  9.1453e+10     8.1978     1     0     0.1326
    2  8.9705e+10     8.2368     2     1     0.2441
    3  8.9657e+10     8.2379     3     2     0.3500
    4  8.9446e+10     8.2426     4     3     0.4519
    5  8.7272e+10     8.2926     5     4     0.5506
    6  8.6797e+10     8.3036     6     5     0.6467
    7  8.6693e+10     8.3061     7     6     0.7407
    8  8.5720e+10     8.3291     8     7     0.8330
    9  8.0122e+10     8.4676     9     8     0.9238
   10  5.8303e+10     9.1421    10     9     1.0134
   11  5.8123e+10     9.1489    11    10     1.1018
   12  5.7880e+10     9.1580    12    11     1.1894
   13  5.6569e+10     9.2081    13    12     1.2761
   14  5.5240e+10     9.2603    14    13     1.3621
   15  5.5037e+10     9.2685    15    14     1.4474
   16  5.1824e+10     9.4016    16    15     1.5322
   17  4.7706e+10     9.5872    17    16     1.6165
   18  4.7496e+10     9.5971    18    17     1.7003
   19  4.6486e+10     9.6457    19    18     1.7838
   20  4.6191e+10     9.6602    20    19     1.8669
   21  4.6082e+10     9.6656    21    20     1.9496
   22  4.5631e+10     9.6879    22    21     2.0321
   23  4.5567e+10     9.6910    23    22     2.1143
   24  4.4870e+10     9.7262    24    23     2.1963
   25  4.3745e+10     9.7842    25    24     2.2781
   26  4.2160e+10     9.8690    26    25     2.3597
   27  4.1871e+10     9.8848    27    26     2.4411
   28  3.8179e+10    10.0994    28    27     2.5223
   29  3.7308e+10    10.1536    29    28     2.6034
   30  3.6984e+10    10.1741    30    29     2.6844
   31  3.6726e+10    10.1906    31    30     2.7652
   32  3.6652e+10    10.1954    32    31     2.8459
   33  3.3812e+10    10.3869    33    32     2.9266
   34  3.2596e+10    10.4748    34    33     3.0071
   35  3.2467e+10    10.4843    35    34     3.0876
   36  3.1570e+10    10.5519    36    35     3.1680
   37  3.1067e+10    10.5907    37    36     3.2483
   38  3.0713e+10    10.6185    38    37     3.3285
   39  2.2010e+10    11.4502    39    38     3.4087
   40  2.1720e+10    11.4843    40    39     3.4889
   41  2.1461e+10    11.5151    41    40     3.5689
   42  2.1420e+10    11.5201    42    41     3.6490
   43  2.0455e+10    11.6392    43    42     3.7290
   44  2.0283e+10    11.6611    44    43     3.8089
   45  2.0065e+10    11.6893    45    44     3.8889
   46  1.5857e+10    12.3134    46    45     3.9688
   47  1.4972e+10    12.4690    47    46     4.0486
   48  1.4647e+10    12.5290    48    47     4.1285
   49  1.4518e+10    12.5531    49    48     4.2083
   50  1.4483e+10    12.5598    50    49     4.2881
   51  1.2219e+10    13.0318    51    50     4.3678
   52  1.2165e+10    13.0442    52    51     4.4476
   53  1.2083e+10    13.0633    53    52     4.5273
   54  1.1921e+10    13.1014    54    53     4.6070
   55  1.1692e+10    13.1562    55    54     4.6867
   56  1.0083e+10    13.5802    56    55     4.7664
   57  1.0073e+10    13.5831    57    56     4.8460
   58  8.3264e+09    14.1429    58    57     4.9257
   59  8.2941e+09    14.1544    59    58     5.0053
   60  7.6213e+09    14.4085    60    59     5.0849
   61  7.0285e+09    14.6546    61    60     5.1646
   62  5.5194e+09    15.4072    62    61     5.2442
   63  5.5129e+09    15.4110    63    62     5.3238
   64  5.4776e+09    15.4314    64    63     5.4033
   65  5.4513e+09    15.4466    65    64     5.4829
   66  5.0652e+09    15.6811    66    65     5.5625
   67  4.7358e+09    15.8980    67    66     5.6421
   68  4.6111e+09    15.9846    68    67     5.7216
   69  4.5378e+09    16.0368    69    68     5.8012
   70  4.2336e+09    16.2642    70    69     5.8807
   71  4.1957e+09    16.2938    71    70     5.9602
   72  4.0056e+09    16.4472    72    71     6.0398
   73  3.9695e+09    16.4773    73    72     6.1193
   74  3.8730e+09    16.5593    74    73     6.1988
   75  3.8657e+09    16.5656    75    74     6.2783
   76  3.7191e+09    16.6949    76    75     6.3579
   77  2.6530e+09    17.8558    77    76     6.4374
   78  2.5920e+09    17.9378    78    77     6.5169
   79  2.5100e+09    18.0514    79    78     6.5964
   80  2.0479e+09    18.7831    80    79     6.6759
   81  2.0422e+09    18.7933    81    80     6.7554
   82  2.0098e+09    18.8518    82    81     6.8349
   83  2.0041e+09    18.8621    83    82     6.9143
   84  1.9993e+09    18.8708    84    83     6.9938
   85  1.6613e+09    19.5571    85    84     7.0733
   86  1.6566e+09    19.5676    86    85     7.1528
   87  1.6472e+09    19.5890    87    86     7.2323
   88  1.4199e+09    20.1525    88    87     7.3117
   89  4.7199e+08    24.6901    89    88     7.3912
   90  4.3609e+08    25.0411    90    89     7.4707
   91  4.3412e+08    25.0613    91    90     7.5502
   92  3.9076e+08    25.5338    92    91     7.6296
   93  3.2246e+08    26.4122    93    92     7.7091
   94  3.2231e+08    26.4143    94    93     7.7885
   95  3.1903e+08    26.4616    95    94     7.8680
   96  3.1748e+08    26.4842    96    95     7.9475
   97  3.1588e+08    26.5077    97    96     8.0269
   98  3.1383e+08    26.5378    98    97     8.1064
   99  3.1324e+08    26.5465    99    98     8.1858
  100  3.1224e+08    26.5614   100    99     8.2653
