#indx Mass S step-number desc_indx 
    0  3.1600e+11     5.9621     0    -1     0.0134
    1  3.1466e+11     5.9690     1     0     0.1326
    2  3.1245e+11     5.9802     2     1     0.2441
    3  3.1130e+11     5.9862     3     2     0.3500
    4  3.0910e+11     5.9976     4     3     0.4519
    5  2.7315e+11     6.1986     5     4     0.5506
    6  2.3127e+11     6.4770     6     5     0.6467
    7  2.2835e+11     6.4986     7     6     0.7407
    8  2.2510e+11     6.5230     8     7     0.8330
    9  2.2382e+11     6.5328     9     8     0.9238
   10  2.2097e+11     6.5548    10     9     1.0134
   11  2.1901e+11     6.5700    11    10     1.1018
   12  2.1697e+11     6.5861    12    11     1.1894
   13  1.9926e+11     6.7337    13    12     1.2761
   14  1.9653e+11     6.7579    14    13     1.3621
   15  1.9044e+11     6.8133    15    14     1.4474
   16  1.8972e+11     6.8199    16    15     1.5322
   17  1.8521e+11     6.8624    17    16     1.6165
   18  1.8411e+11     6.8730    18    17     1.7003
   19  1.8251e+11     6.8885    19    18     1.7838
   20  9.9711e+10     8.0249    20    19     1.8669
   21  9.7105e+10     8.0776    21    20     1.9496
   22  9.3975e+10     8.1431    22    21     2.0321
   23  9.1681e+10     8.1928    23    22     2.1143
   24  8.9412e+10     8.2434    24    23     2.1963
   25  8.4505e+10     8.3582    25    24     2.2781
   26  8.3625e+10     8.3796    26    25     2.3597
   27  8.2515e+10     8.4070    27    26     2.4411
   28  8.0760e+10     8.4512    28    27     2.5223
   29  7.7447e+10     8.5379    29    28     2.6034
   30  7.7412e+10     8.5388    30    29     2.6844
   31  6.2630e+10     8.9869    31    30     2.7652
   32  6.2604e+10     8.9878    32    31     2.8459
   33  5.9891e+10     9.0836    33    32     2.9266
   34  5.9744e+10     9.0890    34    33     3.0071
   35  5.9689e+10     9.0910    35    34     3.0876
   36  5.8093e+10     9.1500    36    35     3.1680
   37  5.7296e+10     9.1802    37    36     3.2483
   38  5.7182e+10     9.1845    38    37     3.3285
   39  5.6699e+10     9.2031    39    38     3.4087
   40  4.9583e+10     9.5003    40    39     3.4889
   41  4.7612e+10     9.5916    41    40     3.5689
   42  4.7579e+10     9.5931    42    41     3.6490
   43  4.5717e+10     9.6836    43    42     3.7290
   44  4.4745e+10     9.7325    44    43     3.8089
   45  4.4193e+10     9.7609    45    44     3.8889
   46  3.9262e+10    10.0340    46    45     3.9688
   47  3.8296e+10    10.0923    47    46     4.0486
   48  3.7994e+10    10.1108    48    47     4.1285
   49  3.7527e+10    10.1398    49    48     4.2083
   50  3.1020e+10    10.5944    50    49     4.2881
   51  3.0970e+10    10.5984    51    50     4.3678
   52  3.0687e+10    10.6206    52    51     4.4476
   53  3.0566e+10    10.6302    53    52     4.5273
   54  3.0433e+10    10.6409    54    53     4.6070
   55  2.9968e+10    10.6783    55    54     4.6867
   56  2.9725e+10    10.6982    56    55     4.7664
   57  2.9377e+10    10.7270    57    56     4.8460
   58  2.6743e+10    10.9586    58    57     4.9257
   59  2.5423e+10    11.0849    59    58     5.0053
   60  2.5245e+10    11.1025    60    59     5.0849
   61  2.4584e+10    11.1692    61    60     5.1646
   62  2.4444e+10    11.1835    62    61     5.2442
   63  2.3324e+10    11.3023    63    62     5.3238
   64  2.2960e+10    11.3423    64    63     5.4033
   65  2.2710e+10    11.3702    65    64     5.4829
   66  2.2346e+10    11.4114    66    65     5.5625
   67  2.1778e+10    11.4774    67    66     5.6421
   68  2.1773e+10    11.4781    68    67     5.7216
   69  2.1006e+10    11.5704    69    68     5.8012
   70  2.0928e+10    11.5800    70    69     5.8807
   71  2.0603e+10    11.6205    71    70     5.9602
   72  1.8383e+10    11.9187    72    71     6.0398
   73  1.6966e+10    12.1316    73    72     6.1193
   74  1.6932e+10    12.1371    74    73     6.1988
   75  1.6909e+10    12.1407    75    74     6.2783
   76  1.6700e+10    12.1740    76    75     6.3579
   77  1.6216e+10    12.2530    77    76     6.4374
   78  1.5641e+10    12.3504    78    77     6.5169
   79  1.5534e+10    12.3690    79    78     6.5964
   80  1.5417e+10    12.3895    80    79     6.6759
   81  1.5210e+10    12.4261    81    80     6.7554
   82  1.5188e+10    12.4301    82    81     6.8349
   83  1.2056e+10    13.0695    83    82     6.9143
   84  1.1764e+10    13.1389    84    83     6.9938
   85  1.0876e+10    13.3621    85    84     7.0733
   86  1.0621e+10    13.4303    86    85     7.1528
   87  1.0562e+10    13.4462    87    86     7.2323
   88  7.9151e+09    14.2945    88    87     7.3117
   89  7.7123e+09    14.3726    89    88     7.3912
   90  7.5463e+09    14.4384    90    89     7.4707
   91  5.4162e+09    15.4671    91    90     7.5502
   92  5.3886e+09    15.4834    92    91     7.6296
   93  5.1390e+09    15.6347    93    92     7.7091
   94  5.1022e+09    15.6578    94    93     7.7885
   95  5.0934e+09    15.6633    95    94     7.8680
   96  4.9841e+09    15.7330    96    95     7.9475
   97  4.9826e+09    15.7340    97    96     8.0269
   98  4.9471e+09    15.7570    98    97     8.1064
   99  4.7109e+09    15.9151    99    98     8.1858
  100  4.6823e+09    15.9348   100    99     8.2653
