#indx Mass S step-number desc_indx 
    0  3.1600e+11     5.9621     0    -1     0.0134
    1  3.1187e+11     5.9832     1     0     0.1326
    2  3.1088e+11     5.9883     2     1     0.2441
    3  2.9512e+11     6.0722     3     2     0.3500
    4  2.9481e+11     6.0739     4     3     0.4519
    5  2.8315e+11     6.1396     5     4     0.5506
    6  2.0378e+11     6.6946     6     5     0.6467
    7  2.0052e+11     6.7227     7     6     0.7407
    8  2.0040e+11     6.7237     8     7     0.8330
    9  1.9669e+11     6.7565     9     8     0.9238
   10  1.9372e+11     6.7832    10     9     1.0134
   11  1.9243e+11     6.7949    11    10     1.1018
   12  1.9164e+11     6.8022    12    11     1.1894
   13  1.8433e+11     6.8709    13    12     1.2761
   14  1.8047e+11     6.9085    14    13     1.3621
   15  1.7956e+11     6.9175    15    14     1.4474
   16  1.7440e+11     6.9696    16    15     1.5322
   17  1.7410e+11     6.9727    17    16     1.6165
   18  1.5734e+11     7.1559    18    17     1.7003
   19  1.1369e+11     7.7676    19    18     1.7838
   20  1.1000e+11     7.8317    20    19     1.8669
   21  1.0427e+11     7.9365    21    20     1.9496
   22  1.0308e+11     7.9591    22    21     2.0321
   23  1.0038e+11     8.0117    23    22     2.1143
   24  1.0013e+11     8.0165    24    23     2.1963
   25  9.9539e+10     8.0283    25    24     2.2781
   26  9.3212e+10     8.1595    26    25     2.3597
   27  9.2736e+10     8.1698    27    26     2.4411
   28  9.0830e+10     8.2116    28    27     2.5223
   29  8.7732e+10     8.2819    29    28     2.6034
   30  6.4794e+10     8.9140    30    29     2.6844
   31  6.3814e+10     8.9466    31    30     2.7652
   32  5.5986e+10     9.2309    32    31     2.8459
   33  5.4805e+10     9.2778    33    32     2.9266
   34  4.9347e+10     9.5110    34    33     3.0071
   35  4.9152e+10     9.5199    35    34     3.0876
   36  4.8999e+10     9.5269    36    35     3.1680
   37  4.8955e+10     9.5290    37    36     3.2483
   38  4.8658e+10     9.5426    38    37     3.3285
   39  4.5717e+10     9.6836    39    38     3.4087
   40  3.7174e+10    10.1621    40    39     3.4889
   41  3.0027e+10    10.6735    41    40     3.5689
   42  2.9732e+10    10.6976    42    41     3.6490
   43  2.7845e+10    10.8586    43    42     3.7290
   44  2.6035e+10    11.0254    44    43     3.8089
   45  2.5033e+10    11.1237    45    44     3.8889
   46  2.4983e+10    11.1286    46    45     3.9688
   47  2.4949e+10    11.1321    47    46     4.0486
   48  2.1486e+10    11.5121    48    47     4.1285
   49  2.1031e+10    11.5673    49    48     4.2083
   50  2.0873e+10    11.5868    50    49     4.2881
   51  1.9992e+10    11.6987    51    50     4.3678
   52  1.9487e+10    11.7654    52    51     4.4476
   53  1.8168e+10    11.9498    53    52     4.5273
   54  1.7896e+10    11.9897    54    53     4.6070
   55  1.7139e+10    12.1046    55    54     4.6867
   56  1.7024e+10    12.1226    56    55     4.7664
   57  1.6726e+10    12.1698    57    56     4.8460
   58  1.6699e+10    12.1742    58    57     4.9257
   59  1.6697e+10    12.1743    59    58     5.0053
   60  1.1479e+10    13.2083    60    59     5.0849
   61  1.1468e+10    13.2111    61    60     5.1646
   62  1.0148e+10    13.5617    62    61     5.2442
   63  1.0019e+10    13.5986    63    62     5.3238
   64  9.0819e+09    13.8856    64    63     5.4033
   65  9.0434e+09    13.8981    65    64     5.4829
   66  9.0012e+09    13.9118    66    65     5.5625
   67  8.8749e+09    13.9535    67    66     5.6421
   68  8.1074e+09    14.2225    68    67     5.7216
   69  7.5989e+09    14.4174    69    68     5.8012
   70  7.5251e+09    14.4469    70    69     5.8807
   71  7.3482e+09    14.5191    71    70     5.9602
   72  7.3454e+09    14.5202    72    71     6.0398
   73  7.2605e+09    14.5556    73    72     6.1193
   74  6.9991e+09    14.6675    74    73     6.1988
   75  6.6860e+09    14.8080    75    74     6.2783
   76  6.6397e+09    14.8294    76    75     6.3579
   77  6.6233e+09    14.8370    77    76     6.4374
   78  6.4870e+09    14.9013    78    77     6.5169
   79  6.4429e+09    14.9224    79    78     6.5964
   80  6.4050e+09    14.9407    80    79     6.6759
   81  6.3897e+09    14.9481    81    80     6.7554
   82  6.3370e+09    14.9738    82    81     6.8349
   83  5.9683e+09    15.1608    83    82     6.9143
   84  5.9067e+09    15.1934    84    83     6.9938
   85  5.8744e+09    15.2106    85    84     7.0733
   86  5.1639e+09    15.6193    86    85     7.1528
   87  5.0594e+09    15.6848    87    86     7.2323
   88  4.7673e+09    15.8765    88    87     7.3117
   89  4.5401e+09    16.0352    89    88     7.3912
   90  4.5332e+09    16.0401    90    89     7.4707
   91  4.5040e+09    16.0612    91    90     7.5502
   92  4.4885e+09    16.0725    92    91     7.6296
   93  4.4204e+09    16.1225    93    92     7.7091
   94  4.4142e+09    16.1270    94    93     7.7885
   95  4.4009e+09    16.1369    95    94     7.8680
   96  4.3899e+09    16.1451    96    95     7.9475
   97  4.2594e+09    16.2442    97    96     8.0269
   98  4.2526e+09    16.2495    98    97     8.1064
   99  4.1923e+09    16.2966    99    98     8.1858
  100  4.1662e+09    16.3172   100    99     8.2653
