#indx Mass S step-number desc_indx 
    0  3.1600e+11     5.9621     0    -1     0.0134
    1  3.1335e+11     5.9756     1     0     0.1326
    2  2.6887e+11     6.2247     2     1     0.2441
    3  2.1480e+11     6.6034     3     2     0.3500
    4  2.0224e+11     6.7079     4     3     0.4519
    5  1.8797e+11     6.8363     5     4     0.5506
    6  1.8519e+11     6.8626     6     5     0.6467
    7  1.7324e+11     6.9816     7     6     0.7407
    8  1.7245e+11     6.9897     8     7     0.8330
    9  1.7135e+11     7.0013     9     8     0.9238
   10  1.7077e+11     7.0074    10     9     1.0134
   11  1.6777e+11     7.0393    11    10     1.1018
   12  1.2948e+11     7.5183    12    11     1.1894
   13  1.2048e+11     7.6557    13    12     1.2761
   14  1.1621e+11     7.7251    14    13     1.3621
   15  1.1558e+11     7.7356    15    14     1.4474
   16  1.1477e+11     7.7493    16    15     1.5322
   17  1.1260e+11     7.7862    17    16     1.6165
   18  8.7494e+10     8.2874    18    17     1.7003
   19  5.9802e+10     9.0869    19    18     1.7838
   20  5.8815e+10     9.1230    20    19     1.8669
   21  5.7864e+10     9.1586    21    20     1.9496
   22  5.7778e+10     9.1618    22    21     2.0321
   23  5.4031e+10     9.3091    23    22     2.1143
   24  3.7868e+10    10.1186    24    23     2.1963
   25  3.7493e+10    10.1420    25    24     2.2781
   26  3.6825e+10    10.1843    26    25     2.3597
   27  3.6085e+10    10.2322    27    26     2.4411
   28  3.0806e+10    10.6113    28    27     2.5223
   29  3.0434e+10    10.6407    29    28     2.6034
   30  2.9641e+10    10.7051    30    29     2.6844
   31  2.9247e+10    10.7379    31    30     2.7652
   32  2.8847e+10    10.7716    32    31     2.8459
   33  2.8560e+10    10.7961    33    32     2.9266
   34  2.8518e+10    10.7997    34    33     3.0071
   35  2.8162e+10    10.8307    35    34     3.0876
   36  2.4993e+10    11.1276    36    35     3.1680
   37  2.4909e+10    11.1361    37    36     3.2483
   38  2.4471e+10    11.1808    38    37     3.3285
   39  2.4106e+10    11.2187    39    38     3.4087
   40  2.3395e+10    11.2946    40    39     3.4889
   41  2.2428e+10    11.4020    41    40     3.5689
   42  2.2344e+10    11.4116    42    41     3.6490
   43  2.2005e+10    11.4508    43    42     3.7290
   44  2.1568e+10    11.5023    44    43     3.8089
   45  2.1561e+10    11.5032    45    44     3.8889
   46  2.1198e+10    11.5468    46    45     3.9688
   47  2.0885e+10    11.5853    47    46     4.0486
   48  1.9165e+10    11.8091    48    47     4.1285
   49  1.8791e+10    11.8608    49    48     4.2083
   50  1.4744e+10    12.5110    50    49     4.2881
   51  1.4725e+10    12.5144    51    50     4.3678
   52  1.4379e+10    12.5797    52    51     4.4476
   53  1.3959e+10    12.6610    53    52     4.5273
   54  1.3829e+10    12.6869    54    53     4.6070
   55  1.3822e+10    12.6883    55    54     4.6867
   56  1.3319e+10    12.7909    56    55     4.7664
   57  1.2899e+10    12.8800    57    56     4.8460
   58  7.6991e+09    14.3778    58    57     4.9257
   59  7.3168e+09    14.5321    59    58     5.0053
   60  4.6057e+09    15.9884    60    59     5.0849
   61  4.4585e+09    16.0944    61    60     5.1646
   62  4.4008e+09    16.1370    62    61     5.2442
   63  4.2206e+09    16.2744    63    62     5.3238
   64  4.2025e+09    16.2885    64    63     5.4033
   65  4.1948e+09    16.2946    65    64     5.4829
   66  4.1699e+09    16.3143    66    65     5.5625
   67  4.1528e+09    16.3278    67    66     5.6421
   68  3.8742e+09    16.5583    68    67     5.7216
   69  3.8733e+09    16.5590    69    68     5.8012
   70  2.7337e+09    17.7505    70    69     5.8807
   71  2.7097e+09    17.7815    71    70     5.9602
   72  2.5907e+09    17.9395    72    71     6.0398
   73  2.5656e+09    17.9740    73    72     6.1193
   74  2.5648e+09    17.9751    74    73     6.1988
   75  2.5416e+09    18.0071    75    74     6.2783
   76  2.4563e+09    18.1283    76    75     6.3579
   77  2.2112e+09    18.5048    77    76     6.4374
   78  1.9105e+09    19.0376    78    77     6.5169
   79  1.6561e+09    19.5689    79    78     6.5964
   80  1.6536e+09    19.5745    80    79     6.6759
   81  1.6426e+09    19.5995    81    80     6.7554
   82  1.6346e+09    19.6179    82    81     6.8349
   83  1.6273e+09    19.6347    83    82     6.9143
   84  1.6232e+09    19.6442    84    83     6.9938
   85  1.5973e+09    19.7048    85    84     7.0733
   86  1.5197e+09    19.8932    86    85     7.1528
   87  1.4927e+09    19.9615    87    86     7.2323
   88  1.4903e+09    19.9675    88    87     7.3117
   89  1.4859e+09    19.9789    89    88     7.3912
   90  1.4847e+09    19.9818    90    89     7.4707
   91  1.4823e+09    19.9880    91    90     7.5502
   92  1.4058e+09    20.1906    92    91     7.6296
   93  1.4025e+09    20.1996    93    92     7.7091
   94  1.3873e+09    20.2415    94    93     7.7885
   95  1.3864e+09    20.2439    95    94     7.8680
   96  1.3804e+09    20.2607    96    95     7.9475
   97  1.3759e+09    20.2733    97    96     8.0269
   98  1.3366e+09    20.3849    98    97     8.1064
   99  1.3101e+09    20.4623    99    98     8.1858
  100  1.3041e+09    20.4802   100    99     8.2653
