#indx Mass S step-number desc_indx 
    0  3.1600e+11     5.9621     0    -1     0.0134
    1  2.9240e+11     6.0873     1     0     0.1326
    2  2.8827e+11     6.1104     2     1     0.2441
    3  2.7437e+11     6.1913     3     2     0.3500
    4  2.7393e+11     6.1939     4     3     0.4519
    5  2.6909e+11     6.2233     5     4     0.5506
    6  2.6206e+11     6.2671     6     5     0.6467
    7  1.9598e+11     6.7628     7     6     0.7407
    8  1.7266e+11     6.9876     8     7     0.8330
    9  1.6988e+11     7.0168     9     8     0.9238
   10  1.4391e+11     7.3202    10     9     1.0134
   11  1.4239e+11     7.3400    11    10     1.1018
   12  1.4198e+11     7.3454    12    11     1.1894
   13  1.4176e+11     7.3482    13    12     1.2761
   14  1.3348e+11     7.4609    14    13     1.3621
   15  1.0642e+11     7.8964    15    14     1.4474
   16  1.0400e+11     7.9417    16    15     1.5322
   17  1.0353e+11     7.9506    17    16     1.6165
   18  1.0234e+11     7.9734    18    17     1.7003
   19  1.0122e+11     7.9951    19    18     1.7838
   20  9.1590e+10     8.1948    20    19     1.8669
   21  8.7939e+10     8.2771    21    20     1.9496
   22  8.6880e+10     8.3017    22    21     2.0321
   23  8.6211e+10     8.3174    23    22     2.1143
   24  7.8042e+10     8.5220    24    23     2.1963
   25  6.7763e+10     8.8184    25    24     2.2781
   26  6.4783e+10     8.9143    26    25     2.3597
   27  6.3465e+10     8.9585    27    26     2.4411
   28  6.0879e+10     9.0482    28    27     2.5223
   29  5.9285e+10     9.1057    29    28     2.6034
   30  5.7536e+10     9.1710    30    29     2.6844
   31  5.7239e+10     9.1823    31    30     2.7652
   32  5.6891e+10     9.1957    32    31     2.8459
   33  5.6083e+10     9.2270    33    32     2.9266
   34  5.5623e+10     9.2451    34    33     3.0071
   35  5.5407e+10     9.2537    35    34     3.0876
   36  5.4230e+10     9.3010    36    35     3.1680
   37  5.0057e+10     9.4790    37    36     3.2483
   38  4.9704e+10     9.4949    38    37     3.3285
   39  4.8620e+10     9.5444    39    38     3.4087
   40  4.3802e+10     9.7812    40    39     3.4889
   41  3.4359e+10    10.3486    41    40     3.5689
   42  3.0405e+10    10.6431    42    41     3.6490
   43  3.0235e+10    10.6567    43    42     3.7290
   44  2.9381e+10    10.7267    44    43     3.8089
   45  2.8109e+10    10.8353    45    44     3.8889
   46  2.7767e+10    10.8656    46    45     3.9688
   47  2.7435e+10    10.8953    47    46     4.0486
   48  2.5460e+10    11.0812    48    47     4.1285
   49  2.3839e+10    11.2468    49    48     4.2083
   50  2.3490e+10    11.2843    50    49     4.2881
   51  2.3418e+10    11.2920    51    50     4.3678
   52  2.2361e+10    11.4097    52    51     4.4476
   53  2.2239e+10    11.4237    53    52     4.5273
   54  2.0568e+10    11.6250    54    53     4.6070
   55  2.0375e+10    11.6494    55    54     4.6867
   56  1.8967e+10    11.8363    56    55     4.7664
   57  1.8873e+10    11.8494    57    56     4.8460
   58  1.8261e+10    11.9362    58    57     4.9257
   59  1.8181e+10    11.9477    59    58     5.0053
   60  1.8110e+10    11.9581    60    59     5.0849
   61  1.7914e+10    11.9870    61    60     5.1646
   62  1.2556e+10    12.9553    62    61     5.2442
   63  1.2536e+10    12.9598    63    62     5.3238
   64  1.1537e+10    13.1940    64    63     5.4033
   65  1.0982e+10    13.3343    65    64     5.4829
   66  1.0876e+10    13.3622    66    65     5.5625
   67  1.0634e+10    13.4268    67    66     5.6421
   68  1.0620e+10    13.4304    68    67     5.7216
   69  1.0291e+10    13.5211    69    68     5.8012
   70  8.7014e+09    14.0119    70    69     5.8807
   71  8.6963e+09    14.0137    71    70     5.9602
   72  8.5528e+09    14.0630    72    71     6.0398
   73  8.5143e+09    14.0764    73    72     6.1193
   74  8.4970e+09    14.0825    74    73     6.1988
   75  8.4298e+09    14.1061    75    74     6.2783
   76  8.3261e+09    14.1430    76    75     6.3579
   77  7.9717e+09    14.2731    77    76     6.4374
   78  7.9703e+09    14.2736    78    77     6.5169
   79  7.7944e+09    14.3407    79    78     6.5964
   80  7.2396e+09    14.5643    80    79     6.6759
   81  7.1774e+09    14.5906    81    80     6.7554
   82  7.1459e+09    14.6040    82    81     6.8349
   83  6.9300e+09    14.6978    83    82     6.9143
   84  4.8642e+09    15.8115    84    83     6.9938
   85  4.8390e+09    15.8282    85    84     7.0733
   86  4.8196e+09    15.8412    86    85     7.1528
   87  4.8192e+09    15.8415    87    86     7.2323
   88  4.7748e+09    15.8714    88    87     7.3117
   89  4.7469e+09    15.8904    89    88     7.3912
   90  4.7249e+09    15.9055    90    89     7.4707
   91  1.4327e+09    20.1180    91    90     7.5502
   92  1.2637e+09    20.6025    92    91     7.6296
   93  1.2613e+09    20.6100    93    92     7.7091
   94  1.2609e+09    20.6112    94    93     7.7885
   95  1.2599e+09    20.6141    95    94     7.8680
   96  1.2549e+09    20.6296    96    95     7.9475
   97  1.2494e+09    20.6466    97    96     8.0269
   98  1.2274e+09    20.7162    98    97     8.1064
   99  1.1386e+09    21.0110    99    98     8.1858
  100  1.1051e+09    21.1290   100    99     8.2653
