#indx Mass S step-number desc_indx 
    0  3.1600e+11     5.9621     0    -1     0.0134
    1  3.0938e+11     5.9961     1     0     0.1326
    2  3.0867e+11     5.9997     2     1     0.2441
    3  3.0133e+11     6.0385     3     2     0.3500
    4  2.9564e+11     6.0694     4     3     0.4519
    5  2.9388e+11     6.0791     5     4     0.5506
    6  2.9296e+11     6.0842     6     5     0.6467
    7  2.8770e+11     6.1136     7     6     0.7407
    8  2.8642e+11     6.1209     8     7     0.8330
    9  2.7702e+11     6.1755     9     8     0.9238
   10  2.7022e+11     6.2164    10     9     1.0134
   11  2.6988e+11     6.2185    11    10     1.1018
   12  2.6959e+11     6.2203    12    11     1.1894
   13  1.6474e+11     7.0723    13    12     1.2761
   14  1.6179e+11     7.1050    14    13     1.3621
   15  1.6106e+11     7.1133    15    14     1.4474
   16  1.5599e+11     7.1717    16    15     1.5322
   17  1.5521e+11     7.1808    17    16     1.6165
   18  1.5456e+11     7.1885    18    17     1.7003
   19  1.4328e+11     7.3284    19    18     1.7838
   20  1.2149e+11     7.6396    20    19     1.8669
   21  4.4769e+10     9.7313    21    20     1.9496
   22  4.4000e+10     9.7709    22    21     2.0321
   23  3.6868e+10    10.1816    23    22     2.1143
   24  3.6792e+10    10.1864    24    23     2.1963
   25  3.5772e+10    10.2528    25    24     2.2781
   26  3.2943e+10    10.4493    26    25     2.3597
   27  3.2754e+10    10.4631    27    26     2.4411
   28  3.0906e+10    10.6033    28    27     2.5223
   29  3.0887e+10    10.6048    29    28     2.6034
   30  3.0688e+10    10.6205    30    29     2.6844
   31  3.0404e+10    10.6432    31    30     2.7652
   32  3.0348e+10    10.6476    32    31     2.8459
   33  2.8426e+10    10.8077    33    32     2.9266
   34  2.7123e+10    10.9236    34    33     3.0071
   35  2.7029e+10    10.9322    35    34     3.0876
