#indx Mass S step-number desc_indx 
    0  3.1600e+11     5.9621     0    -1     0.0134
    1  3.1287e+11     5.9781     1     0     0.1326
    2  3.0929e+11     5.9966     2     1     0.2441
    3  3.0685e+11     6.0093     3     2     0.3500
    4  3.0543e+11     6.0167     4     3     0.4519
    5  3.0079e+11     6.0415     5     4     0.5506
    6  2.8887e+11     6.1070     6     5     0.6467
    7  2.8786e+11     6.1127     7     6     0.7407
    8  2.7816e+11     6.1688     8     7     0.8330
    9  2.5000e+11     6.3457     9     8     0.9238
   10  2.4781e+11     6.3603    10     9     1.0134
   11  2.3197e+11     6.4719    11    10     1.1018
   12  1.9588e+11     6.7637    12    11     1.1894
   13  1.9111e+11     6.8070    13    12     1.2761
   14  1.2595e+11     7.5709    14    13     1.3621
   15  1.2572e+11     7.5743    15    14     1.4474
   16  1.2243e+11     7.6250    16    15     1.5322
   17  5.1728e+10     9.4057    17    16     1.6165
   18  3.7258e+10    10.1568    18    17     1.7003
   19  3.5908e+10    10.2439    19    18     1.7838
   20  3.5752e+10    10.2541    20    19     1.8669
   21  3.3982e+10    10.3750    21    20     1.9496
   22  3.1059e+10    10.5914    22    21     2.0321
   23  3.0231e+10    10.6571    23    22     2.1143
   24  3.0203e+10    10.6593    24    23     2.1963
   25  3.0139e+10    10.6645    25    24     2.2781
   26  2.9361e+10    10.7284    26    25     2.3597
   27  2.9009e+10    10.7579    27    26     2.4411
   28  2.7813e+10    10.8615    28    27     2.5223
   29  2.7753e+10    10.8667    29    28     2.6034
   30  2.7477e+10    10.8915    30    29     2.6844
   31  2.3959e+10    11.2341    31    30     2.7652
   32  2.3662e+10    11.2658    32    31     2.8459
   33  1.4484e+10    12.5597    33    32     2.9266
   34  1.4446e+10    12.5668    34    33     3.0071
   35  1.3815e+10    12.6896    35    34     3.0876
   36  1.3557e+10    12.7417    36    35     3.1680
   37  1.2660e+10    12.9322    37    36     3.2483
   38  1.2229e+10    13.0294    38    37     3.3285
   39  1.2190e+10    13.0384    39    38     3.4087
   40  1.2043e+10    13.0727    40    39     3.4889
   41  1.2029e+10    13.0758    41    40     3.5689
   42  1.2026e+10    13.0767    42    41     3.6490
   43  1.1555e+10    13.1896    43    42     3.7290
   44  9.3870e+09    13.7886    44    43     3.8089
   45  8.4995e+09    14.0816    45    44     3.8889
   46  7.5713e+09    14.4284    46    45     3.9688
   47  7.0871e+09    14.6293    47    46     4.0486
   48  7.0681e+09    14.6375    48    47     4.1285
   49  6.0996e+09    15.0927    49    48     4.2083
   50  5.4531e+09    15.4456    50    49     4.2881
   51  5.2975e+09    15.5377    51    50     4.3678
   52  5.2870e+09    15.5440    52    51     4.4476
   53  2.6984e+09    17.7962    53    52     4.5273
   54  2.6883e+09    17.8093    54    53     4.6070
   55  2.6075e+09    17.9167    55    54     4.6867
   56  2.5915e+09    17.9384    56    55     4.7664
   57  2.4380e+09    18.1549    57    56     4.8460
   58  2.4214e+09    18.1793    58    57     4.9257
   59  2.3836e+09    18.2354    59    58     5.0053
   60  2.3554e+09    18.2779    60    59     5.0849
   61  2.3407e+09    18.3002    61    60     5.1646
   62  2.3318e+09    18.3139    62    61     5.2442
   63  2.1606e+09    18.5885    63    62     5.3238
   64  2.0809e+09    18.7250    64    63     5.4033
   65  2.0639e+09    18.7548    65    64     5.4829
   66  2.0370e+09    18.8026    66    65     5.5625
   67  1.9819e+09    18.9030    67    66     5.6421
   68  1.8790e+09    19.0989    68    67     5.7216
   69  1.8467e+09    19.1630    69    68     5.8012
   70  1.6285e+09    19.6319    70    69     5.8807
   71  1.5727e+09    19.7633    71    70     5.9602
   72  1.3890e+09    20.2368    72    71     6.0398
   73  1.3793e+09    20.2639    73    72     6.1193
   74  1.3634e+09    20.3084    74    73     6.1988
   75  1.2756e+09    20.5658    75    74     6.2783
   76  1.2635e+09    20.6031    76    75     6.3579
   77  1.2588e+09    20.6175    77    76     6.4374
   78  1.2347e+09    20.6927    78    77     6.5169
   79  1.2266e+09    20.7187    79    78     6.5964
   80  1.1963e+09    20.8166    80    79     6.6759
   81  1.1738e+09    20.8910    81    80     6.7554
   82  1.1683e+09    20.9096    82    81     6.8349
   83  1.0985e+09    21.1525    83    82     6.9143
   84  1.0939e+09    21.1693    84    83     6.9938
   85  1.0888e+09    21.1877    85    84     7.0733
   86  1.0801e+09    21.2198    86    85     7.1528
   87  1.0548e+09    21.3141    87    86     7.2323
   88  1.0529e+09    21.3212    88    87     7.3117
   89  8.9014e+08    21.9979    89    88     7.3912
   90  8.7866e+08    22.0509    90    89     7.4707
   91  8.7162e+08    22.0838    91    90     7.5502
   92  8.7087e+08    22.0873    92    91     7.6296
   93  8.5312e+08    22.1715    93    92     7.7091
   94  8.4389e+08    22.2161    94    93     7.7885
   95  8.3982e+08    22.2360    95    94     7.8680
   96  8.3943e+08    22.2379    96    95     7.9475
   97  8.3706e+08    22.2495    97    96     8.0269
   98  8.3622e+08    22.2536    98    97     8.1064
   99  7.8944e+08    22.4909    99    98     8.1858
  100  7.6248e+08    22.6350   100    99     8.2653
