#indx Mass S step-number desc_indx 
    0  3.1600e+11     5.9621     0    -1     0.0134
    1  3.0723e+11     6.0073     1     0     0.1326
    2  2.9514e+11     6.0721     2     1     0.2441
    3  2.5555e+11     6.3089     3     2     0.3500
    4  2.4469e+11     6.3817     4     3     0.4519
    5  2.4440e+11     6.3836     5     4     0.5506
    6  2.4080e+11     6.4087     6     5     0.6467
    7  2.4035e+11     6.4118     7     6     0.7407
    8  2.2851e+11     6.4974     8     7     0.8330
    9  2.2713e+11     6.5077     9     8     0.9238
   10  7.4455e+10     8.6199    10     9     1.0134
   11  7.0328e+10     8.7397    11    10     1.1018
   12  6.9599e+10     8.7618    12    11     1.1894
   13  6.8906e+10     8.7829    13    12     1.2761
   14  6.8098e+10     8.8079    14    13     1.3621
   15  5.1289e+10     9.4247    15    14     1.4474
   16  4.8677e+10     9.5418    16    15     1.5322
   17  4.8325e+10     9.5581    17    16     1.6165
   18  4.2834e+10     9.8325    18    17     1.7003
   19  4.1118e+10     9.9268    19    18     1.7838
   20  4.1079e+10     9.9289    20    19     1.8669
   21  4.1003e+10     9.9333    21    20     1.9496
   22  4.0640e+10     9.9539    22    21     2.0321
   23  4.0454e+10     9.9645    23    22     2.1143
   24  4.0257e+10     9.9758    24    23     2.1963
   25  3.8613e+10    10.0730    25    24     2.2781
   26  3.6448e+10    10.2086    26    25     2.3597
   27  3.6325e+10    10.2166    27    26     2.4411
   28  3.0887e+10    10.6049    28    27     2.5223
   29  3.0714e+10    10.6185    29    28     2.6034
   30  3.0693e+10    10.6202    30    29     2.6844
   31  2.9478e+10    10.7186    31    30     2.7652
   32  2.9413e+10    10.7240    32    31     2.8459
   33  2.9321e+10    10.7317    33    32     2.9266
   34  2.9081e+10    10.7518    34    33     3.0071
   35  2.8893e+10    10.7677    35    34     3.0876
   36  2.8664e+10    10.7872    36    35     3.1680
   37  1.2848e+10    12.8911    37    36     3.2483
   38  1.2672e+10    12.9296    38    37     3.3285
   39  1.1764e+10    13.1388    39    38     3.4087
   40  4.7493e+09    15.8888    40    39     3.4889
   41  4.7052e+09    15.9190    41    40     3.5689
   42  4.6105e+09    15.9850    42    41     3.6490
   43  4.3807e+09    16.1520    43    42     3.7290
   44  4.3738e+09    16.1571    44    43     3.8089
   45  4.3576e+09    16.1693    45    44     3.8889
   46  4.3483e+09    16.1764    46    45     3.9688
   47  4.3256e+09    16.1935    47    46     4.0486
   48  4.1329e+09    16.3436    48    47     4.1285
   49  4.1323e+09    16.3441    49    48     4.2083
   50  4.1045e+09    16.3665    50    49     4.2881
   51  4.0430e+09    16.4165    51    50     4.3678
   52  3.9495e+09    16.4941    52    51     4.4476
   53  3.7692e+09    16.6501    53    52     4.5273
   54  3.7200e+09    16.6942    54    53     4.6070
   55  3.5704e+09    16.8322    55    54     4.6867
   56  3.5509e+09    16.8508    56    55     4.7664
   57  3.4961e+09    16.9033    57    56     4.8460
   58  3.3742e+09    17.0238    58    57     4.9257
   59  3.3161e+09    17.0829    59    58     5.0053
   60  3.1335e+09    17.2768    60    59     5.0849
   61  3.0158e+09    17.4088    61    60     5.1646
   62  2.9888e+09    17.4399    62    61     5.2442
   63  2.1791e+09    18.5577    63    62     5.3238
   64  2.1668e+09    18.5782    64    63     5.4033
   65  2.1440e+09    18.6164    65    64     5.4829
   66  2.1412e+09    18.6212    66    65     5.5625
   67  2.1349e+09    18.6319    67    66     5.6421
   68  2.1125e+09    18.6702    68    67     5.7216
   69  2.1000e+09    18.6917    69    68     5.8012
   70  2.0803e+09    18.7260    70    69     5.8807
   71  2.0638e+09    18.7550    71    70     5.9602
   72  2.0095e+09    18.8522    72    71     6.0398
   73  1.9367e+09    18.9875    73    72     6.1193
   74  6.3578e+08    23.3990    74    73     6.1988
   75  6.2856e+08    23.4477    75    74     6.2783
   76  6.2707e+08    23.4578    76    75     6.3579
   77  6.1729e+08    23.5249    77    76     6.4374
   78  5.9516e+08    23.6811    78    77     6.5169
   79  5.8647e+08    23.7442    79    78     6.5964
   80  5.8612e+08    23.7468    80    79     6.6759
   81  4.5045e+08    24.8970    81    80     6.7554
   82  4.4710e+08    24.9301    82    81     6.8349
   83  4.3991e+08    25.0022    83    82     6.9143
   84  4.3015e+08    25.1023    84    83     6.9938
   85  4.2895e+08    25.1148    85    84     7.0733
   86  4.2812e+08    25.1235    86    85     7.1528
   87  4.2794e+08    25.1254    87    86     7.2323
   88  2.7650e+08    27.1300    88    87     7.3117
   89  2.6316e+08    27.3637    89    88     7.3912
   90  2.6241e+08    27.3773    90    89     7.4707
   91  2.6118e+08    27.3995    91    90     7.5502
   92  2.1032e+08    28.4402    92    91     7.6296
   93  2.1021e+08    28.4428    93    92     7.7091
   94  2.0150e+08    28.6492    94    93     7.7885
   95  1.8037e+08    29.1946    95    94     7.8680
   96  1.7893e+08    29.2344    96    95     7.9475
   97  1.7645e+08    29.3036    97    96     8.0269
   98  1.7542e+08    29.3326    98    97     8.1064
   99  1.6530e+08    29.6291    99    98     8.1858
  100  1.4230e+08    30.3856   100    99     8.2653
