#indx Mass S step-number desc_indx 
    0  3.1600e+11     5.9621     0    -1     0.0134
    1  3.1314e+11     5.9767     1     0     0.1326
    2  3.1139e+11     5.9857     2     1     0.2441
    3  3.0393e+11     6.0247     3     2     0.3500
    4  2.9434e+11     6.0765     4     3     0.4519
    5  2.9297e+11     6.0841     5     4     0.5506
    6  2.2460e+11     6.5268     6     5     0.6467
    7  2.2419e+11     6.5300     7     6     0.7407
    8  2.2187e+11     6.5478     8     7     0.8330
    9  2.2082e+11     6.5559     9     8     0.9238
   10  2.1615e+11     6.5926    10     9     1.0134
   11  2.1300e+11     6.6180    11    10     1.1018
   12  2.1260e+11     6.6212    12    11     1.1894
   13  2.1150e+11     6.6301    13    12     1.2761
   14  1.7751e+11     6.9380    14    13     1.3621
   15  1.7537e+11     6.9597    15    14     1.4474
   16  1.6521e+11     7.0671    16    15     1.5322
   17  1.6410e+11     7.0793    17    16     1.6165
   18  1.3466e+11     7.4444    18    17     1.7003
   19  1.2476e+11     7.5889    19    18     1.7838
   20  1.2394e+11     7.6016    20    19     1.8669
   21  1.2348e+11     7.6085    21    20     1.9496
   22  1.2279e+11     7.6192    22    21     2.0321
   23  1.2238e+11     7.6258    23    22     2.1143
   24  1.1512e+11     7.7434    24    23     2.1963
   25  1.0086e+11     8.0021    25    24     2.2781
   26  9.7068e+10     8.0784    26    25     2.3597
   27  8.3421e+10     8.3846    27    26     2.4411
   28  7.2899e+10     8.6642    28    27     2.5223
   29  7.2392e+10     8.6788    29    28     2.6034
   30  6.9096e+10     8.7771    30    29     2.6844
   31  6.2898e+10     8.9778    31    30     2.7652
   32  6.2817e+10     8.9805    32    31     2.8459
   33  6.2315e+10     8.9978    33    32     2.9266
   34  6.0062e+10     9.0774    34    33     3.0071
   35  5.7431e+10     9.1750    35    34     3.0876
   36  5.5523e+10     9.2491    36    35     3.1680
   37  5.5148e+10     9.2640    37    36     3.2483
   38  5.3923e+10     9.3136    38    37     3.3285
   39  5.3393e+10     9.3354    39    38     3.4087
   40  5.3225e+10     9.3424    40    39     3.4889
   41  4.3286e+10     9.8084    41    40     3.5689
   42  4.3110e+10     9.8177    42    41     3.6490
   43  4.2855e+10     9.8313    43    42     3.7290
   44  4.2697e+10     9.8399    44    43     3.8089
   45  4.2197e+10     9.8670    45    44     3.8889
   46  4.1203e+10     9.9220    46    45     3.9688
   47  3.9480e+10    10.0211    47    46     4.0486
   48  3.8228e+10    10.0965    48    47     4.1285
   49  3.7785e+10    10.1238    49    48     4.2083
   50  3.7166e+10    10.1626    50    49     4.2881
   51  3.6856e+10    10.1823    51    50     4.3678
   52  3.6555e+10    10.2017    52    51     4.4476
   53  2.8922e+10    10.7652    53    52     4.5273
   54  2.8124e+10    10.8340    54    53     4.6070
   55  2.7500e+10    10.8894    55    54     4.6867
   56  2.4160e+10    11.2131    56    55     4.7664
   57  2.3931e+10    11.2371    57    56     4.8460
   58  2.3299e+10    11.3050    58    57     4.9257
   59  2.3068e+10    11.3303    59    58     5.0053
   60  2.2996e+10    11.3383    60    59     5.0849
   61  2.2739e+10    11.3669    61    60     5.1646
   62  2.2312e+10    11.4154    62    61     5.2442
   63  1.9442e+10    11.7714    63    62     5.3238
   64  1.9354e+10    11.7833    64    63     5.4033
   65  1.8455e+10    11.9083    65    64     5.4829
   66  1.7856e+10    11.9956    66    65     5.5625
   67  1.6158e+10    12.2626    67    66     5.6421
   68  1.5938e+10    12.2995    68    67     5.7216
   69  1.5873e+10    12.3106    69    68     5.8012
   70  1.5125e+10    12.4413    70    69     5.8807
   71  1.4894e+10    12.4832    71    70     5.9602
   72  1.4883e+10    12.4854    72    71     6.0398
   73  1.4847e+10    12.4920    73    72     6.1193
   74  1.4781e+10    12.5041    74    73     6.1988
   75  1.4745e+10    12.5107    75    74     6.2783
   76  1.4742e+10    12.5114    76    75     6.3579
   77  1.4614e+10    12.5352    77    76     6.4374
   78  1.4518e+10    12.5533    78    77     6.5169
   79  1.4488e+10    12.5589    79    78     6.5964
   80  1.4392e+10    12.5771    80    79     6.6759
   81  1.4365e+10    12.5823    81    80     6.7554
   82  1.4343e+10    12.5865    82    81     6.8349
   83  1.4288e+10    12.5970    83    82     6.9143
   84  1.3315e+10    12.7917    84    83     6.9938
   85  1.2922e+10    12.8750    85    84     7.0733
   86  1.2907e+10    12.8784    86    85     7.1528
   87  1.2318e+10    13.0091    87    86     7.2323
   88  1.2084e+10    13.0631    88    87     7.3117
   89  1.2040e+10    13.0732    89    88     7.3912
   90  9.9259e+09    13.6258    90    89     7.4707
   91  9.2727e+09    13.8245    91    90     7.5502
   92  9.2085e+09    13.8449    92    91     7.6296
   93  8.6723e+09    14.0219    93    92     7.7091
   94  8.6044e+09    14.0452    94    93     7.7885
   95  8.5845e+09    14.0520    95    94     7.8680
   96  8.5458e+09    14.0655    96    95     7.9475
   97  8.4903e+09    14.0848    97    96     8.0269
   98  8.4784e+09    14.0890    98    97     8.1064
   99  8.4339e+09    14.1046    99    98     8.1858
  100  8.3888e+09    14.1206   100    99     8.2653
