#indx Mass S step-number desc_indx 
    0  3.1600e+11     5.9621     0    -1     0.0134
    1  3.1384e+11     5.9731     1     0     0.1326
    2  3.0684e+11     6.0094     2     1     0.2441
    3  3.0339e+11     6.0275     3     2     0.3500
    4  3.0178e+11     6.0361     4     3     0.4519
    5  2.9807e+11     6.0561     5     4     0.5506
    6  2.2100e+11     6.5545     6     5     0.6467
    7  2.1560e+11     6.5970     7     6     0.7407
    8  2.0050e+11     6.7229     8     7     0.8330
    9  2.0019e+11     6.7256     9     8     0.9238
   10  1.6799e+11     7.0370    10     9     1.0134
   11  1.6525e+11     7.0667    11    10     1.1018
   12  1.6268e+11     7.0951    12    11     1.1894
   13  1.5198e+11     7.2195    13    12     1.2761
   14  1.5095e+11     7.2319    14    13     1.3621
   15  1.4813e+11     7.2667    15    14     1.4474
   16  1.4543e+11     7.3008    16    15     1.5322
   17  1.4450e+11     7.3126    17    16     1.6165
   18  1.3974e+11     7.3750    18    17     1.7003
   19  1.3454e+11     7.4460    19    18     1.7838
   20  1.2306e+11     7.6151    20    19     1.8669
   21  1.1120e+11     7.8106    21    20     1.9496
   22  1.0950e+11     7.8405    22    21     2.0321
   23  1.0899e+11     7.8497    23    22     2.1143
   24  1.0230e+11     7.9742    24    23     2.1963
   25  1.0196e+11     7.9807    25    24     2.2781
   26  9.6682e+10     8.0863    26    25     2.3597
   27  7.4605e+10     8.6157    27    26     2.4411
   28  7.4160e+10     8.6282    28    27     2.5223
   29  7.2744e+10     8.6686    29    28     2.6034
   30  5.9964e+10     9.0810    30    29     2.6844
   31  4.4774e+10     9.7311    31    30     2.7652
   32  4.3720e+10     9.7855    32    31     2.8459
   33  4.3235e+10     9.8111    33    32     2.9266
   34  4.3117e+10     9.8174    34    33     3.0071
   35  4.2996e+10     9.8238    35    34     3.0876
   36  4.2984e+10     9.8244    36    35     3.1680
   37  4.2692e+10     9.8401    37    36     3.2483
   38  4.1773e+10     9.8902    38    37     3.3285
   39  4.1632e+10     9.8980    39    38     3.4087
   40  3.6523e+10    10.2037    40    39     3.4889
   41  3.6179e+10    10.2261    41    40     3.5689
   42  3.2450e+10    10.4855    42    41     3.6490
   43  6.6849e+09    14.8085    43    42     3.7290
   44  6.5949e+09    14.8503    44    43     3.8089
   45  6.4071e+09    14.9397    45    44     3.8889
   46  6.1847e+09    15.0495    46    45     3.9688
   47  6.1495e+09    15.0673    47    46     4.0486
   48  6.1345e+09    15.0750    48    47     4.1285
   49  6.0315e+09    15.1279    49    48     4.2083
   50  6.0196e+09    15.1341    50    49     4.2881
   51  6.0163e+09    15.1358    51    50     4.3678
   52  5.7969e+09    15.2523    52    51     4.4476
   53  5.7471e+09    15.2795    53    52     4.5273
   54  5.4714e+09    15.4349    54    53     4.6070
   55  5.4684e+09    15.4367    55    54     4.6867
   56  5.4635e+09    15.4395    56    55     4.7664
   57  5.3845e+09    15.4858    57    56     4.8460
   58  5.3346e+09    15.5154    58    57     4.9257
   59  5.3249e+09    15.5212    59    58     5.0053
   60  5.1937e+09    15.6009    60    59     5.0849
   61  5.1848e+09    15.6063    61    60     5.1646
   62  5.0194e+09    15.7103    62    61     5.2442
   63  4.9552e+09    15.7517    63    62     5.3238
   64  4.5071e+09    16.0590    64    63     5.4033
   65  4.4245e+09    16.1194    65    64     5.4829
   66  4.3875e+09    16.1469    66    65     5.5625
   67  3.9066e+09    16.5305    67    66     5.6421
   68  3.6918e+09    16.7197    68    67     5.7216
   69  3.3596e+09    17.0385    69    68     5.8012
   70  3.3299e+09    17.0687    70    69     5.8807
   71  3.2538e+09    17.1477    71    70     5.9602
   72  3.1822e+09    17.2238    72    71     6.0398
   73  3.1507e+09    17.2580    73    72     6.1193
   74  3.1002e+09    17.3136    74    73     6.1988
   75  3.0392e+09    17.3821    75    74     6.2783
   76  3.0241e+09    17.3993    76    75     6.3579
   77  3.0045e+09    17.4218    77    76     6.4374
   78  2.9993e+09    17.4278    78    77     6.5169
   79  2.7246e+09    17.7622    79    78     6.5964
   80  2.6548e+09    17.8534    80    79     6.6759
   81  2.5347e+09    18.0168    81    80     6.7554
   82  2.5313e+09    18.0216    82    81     6.8349
   83  2.3874e+09    18.2297    83    82     6.9143
   84  2.3682e+09    18.2585    84    83     6.9938
   85  2.3475e+09    18.2899    85    84     7.0733
   86  2.3034e+09    18.3579    86    85     7.1528
   87  2.2778e+09    18.3980    87    86     7.2323
   88  2.2724e+09    18.4065    88    87     7.3117
   89  2.2710e+09    18.4088    89    88     7.3912
   90  2.2602e+09    18.4259    90    89     7.4707
   91  2.1544e+09    18.5989    91    90     7.5502
   92  2.1189e+09    18.6591    92    91     7.6296
   93  2.0009e+09    18.8680    93    92     7.7091
   94  1.9423e+09    18.9770    94    93     7.7885
   95  1.9125e+09    19.0338    95    94     7.8680
   96  1.8405e+09    19.1754    96    95     7.9475
   97  1.8242e+09    19.2083    97    96     8.0269
   98  1.8151e+09    19.2268    98    97     8.1064
   99  1.8102e+09    19.2370    99    98     8.1858
  100  1.8085e+09    19.2405   100    99     8.2653
