#indx Mass S step-number desc_indx 
    0  3.1600e+11     5.9621     0    -1     0.0134
    1  3.1520e+11     5.9662     1     0     0.1326
    2  3.1360e+11     5.9743     2     1     0.2441
    3  3.1175e+11     5.9838     3     2     0.3500
    4  3.0811e+11     6.0027     4     3     0.4519
    5  2.9902e+11     6.0510     5     4     0.5506
    6  2.0126e+11     6.7163     6     5     0.6467
    7  2.0107e+11     6.7179     7     6     0.7407
    8  1.9153e+11     6.8031     8     7     0.8330
    9  1.9120e+11     6.8062     9     8     0.9238
   10  1.8012e+11     6.9120    10     9     1.0134
   11  1.7746e+11     6.9385    11    10     1.1018
   12  1.7399e+11     6.9738    12    11     1.1894
   13  1.6161e+11     7.1071    13    12     1.2761
   14  9.2601e+10     8.1727    14    13     1.3621
   15  8.5144e+10     8.3428    15    14     1.4474
   16  8.3441e+10     8.3842    16    15     1.5322
   17  8.2616e+10     8.4045    17    16     1.6165
   18  8.1540e+10     8.4315    18    17     1.7003
   19  7.3611e+10     8.6438    19    18     1.7838
   20  4.7831e+10     9.5812    20    19     1.8669
   21  4.5300e+10     9.7044    21    20     1.9496
   22  4.5212e+10     9.7089    22    21     2.0321
   23  3.9467e+10    10.0219    23    22     2.1143
   24  3.8172e+10    10.0999    24    23     2.1963
   25  2.5040e+10    11.1229    25    24     2.2781
   26  2.4813e+10    11.1459    26    25     2.3597
   27  2.4551e+10    11.1726    27    26     2.4411
   28  2.0584e+10    11.6229    28    27     2.5223
   29  2.0105e+10    11.6841    29    28     2.6034
   30  1.9808e+10    11.7228    30    29     2.6844
   31  1.9782e+10    11.7262    31    30     2.7652
   32  1.9446e+10    11.7710    32    31     2.8459
   33  1.8371e+10    11.9203    33    32     2.9266
   34  1.7994e+10    11.9752    34    33     3.0071
   35  1.7757e+10    12.0103    35    34     3.0876
   36  1.7594e+10    12.0348    36    35     3.1680
   37  1.3079e+10    12.8413    37    36     3.2483
   38  1.2933e+10    12.8727    38    37     3.3285
   39  1.2911e+10    12.8774    39    38     3.4087
   40  1.2896e+10    12.8807    40    39     3.4889
   41  1.2730e+10    12.9169    41    40     3.5689
   42  1.2416e+10    12.9868    42    41     3.6490
   43  1.2055e+10    13.0698    43    42     3.7290
   44  1.1814e+10    13.1267    44    43     3.8089
   45  1.0985e+10    13.3336    45    44     3.8889
   46  1.0945e+10    13.3440    46    45     3.9688
   47  1.0624e+10    13.4294    47    46     4.0486
   48  1.0002e+10    13.6036    48    47     4.1285
   49  9.9925e+09    13.6064    49    48     4.2083
   50  8.6595e+09    14.0262    50    49     4.2881
   51  5.0922e+09    15.6641    51    50     4.3678
   52  5.0646e+09    15.6815    52    51     4.4476
   53  4.9981e+09    15.7240    53    52     4.5273
   54  4.7067e+09    15.9180    54    53     4.6070
   55  4.6981e+09    15.9239    55    54     4.6867
   56  4.6720e+09    15.9420    56    55     4.7664
   57  4.0946e+08    25.3231    57    56     4.8460
   58  1.7765e+08    29.2698    58    57     4.9257
   59  1.7555e+08    29.3290    59    58     5.0053
   60  1.5717e+08    29.8822    60    59     5.0849
   61  1.5543e+08    29.9383    61    60     5.1646
   62  1.5400e+08    29.9850    62    61     5.2442
   63  1.5384e+08    29.9902    63    62     5.3238
   64  1.5374e+08    29.9935    64    63     5.4033
   65  1.5206e+08    30.0490    65    64     5.4829
   66  1.5052e+08    30.1003    66    65     5.5625
   67  1.5018e+08    30.1118    67    66     5.6421
   68  1.4988e+08    30.1220    68    67     5.7216
   69  1.4963e+08    30.1304    69    68     5.8012
   70  1.4844e+08    30.1709    70    69     5.8807
