#indx Mass S step-number desc_indx 
    0  3.1600e+11     5.9621     0    -1     0.0134
    1  2.9697e+11     6.0621     1     0     0.1326
    2  2.7354e+11     6.1963     2     1     0.2441
    3  1.6132e+11     7.1104     3     2     0.3500
    4  1.5803e+11     7.1479     4     3     0.4519
    5  1.4829e+11     7.2647     5     4     0.5506
    6  1.4445e+11     7.3133     6     5     0.6467
    7  1.4279e+11     7.3347     7     6     0.7407
    8  1.3825e+11     7.3950     8     7     0.8330
    9  1.3164e+11     7.4870     9     8     0.9238
   10  1.3070e+11     7.5006    10     9     1.0134
   11  1.3037e+11     7.5055    11    10     1.1018
   12  1.2045e+11     7.6561    12    11     1.1894
   13  1.1704e+11     7.7113    13    12     1.2761
   14  8.3926e+10     8.3723    14    13     1.3621
   15  8.2986e+10     8.3954    15    14     1.4474
   16  7.6744e+10     8.5568    16    15     1.5322
   17  7.6557e+10     8.5619    17    16     1.6165
   18  7.5680e+10     8.5859    18    17     1.7003
   19  7.3630e+10     8.6433    19    18     1.7838
   20  6.5610e+10     8.8872    20    19     1.8669
   21  6.5075e+10     8.9047    21    20     1.9496
   22  6.3913e+10     8.9433    22    21     2.0321
   23  6.0214e+10     9.0720    23    22     2.1143
   24  5.9152e+10     9.1106    24    23     2.1963
   25  5.8799e+10     9.1236    25    24     2.2781
   26  3.5579e+10    10.2657    26    25     2.3597
   27  3.4272e+10    10.3547    27    26     2.4411
   28  3.3433e+10    10.4139    28    27     2.5223
   29  3.2521e+10    10.4803    29    28     2.6034
   30  3.2399e+10    10.4893    30    29     2.6844
   31  3.1655e+10    10.5453    31    30     2.7652
   32  3.0563e+10    10.6305    32    31     2.8459
   33  2.7467e+10    10.8924    33    32     2.9266
   34  2.6983e+10    10.9364    34    33     3.0071
   35  2.1290e+10    11.5357    35    34     3.0876
   36  2.1002e+10    11.5709    36    35     3.1680
   37  2.0792e+10    11.5969    37    36     3.2483
   38  1.9749e+10    11.7305    38    37     3.3285
   39  1.9323e+10    11.7876    39    38     3.4087
   40  1.9064e+10    11.8229    40    39     3.4889
   41  1.9001e+10    11.8315    41    40     3.5689
   42  1.7485e+10    12.0513    42    41     3.6490
   43  1.3353e+10    12.7838    43    42     3.7290
   44  1.3024e+10    12.8531    44    43     3.8089
   45  1.2659e+10    12.9326    45    44     3.8889
   46  1.2652e+10    12.9340    46    45     3.9688
   47  1.2496e+10    12.9688    47    46     4.0486
   48  1.2484e+10    12.9715    48    47     4.1285
   49  1.2252e+10    13.0241    49    48     4.2083
   50  1.1823e+10    13.1246    50    49     4.2881
   51  1.1811e+10    13.1275    51    50     4.3678
   52  1.1795e+10    13.1313    52    51     4.4476
   53  1.1608e+10    13.1765    53    52     4.5273
   54  1.1359e+10    13.2381    54    53     4.6070
   55  1.0933e+10    13.3472    55    54     4.6867
   56  1.0876e+10    13.3621    56    55     4.7664
   57  1.0702e+10    13.4085    57    56     4.8460
   58  1.0294e+10    13.5204    58    57     4.9257
   59  1.0060e+10    13.5868    59    58     5.0053
   60  1.0048e+10    13.5903    60    59     5.0849
   61  9.9837e+09    13.6089    61    60     5.1646
   62  9.9586e+09    13.6162    62    61     5.2442
   63  9.4986e+09    13.7540    63    62     5.3238
   64  9.4851e+09    13.7581    64    63     5.4033
   65  9.3948e+09    13.7861    65    64     5.4829
   66  9.2364e+09    13.8360    66    65     5.5625
   67  9.1173e+09    13.8741    67    66     5.6421
   68  9.0939e+09    13.8817    68    67     5.7216
   69  9.0713e+09    13.8890    69    68     5.8012
   70  8.9677e+09    13.9229    70    69     5.8807
   71  8.5323e+09    14.0702    71    70     5.9602
   72  8.3590e+09    14.1312    72    71     6.0398
   73  8.3454e+09    14.1361    73    72     6.1193
   74  7.8116e+09    14.3341    74    73     6.1988
   75  7.7748e+09    14.3483    75    74     6.2783
   76  7.5865e+09    14.4223    76    75     6.3579
   77  7.3128e+09    14.5337    77    76     6.4374
   78  6.8246e+09    14.7449    78    77     6.5169
   79  6.7754e+09    14.7671    79    78     6.5964
   80  6.7399e+09    14.7832    80    79     6.6759
   81  6.4477e+09    14.9201    81    80     6.7554
   82  6.2015e+09    15.0411    82    81     6.8349
   83  6.1864e+09    15.0486    83    82     6.9143
   84  5.8760e+09    15.2097    84    83     6.9938
   85  5.8519e+09    15.2226    85    84     7.0733
   86  5.7365e+09    15.2853    86    85     7.1528
   87  5.6254e+09    15.3470    87    86     7.2323
   88  5.6110e+09    15.3552    88    87     7.3117
   89  5.5836e+09    15.3706    89    88     7.3912
   90  5.4345e+09    15.4564    90    89     7.4707
   91  5.2609e+09    15.5598    91    90     7.5502
   92  5.2089e+09    15.5915    92    91     7.6296
   93  5.1686e+09    15.6164    93    92     7.7091
   94  5.1486e+09    15.6288    94    93     7.7885
   95  5.0394e+09    15.6975    95    94     7.8680
   96  4.8641e+09    15.8115    96    95     7.9475
   97  4.8043e+09    15.8515    97    96     8.0269
   98  4.7209e+09    15.9082    98    97     8.1064
   99  4.6506e+09    15.9569    99    98     8.1858
  100  4.5924e+09    15.9979   100    99     8.2653
