#indx Mass S step-number desc_indx 
    0  3.1600e+12     3.0343     0    -1     0.0134
    1  3.1416e+12     3.0400     1     0     0.1326
    2  3.1257e+12     3.0449     2     1     0.2441
    3  3.1125e+12     3.0490     3     2     0.3500
    4  3.0449e+12     3.0705     4     3     0.4519
    5  3.0286e+12     3.0758     5     4     0.5506
    6  2.8968e+12     3.1198     6     5     0.6467
    7  2.5646e+12     3.2427     7     6     0.7407
    8  1.7347e+12     3.6614     8     7     0.8330
    9  1.5678e+12     3.7759     9     8     0.9238
   10  1.5642e+12     3.7786    10     9     1.0134
   11  1.5581e+12     3.7831    11    10     1.1018
   12  1.5261e+12     3.8069    12    11     1.1894
   13  1.5048e+12     3.8231    13    12     1.2761
   14  1.4076e+12     3.9008    14    13     1.3621
   15  1.3850e+12     3.9199    15    14     1.4474
   16  1.3479e+12     3.9519    16    15     1.5322
   17  1.2025e+12     4.0888    17    16     1.6165
   18  1.1816e+12     4.1101    18    17     1.7003
   19  1.1795e+12     4.1123    19    18     1.7838
   20  1.1673e+12     4.1250    20    19     1.8669
   21  1.0770e+12     4.2242    21    20     1.9496
   22  1.0166e+12     4.2965    22    21     2.0321
   23  3.0776e+11     6.0045    23    22     2.1143
   24  2.9441e+11     6.0761    24    23     2.1963
   25  2.9373e+11     6.0799    25    24     2.2781
   26  2.9232e+11     6.0877    26    25     2.3597
   27  2.8889e+11     6.1069    27    26     2.4411
   28  2.8302e+11     6.1404    28    27     2.5223
   29  2.2661e+11     6.5116    29    28     2.6034
   30  2.1498e+11     6.6020    30    29     2.6844
   31  2.0604e+11     6.6755    31    30     2.7652
   32  1.9668e+11     6.7566    32    31     2.8459
   33  1.4739e+11     7.2759    33    32     2.9266
   34  1.3993e+11     7.3725    34    33     3.0071
   35  1.3777e+11     7.4015    35    34     3.0876
   36  1.3393e+11     7.4546    36    35     3.1680
   37  1.2902e+11     7.5251    37    36     3.2483
   38  1.2818e+11     7.5375    38    37     3.3285
   39  1.2740e+11     7.5491    39    38     3.4087
   40  1.2735e+11     7.5498    40    39     3.4889
   41  1.2690e+11     7.5565    41    40     3.5689
   42  1.1592e+11     7.7300    42    41     3.6490
   43  1.1411e+11     7.7604    43    42     3.7290
   44  1.0927e+11     7.8446    44    43     3.8089
   45  1.0357e+11     7.9499    45    44     3.8889
   46  9.3168e+10     8.1604    46    45     3.9688
   47  8.7091e+10     8.2968    47    46     4.0486
   48  8.6730e+10     8.3052    48    47     4.1285
   49  8.5638e+10     8.3310    49    48     4.2083
   50  8.4331e+10     8.3624    50    49     4.2881
   51  8.3997e+10     8.3706    51    50     4.3678
   52  8.3130e+10     8.3918    52    51     4.4476
   53  8.2251e+10     8.4136    53    52     4.5273
   54  8.2210e+10     8.4146    54    53     4.6070
   55  7.7928e+10     8.5250    55    54     4.6867
   56  7.7871e+10     8.5265    56    55     4.7664
   57  7.7449e+10     8.5378    57    56     4.8460
   58  7.6920e+10     8.5521    58    57     4.9257
   59  7.6541e+10     8.5623    59    58     5.0053
   60  7.6065e+10     8.5753    60    59     5.0849
   61  7.2871e+10     8.6650    61    60     5.1646
   62  7.2378e+10     8.6792    62    61     5.2442
   63  6.9844e+10     8.7543    63    62     5.3238
   64  6.7114e+10     8.8389    64    63     5.4033
   65  6.2602e+10     8.9879    65    64     5.4829
   66  6.2461e+10     8.9927    66    65     5.5625
   67  6.1159e+10     9.0382    67    66     5.6421
   68  5.9543e+10     9.0963    68    67     5.7216
   69  5.8243e+10     9.1443    69    68     5.8012
   70  3.4224e+10    10.3580    70    69     5.8807
   71  3.0930e+10    10.6015    71    70     5.9602
   72  2.9933e+10    10.6812    72    71     6.0398
   73  2.9686e+10    10.7014    73    72     6.1193
   74  1.7593e+10    12.0350    74    73     6.1988
   75  1.7200e+10    12.0950    75    74     6.2783
   76  1.7174e+10    12.0992    76    75     6.3579
   77  1.1039e+10    13.3196    77    76     6.4374
   78  1.0916e+10    13.3517    78    77     6.5169
   79  1.0058e+10    13.5875    79    78     6.5964
   80  9.9203e+09    13.6274    80    79     6.6759
   81  9.7736e+09    13.6707    81    80     6.7554
   82  9.7320e+09    13.6831    82    81     6.8349
   83  9.7197e+09    13.6868    83    82     6.9143
   84  9.6573e+09    13.7056    84    83     6.9938
   85  9.4077e+09    13.7821    85    84     7.0733
   86  9.3694e+09    13.7940    86    85     7.1528
   87  8.8070e+09    13.9762    87    86     7.2323
   88  8.5691e+09    14.0574    88    87     7.3117
   89  8.5274e+09    14.0719    89    88     7.3912
   90  8.4686e+09    14.0924    90    89     7.4707
   91  8.4323e+09    14.1052    91    90     7.5502
   92  8.3969e+09    14.1178    92    91     7.6296
   93  8.2428e+09    14.1730    93    92     7.7091
   94  8.2325e+09    14.1767    94    93     7.7885
   95  7.7939e+09    14.3409    95    94     7.8680
   96  7.5660e+09    14.4305    96    95     7.9475
   97  7.5548e+09    14.4350    97    96     8.0269
   98  7.5516e+09    14.4363    98    97     8.1064
   99  7.5317e+09    14.4442    99    98     8.1858
  100  7.4421e+09    14.4805   100    99     8.2653
