#indx Mass S step-number desc_indx 
    0  3.1600e+12     3.0343     0    -1     0.0134
    1  2.9160e+12     3.1133     1     0     0.1326
    2  2.8994e+12     3.1190     2     1     0.2441
    3  2.8548e+12     3.1344     3     2     0.3500
    4  2.8507e+12     3.1358     4     3     0.4519
    5  2.7813e+12     3.1605     5     4     0.5506
    6  2.2533e+12     3.3771     6     5     0.6467
    7  2.2492e+12     3.3791     7     6     0.7407
    8  2.2107e+12     3.3973     8     7     0.8330
    9  2.1897e+12     3.4074     9     8     0.9238
   10  2.1020e+12     3.4510    10     9     1.0134
   11  1.6850e+12     3.6940    11    10     1.1018
   12  1.4931e+12     3.8321    12    11     1.1894
   13  1.4585e+12     3.8594    13    12     1.2761
   14  1.4373e+12     3.8764    14    13     1.3621
   15  1.2630e+12     4.0295    15    14     1.4474
   16  1.5023e+11     7.2407    16    15     1.5322
   17  1.4510e+11     7.3049    17    16     1.6165
   18  1.4319e+11     7.3295    18    17     1.7003
   19  4.0866e+10     9.9410    19    18     1.7838
   20  3.9763e+10    10.0045    20    19     1.8669
   21  3.7994e+10    10.1108    21    20     1.9496
   22  3.5752e+10    10.2542    22    21     2.0321
   23  3.5613e+10    10.2634    23    22     2.1143
   24  3.4031e+10    10.3715    24    23     2.1963
   25  3.2259e+10    10.4998    25    24     2.2781
   26  3.1640e+10    10.5465    26    25     2.3597
   27  3.1635e+10    10.5469    27    26     2.4411
   28  3.1588e+10    10.5505    28    27     2.5223
   29  3.0496e+10    10.6358    29    28     2.6034
   30  3.0113e+10    10.6666    30    29     2.6844
   31  3.0085e+10    10.6688    31    30     2.7652
   32  2.9878e+10    10.6856    32    31     2.8459
   33  2.8778e+10    10.7775    33    32     2.9266
   34  2.8749e+10    10.7799    34    33     3.0071
   35  2.8424e+10    10.8079    35    34     3.0876
   36  2.8230e+10    10.8248    36    35     3.1680
   37  2.7405e+10    10.8980    37    36     3.2483
   38  2.4108e+10    11.2184    38    37     3.3285
   39  2.1924e+10    11.4602    39    38     3.4087
   40  2.1101e+10    11.5588    40    39     3.4889
   41  2.1023e+10    11.5683    41    40     3.5689
   42  2.0949e+10    11.5774    42    41     3.6490
   43  2.0240e+10    11.6666    43    42     3.7290
   44  2.0188e+10    11.6733    44    43     3.8089
   45  1.8373e+10    11.9200    45    44     3.8889
   46  1.7997e+10    11.9747    46    45     3.9688
   47  1.7636e+10    12.0285    47    46     4.0486
   48  1.7574e+10    12.0377    48    47     4.1285
   49  1.7356e+10    12.0710    49    48     4.2083
   50  1.7325e+10    12.0759    50    49     4.2881
   51  1.7171e+10    12.0996    51    50     4.3678
   52  1.7123e+10    12.1070    52    51     4.4476
   53  1.7100e+10    12.1106    53    52     4.5273
   54  1.6012e+10    12.2871    54    53     4.6070
   55  1.5449e+10    12.3838    55    54     4.6867
   56  1.5429e+10    12.3873    56    55     4.7664
   57  1.5374e+10    12.3971    57    56     4.8460
   58  1.5311e+10    12.4081    58    57     4.9257
   59  1.5206e+10    12.4269    59    58     5.0053
   60  1.4465e+10    12.5632    60    59     5.0849
   61  1.3268e+10    12.8015    61    60     5.1646
   62  1.3247e+10    12.8058    62    61     5.2442
   63  1.3230e+10    12.8095    63    62     5.3238
   64  1.3082e+10    12.8407    64    63     5.4033
   65  1.2250e+10    13.0246    65    64     5.4829
   66  1.2108e+10    13.0573    66    65     5.5625
   67  1.2019e+10    13.0782    67    66     5.6421
   68  1.1901e+10    13.1061    68    67     5.7216
   69  1.1225e+10    13.2718    69    68     5.8012
   70  1.0861e+10    13.3660    70    69     5.8807
   71  1.0484e+10    13.4675    71    70     5.9602
   72  1.0434e+10    13.4813    72    71     6.0398
   73  1.0257e+10    13.5308    73    72     6.1193
   74  9.5564e+09    13.7362    74    73     6.1988
   75  9.4782e+09    13.7603    75    74     6.2783
   76  9.3860e+09    13.7889    76    75     6.3579
   77  9.1203e+09    13.8731    77    76     6.4374
   78  9.0067e+09    13.9101    78    77     6.5169
   79  8.9375e+09    13.9328    79    78     6.5964
   80  8.9212e+09    13.9382    80    79     6.6759
   81  8.8838e+09    13.9506    81    80     6.7554
   82  8.7071e+09    14.0100    82    81     6.8349
   83  7.6509e+09    14.3968    83    82     6.9143
   84  6.4540e+09    14.9171    84    83     6.9938
   85  6.4194e+09    14.9338    85    84     7.0733
   86  6.0416e+09    15.1226    86    85     7.1528
   87  6.0085e+09    15.1398    87    86     7.2323
   88  4.9778e+09    15.7371    88    87     7.3117
   89  4.7709e+09    15.8741    89    88     7.3912
   90  4.5224e+09    16.0479    90    89     7.4707
   91  4.5133e+09    16.0545    91    90     7.5502
   92  4.3875e+09    16.1469    92    91     7.6296
   93  4.3840e+09    16.1495    93    92     7.7091
   94  3.9638e+09    16.4822    94    93     7.7885
   95  3.9614e+09    16.4842    95    94     7.8680
   96  3.9508e+09    16.4930    96    95     7.9475
   97  3.8867e+09    16.5475    97    96     8.0269
   98  3.8798e+09    16.5535    98    97     8.1064
   99  3.8744e+09    16.5581    99    98     8.1858
  100  3.8700e+09    16.5619   100    99     8.2653
