#indx Mass S step-number desc_indx 
    0  3.1600e+12     3.0343     0    -1     0.0134
    1  2.9769e+12     3.0928     1     0     0.1326
    2  2.7965e+12     3.1550     2     1     0.2441
    3  2.6906e+12     3.1939     3     2     0.3500
    4  2.3791e+12     3.3202     4     3     0.4519
    5  2.3462e+12     3.3348     5     4     0.5506
    6  2.3106e+12     3.3507     6     5     0.6467
    7  2.3087e+12     3.3516     7     6     0.7407
    8  2.2928e+12     3.3589     8     7     0.8330
    9  2.2839e+12     3.3629     9     8     0.9238
   10  2.2445e+12     3.3813    10     9     1.0134
   11  2.2361e+12     3.3853    11    10     1.1018
   12  2.2184e+12     3.3937    12    11     1.1894
   13  5.3544e+11     5.1610    13    12     1.2761
   14  5.1153e+11     5.2271    14    13     1.3621
   15  3.7397e+11     5.6971    15    14     1.4474
   16  3.6687e+11     5.7268    16    15     1.5322
   17  3.6503e+11     5.7346    17    16     1.6165
   18  3.6313e+11     5.7427    18    17     1.7003
   19  2.6757e+11     6.2326    19    18     1.7838
   20  2.4909e+11     6.3518    20    19     1.8669
   21  2.1713e+11     6.5848    21    20     1.9496
   22  1.9843e+11     6.7410    22    21     2.0321
   23  1.7731e+11     6.9400    23    22     2.1143
   24  1.7478e+11     6.9657    24    23     2.1963
   25  1.7323e+11     6.9817    25    24     2.2781
   26  1.7252e+11     6.9891    26    25     2.3597
   27  1.6834e+11     7.0332    27    26     2.4411
   28  1.6739e+11     7.0434    28    27     2.5223
   29  1.6660e+11     7.0520    29    28     2.6034
   30  1.6389e+11     7.0817    30    29     2.6844
   31  1.6167e+11     7.1064    31    30     2.7652
   32  1.5350e+11     7.2011    32    31     2.8459
   33  1.2075e+11     7.6513    33    32     2.9266
   34  1.0552e+11     7.9131    34    33     3.0071
   35  1.0371e+11     7.9472    35    34     3.0876
   36  1.0337e+11     7.9536    36    35     3.1680
   37  9.9931e+10     8.0205    37    36     3.2483
   38  9.9108e+10     8.0369    38    37     3.3285
   39  9.8360e+10     8.0520    39    38     3.4087
   40  9.6914e+10     8.0815    40    39     3.4889
   41  6.7619e+10     8.8229    41    40     3.5689
   42  6.7131e+10     8.8384    42    41     3.6490
   43  6.5788e+10     8.8814    43    42     3.7290
   44  5.2319e+10     9.3805    44    43     3.8089
   45  4.8732e+10     9.5392    45    44     3.8889
   46  4.4871e+10     9.7261    46    45     3.9688
   47  3.7623e+10    10.1338    47    46     4.0486
   48  3.7471e+10    10.1433    48    47     4.1285
   49  3.6154e+10    10.2277    49    48     4.2083
   50  3.4075e+10    10.3684    50    49     4.2881
   51  3.4027e+10    10.3718    51    50     4.3678
   52  3.2777e+10    10.4614    52    51     4.4476
   53  3.2756e+10    10.4630    53    52     4.5273
   54  3.1077e+10    10.5900    54    53     4.6070
   55  3.0275e+10    10.6535    55    54     4.6867
   56  3.0144e+10    10.6640    56    55     4.7664
   57  2.8535e+10    10.7983    57    56     4.8460
   58  2.7856e+10    10.8576    58    57     4.9257
   59  2.7235e+10    10.9134    59    58     5.0053
   60  2.7092e+10    10.9264    60    59     5.0849
   61  2.6912e+10    10.9430    61    60     5.1646
   62  2.5950e+10    11.0336    62    61     5.2442
   63  2.5144e+10    11.1126    63    62     5.3238
   64  2.3606e+10    11.2718    64    63     5.4033
   65  2.3442e+10    11.2894    65    64     5.4829
   66  2.3189e+10    11.3170    66    65     5.5625
   67  2.3090e+10    11.3279    67    66     5.6421
   68  2.1796e+10    11.4753    68    67     5.7216
   69  2.1481e+10    11.5127    69    68     5.8012
   70  2.0977e+10    11.5739    70    69     5.8807
   71  2.0211e+10    11.6704    71    70     5.9602
   72  8.5006e+09    14.0812    72    71     6.0398
   73  8.4976e+09    14.0823    73    72     6.1193
   74  8.4486e+09    14.0994    74    73     6.1988
   75  8.3877e+09    14.1210    75    74     6.2783
   76  8.3361e+09    14.1394    76    75     6.3579
   77  8.3043e+09    14.1508    77    76     6.4374
   78  8.2444e+09    14.1724    78    77     6.5169
   79  8.1688e+09    14.1999    79    78     6.5964
   80  8.1639e+09    14.2017    80    79     6.6759
   81  8.1302e+09    14.2141    81    80     6.7554
   82  7.8418e+09    14.3225    82    81     6.8349
   83  7.8088e+09    14.3352    83    82     6.9143
   84  7.7939e+09    14.3409    84    83     6.9938
   85  7.5820e+09    14.4241    85    84     7.0733
   86  7.4772e+09    14.4662    86    85     7.1528
   87  7.4478e+09    14.4782    87    86     7.2323
   88  7.3682e+09    14.5108    88    87     7.3117
   89  6.8495e+09    14.7337    89    88     7.3912
   90  6.7412e+09    14.7827    90    89     7.4707
   91  6.3862e+09    14.9498    91    90     7.5502
   92  4.6521e+09    15.9558    92    91     7.6296
   93  4.4053e+09    16.1337    93    92     7.7091
   94  4.3781e+09    16.1540    94    93     7.7885
   95  4.3692e+09    16.1606    95    94     7.8680
   96  4.3351e+09    16.1863    96    95     7.9475
   97  4.2737e+09    16.2332    97    96     8.0269
   98  4.2250e+09    16.2709    98    97     8.1064
   99  4.2006e+09    16.2900    99    98     8.1858
  100  3.8524e+09    16.5771   100    99     8.2653
