#indx Mass S step-number desc_indx 
    0  3.1600e+12     3.0343     0    -1     0.0134
    1  3.0564e+12     3.0668     1     0     0.1326
    2  1.5484e+12     3.7902     2     1     0.2441
    3  1.4664e+12     3.8530     3     2     0.3500
    4  1.2951e+12     3.9994     4     3     0.4519
    5  1.2584e+12     4.0339     5     4     0.5506
    6  1.2047e+12     4.0866     6     5     0.6467
    7  1.1695e+12     4.1227     7     6     0.7407
    8  7.4551e+11     4.7002     8     7     0.8330
    9  7.3119e+11     4.7263     9     8     0.9238
   10  7.2597e+11     4.7360    10     9     1.0134
   11  7.1870e+11     4.7496    11    10     1.1018
   12  7.1456e+11     4.7575    12    11     1.1894
   13  6.8914e+11     4.8068    13    12     1.2761
   14  6.1912e+11     4.9550    14    13     1.3621
   15  5.9092e+11     5.0204    15    14     1.4474
   16  5.7808e+11     5.0515    16    15     1.5322
   17  5.7144e+11     5.0679    17    16     1.6165
   18  5.5584e+11     5.1074    18    17     1.7003
   19  5.2091e+11     5.2007    19    18     1.7838
   20  3.4048e+11     5.8436    20    19     1.8669
   21  3.3293e+11     5.8790    21    20     1.9496
   22  3.2795e+11     5.9030    22    21     2.0321
   23  3.2679e+11     5.9086    23    22     2.1143
   24  3.2443e+11     5.9201    24    23     2.1963
   25  3.2402e+11     5.9222    25    24     2.2781
   26  3.2131e+11     5.9355    26    25     2.3597
   27  3.2120e+11     5.9361    27    26     2.4411
   28  2.9510e+11     6.0724    28    27     2.5223
   29  2.9047e+11     6.0980    29    28     2.6034
   30  2.1324e+11     6.6160    30    29     2.6844
   31  2.0566e+11     6.6787    31    30     2.7652
   32  1.9448e+11     6.7762    32    31     2.8459
   33  1.5083e+11     7.2334    33    32     2.9266
   34  1.0323e+11     7.9563    34    33     3.0071
   35  1.0321e+11     7.9567    35    34     3.0876
   36  9.8096e+10     8.0574    36    35     3.1680
   37  9.7295e+10     8.0737    37    36     3.2483
   38  9.6554e+10     8.0890    38    37     3.3285
   39  9.6486e+10     8.0904    39    38     3.4087
   40  8.8672e+10     8.2603    40    39     3.4889
   41  8.6139e+10     8.3191    41    40     3.5689
   42  8.3488e+10     8.3830    42    41     3.6490
   43  7.4220e+10     8.6265    43    42     3.7290
   44  7.2664e+10     8.6709    44    43     3.8089
   45  6.8272e+10     8.8025    45    44     3.8889
   46  6.4399e+10     8.9271    46    45     3.9688
   47  6.3956e+10     8.9419    47    46     4.0486
   48  6.3667e+10     8.9516    48    47     4.1285
   49  6.1517e+10     9.0256    49    48     4.2083
   50  6.0017e+10     9.0791    50    49     4.2881
   51  5.9552e+10     9.0960    51    50     4.3678
   52  5.7608e+10     9.1683    52    51     4.4476
   53  5.7235e+10     9.1825    53    52     4.5273
   54  5.6719e+10     9.2023    54    53     4.6070
   55  5.5992e+10     9.2306    55    54     4.6867
   56  5.5903e+10     9.2341    56    55     4.7664
   57  5.5479e+10     9.2508    57    56     4.8460
   58  5.5200e+10     9.2619    58    57     4.9257
   59  4.8516e+10     9.5492    59    58     5.0053
   60  4.8348e+10     9.5570    60    59     5.0849
   61  4.8333e+10     9.5577    61    60     5.1646
   62  4.7352e+10     9.6040    62    61     5.2442
   63  4.6765e+10     9.6322    63    62     5.3238
   64  4.6274e+10     9.6561    64    63     5.4033
   65  4.5776e+10     9.6807    65    64     5.4829
   66  4.3936e+10     9.7742    66    65     5.5625
   67  4.3233e+10     9.8112    67    66     5.6421
   68  4.2926e+10     9.8275    68    67     5.7216
   69  4.0881e+10     9.9401    69    68     5.8012
   70  3.9418e+10    10.0248    70    69     5.8807
   71  3.9159e+10    10.0402    71    70     5.9602
   72  3.8160e+10    10.1006    72    71     6.0398
   73  3.7182e+10    10.1616    73    72     6.1193
   74  1.9918e+10    11.7083    74    73     6.1988
   75  1.9297e+10    11.7911    75    74     6.2783
   76  1.7549e+10    12.0417    76    75     6.3579
   77  1.7516e+10    12.0466    77    76     6.4374
   78  1.7429e+10    12.0599    78    77     6.5169
   79  1.7332e+10    12.0748    79    78     6.5964
   80  1.7212e+10    12.0933    80    79     6.6759
   81  1.7157e+10    12.1018    81    80     6.7554
   82  1.7144e+10    12.1038    82    81     6.8349
   83  1.6402e+10    12.2222    83    82     6.9143
   84  1.6345e+10    12.2316    84    83     6.9938
   85  1.6336e+10    12.2331    85    84     7.0733
   86  1.6209e+10    12.2541    86    85     7.1528
   87  1.6159e+10    12.2624    87    86     7.2323
   88  1.5031e+10    12.4583    88    87     7.3117
   89  1.4995e+10    12.4649    89    88     7.3912
   90  9.2235e+09    13.8401    90    89     7.4707
   91  9.2145e+09    13.8430    91    90     7.5502
   92  9.0342e+09    13.9011    92    91     7.6296
   93  8.9115e+09    13.9414    93    92     7.7091
   94  8.8940e+09    13.9472    94    93     7.7885
   95  8.6225e+09    14.0389    95    94     7.8680
   96  8.6194e+09    14.0400    96    95     7.9475
   97  8.4663e+09    14.0932    97    96     8.0269
   98  8.4594e+09    14.0957    98    97     8.1064
   99  8.0972e+09    14.2263    99    98     8.1858
  100  7.8362e+09    14.3246   100    99     8.2653
