#indx Mass S step-number desc_indx 
    0  3.1600e+12     3.0343     0    -1     0.0134
    1  2.5390e+12     3.2530     1     0     0.1326
    2  2.4434e+12     3.2926     2     1     0.2441
    3  2.3939e+12     3.3138     3     2     0.3500
    4  2.3055e+12     3.3531     4     3     0.4519
    5  2.0560e+12     3.4748     5     4     0.5506
    6  2.0478e+12     3.4791     6     5     0.6467
    7  2.0378e+12     3.4844     7     6     0.7407
    8  1.9901e+12     3.5100     8     7     0.8330
    9  1.9683e+12     3.5220     9     8     0.9238
   10  1.9594e+12     3.5269    10     9     1.0134
   11  1.7920e+12     3.6251    11    10     1.1018
   12  1.7901e+12     3.6263    12    11     1.1894
   13  1.7685e+12     3.6399    13    12     1.2761
   14  1.7288e+12     3.6652    14    13     1.3621
   15  1.7236e+12     3.6686    15    14     1.4474
   16  1.6689e+12     3.7049    16    15     1.5322
   17  1.6515e+12     3.7167    17    16     1.6165
   18  1.6228e+12     3.7366    18    17     1.7003
   19  1.5477e+12     3.7907    19    18     1.7838
   20  1.3076e+12     3.9880    20    19     1.8669
   21  1.2902e+12     4.0040    21    20     1.9496
   22  1.2804e+12     4.0131    22    21     2.0321
   23  1.0406e+12     4.2671    23    22     2.1143
   24  9.3884e+11     4.3975    24    23     2.1963
   25  9.1447e+11     4.4313    25    24     2.2781
   26  8.3319e+11     4.5524    26    25     2.3597
   27  8.2278e+11     4.5689    27    26     2.4411
   28  8.1360e+11     4.5837    28    27     2.5223
   29  6.8050e+11     4.8241    29    28     2.6034
   30  6.7551e+11     4.8342    30    29     2.6844
   31  6.6896e+11     4.8476    31    30     2.7652
   32  6.6626e+11     4.8531    32    31     2.8459
   33  5.2154e+11     5.1990    33    32     2.9266
   34  5.1251e+11     5.2243    34    33     3.0071
   35  5.1229e+11     5.2249    35    34     3.0876
   36  4.9662e+11     5.2702    36    35     3.1680
   37  3.5487e+11     5.7786    37    36     3.2483
   38  3.5316e+11     5.7861    38    37     3.3285
   39  3.5286e+11     5.7875    39    38     3.4087
   40  3.4014e+11     5.8452    40    39     3.4889
   41  3.3213e+11     5.8829    41    40     3.5689
   42  3.2148e+11     5.9347    42    41     3.6490
   43  2.6531e+10    10.9784    43    42     3.7290
   44  2.6468e+10    10.9843    44    43     3.8089
   45  2.4205e+10    11.2083    45    44     3.8889
   46  2.2461e+10    11.3983    46    45     3.9688
   47  2.2357e+10    11.4102    47    46     4.0486
   48  2.2241e+10    11.4235    48    47     4.1285
   49  2.1657e+10    11.4917    49    48     4.2083
   50  1.9303e+10    11.7903    50    49     4.2881
   51  1.9110e+10    11.8166    51    50     4.3678
   52  1.8799e+10    11.8597    52    51     4.4476
   53  1.8767e+10    11.8642    53    52     4.5273
   54  1.8722e+10    11.8705    54    53     4.6070
   55  1.8707e+10    11.8727    55    54     4.6867
   56  1.7067e+10    12.1158    56    55     4.7664
   57  1.6932e+10    12.1370    57    56     4.8460
   58  1.6009e+10    12.2875    58    57     4.9257
   59  1.3830e+10    12.6866    59    58     5.0053
   60  1.3770e+10    12.6987    60    59     5.0849
   61  1.3621e+10    12.7287    61    60     5.1646
   62  1.2878e+10    12.8846    62    61     5.2442
   63  1.2561e+10    12.9543    63    62     5.3238
   64  9.3411e+09    13.8029    64    63     5.4033
   65  9.1207e+09    13.8730    65    64     5.4829
   66  9.1157e+09    13.8746    66    65     5.5625
   67  9.0292e+09    13.9027    67    66     5.6421
   68  8.9419e+09    13.9313    68    67     5.7216
   69  8.9056e+09    13.9433    69    68     5.8012
   70  8.7642e+09    13.9906    70    69     5.8807
   71  8.6857e+09    14.0173    71    70     5.9602
   72  8.5191e+09    14.0747    72    71     6.0398
   73  6.4126e+09    14.9370    73    72     6.1193
   74  6.1935e+09    15.0451    74    73     6.1988
   75  4.1380e+09    16.3395    75    74     6.2783
   76  4.0610e+09    16.4017    76    75     6.3579
   77  4.0286e+09    16.4283    77    76     6.4374
   78  3.9899e+09    16.4603    78    77     6.5169
   79  3.9557e+09    16.4889    79    78     6.5964
   80  3.9485e+09    16.4950    80    79     6.6759
   81  3.9008e+09    16.5355    81    80     6.7554
   82  3.6604e+09    16.7484    82    81     6.8349
   83  3.6070e+09    16.7979    83    82     6.9143
   84  3.6060e+09    16.7988    84    83     6.9938
   85  3.6020e+09    16.8025    85    84     7.0733
   86  3.5811e+09    16.8221    86    85     7.1528
   87  3.5621e+09    16.8401    87    86     7.2323
   88  3.4937e+09    16.9057    88    87     7.3117
   89  3.3700e+09    17.0280    89    88     7.3912
   90  2.7616e+09    17.7150    90    89     7.4707
   91  2.4465e+09    18.1425    91    90     7.5502
   92  7.2195e+08    22.8628    92    91     7.6296
   93  6.8241e+08    23.0994    93    92     7.7091
   94  6.8067e+08    23.1101    94    93     7.7885
   95  6.7251e+08    23.1610    95    94     7.8680
   96  6.7115e+08    23.1696    96    95     7.9475
   97  6.6689e+08    23.1965    97    96     8.0269
   98  6.6552e+08    23.2052    98    97     8.1064
   99  6.4969e+08    23.3071    99    98     8.1858
  100  6.4616e+08    23.3303   100    99     8.2653
