#indx Mass S step-number desc_indx 
    0  3.1600e+12     3.0343     0    -1     0.0134
    1  3.0176e+12     3.0794     1     0     0.1326
    2  2.7762e+12     3.1624     2     1     0.2441
    3  2.7508e+12     3.1716     3     2     0.3500
    4  2.6979e+12     3.1912     4     3     0.4519
    5  2.5641e+12     3.2429     5     4     0.5506
    6  2.5130e+12     3.2636     6     5     0.6467
    7  2.4762e+12     3.2788     7     6     0.7407
    8  2.2753e+12     3.3669     8     7     0.8330
    9  2.2186e+12     3.3936     9     8     0.9238
   10  2.2038e+12     3.4006    10     9     1.0134
   11  1.8315e+12     3.6010    11    10     1.1018
   12  1.0413e+12     4.2664    12    11     1.1894
   13  1.0370e+12     4.2715    13    12     1.2761
   14  1.0208e+12     4.2913    14    13     1.3621
   15  9.2396e+11     4.4180    15    14     1.4474
   16  8.9019e+11     4.4661    16    15     1.5322
   17  7.0437e+11     4.7770    17    16     1.6165
   18  1.0852e+11     7.8581    18    17     1.7003
   19  1.0525e+11     7.9181    19    18     1.7838
   20  1.0459e+11     7.9304    20    19     1.8669
   21  1.0426e+11     7.9368    21    20     1.9496
   22  1.0418e+11     7.9382    22    21     2.0321
   23  9.8191e+10     8.0554    23    22     2.1143
   24  9.3773e+10     8.1475    24    23     2.1963
   25  7.2522e+10     8.6750    25    24     2.2781
   26  7.2383e+10     8.6791    26    25     2.3597
   27  7.0515e+10     8.7341    27    26     2.4411
   28  6.9585e+10     8.7622    28    27     2.5223
   29  6.9529e+10     8.7639    29    28     2.6034
   30  6.8511e+10     8.7951    30    29     2.6844
   31  6.8293e+10     8.8019    31    30     2.7652
   32  6.8155e+10     8.8062    32    31     2.8459
   33  6.7179e+10     8.8368    33    32     2.9266
   34  6.5874e+10     8.8786    34    33     3.0071
   35  6.4965e+10     8.9084    35    34     3.0876
   36  6.4895e+10     8.9106    36    35     3.1680
   37  6.3825e+10     8.9463    37    36     3.2483
   38  6.1966e+10     9.0099    38    37     3.3285
   39  5.9083e+10     9.1131    39    38     3.4087
   40  5.8816e+10     9.1230    40    39     3.4889
   41  5.8734e+10     9.1260    41    40     3.5689
   42  5.8299e+10     9.1422    42    41     3.6490
   43  5.3326e+10     9.3382    43    42     3.7290
   44  5.2981e+10     9.3525    44    43     3.8089
   45  5.2660e+10     9.3660    45    44     3.8889
   46  5.0646e+10     9.4529    46    45     3.9688
   47  4.9290e+10     9.5136    47    46     4.0486
   48  4.9159e+10     9.5196    48    47     4.1285
   49  4.8900e+10     9.5315    49    48     4.2083
   50  4.1066e+10     9.9297    50    49     4.2881
   51  4.0703e+10     9.9503    51    50     4.3678
   52  4.0615e+10     9.9553    52    51     4.4476
   53  3.7609e+10    10.1348    53    52     4.5273
   54  3.6379e+10    10.2131    54    53     4.6070
   55  3.4685e+10    10.3261    55    54     4.6867
   56  3.4305e+10    10.3524    56    55     4.7664
   57  3.3710e+10    10.3942    57    56     4.8460
   58  3.1348e+10    10.5690    58    57     4.9257
   59  3.1304e+10    10.5723    59    58     5.0053
   60  3.1177e+10    10.5822    60    59     5.0849
   61  3.0958e+10    10.5993    61    60     5.1646
   62  3.0070e+10    10.6700    62    61     5.2442
   63  2.9068e+10    10.7529    63    62     5.3238
   64  2.8809e+10    10.7748    64    63     5.4033
   65  2.8795e+10    10.7760    65    64     5.4829
   66  2.4915e+10    11.1355    66    65     5.5625
   67  2.4714e+10    11.1559    67    66     5.6421
   68  2.3906e+10    11.2398    68    67     5.7216
   69  2.3899e+10    11.2405    69    68     5.8012
   70  2.3774e+10    11.2538    70    69     5.8807
   71  1.5838e+10    12.3166    71    70     5.9602
   72  1.5495e+10    12.3757    72    71     6.0398
   73  1.5344e+10    12.4024    73    72     6.1193
   74  1.4712e+10    12.5169    74    73     6.1988
   75  1.4689e+10    12.5211    75    74     6.2783
   76  1.4599e+10    12.5380    76    75     6.3579
   77  1.3406e+10    12.7728    77    76     6.4374
   78  1.2516e+10    12.9642    78    77     6.5169
   79  1.2110e+10    13.0570    79    78     6.5964
   80  1.2027e+10    13.0762    80    79     6.6759
   81  1.2010e+10    13.0803    81    80     6.7554
   82  1.1974e+10    13.0888    82    81     6.8349
   83  1.1347e+10    13.2412    83    82     6.9143
   84  1.1256e+10    13.2641    84    83     6.9938
   85  1.1204e+10    13.2774    85    84     7.0733
   86  1.0983e+10    13.3340    86    85     7.1528
   87  1.0848e+10    13.3697    87    86     7.2323
   88  1.0438e+10    13.4803    88    87     7.3117
   89  1.0256e+10    13.5309    89    88     7.3912
   90  1.0207e+10    13.5449    90    89     7.4707
   91  9.4445e+09    13.7707    91    90     7.5502
   92  9.2755e+09    13.8236    92    91     7.6296
   93  8.8844e+09    13.9504    93    92     7.7091
   94  8.7002e+09    14.0124    94    93     7.7885
   95  7.9772e+09    14.2710    95    94     7.8680
   96  7.9382e+09    14.2857    96    95     7.9475
   97  7.8995e+09    14.3004    97    96     8.0269
   98  7.7426e+09    14.3608    98    97     8.1064
   99  7.5245e+09    14.4471    99    98     8.1858
  100  7.5048e+09    14.4551   100    99     8.2653
