#indx Mass S step-number desc_indx 
    0  3.1600e+12     3.0343     0    -1     0.0134
    1  2.6780e+12     3.1987     1     0     0.1326
    2  2.4543e+12     3.2879     2     1     0.2441
    3  2.3969e+12     3.3125     3     2     0.3500
    4  2.3426e+12     3.3364     4     3     0.4519
    5  1.3755e+12     3.9280     5     4     0.5506
    6  1.2389e+12     4.0527     6     5     0.6467
    7  1.2290e+12     4.0624     7     6     0.7407
    8  1.1047e+12     4.1927     8     7     0.8330
    9  3.4905e+11     5.8045     9     8     0.9238
   10  2.2631e+11     6.5139    10     9     1.0134
   11  2.2167e+11     6.5493    11    10     1.1018
   12  2.1216e+11     6.6248    12    11     1.1894
   13  2.1113e+11     6.6332    13    12     1.2761
   14  2.0549e+11     6.6801    14    13     1.3621
   15  2.0132e+11     6.7158    15    14     1.4474
   16  1.9589e+11     6.7637    16    15     1.5322
   17  1.8941e+11     6.8228    17    16     1.6165
   18  1.7804e+11     6.9327    18    17     1.7003
   19  1.7593e+11     6.9540    19    18     1.7838
   20  1.7307e+11     6.9834    20    19     1.8669
   21  1.7232e+11     6.9911    21    20     1.9496
   22  1.6814e+11     7.0353    22    21     2.0321
   23  1.6682e+11     7.0496    23    22     2.1143
   24  1.6551e+11     7.0638    24    23     2.1963
   25  1.0533e+11     7.9167    25    24     2.2781
   26  1.0469e+11     7.9286    26    25     2.3597
   27  9.4747e+10     8.1267    27    26     2.4411
   28  9.4427e+10     8.1335    28    27     2.5223
   29  8.7424e+10     8.2890    29    28     2.6034
   30  8.4997e+10     8.3463    30    29     2.6844
   31  8.3620e+10     8.3798    31    30     2.7652
   32  8.2791e+10     8.4002    32    31     2.8459
   33  8.2702e+10     8.4024    33    32     2.9266
   34  8.0067e+10     8.4690    34    33     3.0071
   35  7.7287e+10     8.5422    35    34     3.0876
   36  7.6864e+10     8.5536    36    35     3.1680
   37  6.7652e+10     8.8219    37    36     3.2483
   38  6.7635e+10     8.8224    38    37     3.3285
   39  6.6637e+10     8.8541    39    38     3.4087
   40  6.6156e+10     8.8695    40    39     3.4889
   41  6.0519e+10     9.0610    41    40     3.5689
   42  5.9040e+10     9.1147    42    41     3.6490
   43  5.8861e+10     9.1213    43    42     3.7290
   44  5.8697e+10     9.1274    44    43     3.8089
   45  5.3767e+10     9.3200    45    44     3.8889
   46  5.1382e+10     9.4207    46    45     3.9688
   47  5.0860e+10     9.4435    47    46     4.0486
   48  5.0275e+10     9.4693    48    47     4.1285
   49  4.9976e+10     9.4826    49    48     4.2083
   50  4.9376e+10     9.5097    50    49     4.2881
   51  4.8182e+10     9.5648    51    50     4.3678
   52  4.7147e+10     9.6138    52    51     4.4476
   53  4.6941e+10     9.6236    53    52     4.5273
   54  4.5302e+10     9.7043    54    53     4.6070
   55  4.4760e+10     9.7318    55    54     4.6867
   56  4.3507e+10     9.7967    56    55     4.7664
   57  4.3400e+10     9.8023    57    56     4.8460
   58  3.9680e+10    10.0094    58    57     4.9257
   59  3.9555e+10    10.0167    59    58     5.0053
   60  3.9227e+10    10.0361    60    59     5.0849
   61  3.8798e+10    10.0618    61    60     5.1646
   62  3.5226e+10    10.2893    62    61     5.2442
   63  3.4919e+10    10.3101    63    62     5.3238
   64  3.4161e+10    10.3624    64    63     5.4033
   65  3.2567e+10    10.4769    65    64     5.4829
   66  3.0254e+10    10.6552    66    65     5.5625
   67  3.0179e+10    10.6612    67    66     5.6421
   68  2.4979e+10    11.1290    68    67     5.7216
   69  2.1627e+10    11.4953    69    68     5.8012
   70  2.1377e+10    11.5252    70    69     5.8807
   71  2.1051e+10    11.5649    71    70     5.9602
   72  2.0414e+10    11.6445    72    71     6.0398
   73  2.0397e+10    11.6466    73    72     6.1193
   74  2.0305e+10    11.6584    74    73     6.1988
   75  1.9932e+10    11.7066    75    74     6.2783
   76  1.8915e+10    11.8435    76    75     6.3579
   77  1.7533e+10    12.0441    77    76     6.4374
   78  1.7427e+10    12.0601    78    77     6.5169
   79  1.7410e+10    12.0628    79    78     6.5964
   80  1.7339e+10    12.0736    80    79     6.6759
   81  1.7088e+10    12.1125    81    80     6.7554
   82  1.6901e+10    12.1419    82    81     6.8349
   83  1.6883e+10    12.1448    83    82     6.9143
   84  1.6519e+10    12.2032    84    83     6.9938
   85  1.6412e+10    12.2206    85    84     7.0733
   86  1.6306e+10    12.2380    86    85     7.1528
   87  1.5807e+10    12.3219    87    86     7.2323
   88  1.5677e+10    12.3441    88    87     7.3117
   89  1.3682e+10    12.7164    89    88     7.3912
   90  1.3528e+10    12.7476    90    89     7.4707
   91  1.3455e+10    12.7627    91    90     7.5502
   92  1.2779e+10    12.9062    92    91     7.6296
   93  1.1432e+10    13.2198    93    92     7.7091
   94  1.0444e+10    13.4786    94    93     7.7885
   95  1.0433e+10    13.4815    95    94     7.8680
   96  1.0301e+10    13.5182    96    95     7.9475
   97  7.3506e+09    14.5180    97    96     8.0269
   98  6.4548e+09    14.9168    98    97     8.1064
   99  6.4382e+09    14.9247    99    98     8.1858
  100  6.3582e+09    14.9634   100    99     8.2653
