#indx Mass S step-number desc_indx 
    0  3.1600e+12     3.0343     0    -1     0.0134
    1  3.1279e+12     3.0442     1     0     0.1326
    2  3.0409e+12     3.0719     2     1     0.2441
    3  2.9908e+12     3.0882     3     2     0.3500
    4  2.6191e+12     3.2213     4     3     0.4519
    5  2.5400e+12     3.2526     5     4     0.5506
    6  2.5154e+12     3.2626     6     5     0.6467
    7  1.9800e+12     3.5156     7     6     0.7407
    8  1.9248e+12     3.5464     8     7     0.8330
    9  1.2132e+12     4.0780     9     8     0.9238
   10  1.1771e+12     4.1148    10     9     1.0134
   11  1.1655e+12     4.1268    11    10     1.1018
   12  1.1403e+12     4.1536    12    11     1.1894
   13  1.1176e+12     4.1784    13    12     1.2761
   14  1.0399e+12     4.2680    14    13     1.3621
   15  1.0384e+12     4.2698    15    14     1.4474
   16  1.0270e+12     4.2837    16    15     1.5322
   17  1.0125e+12     4.3015    17    16     1.6165
   18  1.0029e+12     4.3135    18    17     1.7003
   19  1.3879e+11     7.3877    19    18     1.7838
   20  1.3808e+11     7.3974    20    19     1.8669
   21  1.3729e+11     7.4080    21    20     1.9496
   22  1.3029e+11     7.5065    22    21     2.0321
   23  1.2944e+11     7.5189    23    22     2.1143
   24  1.1986e+11     7.6655    24    23     2.1963
   25  1.1689e+11     7.7139    25    24     2.2781
   26  1.1322e+11     7.7755    26    25     2.3597
   27  1.0490e+11     7.9246    27    26     2.4411
   28  8.8977e+10     8.2533    28    27     2.5223
   29  8.7144e+10     8.2955    29    28     2.6034
   30  8.7061e+10     8.2975    30    29     2.6844
   31  8.6883e+10     8.3016    31    30     2.7652
   32  8.4199e+10     8.3656    32    31     2.8459
   33  8.2979e+10     8.3955    33    32     2.9266
   34  8.2374e+10     8.4105    34    33     3.0071
   35  8.2329e+10     8.4117    35    34     3.0876
   36  7.8559e+10     8.5083    36    35     3.1680
   37  7.8319e+10     8.5146    37    36     3.2483
   38  7.5830e+10     8.5817    38    37     3.3285
   39  7.2264e+10     8.6825    39    38     3.4087
   40  7.2141e+10     8.6861    40    39     3.4889
   41  7.1354e+10     8.7092    41    40     3.5689
   42  7.0848e+10     8.7242    42    41     3.6490
   43  6.8352e+10     8.8000    43    42     3.7290
   44  6.6737e+10     8.8509    44    43     3.8089
   45  6.2173e+10     9.0027    45    44     3.8889
   46  5.9401e+10     9.1015    46    45     3.9688
   47  5.9121e+10     9.1117    47    46     4.0486
   48  5.8951e+10     9.1180    48    47     4.1285
   49  5.2542e+10     9.3710    49    48     4.2083
   50  5.1524e+10     9.4145    50    49     4.2881
   51  5.1240e+10     9.4268    51    50     4.3678
   52  4.8589e+10     9.5458    52    51     4.4476
   53  4.6999e+10     9.6209    53    52     4.5273
   54  4.4016e+10     9.7701    54    53     4.6070
   55  3.9154e+10    10.0405    55    54     4.6867
   56  3.9073e+10    10.0453    56    55     4.7664
   57  3.8509e+10    10.0793    57    56     4.8460
   58  3.6973e+10    10.1749    58    57     4.9257
   59  2.5192e+10    11.1077    59    58     5.0053
   60  2.3947e+10    11.2354    60    59     5.0849
   61  2.3915e+10    11.2388    61    60     5.1646
   62  2.3869e+10    11.2437    62    61     5.2442
   63  2.3565e+10    11.2761    63    62     5.3238
   64  2.3440e+10    11.2897    64    63     5.4033
   65  2.3018e+10    11.3358    65    64     5.4829
   66  2.1154e+10    11.5523    66    65     5.5625
   67  2.0987e+10    11.5728    67    66     5.6421
   68  2.0749e+10    11.6022    68    67     5.7216
   69  2.0724e+10    11.6054    69    68     5.8012
   70  2.0704e+10    11.6078    70    69     5.8807
   71  2.0639e+10    11.6159    71    70     5.9602
   72  2.0440e+10    11.6411    72    71     6.0398
   73  2.0434e+10    11.6419    73    72     6.1193
   74  2.0373e+10    11.6496    74    73     6.1988
   75  1.8740e+10    11.8680    75    74     6.2783
   76  1.8649e+10    11.8807    76    75     6.3579
   77  1.7210e+10    12.0936    77    76     6.4374
   78  1.6699e+10    12.1740    78    77     6.5169
   79  1.6476e+10    12.2101    79    78     6.5964
   80  1.6368e+10    12.2278    80    79     6.6759
   81  1.6292e+10    12.2403    81    80     6.7554
   82  1.6180e+10    12.2588    82    81     6.8349
   83  1.6169e+10    12.2608    83    82     6.9143
   84  1.6044e+10    12.2817    84    83     6.9938
   85  1.5590e+10    12.3592    85    84     7.0733
   86  1.5311e+10    12.4082    86    85     7.1528
   87  1.5185e+10    12.4306    87    86     7.2323
   88  1.4281e+10    12.5983    88    87     7.3117
   89  1.3774e+10    12.6978    89    88     7.3912
   90  1.3057e+10    12.8460    90    89     7.4707
   91  1.2808e+10    12.8997    91    90     7.5502
   92  1.2545e+10    12.9577    92    91     7.6296
   93  1.1888e+10    13.1090    93    92     7.7091
   94  9.5375e+09    13.7420    94    93     7.7885
   95  9.3805e+09    13.7906    95    94     7.8680
   96  9.3531e+09    13.7991    96    95     7.9475
   97  9.2176e+09    13.8420    97    96     8.0269
   98  9.0834e+09    13.8851    98    97     8.1064
   99  8.9135e+09    13.9407    99    98     8.1858
  100  8.7398e+09    13.9989   100    99     8.2653
