#indx Mass S step-number desc_indx 
    0  3.1600e+12     3.0343     0    -1     0.0134
    1  2.9721e+12     3.0944     1     0     0.1326
    2  2.9043e+12     3.1173     2     1     0.2441
    3  2.8746e+12     3.1275     3     2     0.3500
    4  2.8660e+12     3.1305     4     3     0.4519
    5  2.6419e+12     3.2124     5     4     0.5506
    6  2.5102e+12     3.2647     6     5     0.6467
    7  2.4335e+12     3.2967     7     6     0.7407
    8  2.4056e+12     3.3087     8     7     0.8330
    9  2.3066e+12     3.3526     9     8     0.9238
   10  2.2753e+12     3.3669    10     9     1.0134
   11  1.5358e+12     3.7996    11    10     1.1018
   12  1.5209e+12     3.8108    12    11     1.1894
   13  7.5807e+11     4.6778    13    12     1.2761
   14  7.1693e+11     4.7530    14    13     1.3621
   15  2.3343e+11     6.4612    15    14     1.4474
   16  1.8756e+11     6.8401    16    15     1.5322
   17  1.8013e+11     6.9118    17    16     1.6165
   18  1.7399e+11     6.9738    18    17     1.7003
   19  1.7130e+11     7.0018    19    18     1.7838
   20  1.6556e+11     7.0633    20    19     1.8669
   21  1.5565e+11     7.1756    21    20     1.9496
   22  1.5490e+11     7.1845    22    21     2.0321
   23  1.5429e+11     7.1918    23    22     2.1143
   24  1.3570e+11     7.4299    24    23     2.1963
   25  1.3482e+11     7.4421    25    24     2.2781
   26  1.3289e+11     7.4692    26    25     2.3597
   27  1.1576e+11     7.7326    27    26     2.4411
   28  1.1425e+11     7.7580    28    27     2.5223
   29  8.2906e+10     8.3973    29    28     2.6034
   30  8.2720e+10     8.4019    30    29     2.6844
   31  8.2634e+10     8.4041    31    30     2.7652
   32  3.2066e+10    10.5142    32    31     2.8459
   33  3.1832e+10    10.5319    33    32     2.9266
   34  3.1786e+10    10.5354    34    33     3.0071
   35  3.0431e+10    10.6410    35    34     3.0876
   36  3.0378e+10    10.6453    36    35     3.1680
   37  2.1890e+10    11.4643    37    36     3.2483
   38  2.1862e+10    11.4676    38    37     3.3285
   39  1.9275e+10    11.7941    39    38     3.4087
   40  1.8095e+10    11.9603    40    39     3.4889
   41  1.8079e+10    11.9627    41    40     3.5689
   42  1.7932e+10    11.9843    42    41     3.6490
   43  1.6689e+10    12.1757    43    42     3.7290
   44  1.5895e+10    12.3068    44    43     3.8089
   45  1.5617e+10    12.3545    45    44     3.8889
   46  1.4639e+10    12.5305    46    45     3.9688
   47  1.4521e+10    12.5527    47    46     4.0486
   48  1.4509e+10    12.5550    48    47     4.1285
   49  1.4279e+10    12.5988    49    48     4.2083
   50  1.4246e+10    12.6050    50    49     4.2881
   51  1.2012e+10    13.0799    51    50     4.3678
   52  1.1888e+10    13.1092    52    51     4.4476
   53  1.1805e+10    13.1289    53    52     4.5273
   54  1.1281e+10    13.2578    54    53     4.6070
   55  1.1102e+10    13.3034    55    54     4.6867
   56  1.0714e+10    13.4053    56    55     4.7664
   57  9.5760e+09    13.7303    57    56     4.8460
   58  9.4407e+09    13.7718    58    57     4.9257
   59  9.3644e+09    13.7956    59    58     5.0053
   60  9.3043e+09    13.8145    60    59     5.0849
   61  7.4658e+09    14.4709    61    60     5.1646
   62  5.5645e+09    15.3815    62    61     5.2442
   63  5.4993e+09    15.4188    63    62     5.3238
   64  5.4786e+09    15.4308    64    63     5.4033
   65  5.4734e+09    15.4338    65    64     5.4829
   66  5.3723e+09    15.4930    66    65     5.5625
   67  5.3487e+09    15.5070    67    66     5.6421
   68  5.0737e+09    15.6757    68    67     5.7216
   69  5.0529e+09    15.6889    69    68     5.8012
   70  3.1591e+09    17.2489    70    69     5.8807
   71  3.1542e+09    17.2542    71    70     5.9602
   72  3.0009e+09    17.4260    72    71     6.0398
   73  2.8139e+09    17.6495    73    72     6.1193
   74  2.7974e+09    17.6700    74    73     6.1988
   75  2.7542e+09    17.7244    75    74     6.2783
   76  2.6923e+09    17.8041    76    75     6.3579
   77  2.6912e+09    17.8056    77    76     6.4374
   78  2.6786e+09    17.8220    78    77     6.5169
   79  2.6655e+09    17.8392    79    78     6.5964
   80  2.6562e+09    17.8516    80    79     6.6759
   81  2.6525e+09    17.8565    81    80     6.7554
   82  2.6381e+09    17.8756    82    81     6.8349
   83  2.1203e+09    18.6567    83    82     6.9143
   84  2.1077e+09    18.6784    84    83     6.9938
   85  1.9927e+09    18.8830    85    84     7.0733
   86  1.7809e+09    19.2975    86    85     7.1528
   87  1.7700e+09    19.3202    87    86     7.2323
   88  2.3519e+08    27.8998    88    87     7.3117
   89  2.3461e+08    27.9117    89    88     7.3912
   90  2.3457e+08    27.9126    90    89     7.4707
   91  2.2930e+08    28.0219    91    90     7.5502
   92  2.2902e+08    28.0277    92    91     7.6296
   93  2.2825e+08    28.0439    93    92     7.7091
   94  2.2287e+08    28.1590    94    93     7.7885
   95  2.2259e+08    28.1652    95    94     7.8680
   96  2.2192e+08    28.1798    96    95     7.9475
   97  2.0249e+08    28.6253    97    96     8.0269
   98  2.0199e+08    28.6373    98    97     8.1064
   99  1.9723e+08    28.7542    99    98     8.1858
  100  1.9655e+08    28.7711   100    99     8.2653
