#indx Mass S step-number desc_indx 
    0  3.1600e+12     3.0343     0    -1     0.0134
    1  2.7611e+12     3.1679     1     0     0.1326
    2  2.3244e+12     3.3445     2     1     0.2441
    3  2.2588e+12     3.3746     3     2     0.3500
    4  2.2117e+12     3.3968     4     3     0.4519
    5  2.1971e+12     3.4038     5     4     0.5506
    6  2.0066e+12     3.5011     6     5     0.6467
    7  1.9500e+12     3.5322     7     6     0.7407
    8  1.9189e+12     3.5497     8     7     0.8330
    9  1.8906e+12     3.5660     9     8     0.9238
   10  1.7639e+12     3.6427    10     9     1.0134
   11  1.7035e+12     3.6817    11    10     1.1018
   12  1.6853e+12     3.6939    12    11     1.1894
   13  1.4574e+12     3.8602    13    12     1.2761
   14  1.3962e+12     3.9104    14    13     1.3621
   15  1.2972e+12     3.9975    15    14     1.4474
   16  1.2876e+12     4.0064    16    15     1.5322
   17  1.2646e+12     4.0280    17    16     1.6165
   18  1.0239e+12     4.2875    18    17     1.7003
   19  1.0084e+12     4.3066    19    18     1.7838
   20  6.4994e+11     4.8874    20    19     1.8669
   21  6.2300e+11     4.9462    21    20     1.9496
   22  6.1739e+11     4.9589    22    21     2.0321
   23  4.5368e+11     5.4037    23    22     2.1143
   24  3.7457e+11     5.6946    24    23     2.1963
   25  3.5136e+11     5.7942    25    24     2.2781
   26  3.4649e+11     5.8161    26    25     2.3597
   27  2.7647e+11     6.1788    27    26     2.4411
   28  2.6339e+11     6.2587    28    27     2.5223
   29  2.6060e+11     6.2764    29    28     2.6034
   30  2.5923e+11     6.2852    30    29     2.6844
   31  2.5358e+11     6.3219    31    30     2.7652
   32  2.4848e+11     6.3559    32    31     2.8459
   33  2.4838e+11     6.3565    33    32     2.9266
   34  2.4656e+11     6.3689    34    33     3.0071
   35  2.3537e+11     6.4472    35    34     3.0876
   36  1.9495e+11     6.7721    36    35     3.1680
   37  1.9490e+11     6.7725    37    36     3.2483
   38  1.7289e+11     6.9852    38    37     3.3285
   39  1.6826e+11     7.0340    39    38     3.4087
   40  1.6784e+11     7.0386    40    39     3.4889
   41  1.6477e+11     7.0720    41    40     3.5689
   42  1.6337e+11     7.0874    42    41     3.6490
   43  1.5890e+11     7.1379    43    42     3.7290
   44  1.5842e+11     7.1434    44    43     3.8089
   45  1.5427e+11     7.1920    45    44     3.8889
   46  1.5062e+11     7.2359    46    45     3.9688
   47  1.3928e+11     7.3812    47    46     4.0486
   48  1.3862e+11     7.3901    48    47     4.1285
   49  1.3786e+11     7.4003    49    48     4.2083
   50  1.2624e+11     7.5665    50    49     4.2881
   51  1.2566e+11     7.5752    51    50     4.3678
   52  1.0898e+11     7.8499    52    51     4.4476
   53  1.0608e+11     7.9027    53    52     4.5273
   54  1.0431e+11     7.9358    54    53     4.6070
   55  1.0070e+11     8.0054    55    54     4.6867
   56  9.9674e+10     8.0256    56    55     4.7664
   57  9.9544e+10     8.0282    57    56     4.8460
   58  9.8945e+10     8.0402    58    57     4.9257
   59  9.8226e+10     8.0547    59    58     5.0053
   60  9.7961e+10     8.0601    60    59     5.0849
   61  9.6987e+10     8.0800    61    60     5.1646
   62  9.0367e+10     8.2219    62    61     5.2442
   63  8.9888e+10     8.2327    63    62     5.3238
   64  6.4449e+10     8.9254    64    63     5.4033
   65  6.4382e+10     8.9276    65    64     5.4829
   66  6.3204e+10     8.9673    66    65     5.5625
   67  6.2211e+10     9.0014    67    66     5.6421
   68  6.1977e+10     9.0095    68    67     5.7216
   69  6.1629e+10     9.0217    69    68     5.8012
   70  6.1294e+10     9.0335    70    69     5.8807
   71  6.0773e+10     9.0519    71    70     5.9602
   72  5.9329e+10     9.1041    72    71     6.0398
   73  5.7319e+10     9.1793    73    72     6.1193
   74  5.7066e+10     9.1889    74    73     6.1988
   75  5.6979e+10     9.1923    75    74     6.2783
   76  5.5076e+10     9.2669    76    75     6.3579
   77  5.4908e+10     9.2736    77    76     6.4374
   78  5.4417e+10     9.2934    78    77     6.5169
   79  5.0456e+10     9.4613    79    78     6.5964
   80  4.9785e+10     9.4912    80    79     6.6759
   81  4.7401e+10     9.6016    81    80     6.7554
   82  4.7255e+10     9.6086    82    81     6.8349
   83  4.6502e+10     9.6449    83    82     6.9143
   84  4.4965e+10     9.7213    84    83     6.9938
   85  4.4417e+10     9.7493    85    84     7.0733
   86  4.4274e+10     9.7567    86    85     7.1528
   87  4.2577e+10     9.8463    87    86     7.2323
   88  4.2557e+10     9.8474    88    87     7.3117
   89  4.1777e+10     9.8900    89    88     7.3912
   90  4.0698e+10     9.9505    90    89     7.4707
   91  3.2911e+10    10.4516    91    90     7.5502
   92  3.1688e+10    10.5428    92    91     7.6296
   93  3.0454e+10    10.6391    93    92     7.7091
   94  3.0258e+10    10.6549    94    93     7.7885
   95  2.6676e+10    10.9649    95    94     7.8680
   96  2.5894e+10    11.0389    96    95     7.9475
   97  2.4497e+10    11.1781    97    96     8.0269
   98  2.2100e+10    11.4398    98    97     8.1064
   99  1.5544e+10    12.3672    99    98     8.1858
  100  1.5390e+10    12.3942   100    99     8.2653
