#indx Mass S step-number desc_indx 
    0  3.1600e+12     3.0343     0    -1     0.0134
    1  3.1401e+12     3.0404     1     0     0.1326
    2  2.4461e+12     3.2914     2     1     0.2441
    3  2.0724e+12     3.4662     3     2     0.3500
    4  1.4766e+12     3.8450     4     3     0.4519
    5  1.4696e+12     3.8506     5     4     0.5506
    6  1.4667e+12     3.8529     6     5     0.6467
    7  1.4493e+12     3.8667     7     6     0.7407
    8  1.3461e+12     3.9535     8     7     0.8330
    9  1.2604e+12     4.0320     9     8     0.9238
   10  1.1622e+12     4.1303    10     9     1.0134
   11  1.1548e+12     4.1381    11    10     1.1018
   12  1.1513e+12     4.1419    12    11     1.1894
   13  8.2377e+11     4.5674    13    12     1.2761
   14  7.9425e+11     4.6156    14    13     1.3621
   15  7.7479e+11     4.6486    15    14     1.4474
   16  7.7081e+11     4.6555    16    15     1.5322
   17  6.2060e+11     4.9516    17    16     1.6165
   18  5.9277e+11     5.0160    18    17     1.7003
   19  5.9049e+11     5.0214    19    18     1.7838
   20  5.1023e+11     5.2308    20    19     1.8669
   21  2.8589e+11     6.1239    21    20     1.9496
   22  2.7581e+11     6.1827    22    21     2.0321
   23  2.6806e+11     6.2296    23    22     2.1143
   24  2.6675e+11     6.2377    24    23     2.1963
   25  2.5232e+11     6.3301    25    24     2.2781
   26  2.1565e+11     6.5966    26    25     2.3597
   27  2.0988e+11     6.6434    27    26     2.4411
   28  2.0807e+11     6.6584    28    27     2.5223
   29  2.0658e+11     6.6709    29    28     2.6034
   30  1.9142e+11     6.8042    30    29     2.6844
   31  1.9000e+11     6.8173    31    30     2.7652
   32  1.7345e+11     6.9794    32    31     2.8459
   33  1.5028e+11     7.2401    33    32     2.9266
   34  1.4932e+11     7.2519    34    33     3.0071
   35  1.4691e+11     7.2820    35    34     3.0876
   36  1.4282e+11     7.3343    36    35     3.1680
   37  1.2232e+11     7.6266    37    36     3.2483
   38  1.1926e+11     7.6752    38    37     3.3285
   39  1.1866e+11     7.6849    39    38     3.4087
   40  1.1843e+11     7.6887    40    39     3.4889
   41  1.1796e+11     7.6964    41    40     3.5689
   42  1.1679e+11     7.7155    42    41     3.6490
   43  1.1495e+11     7.7461    43    42     3.7290
   44  1.1459e+11     7.7522    44    43     3.8089
   45  1.1343e+11     7.7720    45    44     3.8889
   46  1.1250e+11     7.7879    46    45     3.9688
   47  1.1044e+11     7.8240    47    46     4.0486
   48  1.0954e+11     7.8399    48    47     4.1285
   49  1.0819e+11     7.8641    49    48     4.2083
   50  9.5459e+10     8.1117    50    49     4.2881
   51  9.0485e+10     8.2193    51    50     4.3678
   52  7.1353e+10     8.7092    52    51     4.4476
   53  7.1157e+10     8.7150    53    52     4.5273
   54  5.5544e+10     9.2483    54    53     4.6070
   55  4.4116e+10     9.7649    55    54     4.6867
   56  4.3959e+10     9.7730    56    55     4.7664
   57  4.2747e+10     9.8371    57    56     4.8460
   58  4.2718e+10     9.8387    58    57     4.9257
   59  3.4768e+10    10.3204    59    58     5.0053
   60  3.4567e+10    10.3342    60    59     5.0849
   61  3.2695e+10    10.4675    61    60     5.1646
   62  3.2497e+10    10.4820    62    61     5.2442
   63  3.2281e+10    10.4981    63    62     5.3238
   64  3.1888e+10    10.5276    64    63     5.4033
   65  3.1630e+10    10.5473    65    64     5.4829
   66  3.0443e+10    10.6400    66    65     5.5625
   67  2.9478e+10    10.7186    67    66     5.6421
   68  2.8313e+10    10.8175    68    67     5.7216
   69  2.4398e+10    11.1883    69    68     5.8012
   70  2.3818e+10    11.2492    70    69     5.8807
   71  2.3012e+10    11.3365    71    70     5.9602
   72  2.2802e+10    11.3598    72    71     6.0398
   73  2.2716e+10    11.3695    73    72     6.1193
   74  2.2662e+10    11.3756    74    73     6.1988
   75  2.1926e+10    11.4600    75    74     6.2783
   76  2.1384e+10    11.5244    76    75     6.3579
   77  2.1289e+10    11.5358    77    76     6.4374
   78  2.0543e+10    11.6281    78    77     6.5169
   79  2.0177e+10    11.6748    79    78     6.5964
   80  2.0015e+10    11.6958    80    79     6.6759
   81  1.9942e+10    11.7053    81    80     6.7554
   82  1.9495e+10    11.7644    82    81     6.8349
   83  1.3138e+10    12.8290    83    82     6.9143
   84  1.3104e+10    12.8362    84    83     6.9938
   85  1.1192e+10    13.2804    85    84     7.0733
   86  1.0409e+10    13.4883    86    85     7.1528
   87  9.6135e+09    13.7189    87    86     7.2323
   88  9.3950e+09    13.7861    88    87     7.3117
   89  9.0882e+09    13.8835    89    88     7.3912
   90  9.0068e+09    13.9100    90    89     7.4707
   91  8.3268e+09    14.1427    91    90     7.5502
   92  7.8386e+09    14.3237    92    91     7.6296
   93  7.8239e+09    14.3294    93    92     7.7091
   94  7.7157e+09    14.3713    94    93     7.7885
   95  7.6301e+09    14.4050    95    94     7.8680
   96  7.5801e+09    14.4249    96    95     7.9475
   97  7.5695e+09    14.4291    97    96     8.0269
   98  7.4905e+09    14.4608    98    97     8.1064
   99  6.6374e+09    14.8305    99    98     8.1858
  100  6.5464e+09    14.8731   100    99     8.2653
