#indx Mass S step-number desc_indx 
    0  3.1600e+12     3.0343     0    -1     0.0134
    1  2.9602e+12     3.0984     1     0     0.1326
    2  2.7266e+12     3.1805     2     1     0.2441
    3  2.6869e+12     3.1953     3     2     0.3500
    4  2.2043e+12     3.4004     4     3     0.4519
    5  2.2005e+12     3.4022     5     4     0.5506
    6  1.1644e+12     4.1280     6     5     0.6467
    7  1.1560e+12     4.1369     7     6     0.7407
    8  7.8724e+11     4.6274     8     7     0.8330
    9  6.8002e+11     4.8250     9     8     0.9238
   10  6.7543e+11     4.8343    10     9     1.0134
   11  6.6727e+11     4.8511    11    10     1.1018
   12  6.6320e+11     4.8595    12    11     1.1894
   13  5.7472e+11     5.0598    13    12     1.2761
   14  5.7402e+11     5.0615    14    13     1.3621
   15  5.5285e+11     5.1151    15    14     1.4474
   16  2.8034e+11     6.1559    16    15     1.5322
   17  2.6881e+11     6.2250    17    16     1.6165
   18  2.6763e+11     6.2323    18    17     1.7003
   19  2.6672e+11     6.2379    19    18     1.7838
   20  2.6112e+11     6.2731    20    19     1.8669
   21  2.6025e+11     6.2786    21    20     1.9496
   22  2.5648e+11     6.3029    22    21     2.0321
   23  2.5377e+11     6.3206    23    22     2.1143
   24  2.5317e+11     6.3245    24    23     2.1963
   25  2.3073e+11     6.4809    25    24     2.2781
   26  1.8650e+11     6.8501    26    25     2.3597
   27  1.8238e+11     6.8898    27    26     2.4411
   28  1.8015e+11     6.9116    28    27     2.5223
   29  1.7441e+11     6.9695    29    28     2.6034
   30  1.7259e+11     6.9884    30    29     2.6844
   31  1.6996e+11     7.0160    31    30     2.7652
   32  1.6595e+11     7.0590    32    31     2.8459
   33  1.6488e+11     7.0708    33    32     2.9266
   34  1.6391e+11     7.0814    34    33     3.0071
   35  1.5336e+11     7.2028    35    34     3.0876
   36  1.5291e+11     7.2082    36    35     3.1680
   37  1.5096e+11     7.2318    37    36     3.2483
   38  1.4996e+11     7.2441    38    37     3.3285
   39  1.4948e+11     7.2499    39    38     3.4087
   40  1.4933e+11     7.2518    40    39     3.4889
   41  1.4554e+11     7.2993    41    40     3.5689
   42  1.3497e+11     7.4401    42    41     3.6490
   43  1.2889e+11     7.5270    43    42     3.7290
   44  1.2783e+11     7.5426    44    43     3.8089
   45  1.2017e+11     7.6605    45    44     3.8889
   46  9.5883e+10     8.1029    46    45     3.9688
   47  9.1304e+10     8.2011    47    46     4.0486
   48  9.0494e+10     8.2191    48    47     4.1285
   49  8.8736e+10     8.2588    49    48     4.2083
   50  6.9118e+10     8.7764    50    49     4.2881
   51  6.7537e+10     8.8255    51    50     4.3678
   52  6.7206e+10     8.8360    52    51     4.4476
   53  5.2704e+10     9.3642    53    52     4.5273
   54  4.5275e+10     9.7057    54    53     4.6070
   55  4.5143e+10     9.7124    55    54     4.6867
   56  4.4992e+10     9.7200    56    55     4.7664
   57  4.4671e+10     9.7363    57    56     4.8460
   58  4.2744e+10     9.8373    58    57     4.9257
   59  4.2348e+10     9.8587    59    58     5.0053
   60  4.1240e+10     9.9199    60    59     5.0849
   61  4.0889e+10     9.9397    61    60     5.1646
   62  3.9758e+10    10.0048    62    61     5.2442
   63  3.9368e+10    10.0278    63    62     5.3238
   64  3.9053e+10    10.0465    64    63     5.4033
   65  3.8827e+10    10.0601    65    64     5.4829
   66  3.8795e+10    10.0620    66    65     5.5625
   67  3.6326e+10    10.2165    67    66     5.6421
   68  3.5956e+10    10.2407    68    67     5.7216
   69  3.5271e+10    10.2863    69    68     5.8012
   70  3.4916e+10    10.3103    70    69     5.8807
   71  3.1785e+10    10.5354    71    70     5.9602
   72  3.1245e+10    10.5769    72    71     6.0398
   73  3.0961e+10    10.5990    73    72     6.1193
   74  3.0398e+10    10.6436    74    73     6.1988
   75  3.0235e+10    10.6567    75    74     6.2783
   76  3.0187e+10    10.6606    76    75     6.3579
   77  2.6063e+10    11.0227    77    76     6.4374
   78  2.5958e+10    11.0328    78    77     6.5169
   79  2.5921e+10    11.0364    79    78     6.5964
   80  2.4714e+10    11.1559    80    79     6.6759
   81  1.2968e+10    12.8651    81    80     6.7554
   82  1.2893e+10    12.8814    82    81     6.8349
   83  1.2632e+10    12.9384    83    82     6.9143
   84  1.2473e+10    12.9740    84    83     6.9938
   85  1.2390e+10    12.9926    85    84     7.0733
   86  1.2218e+10    13.0320    86    85     7.1528
   87  1.1481e+10    13.2077    87    86     7.2323
   88  1.1385e+10    13.2318    88    87     7.3117
   89  9.5137e+09    13.7493    89    88     7.3912
   90  9.1464e+09    13.8647    90    89     7.4707
   91  9.1264e+09    13.8712    91    90     7.5502
   92  8.9361e+09    13.9333    92    91     7.6296
   93  8.6774e+09    14.0201    93    92     7.7091
   94  8.6770e+09    14.0203    94    93     7.7885
   95  8.6441e+09    14.0315    95    94     7.8680
   96  8.2580e+09    14.1675    96    95     7.9475
   97  7.7250e+09    14.3677    97    96     8.0269
   98  6.9811e+09    14.6754    98    97     8.1064
   99  6.9745e+09    14.6783    99    98     8.1858
  100  6.5404e+09    14.8759   100    99     8.2653
