#indx Mass S step-number desc_indx 
    0  3.1600e+12     3.0343     0    -1     0.0134
    1  2.4512e+12     3.2892     1     0     0.1326
    2  2.3249e+12     3.3443     2     1     0.2441
    3  2.2664e+12     3.3711     3     2     0.3500
    4  2.2616e+12     3.3733     4     3     0.4519
    5  1.3313e+12     3.9666     5     4     0.5506
    6  1.3227e+12     3.9743     6     5     0.6467
    7  1.2915e+12     4.0028     7     6     0.7407
    8  1.2416e+12     4.0501     8     7     0.8330
    9  4.9442e+11     5.2767     9     8     0.9238
   10  4.8607e+11     5.3017    10     9     1.0134
   11  4.8523e+11     5.3042    11    10     1.1018
   12  4.8134e+11     5.3160    12    11     1.1894
   13  4.4125e+11     5.4452    13    12     1.2761
   14  2.2673e+11     6.5107    14    13     1.3621
   15  2.2020e+11     6.5607    15    14     1.4474
   16  2.1813e+11     6.5770    16    15     1.5322
   17  2.1776e+11     6.5798    17    16     1.6165
   18  2.1710e+11     6.5851    18    17     1.7003
   19  1.9047e+11     6.8129    19    18     1.7838
   20  1.7154e+11     6.9993    20    19     1.8669
   21  1.7043e+11     7.0109    21    20     1.9496
   22  1.5622e+11     7.1689    22    21     2.0321
   23  1.4151e+11     7.3515    23    22     2.1143
   24  1.2636e+11     7.5646    24    23     2.1963
   25  4.1575e+10     9.9012    25    24     2.2781
   26  4.0874e+10     9.9406    26    25     2.3597
   27  3.9971e+10     9.9924    27    26     2.4411
   28  3.9664e+10    10.0103    28    27     2.5223
   29  3.9179e+10    10.0390    29    28     2.6034
   30  3.7942e+10    10.1140    30    29     2.6844
   31  3.2040e+10    10.5162    31    30     2.7652
   32  3.1872e+10    10.5289    32    31     2.8459
   33  2.2678e+10    11.3738    33    32     2.9266
   34  2.2428e+10    11.4021    34    33     3.0071
   35  2.2347e+10    11.4113    35    34     3.0876
   36  2.1725e+10    11.4837    36    35     3.1680
   37  2.1331e+10    11.5307    37    36     3.2483
   38  2.0940e+10    11.5785    38    37     3.3285
   39  2.0462e+10    11.6383    39    38     3.4087
   40  2.0392e+10    11.6473    40    39     3.4889
   41  2.0117e+10    11.6825    41    40     3.5689
   42  1.9912e+10    11.7091    42    41     3.6490
   43  1.9160e+10    11.8097    43    42     3.7290
   44  1.8254e+10    11.9372    44    43     3.8089
   45  1.7421e+10    12.0611    45    44     3.8889
   46  1.5556e+10    12.3652    46    45     3.9688
   47  1.4928e+10    12.4771    47    46     4.0486
   48  1.4453e+10    12.5655    48    47     4.1285
   49  1.4448e+10    12.5664    49    48     4.2083
   50  1.4440e+10    12.5679    50    49     4.2881
   51  1.4391e+10    12.5773    51    50     4.3678
   52  1.4377e+10    12.5799    52    51     4.4476
   53  9.6705e+09    13.7016    53    52     4.5273
   54  9.6669e+09    13.7027    54    53     4.6070
   55  9.5691e+09    13.7324    55    54     4.6867
   56  9.5656e+09    13.7335    56    55     4.7664
   57  8.2677e+09    14.1640    57    56     4.8460
   58  8.2024e+09    14.1876    58    57     4.9257
   59  7.8650e+09    14.3136    59    58     5.0053
   60  7.5278e+09    14.4458    60    59     5.0849
   61  7.1659e+09    14.5955    61    60     5.1646
   62  7.1144e+09    14.6175    62    61     5.2442
   63  6.8741e+09    14.7227    63    62     5.3238
   64  6.0200e+09    15.1339    64    63     5.4033
   65  5.8937e+09    15.2003    65    64     5.4829
   66  5.8098e+09    15.2453    66    65     5.5625
   67  5.7986e+09    15.2514    67    66     5.6421
   68  5.7118e+09    15.2989    68    67     5.7216
   69  5.6998e+09    15.3056    69    68     5.8012
   70  5.5493e+09    15.3901    70    69     5.8807
   71  5.4004e+09    15.4764    71    70     5.9602
   72  5.3812e+09    15.4878    72    71     6.0398
   73  5.0837e+09    15.6695    73    72     6.1193
   74  4.6799e+09    15.9365    74    73     6.1988
   75  4.6196e+09    15.9786    75    74     6.2783
   76  4.4552e+09    16.0968    76    75     6.3579
   77  4.4198e+09    16.1229    77    76     6.4374
   78  4.3952e+09    16.1412    78    77     6.5169
   79  4.1052e+09    16.3659    79    78     6.5964
   80  4.0072e+09    16.4460    80    79     6.6759
   81  3.7557e+09    16.6621    81    80     6.7554
   82  3.7453e+09    16.6714    82    81     6.8349
   83  3.7190e+09    16.6950    83    82     6.9143
   84  3.4774e+09    16.9215    84    83     6.9938
   85  3.4642e+09    16.9343    85    84     7.0733
   86  3.4346e+09    16.9635    86    85     7.1528
   87  3.4163e+09    16.9816    87    86     7.2323
   88  3.4148e+09    16.9831    88    87     7.3117
   89  3.4051e+09    16.9927    89    88     7.3912
   90  3.3910e+09    17.0069    90    89     7.4707
   91  3.0307e+09    17.3918    91    90     7.5502
   92  2.9969e+09    17.4306    92    91     7.6296
   93  2.4370e+09    18.1564    93    92     7.7091
   94  2.4333e+09    18.1617    94    93     7.7885
   95  2.2199e+09    18.4907    95    94     7.8680
   96  2.1873e+09    18.5442    96    95     7.9475
   97  2.1607e+09    18.5883    97    96     8.0269
   98  9.3264e+08    21.8085    98    97     8.1064
   99  9.0291e+08    21.9400    99    98     8.1858
  100  9.0275e+08    21.9407   100    99     8.2653
