#indx Mass S step-number desc_indx 
    0  3.1600e+12     3.0343     0    -1     0.0134
    1  3.0586e+12     3.0662     1     0     0.1326
    2  2.8762e+12     3.1270     2     1     0.2441
    3  2.6975e+12     3.1913     3     2     0.3500
    4  2.6642e+12     3.2039     4     3     0.4519
    5  2.3587e+12     3.3292     5     4     0.5506
    6  2.2097e+12     3.3978     6     5     0.6467
    7  2.1796e+12     3.4124     7     6     0.7407
    8  2.1757e+12     3.4143     8     7     0.8330
    9  2.1484e+12     3.4277     9     8     0.9238
   10  1.7865e+12     3.6286    10     9     1.0134
   11  1.7809e+12     3.6321    11    10     1.1018
   12  1.6580e+12     3.7123    12    11     1.1894
   13  1.5434e+12     3.7939    13    12     1.2761
   14  1.4174e+12     3.8927    14    13     1.3621
   15  8.4002e+11     4.5417    15    14     1.4474
   16  8.2952e+11     4.5582    16    15     1.5322
   17  8.1881e+11     4.5753    17    16     1.6165
   18  7.5243e+11     4.6878    18    17     1.7003
   19  7.3158e+11     4.7256    19    18     1.7838
   20  6.4470e+11     4.8986    20    19     1.8669
   21  6.2987e+11     4.9309    21    20     1.9496
   22  5.2789e+11     5.1815    22    21     2.0321
   23  5.2700e+11     5.1839    23    22     2.1143
   24  5.1931e+11     5.2052    24    23     2.1963
   25  4.9787e+11     5.2665    25    24     2.2781
   26  4.9636e+11     5.2710    26    25     2.3597
   27  4.7117e+11     5.3475    27    26     2.4411
   28  4.2784e+11     5.4915    28    27     2.5223
   29  3.9210e+11     5.6241    29    28     2.6034
   30  3.9096e+11     5.6286    30    29     2.6844
   31  3.7129e+11     5.7082    31    30     2.7652
   32  3.4355e+11     5.8295    32    31     2.8459
   33  3.3568e+11     5.8661    33    32     2.9266
   34  3.2774e+11     5.9040    34    33     3.0071
   35  3.2603e+11     5.9123    35    34     3.0876
   36  3.2443e+11     5.9201    36    35     3.1680
   37  3.2430e+11     5.9208    37    36     3.2483
   38  3.0495e+11     6.0193    38    37     3.3285
   39  1.8215e+11     6.8921    39    38     3.4087
   40  1.8143e+11     6.8991    40    39     3.4889
   41  1.7038e+11     7.0115    41    40     3.5689
   42  1.6452e+11     7.0747    42    41     3.6490
   43  1.3838e+11     7.3932    43    42     3.7290
   44  7.9538e+10     8.4827    44    43     3.8089
   45  7.8481e+10     8.5104    45    44     3.8889
   46  7.8249e+10     8.5165    46    45     3.9688
   47  7.6177e+10     8.5722    47    46     4.0486
   48  7.4414e+10     8.6211    48    47     4.1285
   49  7.3246e+10     8.6542    49    48     4.2083
   50  7.3034e+10     8.6603    50    49     4.2881
   51  7.2064e+10     8.6884    51    50     4.3678
   52  6.3711e+10     8.9501    52    51     4.4476
   53  3.1116e+10    10.5870    53    52     4.5273
   54  1.9752e+10    11.7302    54    53     4.6070
   55  1.9718e+10    11.7347    55    54     4.6867
   56  1.9244e+10    11.7983    56    55     4.7664
   57  1.8503e+10    11.9014    57    56     4.8460
   58  1.8322e+10    11.9275    58    57     4.9257
   59  1.8283e+10    11.9330    59    58     5.0053
   60  1.6650e+10    12.1820    60    59     5.0849
   61  1.6454e+10    12.2137    61    60     5.1646
   62  1.6230e+10    12.2505    62    61     5.2442
   63  1.6183e+10    12.2584    63    62     5.3238
   64  1.2767e+10    12.9088    64    63     5.4033
   65  1.2595e+10    12.9466    65    64     5.4829
   66  1.1432e+10    13.2200    66    65     5.5625
   67  1.1415e+10    13.2243    67    66     5.6421
   68  1.1365e+10    13.2365    68    67     5.7216
   69  1.1360e+10    13.2380    69    68     5.8012
   70  1.1016e+10    13.3256    70    69     5.8807
   71  1.0998e+10    13.3301    71    70     5.9602
   72  1.0975e+10    13.3363    72    71     6.0398
   73  1.0952e+10    13.3423    73    72     6.1193
   74  1.0922e+10    13.3500    74    73     6.1988
   75  1.0819e+10    13.3772    75    74     6.2783
   76  1.0802e+10    13.3817    76    75     6.3579
   77  1.0682e+10    13.4137    77    76     6.4374
   78  1.0333e+10    13.5094    78    77     6.5169
   79  1.0258e+10    13.5305    79    78     6.5964
   80  1.0237e+10    13.5362    80    79     6.6759
   81  1.0215e+10    13.5425    81    80     6.7554
   82  1.0094e+10    13.5771    82    81     6.8349
   83  1.0060e+10    13.5868    83    82     6.9143
   84  9.7408e+09    13.6805    84    83     6.9938
   85  9.7121e+09    13.6891    85    84     7.0733
   86  9.5966e+09    13.7240    86    85     7.1528
   87  6.9848e+09    14.6737    87    86     7.2323
   88  6.9028e+09    14.7099    88    87     7.3117
   89  6.7706e+09    14.7693    89    88     7.3912
   90  6.7401e+09    14.7832    90    89     7.4707
   91  6.1675e+09    15.0582    91    90     7.5502
   92  3.7247e+09    16.6899    92    91     7.6296
   93  3.6160e+09    16.7895    93    92     7.7091
   94  3.6083e+09    16.7967    94    93     7.7885
   95  2.9992e+09    17.4279    95    94     7.8680
   96  2.9566e+09    17.4774    96    95     7.9475
   97  2.8490e+09    17.6063    97    96     8.0269
   98  2.8307e+09    17.6287    98    97     8.1064
   99  2.8061e+09    17.6592    99    98     8.1858
  100  2.8041e+09    17.6617   100    99     8.2653
