#indx Mass S step-number desc_indx 
    0  3.1600e+12     3.0343     0    -1     0.0134
    1  2.4570e+12     3.2868     1     0     0.1326
    2  1.0133e+12     4.3005     2     1     0.2441
    3  1.0041e+12     4.3121     3     2     0.3500
    4  9.8316e+11     4.3387     4     3     0.4519
    5  9.4753e+11     4.3857     5     4     0.5506
    6  9.0958e+11     4.4382     6     5     0.6467
    7  7.3925e+11     4.7115     7     6     0.7407
    8  4.7402e+11     5.3386     8     7     0.8330
    9  4.7042e+11     5.3499     9     8     0.9238
   10  3.8818e+11     5.6395    10     9     1.0134
   11  3.7111e+11     5.7089    11    10     1.1018
   12  3.6868e+11     5.7191    12    11     1.1894
   13  3.0327e+11     6.0282    13    12     1.2761
   14  3.0195e+11     6.0352    14    13     1.3621
   15  2.6167e+11     6.2696    15    14     1.4474
   16  2.5993e+11     6.2807    16    15     1.5322
   17  2.5678e+11     6.3010    17    16     1.6165
   18  2.4373e+11     6.3882    18    17     1.7003
   19  2.4162e+11     6.4029    19    18     1.7838
   20  2.3817e+11     6.4272    20    19     1.8669
   21  2.2688e+11     6.5096    21    20     1.9496
   22  2.2553e+11     6.5198    22    21     2.0321
   23  2.2072e+11     6.5567    23    22     2.1143
   24  2.1230e+11     6.6236    24    23     2.1963
   25  2.0691e+11     6.6681    25    24     2.2781
   26  1.9651e+11     6.7581    26    25     2.3597
   27  1.9438e+11     6.7772    27    26     2.4411
   28  1.8624e+11     6.8526    28    27     2.5223
   29  1.8376e+11     6.8764    29    28     2.6034
   30  1.6587e+11     7.0599    30    29     2.6844
   31  1.6572e+11     7.0615    31    30     2.7652
   32  1.6475e+11     7.0722    32    31     2.8459
   33  1.6385e+11     7.0821    33    32     2.9266
   34  1.6357e+11     7.0853    34    33     3.0071
   35  1.6294e+11     7.0922    35    34     3.0876
   36  1.6147e+11     7.1087    36    35     3.1680
   37  1.5253e+11     7.2128    37    36     3.2483
   38  1.5098e+11     7.2315    38    37     3.3285
   39  1.4934e+11     7.2517    39    38     3.4087
   40  2.4609e+10    11.1666    40    39     3.4889
   41  2.4541e+10    11.1736    41    40     3.5689
   42  2.4528e+10    11.1749    42    41     3.6490
   43  2.4429e+10    11.1851    43    42     3.7290
   44  2.4365e+10    11.1917    44    43     3.8089
   45  2.0118e+10    11.6823    45    44     3.8889
   46  1.7511e+10    12.0473    46    45     3.9688
   47  1.7488e+10    12.0508    47    46     4.0486
   48  1.7455e+10    12.0558    48    47     4.1285
   49  1.7051e+10    12.1182    49    48     4.2083
   50  1.6837e+10    12.1521    50    49     4.2881
   51  1.6815e+10    12.1555    51    50     4.3678
   52  1.6699e+10    12.1740    52    51     4.4476
   53  1.5911e+10    12.3042    53    52     4.5273
   54  1.5477e+10    12.3789    54    53     4.6070
   55  1.5415e+10    12.3899    55    54     4.6867
   56  1.2585e+10    12.9488    56    55     4.7664
   57  1.2581e+10    12.9497    57    56     4.8460
   58  1.2327e+10    13.0069    58    57     4.9257
   59  1.2127e+10    13.0530    59    58     5.0053
   60  1.1930e+10    13.0993    60    59     5.0849
   61  1.1894e+10    13.1076    61    60     5.1646
   62  1.0147e+10    13.5620    62    61     5.2442
   63  1.0137e+10    13.5648    63    62     5.3238
   64  1.0101e+10    13.5749    64    63     5.4033
   65  9.4748e+09    13.7613    65    64     5.4829
   66  9.3326e+09    13.8056    66    65     5.5625
   67  8.3090e+09    14.1491    67    66     5.6421
   68  8.3010e+09    14.1520    68    67     5.7216
   69  4.6392e+09    15.9649    69    68     5.8012
   70  4.6267e+09    15.9736    70    69     5.8807
   71  4.6034e+09    15.9900    71    70     5.9602
   72  4.5651e+09    16.0173    72    71     6.0398
   73  4.5285e+09    16.0435    73    72     6.1193
   74  4.5203e+09    16.0494    74    73     6.1988
   75  4.4710e+09    16.0852    75    74     6.2783
   76  4.1170e+09    16.3564    76    75     6.3579
   77  4.0626e+09    16.4004    77    76     6.4374
   78  3.5549e+09    16.8469    78    77     6.5169
   79  3.0979e+09    17.3161    79    78     6.5964
   80  3.0619e+09    17.3565    80    79     6.6759
   81  2.9844e+09    17.4450    81    80     6.7554
   82  1.8116e+09    19.2341    82    81     6.8349
   83  1.7772e+09    19.3052    83    82     6.9143
   84  1.7698e+09    19.3207    84    83     6.9938
   85  1.7596e+09    19.3423    85    84     7.0733
   86  1.5801e+09    19.7456    86    85     7.1528
   87  1.5463e+09    19.8274    87    86     7.2323
   88  1.4575e+09    20.0524    88    87     7.3117
   89  1.4564e+09    20.0554    89    88     7.3912
   90  1.4315e+09    20.1212    90    89     7.4707
   91  1.4250e+09    20.1387    91    90     7.5502
   92  1.4107e+09    20.1773    92    91     7.6296
   93  1.4073e+09    20.1866    93    92     7.7091
   94  1.4060e+09    20.1903    94    93     7.7885
   95  1.3933e+09    20.2249    95    94     7.8680
   96  1.3913e+09    20.2306    96    95     7.9475
   97  7.3048e+08    22.8136    97    96     8.0269
   98  7.2539e+08    22.8429    98    97     8.1064
   99  6.3932e+08    23.3755    99    98     8.1858
  100  6.0703e+08    23.5964   100    99     8.2653
