#indx Mass S step-number desc_indx 
    0  3.1600e+12     3.0343     0    -1     0.0134
    1  2.4101e+12     3.3068     1     0     0.1326
    2  2.3406e+12     3.3372     2     1     0.2441
    3  2.3280e+12     3.3429     3     2     0.3500
    4  2.1438e+12     3.4300     4     3     0.4519
    5  2.1280e+12     3.4379     5     4     0.5506
    6  2.0743e+12     3.4653     6     5     0.6467
    7  1.7689e+12     3.6396     7     6     0.7407
    8  1.7586e+12     3.6461     8     7     0.8330
    9  1.5090e+12     3.8199     9     8     0.9238
   10  1.2613e+12     4.0312    10     9     1.0134
   11  1.2341e+12     4.0574    11    10     1.1018
   12  1.0214e+12     4.2905    12    11     1.1894
   13  1.0060e+12     4.3096    13    12     1.2761
   14  9.9727e+11     4.3207    14    13     1.3621
   15  8.5866e+11     4.5130    15    14     1.4474
   16  8.3054e+11     4.5566    16    15     1.5322
   17  8.2274e+11     4.5690    17    16     1.6165
   18  7.8929e+11     4.6239    18    17     1.7003
   19  7.8618e+11     4.6292    19    18     1.7838
   20  7.2312e+11     4.7413    20    19     1.8669
   21  6.9713e+11     4.7911    21    20     1.9496
   22  6.5428e+11     4.8782    22    21     2.0321
   23  5.7260e+11     5.0650    23    22     2.1143
   24  4.9566e+11     5.2730    24    23     2.1963
   25  4.7378e+11     5.3394    25    24     2.2781
   26  4.6402e+11     5.3702    26    25     2.3597
   27  4.5629e+11     5.3951    27    26     2.4411
   28  4.4918e+11     5.4185    28    27     2.5223
   29  4.4720e+11     5.4251    29    28     2.6034
   30  4.4047e+11     5.4478    30    29     2.6844
   31  4.3687e+11     5.4601    31    30     2.7652
   32  4.3013e+11     5.4835    32    31     2.8459
   33  4.1041e+11     5.5544    33    32     2.9266
   34  4.0365e+11     5.5797    34    33     3.0071
   35  3.9589e+11     5.6094    35    34     3.0876
   36  3.9219e+11     5.6237    36    35     3.1680
   37  3.6498e+11     5.7348    37    36     3.2483
   38  3.6463e+11     5.7363    38    37     3.3285
   39  3.2183e+11     5.9329    39    38     3.4087
   40  3.1865e+11     5.9488    40    39     3.4889
   41  3.1494e+11     5.9675    41    40     3.5689
   42  3.1281e+11     5.9784    42    41     3.6490
   43  3.0960e+11     5.9949    43    42     3.7290
   44  3.0678e+11     6.0097    44    43     3.8089
   45  2.9545e+11     6.0704    45    44     3.8889
   46  2.8827e+11     6.1104    46    45     3.9688
   47  2.8270e+11     6.1423    47    46     4.0486
   48  2.7922e+11     6.1625    48    47     4.1285
   49  2.5543e+11     6.3097    49    48     4.2083
   50  2.5277e+11     6.3272    50    49     4.2881
   51  2.5183e+11     6.3334    51    50     4.3678
   52  2.5130e+11     6.3370    52    51     4.4476
   53  2.5112e+11     6.3381    53    52     4.5273
   54  2.3267e+11     6.4667    54    53     4.6070
   55  2.2945e+11     6.4904    55    54     4.6867
   56  2.2787e+11     6.5022    56    55     4.7664
   57  2.1400e+11     6.6098    57    56     4.8460
   58  2.1376e+11     6.6118    58    57     4.9257
   59  2.1301e+11     6.6178    59    58     5.0053
   60  2.0241e+11     6.7064    60    59     5.0849
   61  1.9982e+11     6.7288    61    60     5.1646
   62  1.7230e+11     6.9913    62    61     5.2442
   63  1.6906e+11     7.0255    63    62     5.3238
   64  1.6881e+11     7.0282    64    63     5.4033
   65  1.6387e+11     7.0819    65    64     5.4829
   66  1.6273e+11     7.0945    66    65     5.5625
   67  1.1737e+11     7.7059    67    66     5.6421
   68  1.1615e+11     7.7260    68    67     5.7216
   69  1.1598e+11     7.7290    69    68     5.8012
   70  1.1113e+11     7.8118    70    69     5.8807
   71  1.0989e+11     7.8336    71    70     5.9602
   72  1.0779e+11     7.8714    72    71     6.0398
   73  9.3535e+10     8.1525    73    72     6.1193
   74  8.5859e+10     8.3258    74    73     6.1988
   75  8.2323e+10     8.4118    75    74     6.2783
   76  8.1590e+10     8.4302    76    75     6.3579
   77  6.1220e+10     9.0361    77    76     6.4374
   78  6.0507e+10     9.0615    78    77     6.5169
   79  4.8772e+10     9.5374    79    78     6.5964
   80  4.8378e+10     9.5556    80    79     6.6759
   81  4.6540e+10     9.6431    81    80     6.7554
   82  4.5479e+10     9.6955    82    81     6.8349
   83  4.4672e+10     9.7363    83    82     6.9143
   84  4.3964e+10     9.7728    84    83     6.9938
   85  4.3252e+10     9.8102    85    84     7.0733
   86  4.2461e+10     9.8526    86    85     7.1528
   87  4.1942e+10     9.8809    87    86     7.2323
   88  3.7304e+10    10.1539    88    87     7.3117
   89  3.7171e+10    10.1623    89    88     7.3912
   90  3.4101e+10    10.3666    90    89     7.4707
   91  3.3950e+10    10.3772    91    90     7.5502
   92  3.3529e+10    10.4071    92    91     7.6296
   93  3.2536e+10    10.4791    93    92     7.7091
   94  3.2113e+10    10.5107    94    93     7.7885
   95  3.2100e+10    10.5117    95    94     7.8680
   96  3.0648e+10    10.6237    96    95     7.9475
   97  3.0618e+10    10.6261    97    96     8.0269
   98  3.0226e+10    10.6574    98    97     8.1064
   99  3.0151e+10    10.6635    99    98     8.1858
  100  2.9566e+10    10.7113   100    99     8.2653
