#indx Mass S step-number desc_indx 
    0  3.1600e+12     3.0343     0    -1     0.0134
    1  2.7823e+12     3.1601     1     0     0.1326
    2  2.7504e+12     3.1717     2     1     0.2441
    3  2.7200e+12     3.1830     3     2     0.3500
    4  2.5170e+12     3.2619     4     3     0.4519
    5  2.0635e+12     3.4709     5     4     0.5506
    6  2.0381e+12     3.4842     6     5     0.6467
    7  2.0071e+12     3.5008     7     6     0.7407
    8  1.9593e+12     3.5270     8     7     0.8330
    9  1.8445e+12     3.5932     9     8     0.9238
   10  1.8166e+12     3.6100    10     9     1.0134
   11  1.7820e+12     3.6314    11    10     1.1018
   12  1.3214e+12     3.9755    12    11     1.1894
   13  1.2358e+12     4.0558    13    12     1.2761
   14  1.1648e+12     4.1276    14    13     1.3621
   15  1.1528e+12     4.1402    15    14     1.4474
   16  1.1261e+12     4.1690    16    15     1.5322
   17  1.1243e+12     4.1711    17    16     1.6165
   18  1.0640e+12     4.2393    18    17     1.7003
   19  8.2783e+11     4.5609    19    18     1.7838
   20  7.8812e+11     4.6259    20    19     1.8669
   21  7.4284e+11     4.7050    21    20     1.9496
   22  4.3298e+11     5.4735    22    21     2.0321
   23  4.1435e+11     5.5400    23    22     2.1143
   24  3.9670e+11     5.6062    24    23     2.1963
   25  3.8144e+11     5.6665    25    24     2.2781
   26  3.7763e+11     5.6820    26    25     2.3597
   27  3.7146e+11     5.7075    27    26     2.4411
   28  3.6537e+11     5.7331    28    27     2.5223
   29  3.6072e+11     5.7531    29    28     2.6034
   30  3.5776e+11     5.7659    30    29     2.6844
   31  1.8658e+11     6.8494    31    30     2.7652
   32  1.8278e+11     6.8859    32    31     2.8459
   33  1.3267e+11     7.4723    33    32     2.9266
   34  1.2848e+11     7.5331    34    33     3.0071
   35  1.2118e+11     7.6446    35    34     3.0876
   36  9.9026e+10     8.0386    36    35     3.1680
   37  9.8237e+10     8.0545    37    36     3.2483
   38  9.6426e+10     8.0916    38    37     3.3285
   39  9.6019e+10     8.1000    39    38     3.4087
   40  9.5009e+10     8.1212    40    39     3.4889
   41  6.3351e+10     8.9623    41    40     3.5689
   42  6.0933e+10     9.0462    42    41     3.6490
   43  5.9224e+10     9.1079    43    42     3.7290
   44  5.4355e+10     9.2959    44    43     3.8089
   45  4.0945e+10     9.9365    45    44     3.8889
   46  4.0751e+10     9.9475    46    45     3.9688
   47  3.9437e+10    10.0237    47    46     4.0486
   48  3.8540e+10    10.0774    48    47     4.1285
   49  3.4198e+10    10.3598    49    48     4.2083
   50  2.4538e+10    11.1740    50    49     4.2881
   51  2.1576e+10    11.5014    51    50     4.3678
   52  2.1534e+10    11.5064    52    51     4.4476
   53  2.1448e+10    11.5166    53    52     4.5273
   54  2.1308e+10    11.5335    54    53     4.6070
   55  2.1136e+10    11.5545    55    54     4.6867
   56  2.0581e+10    11.6233    56    55     4.7664
   57  1.5866e+10    12.3117    57    56     4.8460
   58  1.5800e+10    12.3230    58    57     4.9257
   59  1.5452e+10    12.3834    59    58     5.0053
   60  1.5189e+10    12.4299    60    59     5.0849
   61  1.1845e+10    13.1194    61    60     5.1646
   62  6.3620e+09    14.9616    62    61     5.2442
   63  6.3192e+09    14.9826    63    62     5.3238
   64  6.3162e+09    14.9840    64    63     5.4033
   65  6.3012e+09    14.9914    65    64     5.4829
   66  6.1885e+09    15.0476    66    65     5.5625
   67  6.1881e+09    15.0478    67    66     5.6421
   68  6.1318e+09    15.0763    68    67     5.7216
   69  6.0567e+09    15.1148    69    68     5.8012
   70  6.0188e+09    15.1345    70    69     5.8807
   71  5.1531e+09    15.6259    71    70     5.9602
   72  5.0877e+09    15.6669    72    71     6.0398
   73  5.0308e+09    15.7030    73    72     6.1193
   74  4.8193e+09    15.8414    74    73     6.1988
   75  4.7026e+09    15.9208    75    74     6.2783
   76  4.6913e+09    15.9286    76    75     6.3579
   77  4.6783e+09    15.9376    77    76     6.4374
   78  4.6637e+09    15.9478    78    77     6.5169
   79  4.6587e+09    15.9512    79    78     6.5964
   80  4.5212e+09    16.0488    80    79     6.6759
   81  4.5180e+09    16.0510    81    80     6.7554
   82  4.5103e+09    16.0567    82    81     6.8349
   83  4.4603e+09    16.0931    83    82     6.9143
   84  4.1286e+09    16.3470    84    83     6.9938
   85  4.1060e+09    16.3652    85    84     7.0733
   86  4.0677e+09    16.3963    86    85     7.1528
   87  3.9803e+09    16.4683    87    86     7.2323
   88  3.9798e+09    16.4687    88    87     7.3117
   89  3.9707e+09    16.4763    89    88     7.3912
   90  3.9602e+09    16.4852    90    89     7.4707
   91  3.8627e+09    16.5682    91    90     7.5502
   92  3.8525e+09    16.5770    92    91     7.6296
   93  2.9484e+09    17.4870    93    92     7.7091
   94  2.9345e+09    17.5035    94    93     7.7885
   95  2.8850e+09    17.5625    95    94     7.8680
   96  2.8348e+09    17.6237    96    95     7.9475
   97  2.8068e+09    17.6583    97    96     8.0269
   98  2.7420e+09    17.7400    98    97     8.1064
   99  2.7195e+09    17.7688    99    98     8.1858
  100  2.6735e+09    17.8286   100    99     8.2653
