#indx Mass S step-number desc_indx 
    0  3.1600e+12     3.0343     0    -1     0.0134
    1  3.0976e+12     3.0537     1     0     0.1326
    2  3.0338e+12     3.0741     2     1     0.2441
    3  3.0107e+12     3.0817     3     2     0.3500
    4  2.9710e+12     3.0948     4     3     0.4519
    5  2.9228e+12     3.1110     5     4     0.5506
    6  2.9059e+12     3.1168     6     5     0.6467
    7  2.7993e+12     3.1540     7     6     0.7407
    8  2.4414e+12     3.2934     8     7     0.8330
    9  2.3653e+12     3.3263     9     8     0.9238
   10  2.3621e+12     3.3277    10     9     1.0134
   11  2.2973e+12     3.3568    11    10     1.1018
   12  2.2433e+12     3.3819    12    11     1.1894
   13  2.1207e+12     3.4415    13    12     1.2761
   14  1.7716e+12     3.6379    14    13     1.3621
   15  1.6375e+12     3.7264    15    14     1.4474
   16  1.5426e+12     3.7945    16    15     1.5322
   17  1.2271e+12     4.0642    17    16     1.6165
   18  1.1619e+12     4.1306    18    17     1.7003
   19  1.0447e+12     4.2623    19    18     1.7838
   20  8.6511e+11     4.5032    20    19     1.8669
   21  6.6796e+11     4.8496    21    20     1.9496
   22  6.6219e+11     4.8616    22    21     2.0321
   23  5.4278e+11     5.1414    23    22     2.1143
   24  3.6628e+11     5.7293    24    23     2.1963
   25  3.4607e+11     5.8180    25    24     2.2781
   26  3.3959e+11     5.8477    26    25     2.3597
   27  3.2867e+11     5.8995    27    26     2.4411
   28  3.2796e+11     5.9029    28    27     2.5223
   29  3.2620e+11     5.9114    29    28     2.6034
   30  3.2376e+11     5.9234    30    29     2.6844
   31  2.6057e+11     6.2766    31    30     2.7652
   32  2.5395e+11     6.3194    32    31     2.8459
   33  2.5219e+11     6.3311    33    32     2.9266
   34  2.4787e+11     6.3600    34    33     3.0071
   35  2.4334e+11     6.3910    35    34     3.0876
   36  2.4193e+11     6.4007    36    35     3.1680
   37  2.4176e+11     6.4019    37    36     3.2483
   38  2.2181e+11     6.5482    38    37     3.3285
   39  2.1870e+11     6.5725    39    38     3.4087
   40  2.1767e+11     6.5806    40    39     3.4889
   41  2.1686e+11     6.5870    41    40     3.5689
   42  2.0841e+11     6.6556    42    41     3.6490
   43  2.0814e+11     6.6578    43    42     3.7290
   44  2.0567e+11     6.6785    44    43     3.8089
   45  2.0103e+11     6.7183    45    44     3.8889
   46  2.0087e+11     6.7197    46    45     3.9688
   47  1.9894e+11     6.7365    47    46     4.0486
   48  1.9548e+11     6.7673    48    47     4.1285
   49  1.6900e+11     7.0261    49    48     4.2083
   50  1.4778e+11     7.2711    50    49     4.2881
   51  1.4661e+11     7.2858    51    50     4.3678
   52  1.4565e+11     7.2979    52    51     4.4476
   53  7.8186e+10     8.5182    53    52     4.5273
   54  7.7713e+10     8.5308    54    53     4.6070
   55  7.5651e+10     8.5867    55    54     4.6867
   56  7.4125e+10     8.6292    56    55     4.7664
   57  7.2557e+10     8.6740    57    56     4.8460
   58  7.2298e+10     8.6815    58    57     4.9257
   59  6.6820e+10     8.8482    59    58     5.0053
   60  6.6657e+10     8.8534    60    59     5.0849
   61  6.5076e+10     8.9047    61    60     5.1646
   62  6.3290e+10     8.9644    62    61     5.2442
   63  6.3163e+10     8.9687    63    62     5.3238
   64  6.2591e+10     8.9883    64    63     5.4033
   65  6.0445e+10     9.0636    65    64     5.4829
   66  5.8673e+10     9.1283    66    65     5.5625
   67  5.4284e+10     9.2988    67    66     5.6421
   68  4.8692e+10     9.5411    68    67     5.7216
   69  4.8496e+10     9.5501    69    68     5.8012
   70  3.4104e+10    10.3664    70    69     5.8807
   71  3.2139e+10    10.5088    71    70     5.9602
   72  3.0636e+10    10.6247    72    71     6.0398
   73  2.9740e+10    10.6970    73    72     6.1193
   74  2.9299e+10    10.7335    74    73     6.1988
   75  2.9213e+10    10.7407    75    74     6.2783
   76  2.8082e+10    10.8377    76    75     6.3579
   77  2.8030e+10    10.8423    77    76     6.4374
   78  2.7423e+10    10.8964    78    77     6.5169
   79  2.6729e+10    10.9599    79    78     6.5964
   80  2.6676e+10    10.9649    80    79     6.6759
   81  1.9748e+10    11.7307    81    80     6.7554
   82  1.8123e+10    11.9563    82    81     6.8349
   83  1.8034e+10    11.9694    83    82     6.9143
   84  1.8011e+10    11.9727    84    83     6.9938
   85  1.7875e+10    11.9928    85    84     7.0733
   86  1.7861e+10    11.9948    86    85     7.1528
   87  1.7646e+10    12.0269    87    86     7.2323
   88  1.7141e+10    12.1042    88    87     7.3117
   89  1.6994e+10    12.1273    89    88     7.3912
   90  1.6959e+10    12.1327    90    89     7.4707
   91  1.6780e+10    12.1612    91    90     7.5502
   92  1.6706e+10    12.1730    92    91     7.6296
   93  1.6630e+10    12.1852    93    92     7.7091
   94  1.5255e+10    12.4182    94    93     7.7885
   95  1.3959e+10    12.6611    95    94     7.8680
   96  1.3751e+10    12.7026    96    95     7.9475
   97  1.3710e+10    12.7106    97    96     8.0269
   98  1.3705e+10    12.7117    98    97     8.1064
   99  1.3632e+10    12.7265    99    98     8.1858
  100  1.3607e+10    12.7315   100    99     8.2653
