#indx Mass S step-number desc_indx 
    0  3.1600e+12     3.0343     0    -1     0.0134
    1  3.0117e+12     3.0813     1     0     0.1326
    2  2.9775e+12     3.0926     2     1     0.2441
    3  2.8762e+12     3.1270     3     2     0.3500
    4  2.7117e+12     3.1860     4     3     0.4519
    5  2.6919e+12     3.1934     5     4     0.5506
    6  2.5298e+12     3.2567     6     5     0.6467
    7  2.5013e+12     3.2684     7     6     0.7407
    8  2.4097e+12     3.3069     8     7     0.8330
    9  2.3033e+12     3.3541     9     8     0.9238
   10  1.7984e+12     3.6212    10     9     1.0134
   11  1.5727e+12     3.7723    11    10     1.1018
   12  1.4450e+12     3.8702    12    11     1.1894
   13  1.2783e+12     4.0151    13    12     1.2761
   14  1.2476e+12     4.0443    14    13     1.3621
   15  1.2396e+12     4.0520    15    14     1.4474
   16  1.2070e+12     4.0842    16    15     1.5322
   17  1.1599e+12     4.1328    17    16     1.6165
   18  1.1426e+12     4.1512    18    17     1.7003
   19  2.0879e+11     6.6524    19    18     1.7838
   20  2.0660e+11     6.6707    20    19     1.8669
   21  1.8049e+11     6.9083    21    20     1.9496
   22  1.5946e+11     7.1315    22    21     2.0321
   23  1.5714e+11     7.1583    23    22     2.1143
   24  1.5117e+11     7.2293    24    23     2.1963
   25  1.5081e+11     7.2336    25    24     2.2781
   26  1.4753e+11     7.2742    26    25     2.3597
   27  1.4720e+11     7.2784    27    26     2.4411
   28  1.4638e+11     7.2887    28    27     2.5223
   29  1.4216e+11     7.3430    29    28     2.6034
   30  1.3250e+11     7.4748    30    29     2.6844
   31  1.3056e+11     7.5026    31    30     2.7652
   32  1.3027e+11     7.5068    32    31     2.8459
   33  1.2791e+11     7.5414    33    32     2.9266
   34  1.2724e+11     7.5514    34    33     3.0071
   35  1.2631e+11     7.5653    35    34     3.0876
   36  1.2353e+11     7.6079    36    35     3.1680
   37  1.0363e+11     7.9487    37    36     3.2483
   38  1.0326e+11     7.9557    38    37     3.3285
   39  1.0119e+11     7.9956    39    38     3.4087
   40  8.5641e+10     8.3309    40    39     3.4889
   41  8.2724e+10     8.4018    41    40     3.5689
   42  8.2629e+10     8.4042    42    41     3.6490
   43  8.1036e+10     8.4442    43    42     3.7290
   44  7.9778e+10     8.4765    44    43     3.8089
   45  7.6227e+10     8.5709    45    44     3.8889
   46  7.5841e+10     8.5815    46    45     3.9688
   47  7.4038e+10     8.6317    47    46     4.0486
   48  4.6796e+10     9.6307    48    47     4.1285
   49  4.0844e+10     9.9423    49    48     4.2083
   50  3.8729e+10    10.0660    50    49     4.2881
   51  3.8717e+10    10.0667    51    50     4.3678
   52  3.8540e+10    10.0774    52    51     4.4476
   53  3.7950e+10    10.1135    53    52     4.5273
   54  3.7735e+10    10.1268    54    53     4.6070
   55  3.7614e+10    10.1344    55    54     4.6867
   56  3.7325e+10    10.1526    56    55     4.7664
   57  3.7270e+10    10.1560    57    56     4.8460
   58  3.5888e+10    10.2452    58    57     4.9257
   59  3.5274e+10    10.2861    59    58     5.0053
   60  3.4839e+10    10.3156    60    59     5.0849
   61  3.2689e+10    10.4679    61    60     5.1646
   62  3.2593e+10    10.4750    62    61     5.2442
   63  2.5949e+10    11.0336    63    62     5.3238
   64  2.4565e+10    11.1712    64    63     5.4033
   65  2.3455e+10    11.2880    65    64     5.4829
   66  2.2986e+10    11.3394    66    65     5.5625
   67  2.2868e+10    11.3524    67    66     5.6421
   68  2.2644e+10    11.3776    68    67     5.7216
   69  2.1902e+10    11.4628    69    68     5.8012
   70  2.1152e+10    11.5525    70    69     5.8807
   71  2.0484e+10    11.6356    71    70     5.9602
   72  1.9545e+10    11.7576    72    71     6.0398
   73  1.9161e+10    11.8096    73    72     6.1193
   74  1.9003e+10    11.8313    74    73     6.1988
   75  1.8905e+10    11.8448    75    74     6.2783
   76  1.7741e+10    12.0127    76    75     6.3579
   77  1.5053e+10    12.4544    77    76     6.4374
   78  1.4310e+10    12.5928    78    77     6.5169
   79  1.4052e+10    12.6428    79    78     6.5964
   80  7.1321e+09    14.6099    80    79     6.6759
   81  7.0180e+09    14.6592    81    80     6.7554
   82  6.9904e+09    14.6713    82    81     6.8349
   83  6.8552e+09    14.7312    83    82     6.9143
   84  6.8276e+09    14.7435    84    83     6.9938
   85  6.7372e+09    14.7845    85    84     7.0733
   86  6.6256e+09    14.8360    86    85     7.1528
   87  6.6208e+09    14.8382    87    86     7.2323
   88  6.5692e+09    14.8624    88    87     7.3117
   89  6.5488e+09    14.8720    89    88     7.3912
   90  6.5252e+09    14.8832    90    89     7.4707
   91  6.4994e+09    14.8954    91    90     7.5502
   92  6.4653e+09    14.9117    92    91     7.6296
   93  6.3457e+09    14.9696    93    92     7.7091
   94  6.3347e+09    14.9750    94    93     7.7885
   95  6.2643e+09    15.0097    95    94     7.8680
   96  6.2355e+09    15.0240    96    95     7.9475
   97  6.1046e+09    15.0902    97    96     8.0269
   98  5.9991e+09    15.1447    98    97     8.1064
   99  5.9586e+09    15.1659    99    98     8.1858
  100  5.8971e+09    15.1984   100    99     8.2653
