#indx Mass S step-number desc_indx 
    0  3.1600e+12     3.0343     0    -1     0.0134
    1  2.9604e+12     3.0983     1     0     0.1326
    2  2.7805e+12     3.1608     2     1     0.2441
    3  2.6465e+12     3.2107     3     2     0.3500
    4  6.8581e+11     4.8134     4     3     0.4519
    5  6.8479e+11     4.8155     5     4     0.5506
    6  6.5910e+11     4.8680     6     5     0.6467
    7  6.4052e+11     4.9076     7     6     0.7407
    8  6.3409e+11     4.9216     8     7     0.8330
    9  6.2338e+11     4.9454     9     8     0.9238
   10  6.1616e+11     4.9617    10     9     1.0134
   11  5.9493e+11     5.0109    11    10     1.1018
   12  5.9236e+11     5.0170    12    11     1.1894
   13  5.8773e+11     5.0281    13    12     1.2761
   14  5.3883e+11     5.1519    14    13     1.3621
   15  5.2411e+11     5.1918    15    14     1.4474
   16  5.0036e+11     5.2592    16    15     1.5322
   17  4.9607e+11     5.2718    17    16     1.6165
   18  4.6844e+11     5.3561    18    17     1.7003
   19  2.5375e+11     6.3208    19    18     1.7838
   20  2.1986e+11     6.5633    20    19     1.8669
   21  2.1981e+11     6.5637    21    20     1.9496
   22  2.1941e+11     6.5669    22    21     2.0321
   23  2.0863e+11     6.6537    23    22     2.1143
   24  2.0711e+11     6.6664    24    23     2.1963
   25  2.0582e+11     6.6773    25    24     2.2781
   26  1.4402e+11     7.3188    26    25     2.3597
   27  1.3927e+11     7.3813    27    26     2.4411
   28  1.3322e+11     7.4646    28    27     2.5223
   29  1.3287e+11     7.4696    29    28     2.6034
   30  1.2824e+11     7.5366    30    29     2.6844
   31  1.2754e+11     7.5469    31    30     2.7652
   32  1.2646e+11     7.5631    32    31     2.8459
   33  1.2191e+11     7.6330    33    32     2.9266
   34  1.2126e+11     7.6434    34    33     3.0071
   35  1.2114e+11     7.6451    35    34     3.0876
   36  1.1998e+11     7.6637    36    35     3.1680
   37  1.1625e+11     7.7244    37    36     3.2483
   38  1.1345e+11     7.7716    38    37     3.3285
   39  1.0822e+11     7.8635    39    38     3.4087
   40  1.0794e+11     7.8687    40    39     3.4889
   41  9.7637e+10     8.0667    41    40     3.5689
   42  9.7544e+10     8.0686    42    41     3.6490
   43  9.7019e+10     8.0794    43    42     3.7290
   44  9.6230e+10     8.0957    44    43     3.8089
   45  9.3647e+10     8.1501    45    44     3.8889
   46  9.2769e+10     8.1691    46    45     3.9688
   47  9.2445e+10     8.1761    47    46     4.0486
   48  8.9589e+10     8.2394    48    47     4.1285
   49  7.9240e+10     8.4905    49    48     4.2083
   50  7.9123e+10     8.4935    50    49     4.2881
   51  7.8022e+10     8.5225    51    50     4.3678
   52  6.2736e+10     8.9833    52    51     4.4476
   53  6.2616e+10     8.9874    53    52     4.5273
   54  6.2345e+10     8.9967    54    53     4.6070
   55  6.1999e+10     9.0088    55    54     4.6867
   56  6.1965e+10     9.0100    56    55     4.7664
   57  5.7348e+10     9.1782    57    56     4.8460
   58  5.6278e+10     9.2194    58    57     4.9257
   59  5.5427e+10     9.2529    59    58     5.0053
   60  5.5267e+10     9.2592    60    59     5.0849
   61  5.4181e+10     9.3030    61    60     5.1646
   62  5.3665e+10     9.3241    62    61     5.2442
   63  5.1976e+10     9.3951    63    62     5.3238
   64  4.6580e+10     9.6411    64    63     5.4033
   65  4.5972e+10     9.6710    65    64     5.4829
   66  3.6014e+10    10.2369    66    65     5.5625
   67  3.5145e+10    10.2948    67    66     5.6421
   68  3.4841e+10    10.3154    68    67     5.7216
   69  2.9101e+10    10.7501    69    68     5.8012
   70  2.5846e+10    11.0436    70    69     5.8807
   71  2.5801e+10    11.0479    71    70     5.9602
   72  2.5735e+10    11.0543    72    71     6.0398
   73  2.5356e+10    11.0915    73    72     6.1193
   74  2.4608e+10    11.1668    74    73     6.1988
   75  2.4548e+10    11.1728    75    74     6.2783
   76  2.3964e+10    11.2336    76    75     6.3579
   77  2.3837e+10    11.2471    77    76     6.4374
   78  2.0553e+10    11.6269    78    77     6.5169
   79  2.0398e+10    11.6465    79    78     6.5964
   80  2.0211e+10    11.6703    80    79     6.6759
   81  1.9038e+10    11.8266    81    80     6.7554
   82  1.8959e+10    11.8374    82    81     6.8349
   83  1.8885e+10    11.8477    83    82     6.9143
   84  1.8050e+10    11.9670    84    83     6.9938
   85  1.5556e+10    12.3651    85    84     7.0733
   86  1.5406e+10    12.3914    86    85     7.1528
   87  1.5363e+10    12.3989    87    86     7.2323
   88  1.4560e+10    12.5453    88    87     7.3117
   89  1.4258e+10    12.6027    89    88     7.3912
   90  1.2387e+10    12.9933    90    89     7.4707
   91  1.0924e+10    13.3496    91    90     7.5502
   92  1.0850e+10    13.3690    92    91     7.6296
   93  9.7499e+09    13.6778    93    92     7.7091
   94  8.9479e+09    13.9294    94    93     7.7885
   95  8.9398e+09    13.9320    95    94     7.8680
   96  8.9244e+09    13.9371    96    95     7.9475
   97  8.4744e+09    14.0904    97    96     8.0269
   98  6.3552e+09    14.9649    98    97     8.1064
   99  6.3527e+09    14.9661    99    98     8.1858
  100  6.2540e+09    15.0149   100    99     8.2653
