#indx Mass S step-number desc_indx 
    0  3.1600e+12     3.0343     0    -1     0.0134
    1  3.1331e+12     3.0426     1     0     0.1326
    2  3.0199e+12     3.0787     2     1     0.2441
    3  2.0001e+12     3.5046     3     2     0.3500
    4  1.1403e+12     4.1537     4     3     0.4519
    5  1.0904e+12     4.2089     5     4     0.5506
    6  1.0847e+12     4.2154     6     5     0.6467
    7  9.8809e+11     4.3324     7     6     0.7407
    8  9.8086e+11     4.3417     8     7     0.8330
    9  9.6423e+11     4.3634     9     8     0.9238
   10  7.7073e+11     4.6556    10     9     1.0134
   11  7.4546e+11     4.7003    11    10     1.1018
   12  6.6389e+11     4.8581    12    11     1.1894
   13  6.6141e+11     4.8632    13    12     1.2761
   14  6.4941e+11     4.8885    14    13     1.3621
   15  6.4379e+11     4.9005    15    14     1.4474
   16  6.0706e+11     4.9825    16    15     1.5322
   17  5.7463e+11     5.0600    17    16     1.6165
   18  4.7614e+11     5.3321    18    17     1.7003
   19  4.7558e+11     5.3338    19    18     1.7838
   20  3.8786e+11     5.6408    20    19     1.8669
   21  3.3882e+11     5.8513    21    20     1.9496
   22  3.3562e+11     5.8663    22    21     2.0321
   23  3.2215e+11     5.9314    23    22     2.1143
   24  3.0653e+11     6.0110    24    23     2.1963
   25  3.0398e+11     6.0244    25    24     2.2781
   26  2.9300e+11     6.0839    26    25     2.3597
   27  2.7110e+11     6.2111    27    26     2.4411
   28  2.2422e+11     6.5297    28    27     2.5223
   29  2.2090e+11     6.5553    29    28     2.6034
   30  2.1168e+11     6.6286    30    29     2.6844
   31  2.0030e+11     6.7246    31    30     2.7652
   32  1.9891e+11     6.7368    32    31     2.8459
   33  1.8911e+11     6.8256    33    32     2.9266
   34  1.7127e+11     7.0021    34    33     3.0071
   35  1.6713e+11     7.0463    35    34     3.0876
   36  1.6453e+11     7.0746    36    35     3.1680
   37  9.8982e+10     8.0395    37    36     3.2483
   38  9.8501e+10     8.0492    38    37     3.3285
   39  9.5051e+10     8.1203    39    38     3.4087
   40  9.3809e+10     8.1467    40    39     3.4889
   41  9.3277e+10     8.1581    41    40     3.5689
   42  9.2996e+10     8.1641    42    41     3.6490
   43  9.1869e+10     8.1887    43    42     3.7290
   44  8.9412e+10     8.2434    44    43     3.8089
   45  8.9015e+10     8.2524    45    44     3.8889
   46  8.0784e+10     8.4506    46    45     3.9688
   47  7.9298e+10     8.4890    47    46     4.0486
   48  7.5853e+10     8.5811    48    47     4.1285
   49  7.5310e+10     8.5961    49    48     4.2083
   50  7.5240e+10     8.5980    50    49     4.2881
   51  7.4839e+10     8.6092    51    50     4.3678
   52  6.9983e+10     8.7501    52    51     4.4476
   53  6.0892e+10     9.0477    53    52     4.5273
   54  6.0789e+10     9.0514    54    53     4.6070
   55  6.0496e+10     9.0618    55    54     4.6867
   56  5.8501e+10     9.1347    56    55     4.7664
   57  5.7583e+10     9.1692    57    56     4.8460
   58  5.3515e+10     9.3303    58    57     4.9257
   59  4.4612e+10     9.7393    59    58     5.0053
   60  4.4325e+10     9.7541    60    59     5.0849
   61  3.8232e+10    10.0962    61    60     5.1646
   62  3.6363e+10    10.2141    62    61     5.2442
   63  3.6192e+10    10.2253    63    62     5.3238
   64  3.4815e+10    10.3172    64    63     5.4033
   65  3.4409e+10    10.3451    65    64     5.4829
   66  3.4314e+10    10.3517    66    65     5.5625
   67  3.4190e+10    10.3604    67    66     5.6421
   68  3.4004e+10    10.3734    68    67     5.7216
   69  3.3012e+10    10.4443    69    68     5.8012
   70  3.2484e+10    10.4830    70    69     5.8807
   71  3.2246e+10    10.5008    71    70     5.9602
   72  2.9275e+10    10.7355    72    71     6.0398
   73  2.9068e+10    10.7529    73    72     6.1193
   74  2.7337e+10    10.9041    74    73     6.1988
   75  2.4424e+10    11.1856    75    74     6.2783
   76  2.3308e+10    11.3039    76    75     6.3579
   77  2.3091e+10    11.3278    77    76     6.4374
   78  2.2589e+10    11.3838    78    77     6.5169
   79  2.2352e+10    11.4107    79    78     6.5964
   80  2.2259e+10    11.4214    80    79     6.6759
   81  2.1864e+10    11.4673    81    80     6.7554
   82  2.1778e+10    11.4774    82    81     6.8349
   83  2.1675e+10    11.4896    83    82     6.9143
   84  2.1545e+10    11.5051    84    83     6.9938
   85  1.6142e+10    12.2652    85    84     7.0733
   86  1.5828e+10    12.3183    86    85     7.1528
   87  1.5766e+10    12.3287    87    86     7.2323
   88  1.5049e+10    12.4551    88    87     7.3117
   89  1.4968e+10    12.4698    89    88     7.3912
   90  1.4953e+10    12.4726    90    89     7.4707
   91  1.4930e+10    12.4767    91    90     7.5502
   92  1.4359e+10    12.5834    92    91     7.6296
   93  1.4346e+10    12.5859    93    92     7.7091
   94  1.4183e+10    12.6172    94    93     7.7885
   95  1.4080e+10    12.6373    95    94     7.8680
   96  1.3995e+10    12.6540    96    95     7.9475
   97  1.2469e+10    12.9748    97    96     8.0269
   98  8.0660e+09    14.2378    98    97     8.1064
   99  7.6064e+09    14.4144    99    98     8.1858
  100  7.5100e+09    14.4530   100    99     8.2653
