#indx Mass S step-number desc_indx 
    0  3.1600e+12     3.0343     0    -1     0.0134
    1  3.0396e+12     3.0723     1     0     0.1326
    2  2.8474e+12     3.1370     2     1     0.2441
    3  2.8127e+12     3.1493     3     2     0.3500
    4  2.7890e+12     3.1577     4     3     0.4519
    5  2.7869e+12     3.1585     5     4     0.5506
    6  2.7356e+12     3.1772     6     5     0.6467
    7  2.6106e+12     3.2246     7     6     0.7407
    8  2.5706e+12     3.2404     8     7     0.8330
    9  2.3832e+12     3.3184     9     8     0.9238
   10  2.1928e+12     3.4060    10     9     1.0134
   11  2.0292e+12     3.4889    11    10     1.1018
   12  1.9685e+12     3.5219    12    11     1.1894
   13  1.9105e+12     3.5545    13    12     1.2761
   14  1.8836e+12     3.5701    14    13     1.3621
   15  1.8444e+12     3.5932    15    14     1.4474
   16  1.8058e+12     3.6166    16    15     1.5322
   17  1.7303e+12     3.6642    17    16     1.6165
   18  1.7074e+12     3.6792    18    17     1.7003
   19  1.6749e+12     3.7009    19    18     1.7838
   20  1.6568e+12     3.7131    20    19     1.8669
   21  1.6397e+12     3.7248    21    20     1.9496
   22  1.5619e+12     3.7803    22    21     2.0321
   23  1.5238e+12     3.8087    23    22     2.1143
   24  1.4994e+12     3.8273    24    23     2.1963
   25  1.4055e+12     3.9026    25    24     2.2781
   26  1.2258e+12     4.0656    26    25     2.3597
   27  1.0479e+12     4.2584    27    26     2.4411
   28  1.0406e+12     4.2672    28    27     2.5223
   29  1.0385e+12     4.2697    29    28     2.6034
   30  9.3330e+11     4.4051    30    29     2.6844
   31  9.2818e+11     4.4122    31    30     2.7652
   32  7.7743e+11     4.6441    32    31     2.8459
   33  7.6463e+11     4.6662    33    32     2.9266
   34  7.0992e+11     4.7663    34    33     3.0071
   35  6.9012e+11     4.8049    35    34     3.0876
   36  6.8132e+11     4.8224    36    35     3.1680
   37  6.7772e+11     4.8297    37    36     3.2483
   38  6.6679e+11     4.8521    38    37     3.3285
   39  6.4438e+11     4.8993    39    38     3.4087
   40  6.0730e+11     4.9819    40    39     3.4889
   41  5.7842e+11     5.0507    41    40     3.5689
   42  5.5353e+11     5.1133    42    41     3.6490
   43  5.3847e+11     5.1529    43    42     3.7290
   44  4.1688e+11     5.5307    44    43     3.8089
   45  4.1379e+11     5.5420    45    44     3.8889
   46  4.1262e+11     5.5463    46    45     3.9688
   47  3.8589e+11     5.6486    47    46     4.0486
   48  3.6377e+11     5.7400    48    47     4.1285
   49  3.6225e+11     5.7465    49    48     4.2083
   50  3.6114e+11     5.7513    50    49     4.2881
   51  3.5380e+11     5.7833    51    50     4.3678
   52  3.0819e+11     6.0023    52    51     4.4476
   53  2.9440e+11     6.0762    53    52     4.5273
   54  2.7640e+11     6.1792    54    53     4.6070
   55  2.5489e+11     6.3133    55    54     4.6867
   56  2.5411e+11     6.3184    56    55     4.7664
   57  2.3469e+11     6.4520    57    56     4.8460
   58  2.2720e+11     6.5072    58    57     4.9257
   59  2.2491e+11     6.5245    59    58     5.0053
   60  2.1755e+11     6.5815    60    59     5.0849
   61  2.1150e+11     6.6302    61    60     5.1646
   62  1.2424e+11     7.5969    62    61     5.2442
   63  1.2312e+11     7.6141    63    62     5.3238
   64  1.2209e+11     7.6303    64    63     5.4033
   65  1.2106e+11     7.6464    65    64     5.4829
   66  1.1548e+11     7.7373    66    65     5.5625
   67  1.1466e+11     7.7510    67    66     5.6421
   68  1.1077e+11     7.8181    68    67     5.7216
   69  1.1022e+11     7.8278    69    68     5.8012
   70  1.0998e+11     7.8321    70    69     5.8807
   71  1.0774e+11     7.8722    71    70     5.9602
   72  1.0208e+11     7.9785    72    71     6.0398
   73  8.6311e+10     8.3151    73    72     6.1193
   74  8.3102e+10     8.3925    74    73     6.1988
   75  8.2122e+10     8.4168    75    74     6.2783
   76  8.1908e+10     8.4222    76    75     6.3579
   77  6.8416e+10     8.7980    77    76     6.4374
   78  6.8374e+10     8.7994    78    77     6.5169
   79  6.7875e+10     8.8149    79    78     6.5964
   80  6.6732e+10     8.8510    80    79     6.6759
   81  6.5420e+10     8.8934    81    80     6.7554
   82  6.5340e+10     8.8960    82    81     6.8349
   83  5.1863e+10     9.3999    83    82     6.9143
   84  5.1467e+10     9.4170    84    83     6.9938
   85  5.1286e+10     9.4249    85    84     7.0733
   86  5.0675e+10     9.4516    86    85     7.1528
   87  4.8718e+10     9.5399    87    86     7.2323
   88  4.8686e+10     9.5413    88    87     7.3117
   89  4.8304e+10     9.5591    89    88     7.3912
   90  4.0461e+10     9.9641    90    89     7.4707
   91  3.9917e+10     9.9955    91    90     7.5502
   92  3.8417e+10    10.0849    92    91     7.6296
   93  3.8301e+10    10.0920    93    92     7.7091
   94  3.7542e+10    10.1389    94    93     7.7885
   95  3.7501e+10    10.1415    95    94     7.8680
   96  3.7312e+10    10.1534    96    95     7.9475
   97  3.7309e+10    10.1536    97    96     8.0269
   98  3.6061e+10    10.2338    98    97     8.1064
   99  3.5784e+10    10.2520    99    98     8.1858
  100  3.5606e+10    10.2638   100    99     8.2653
