#indx Mass S step-number desc_indx 
    0  3.1600e+12     3.0343     0    -1     0.0134
    1  3.0007e+12     3.0850     1     0     0.1326
    2  2.9807e+12     3.0916     2     1     0.2441
    3  2.8335e+12     3.1419     3     2     0.3500
    4  2.6787e+12     3.1984     4     3     0.4519
    5  2.6374e+12     3.2142     5     4     0.5506
    6  2.5895e+12     3.2328     6     5     0.6467
    7  2.3272e+12     3.3432     7     6     0.7407
    8  2.0411e+12     3.4826     8     7     0.8330
    9  2.0337e+12     3.4865     9     8     0.9238
   10  1.7264e+12     3.6668    10     9     1.0134
   11  1.7190e+12     3.6716    11    10     1.1018
   12  1.6860e+12     3.6934    12    11     1.1894
   13  1.6702e+12     3.7040    13    12     1.2761
   14  1.5475e+12     3.7909    14    13     1.3621
   15  1.0975e+12     4.2009    15    14     1.4474
   16  1.0328e+12     4.2766    16    15     1.5322
   17  1.0195e+12     4.2928    17    16     1.6165
   18  9.9707e+11     4.3209    18    17     1.7003
   19  9.7967e+11     4.3432    19    18     1.7838
   20  9.0668e+11     4.4423    20    19     1.8669
   21  8.9178e+11     4.4637    21    20     1.9496
   22  8.8424e+11     4.4748    22    21     2.0321
   23  8.8015e+11     4.4808    23    22     2.1143
   24  8.2513e+11     4.5652    24    23     2.1963
   25  8.0647e+11     4.5954    25    24     2.2781
   26  7.9390e+11     4.6162    26    25     2.3597
   27  7.1049e+11     4.7652    27    26     2.4411
   28  7.0481e+11     4.7761    28    27     2.5223
   29  6.6410e+11     4.8576    29    28     2.6034
   30  6.3724e+11     4.9147    30    29     2.6844
   31  6.3511e+11     4.9194    31    30     2.7652
   32  6.3240e+11     4.9253    32    31     2.8459
   33  5.9612e+11     5.0081    33    32     2.9266
   34  5.8724e+11     5.0292    34    33     3.0071
   35  5.7935e+11     5.0484    35    34     3.0876
   36  5.3460e+11     5.1632    36    35     3.1680
   37  5.1894e+11     5.2062    37    36     3.2483
   38  5.1614e+11     5.2140    38    37     3.3285
   39  5.1174e+11     5.2265    39    38     3.4087
   40  4.7197e+11     5.3451    40    39     3.4889
   41  4.6253e+11     5.3749    41    40     3.5689
   42  4.3596e+11     5.4632    42    41     3.6490
   43  3.9300e+11     5.6206    43    42     3.7290
   44  3.8752e+11     5.6422    44    43     3.8089
   45  3.7401e+11     5.6969    45    44     3.8889
   46  3.6906e+11     5.7175    46    45     3.9688
   47  2.4886e+11     6.3533    47    46     4.0486
   48  2.2557e+11     6.5195    48    47     4.1285
   49  2.1132e+11     6.6316    49    48     4.2083
   50  1.5408e+11     7.1942    50    49     4.2881
   51  1.2327e+11     7.6118    51    50     4.3678
   52  1.2276e+11     7.6198    52    51     4.4476
   53  1.2101e+11     7.6472    53    52     4.5273
   54  1.1687e+11     7.7141    54    53     4.6070
   55  1.1453e+11     7.7532    55    54     4.6867
   56  1.1448e+11     7.7541    56    55     4.7664
   57  1.1106e+11     7.8131    57    56     4.8460
   58  1.0965e+11     7.8379    58    57     4.9257
   59  1.0381e+11     7.9452    59    58     5.0053
   60  1.0331e+11     7.9548    60    59     5.0849
   61  8.8594e+10     8.2620    61    60     5.1646
   62  5.6669e+10     9.2042    62    61     5.2442
   63  5.6384e+10     9.2153    63    62     5.3238
   64  5.6179e+10     9.2233    64    63     5.4033
   65  5.5861e+10     9.2357    65    64     5.4829
   66  5.4280e+10     9.2990    66    65     5.5625
   67  5.3892e+10     9.3148    67    66     5.6421
   68  4.0812e+10     9.9441    68    67     5.7216
   69  3.9860e+10     9.9989    69    68     5.8012
   70  3.7862e+10    10.1189    70    69     5.8807
   71  2.6003e+10    11.0285    71    70     5.9602
   72  2.5934e+10    11.0351    72    71     6.0398
   73  2.5504e+10    11.0769    73    72     6.1193
   74  2.5486e+10    11.0787    74    73     6.1988
   75  2.2841e+10    11.3555    75    74     6.2783
   76  2.2719e+10    11.3692    76    75     6.3579
   77  1.8563e+10    11.8930    77    76     6.4374
   78  1.8284e+10    11.9329    78    77     6.5169
   79  1.7616e+10    12.0315    79    78     6.5964
   80  1.6272e+10    12.2437    80    79     6.6759
   81  1.5875e+10    12.3102    81    80     6.7554
   82  1.5714e+10    12.3378    82    81     6.8349
   83  3.9101e+09    16.5276    83    82     6.9143
   84  3.6011e+09    16.8034    84    83     6.9938
   85  3.3528e+09    17.0454    85    84     7.0733
   86  3.3261e+09    17.0727    86    85     7.1528
   87  3.2451e+09    17.1569    87    86     7.2323
   88  3.2199e+09    17.1835    88    87     7.3117
   89  5.9491e+08    23.6829    89    88     7.3912
   90  5.1900e+08    24.2734    90    89     7.4707
   91  5.1568e+08    24.3014    91    90     7.5502
   92  5.1284e+08    24.3256    92    91     7.6296
   93  5.1188e+08    24.3338    93    92     7.7091
   94  5.0861e+08    24.3617    94    93     7.7885
   95  4.2977e+08    25.1062    95    94     7.8680
   96  4.2866e+08    25.1178    96    95     7.9475
   97  4.2755e+08    25.1294    97    96     8.0269
   98  3.8454e+08    25.6063    98    97     8.1064
   99  3.6051e+08    25.8997    99    98     8.1858
  100  3.6039e+08    25.9012   100    99     8.2653
