#indx Mass S step-number desc_indx 
    0  3.1600e+12     3.0343     0    -1     0.0134
    1  3.0059e+12     3.0833     1     0     0.1326
    2  2.7012e+12     3.1900     2     1     0.2441
    3  2.6738e+12     3.2003     3     2     0.3500
    4  2.5876e+12     3.2336     4     3     0.4519
    5  2.4241e+12     3.3008     5     4     0.5506
    6  2.2927e+12     3.3589     6     5     0.6467
    7  2.1134e+12     3.4452     7     6     0.7407
    8  2.1086e+12     3.4477     8     7     0.8330
    9  1.5688e+12     3.7752     9     8     0.9238
   10  1.5598e+12     3.7818    10     9     1.0134
   11  1.2042e+12     4.0871    11    10     1.1018
   12  1.1701e+12     4.1221    12    11     1.1894
   13  9.5011e+11     4.3823    13    12     1.2761
   14  9.0235e+11     4.4485    14    13     1.3621
   15  8.9630e+11     4.4572    15    14     1.4474
   16  8.0137e+11     4.6038    16    15     1.5322
   17  7.8916e+11     4.6241    17    16     1.6165
   18  7.6687e+11     4.6623    18    17     1.7003
   19  7.4912e+11     4.6937    19    18     1.7838
   20  6.2248e+11     4.9474    20    19     1.8669
   21  6.2022e+11     4.9525    21    20     1.9496
   22  5.0671e+11     5.2409    22    21     2.0321
   23  5.0484e+11     5.2462    23    22     2.1143
   24  4.9434e+11     5.2769    24    23     2.1963
   25  4.4888e+11     5.4195    25    24     2.2781
   26  3.6885e+11     5.7184    26    25     2.3597
   27  3.6431e+11     5.7377    27    26     2.4411
   28  2.8086e+11     6.1529    28    27     2.5223
   29  2.7958e+11     6.1604    29    28     2.6034
   30  2.7392e+11     6.1940    30    29     2.6844
   31  2.6687e+11     6.2370    31    30     2.7652
   32  2.6620e+11     6.2411    32    31     2.8459
   33  2.6491e+11     6.2492    33    32     2.9266
   34  2.6112e+11     6.2730    34    33     3.0071
   35  2.6053e+11     6.2768    35    34     3.0876
   36  2.5206e+11     6.3319    36    35     3.1680
   37  2.4493e+11     6.3800    37    36     3.2483
   38  2.4295e+11     6.3937    38    37     3.3285
   39  2.4056e+11     6.4103    39    38     3.4087
   40  8.7205e+10     8.2941    40    39     3.4889
   41  8.4440e+10     8.3598    41    40     3.5689
   42  8.1659e+10     8.4285    42    41     3.6490
   43  8.1228e+10     8.4393    43    42     3.7290
   44  7.5566e+10     8.5890    44    43     3.8089
   45  7.5219e+10     8.5986    45    44     3.8889
   46  7.3736e+10     8.6402    46    45     3.9688
   47  6.8128e+10     8.8070    47    46     4.0486
   48  6.7919e+10     8.8135    48    47     4.1285
   49  6.6168e+10     8.8691    49    48     4.2083
   50  6.2484e+10     8.9919    50    49     4.2881
   51  6.2273e+10     8.9993    51    50     4.3678
   52  6.0230e+10     9.0714    52    51     4.4476
   53  5.9806e+10     9.0867    53    52     4.5273
   54  2.6029e+10    11.0260    54    53     4.6070
   55  2.3496e+10    11.2835    55    54     4.6867
   56  1.6665e+10    12.1796    56    55     4.7664
   57  1.6422e+10    12.2190    57    56     4.8460
   58  1.6341e+10    12.2323    58    57     4.9257
   59  1.3646e+10    12.7237    59    58     5.0053
   60  1.2714e+10    12.9204    60    59     5.0849
   61  1.1948e+10    13.0950    61    60     5.1646
   62  1.1890e+10    13.1086    62    61     5.2442
   63  1.1652e+10    13.1659    63    62     5.3238
   64  1.1049e+10    13.3171    64    63     5.4033
   65  1.1037e+10    13.3200    65    64     5.4829
   66  1.0810e+10    13.3796    66    65     5.5625
   67  9.6845e+09    13.6974    67    66     5.6421
   68  9.6790e+09    13.6991    68    67     5.7216
   69  9.6180e+09    13.7175    69    68     5.8012
   70  9.5455e+09    13.7396    70    69     5.8807
   71  9.4785e+09    13.7602    71    70     5.9602
   72  9.2454e+09    13.8331    72    71     6.0398
   73  9.1463e+09    13.8648    73    72     6.1193
   74  9.1145e+09    13.8750    74    73     6.1988
   75  9.0144e+09    13.9075    75    74     6.2783
   76  9.0100e+09    13.9090    76    75     6.3579
   77  8.8197e+09    13.9720    77    76     6.4374
   78  8.7732e+09    13.9876    78    77     6.5169
   79  8.5321e+09    14.0702    79    78     6.5964
   80  8.4458e+09    14.1005    80    79     6.6759
   81  8.3922e+09    14.1194    81    80     6.7554
   82  8.3381e+09    14.1387    82    81     6.8349
   83  8.0785e+09    14.2332    83    82     6.9143
   84  7.9690e+09    14.2741    84    83     6.9938
   85  7.9242e+09    14.2910    85    84     7.0733
   86  7.7786e+09    14.3468    86    85     7.1528
   87  7.4436e+09    14.4799    87    86     7.2323
   88  7.4134e+09    14.4922    88    87     7.3117
   89  7.3629e+09    14.5130    89    88     7.3912
   90  7.2828e+09    14.5462    90    89     7.4707
   91  7.0691e+09    14.6370    91    90     7.5502
   92  6.4515e+09    14.9183    92    91     7.6296
   93  6.4082e+09    14.9392    93    92     7.7091
   94  6.1736e+09    15.0551    94    93     7.7885
   95  6.1624e+09    15.0608    95    94     7.8680
   96  6.1291e+09    15.0777    96    95     7.9475
   97  6.0928e+09    15.0962    97    96     8.0269
   98  6.0594e+09    15.1134    98    97     8.1064
   99  6.0298e+09    15.1287    99    98     8.1858
  100  6.0059e+09    15.1411   100    99     8.2653
