#indx Mass S step-number desc_indx 
    0  3.1600e+12     3.0343     0    -1     0.0134
    1  2.9261e+12     3.1098     1     0     0.1326
    2  2.9183e+12     3.1125     2     1     0.2441
    3  2.9038e+12     3.1174     3     2     0.3500
    4  2.8470e+12     3.1371     4     3     0.4519
    5  2.8160e+12     3.1481     5     4     0.5506
    6  2.7836e+12     3.1597     6     5     0.6467
    7  2.5767e+12     3.2379     7     6     0.7407
    8  2.3265e+12     3.3436     8     7     0.8330
    9  2.3075e+12     3.3521     9     8     0.9238
   10  1.7953e+12     3.6231    10     9     1.0134
   11  1.7729e+12     3.6371    11    10     1.1018
   12  1.7695e+12     3.6392    12    11     1.1894
   13  1.6463e+12     3.7203    13    12     1.2761
   14  1.6373e+12     3.7265    14    13     1.3621
   15  1.6253e+12     3.7349    15    14     1.4474
   16  1.5973e+12     3.7546    16    15     1.5322
   17  1.5749e+12     3.7707    17    16     1.6165
   18  1.5486e+12     3.7900    18    17     1.7003
   19  5.8164e+11     5.0428    19    18     1.7838
   20  5.6675e+11     5.0796    20    19     1.8669
   21  5.0473e+11     5.2466    21    20     1.9496
   22  1.7844e+11     6.9287    22    21     2.0321
   23  1.7541e+11     6.9593    23    22     2.1143
   24  1.6948e+11     7.0210    24    23     2.1963
   25  1.5671e+11     7.1632    25    24     2.2781
   26  1.5618e+11     7.1694    26    25     2.3597
   27  1.5503e+11     7.1830    27    26     2.4411
   28  1.5433e+11     7.1913    28    27     2.5223
   29  1.5279e+11     7.2097    29    28     2.6034
   30  1.4244e+11     7.3394    30    29     2.6844
   31  1.4238e+11     7.3401    31    30     2.7652
   32  1.4060e+11     7.3635    32    31     2.8459
   33  1.3701e+11     7.4119    33    32     2.9266
   34  1.3187e+11     7.4838    34    33     3.0071
   35  1.2282e+11     7.6188    35    34     3.0876
   36  1.2008e+11     7.6621    36    35     3.1680
   37  1.1277e+11     7.7833    37    36     3.2483
   38  1.1162e+11     7.8032    38    37     3.3285
   39  1.0875e+11     7.8540    39    38     3.4087
   40  1.0295e+11     7.9616    40    39     3.4889
   41  1.0004e+11     8.0183    41    40     3.5689
   42  9.2084e+10     8.1840    42    41     3.6490
   43  8.6893e+10     8.3014    43    42     3.7290
   44  8.5548e+10     8.3332    44    43     3.8089
   45  5.8201e+10     9.1459    45    44     3.8889
   46  5.7617e+10     9.1679    46    45     3.9688
   47  5.6611e+10     9.2065    47    46     4.0486
   48  5.6459e+10     9.2124    48    47     4.1285
   49  5.6147e+10     9.2245    49    48     4.2083
   50  5.5167e+10     9.2632    50    49     4.2881
   51  5.4596e+10     9.2862    51    50     4.3678
   52  5.3738e+10     9.3212    52    51     4.4476
   53  5.3013e+10     9.3512    53    52     4.5273
   54  5.0904e+10     9.4415    54    53     4.6070
   55  4.8210e+10     9.5634    55    54     4.6867
   56  1.5020e+10    12.4604    56    55     4.7664
   57  1.4752e+10    12.5095    57    56     4.8460
   58  1.4689e+10    12.5212    58    57     4.9257
   59  1.4340e+10    12.5870    59    58     5.0053
   60  1.3618e+10    12.7294    60    59     5.0849
   61  1.3315e+10    12.7916    61    60     5.1646
   62  1.3299e+10    12.7950    62    61     5.2442
   63  9.7527e+09    13.6769    63    62     5.3238
   64  9.6372e+09    13.7117    64    63     5.4033
   65  9.4067e+09    13.7824    65    64     5.4829
   66  9.1057e+09    13.8778    66    65     5.5625
   67  9.0618e+09    13.8921    67    66     5.6421
   68  9.0305e+09    13.9023    68    67     5.7216
   69  9.0228e+09    13.9048    69    68     5.8012
   70  5.5505e+09    15.3894    70    69     5.8807
   71  5.1971e+09    15.5988    71    70     5.9602
   72  5.1721e+09    15.6142    72    71     6.0398
   73  5.1333e+09    15.6383    73    72     6.1193
   74  3.9845e+09    16.4648    74    73     6.1988
   75  3.9804e+09    16.4682    75    74     6.2783
   76  3.7625e+09    16.6561    76    75     6.3579
   77  3.2841e+09    17.1160    77    76     6.4374
   78  3.2445e+09    17.1574    78    77     6.5169
   79  3.1799e+09    17.2264    79    78     6.5964
   80  3.1513e+09    17.2573    80    79     6.6759
   81  2.9199e+09    17.5208    81    80     6.7554
   82  2.4437e+09    18.1466    82    81     6.8349
   83  1.9001e+09    19.0577    83    82     6.9143
   84  1.8691e+09    19.1184    84    83     6.9938
   85  1.8253e+09    19.2061    85    84     7.0733
   86  1.8206e+09    19.2157    86    85     7.1528
   87  1.7965e+09    19.2650    87    86     7.2323
   88  1.6744e+09    19.5276    88    87     7.3117
   89  1.6704e+09    19.5365    89    88     7.3912
   90  1.6682e+09    19.5415    90    89     7.4707
   91  1.6329e+09    19.6219    91    90     7.5502
   92  1.6240e+09    19.6424    92    91     7.6296
   93  1.6182e+09    19.6559    93    92     7.7091
   94  1.6091e+09    19.6772    94    93     7.7885
   95  1.6011e+09    19.6959    95    94     7.8680
   96  1.5873e+09    19.7284    96    95     7.9475
   97  1.5583e+09    19.7981    97    96     8.0269
   98  1.5534e+09    19.8101    98    97     8.1064
   99  1.5515e+09    19.8148    99    98     8.1858
  100  1.5350e+09    19.8552   100    99     8.2653
