#indx Mass S step-number desc_indx 
    0  3.1600e+12     3.0343     0    -1     0.0134
    1  3.0856e+12     3.0576     1     0     0.1326
    2  3.0575e+12     3.0665     2     1     0.2441
    3  2.7185e+12     3.1835     3     2     0.3500
    4  2.6311e+12     3.2166     4     3     0.4519
    5  2.1593e+12     3.4223     5     4     0.5506
    6  2.1164e+12     3.4437     6     5     0.6467
    7  1.9996e+12     3.5049     7     6     0.7407
    8  1.9637e+12     3.5245     8     7     0.8330
    9  1.9594e+12     3.5269     9     8     0.9238
   10  1.8766e+12     3.5742    10     9     1.0134
   11  1.8677e+12     3.5794    11    10     1.1018
   12  1.7001e+12     3.6840    12    11     1.1894
   13  1.6828e+12     3.6955    13    12     1.2761
   14  1.6475e+12     3.7195    14    13     1.3621
   15  1.3885e+12     3.9169    15    14     1.4474
   16  1.1547e+12     4.1382    16    15     1.5322
   17  1.1512e+12     4.1419    17    16     1.6165
   18  7.6617e+11     4.6635    18    17     1.7003
   19  7.3459e+11     4.7201    19    18     1.7838
   20  7.2138e+11     4.7446    20    19     1.8669
   21  6.9956e+11     4.7863    21    20     1.9496
   22  6.8393e+11     4.8172    22    21     2.0321
   23  6.6860e+11     4.8483    23    22     2.1143
   24  6.6433e+11     4.8571    24    23     2.1963
   25  6.6071e+11     4.8647    25    24     2.2781
   26  5.4695e+11     5.1304    26    25     2.3597
   27  5.4244e+11     5.1423    27    26     2.4411
   28  5.3652e+11     5.1581    28    27     2.5223
   29  5.2559e+11     5.1878    29    28     2.6034
   30  1.2119e+11     7.6443    30    29     2.6844
   31  1.1542e+11     7.7383    31    30     2.7652
   32  1.1262e+11     7.7858    32    31     2.8459
   33  1.1096e+11     7.8147    33    32     2.9266
   34  1.0921e+11     7.8458    34    33     3.0071
   35  9.8513e+10     8.0489    35    34     3.0876
   36  9.7109e+10     8.0775    36    35     3.1680
   37  9.2913e+10     8.1659    37    36     3.2483
   38  9.0337e+10     8.2226    38    37     3.3285
   39  8.9073e+10     8.2511    39    38     3.4087
   40  8.7564e+10     8.2858    40    39     3.4889
   41  8.6131e+10     8.3193    41    40     3.5689
   42  8.5051e+10     8.3450    42    41     3.6490
   43  8.4350e+10     8.3620    43    42     3.7290
   44  8.3322e+10     8.3871    44    43     3.8089
   45  8.1322e+10     8.4370    45    44     3.8889
   46  7.8708e+10     8.5044    46    45     3.9688
   47  7.4767e+10     8.6112    47    46     4.0486
   48  7.3211e+10     8.6552    48    47     4.1285
   49  7.2604e+10     8.6727    49    48     4.2083
   50  7.2089e+10     8.6876    50    49     4.2881
   51  7.1695e+10     8.6992    51    50     4.3678
   52  7.0669e+10     8.7295    52    51     4.4476
   53  7.0524e+10     8.7339    53    52     4.5273
   54  7.0160e+10     8.7448    54    53     4.6070
   55  6.9951e+10     8.7511    55    54     4.6867
   56  6.9535e+10     8.7637    56    55     4.7664
   57  6.8938e+10     8.7820    57    56     4.8460
   58  6.7813e+10     8.8168    58    57     4.9257
   59  6.1816e+10     9.0152    59    58     5.0053
   60  4.6702e+10     9.6352    60    59     5.0849
   61  4.6573e+10     9.6415    61    60     5.1646
   62  4.5830e+10     9.6780    62    61     5.2442
   63  1.6319e+10    12.2358    63    62     5.3238
   64  1.6270e+10    12.2440    64    63     5.4033
   65  1.6123e+10    12.2683    65    64     5.4829
   66  1.6079e+10    12.2757    66    65     5.5625
   67  1.5962e+10    12.2954    67    66     5.6421
   68  1.5826e+10    12.3185    68    67     5.7216
   69  1.5792e+10    12.3244    69    68     5.8012
   70  1.5779e+10    12.3266    70    69     5.8807
   71  1.5703e+10    12.3397    71    70     5.9602
   72  1.5673e+10    12.3449    72    71     6.0398
   73  1.5508e+10    12.3736    73    72     6.1193
   74  1.4668e+10    12.5251    74    73     6.1988
   75  1.4571e+10    12.5432    75    74     6.2783
   76  1.4521e+10    12.5527    76    75     6.3579
   77  1.3543e+10    12.7446    77    76     6.4374
   78  1.3365e+10    12.7813    78    77     6.5169
   79  1.3036e+10    12.8505    79    78     6.5964
   80  1.2987e+10    12.8610    80    79     6.6759
   81  1.1830e+10    13.1229    81    80     6.7554
   82  1.1820e+10    13.1254    82    81     6.8349
   83  1.1730e+10    13.1471    83    82     6.9143
   84  1.1676e+10    13.1601    84    83     6.9938
   85  1.1598e+10    13.1790    85    84     7.0733
   86  1.1588e+10    13.1815    86    85     7.1528
   87  1.0587e+10    13.4394    87    86     7.2323
   88  1.0342e+10    13.5070    88    87     7.3117
   89  8.7127e+09    14.0081    89    88     7.3912
   90  8.6989e+09    14.0128    90    89     7.4707
   91  8.3946e+09    14.1186    91    90     7.5502
   92  8.3799e+09    14.1238    92    91     7.6296
   93  8.3733e+09    14.1261    93    92     7.7091
   94  8.1596e+09    14.2033    94    93     7.7885
   95  6.9916e+09    14.6707    95    94     7.8680
   96  6.8649e+09    14.7268    96    95     7.9475
   97  6.6071e+09    14.8446    97    96     8.0269
   98  6.3766e+09    14.9545    98    97     8.1064
   99  6.3561e+09    14.9645    99    98     8.1858
  100  6.2818e+09    15.0010   100    99     8.2653
