#indx Mass S step-number desc_indx 
    0  3.1600e+12     3.0343     0    -1     0.0134
    1  2.1506e+12     3.4266     1     0     0.1326
    2  1.8267e+12     3.6039     2     1     0.2441
    3  1.8088e+12     3.6148     3     2     0.3500
    4  1.7840e+12     3.6302     4     3     0.4519
    5  1.3334e+12     3.9647     5     4     0.5506
    6  1.2786e+12     4.0148     6     5     0.6467
    7  1.2657e+12     4.0270     7     6     0.7407
    8  1.2294e+12     4.0620     8     7     0.8330
    9  1.1950e+12     4.0964     9     8     0.9238
   10  1.1907e+12     4.1008    10     9     1.0134
   11  1.1737e+12     4.1184    11    10     1.1018
   12  1.0763e+12     4.2251    12    11     1.1894
   13  1.0723e+12     4.2296    13    12     1.2761
   14  8.8703e+11     4.4707    14    13     1.3621
   15  8.8526e+11     4.4733    15    14     1.4474
   16  6.7556e+11     4.8341    16    15     1.5322
   17  1.6660e+11     7.0520    17    16     1.6165
   18  1.6353e+11     7.0856    18    17     1.7003
   19  1.5258e+11     7.2122    19    18     1.7838
   20  1.3687e+11     7.4137    20    19     1.8669
   21  1.3621e+11     7.4228    21    20     1.9496
   22  1.2544e+11     7.5786    22    21     2.0321
   23  1.2541e+11     7.5790    23    22     2.1143
   24  1.1583e+11     7.7314    24    23     2.1963
   25  1.1534e+11     7.7397    25    24     2.2781
   26  1.1404e+11     7.7616    26    25     2.3597
   27  1.1149e+11     7.8055    27    26     2.4411
   28  1.1054e+11     7.8221    28    27     2.5223
   29  1.1032e+11     7.8260    29    28     2.6034
   30  9.3055e+10     8.1629    30    29     2.6844
   31  7.7376e+10     8.5398    31    30     2.7652
   32  5.9716e+10     9.0900    32    31     2.8459
   33  5.8724e+10     9.1264    33    32     2.9266
   34  5.8571e+10     9.1321    34    33     3.0071
   35  5.4458e+10     9.2918    35    34     3.0876
   36  5.3501e+10     9.3309    36    35     3.1680
   37  5.3406e+10     9.3349    37    36     3.2483
   38  5.3087e+10     9.3481    38    37     3.3285
   39  5.2965e+10     9.3532    39    38     3.4087
   40  5.2110e+10     9.3893    40    39     3.4889
   41  5.1905e+10     9.3981    41    40     3.5689
   42  5.1856e+10     9.4002    42    41     3.6490
   43  5.1284e+10     9.4249    43    42     3.7290
   44  4.9788e+10     9.4911    44    43     3.8089
   45  4.8186e+10     9.5645    45    44     3.8889
   46  4.7782e+10     9.5835    46    45     3.9688
   47  4.6862e+10     9.6275    47    46     4.0486
   48  4.0534e+10     9.9599    48    47     4.1285
   49  4.0368e+10     9.9694    49    48     4.2083
   50  4.0118e+10     9.9838    50    49     4.2881
   51  3.6970e+10    10.1750    51    50     4.3678
