#indx Mass S step-number desc_indx 
    0  3.1600e+12     3.0343     0    -1     0.0134
    1  3.0873e+12     3.0570     1     0     0.1326
    2  3.0810e+12     3.0590     2     1     0.2441
    3  2.3602e+12     3.3285     3     2     0.3500
    4  2.3471e+12     3.3343     4     3     0.4519
    5  2.2468e+12     3.3802     5     4     0.5506
    6  2.0678e+12     3.4687     6     5     0.6467
    7  3.3167e+11     5.8851     7     6     0.7407
    8  3.2068e+11     5.9387     8     7     0.8330
    9  3.1545e+11     5.9649     9     8     0.9238
   10  2.9676e+11     6.0632    10     9     1.0134
   11  2.9325e+11     6.0826    11    10     1.1018
   12  2.8937e+11     6.1042    12    11     1.1894
   13  2.8555e+11     6.1259    13    12     1.2761
   14  2.8446e+11     6.1321    14    13     1.3621
   15  2.8030e+11     6.1562    15    14     1.4474
   16  2.8015e+11     6.1571    16    15     1.5322
   17  2.7448e+11     6.1906    17    16     1.6165
   18  2.6658e+11     6.2388    18    17     1.7003
   19  2.5982e+11     6.2813    19    18     1.7838
   20  2.5521e+11     6.3112    20    19     1.8669
   21  2.3776e+11     6.4301    21    20     1.9496
   22  2.3719e+11     6.4341    22    21     2.0321
   23  2.3312e+11     6.4635    23    22     2.1143
   24  2.3248e+11     6.4681    24    23     2.1963
   25  2.3241e+11     6.4686    25    24     2.2781
   26  2.3214e+11     6.4706    26    25     2.3597
   27  1.9708e+11     6.7530    27    26     2.4411
   28  1.9456e+11     6.7756    28    27     2.5223
   29  1.8951e+11     6.8218    29    28     2.6034
   30  1.8548e+11     6.8599    30    29     2.6844
   31  1.7819e+11     6.9311    31    30     2.7652
   32  1.1971e+11     7.6680    32    31     2.8459
   33  1.1848e+11     7.6879    33    32     2.9266
   34  1.1577e+11     7.7324    34    33     3.0071
   35  1.1255e+11     7.7871    35    34     3.0876
   36  1.0540e+11     7.9153    36    35     3.1680
   37  9.8014e+10     8.0590    37    36     3.2483
   38  9.7609e+10     8.0673    38    37     3.3285
   39  9.2880e+10     8.1667    39    38     3.4087
   40  9.2193e+10     8.1816    40    39     3.4889
   41  8.5775e+10     8.3278    41    40     3.5689
   42  6.8631e+10     8.7914    42    41     3.6490
   43  6.6131e+10     8.8703    43    42     3.7290
   44  6.5152e+10     8.9022    44    43     3.8089
   45  6.4868e+10     8.9115    45    44     3.8889
   46  5.0170e+10     9.4740    46    45     3.9688
   47  4.7983e+10     9.5741    47    46     4.0486
   48  4.4353e+10     9.7526    48    47     4.1285
   49  4.3706e+10     9.7862    49    48     4.2083
   50  4.3529e+10     9.7956    50    49     4.2881
   51  4.3161e+10     9.8150    51    50     4.3678
   52  4.3122e+10     9.8171    52    51     4.4476
   53  4.3048e+10     9.8210    53    52     4.5273
   54  4.2312e+10     9.8607    54    53     4.6070
   55  4.2132e+10     9.8705    55    54     4.6867
   56  4.1758e+10     9.8910    56    55     4.7664
   57  3.4811e+10    10.3174    57    56     4.8460
   58  3.3849e+10    10.3843    58    57     4.9257
   59  3.3654e+10    10.3981    59    58     5.0053
   60  3.2417e+10    10.4880    60    59     5.0849
   61  3.2345e+10    10.4933    61    60     5.1646
   62  2.9168e+10    10.7444    62    61     5.2442
   63  2.7921e+10    10.8519    63    62     5.3238
   64  2.2578e+10    11.3851    64    63     5.4033
   65  2.0246e+10    11.6659    65    64     5.4829
   66  1.8855e+10    11.8519    66    65     5.5625
   67  1.7770e+10    12.0083    67    66     5.6421
   68  1.7650e+10    12.0264    68    67     5.7216
   69  1.7432e+10    12.0594    69    68     5.8012
   70  1.7366e+10    12.0695    70    69     5.8807
   71  1.6731e+10    12.1690    71    70     5.9602
   72  1.4907e+10    12.4809    72    71     6.0398
   73  1.4739e+10    12.5119    73    72     6.1193
   74  1.4700e+10    12.5190    74    73     6.1988
   75  1.4568e+10    12.5439    75    74     6.2783
   76  1.4549e+10    12.5474    76    75     6.3579
   77  1.4429e+10    12.5700    77    76     6.4374
   78  1.4088e+10    12.6358    78    77     6.5169
   79  1.4058e+10    12.6416    79    78     6.5964
   80  1.2423e+10    12.9851    80    79     6.6759
   81  1.2291e+10    13.0152    81    80     6.7554
   82  1.1981e+10    13.0871    82    81     6.8349
   83  1.1918e+10    13.1021    83    82     6.9143
   84  1.1724e+10    13.1484    84    83     6.9938
   85  1.1589e+10    13.1812    85    84     7.0733
   86  1.0842e+10    13.3710    86    85     7.1528
   87  1.0800e+10    13.3821    87    86     7.2323
   88  1.0348e+10    13.5053    88    87     7.3117
   89  1.0286e+10    13.5226    89    88     7.3912
   90  1.0179e+10    13.5529    90    89     7.4707
   91  1.0096e+10    13.5765    91    90     7.5502
   92  1.0089e+10    13.5784    92    91     7.6296
   93  9.9341e+09    13.6234    93    92     7.7091
   94  9.8480e+09    13.6487    94    93     7.7885
   95  9.8225e+09    13.6562    95    94     7.8680
   96  7.6098e+09    14.4131    96    95     7.9475
   97  7.5846e+09    14.4231    97    96     8.0269
   98  7.4181e+09    14.4903    98    97     8.1064
   99  7.3990e+09    14.4981    99    98     8.1858
  100  7.1775e+09    14.5906   100    99     8.2653
