#indx Mass S step-number desc_indx 
    0  3.1600e+12     3.0343     0    -1     0.0134
    1  2.7972e+12     3.1548     1     0     0.1326
    2  1.9559e+12     3.5289     2     1     0.2441
    3  1.7967e+12     3.6223     3     2     0.3500
    4  1.6750e+12     3.7008     4     3     0.4519
    5  1.2824e+12     4.0112     5     4     0.5506
    6  1.2191e+12     4.0721     6     5     0.6467
    7  1.1698e+12     4.1224     7     6     0.7407
    8  1.1633e+12     4.1292     8     7     0.8330
    9  1.1158e+12     4.1803     9     8     0.9238
   10  8.1681e+11     4.5785    10     9     1.0134
   11  8.0121e+11     4.6040    11    10     1.1018
   12  7.7225e+11     4.6530    12    11     1.1894
   13  7.7199e+11     4.6534    13    12     1.2761
   14  7.4116e+11     4.7081    14    13     1.3621
   15  7.0667e+11     4.7726    15    14     1.4474
   16  7.0230e+11     4.7810    16    15     1.5322
   17  6.0003e+11     4.9989    17    16     1.6165
   18  5.8892e+11     5.0252    18    17     1.7003
   19  5.6606e+11     5.0814    19    18     1.7838
   20  5.6443e+11     5.0855    20    19     1.8669
   21  4.6138e+11     5.3786    21    20     1.9496
   22  4.5540e+11     5.3980    22    21     2.0321
   23  4.3575e+11     5.4640    23    22     2.1143
   24  4.3360e+11     5.4714    24    23     2.1963
   25  4.3206e+11     5.4767    25    24     2.2781
   26  4.1994e+11     5.5197    26    25     2.3597
   27  4.1750e+11     5.5285    27    26     2.4411
   28  3.8809e+11     5.6399    28    27     2.5223
   29  2.5153e+11     6.3354    29    28     2.6034
   30  2.3311e+11     6.4636    30    29     2.6844
   31  2.3217e+11     6.4704    31    30     2.7652
   32  2.2406e+11     6.5310    32    31     2.8459
   33  2.2128e+11     6.5523    33    32     2.9266
   34  1.9921e+11     6.7341    34    33     3.0071
   35  1.9619e+11     6.7609    35    34     3.0876
   36  1.9519e+11     6.7699    36    35     3.1680
   37  1.9500e+11     6.7716    37    36     3.2483
   38  1.8560e+11     6.8587    38    37     3.3285
   39  1.7814e+11     6.9316    39    38     3.4087
   40  1.5828e+11     7.1450    40    39     3.4889
   41  3.3150e+10    10.4343    41    40     3.5689
   42  3.2617e+10    10.4732    42    41     3.6490
   43  3.1303e+10    10.5725    43    42     3.7290
   44  2.6201e+10    11.0096    44    43     3.8089
   45  2.6112e+10    11.0180    45    44     3.8889
   46  2.3646e+10    11.2675    46    45     3.9688
   47  2.3117e+10    11.3249    47    46     4.0486
   48  2.2571e+10    11.3859    48    47     4.1285
   49  2.2537e+10    11.3897    49    48     4.2083
   50  2.2442e+10    11.4005    50    49     4.2881
   51  1.9830e+10    11.7199    51    50     4.3678
   52  1.9760e+10    11.7291    52    51     4.4476
   53  1.9625e+10    11.7470    53    52     4.5273
   54  1.9622e+10    11.7473    54    53     4.6070
   55  1.8940e+10    11.8401    55    54     4.6867
   56  1.3853e+10    12.6821    56    55     4.7664
   57  1.3680e+10    12.7167    57    56     4.8460
   58  1.3610e+10    12.7309    58    57     4.9257
   59  1.3343e+10    12.7859    59    58     5.0053
   60  1.3149e+10    12.8265    60    59     5.0849
   61  1.3118e+10    12.8332    61    60     5.1646
   62  1.2931e+10    12.8732    62    61     5.2442
   63  1.2847e+10    12.8914    63    62     5.3238
   64  1.2781e+10    12.9056    64    63     5.4033
   65  6.7953e+09    14.7581    65    64     5.4829
   66  6.7590e+09    14.7746    66    65     5.5625
   67  6.7229e+09    14.7911    67    66     5.6421
   68  5.2355e+09    15.5753    68    67     5.7216
   69  5.1193e+09    15.6471    69    68     5.8012
   70  4.9596e+09    15.7488    70    69     5.8807
   71  4.9255e+09    15.7710    71    70     5.9602
   72  4.8859e+09    15.7971    72    71     6.0398
   73  4.8277e+09    15.8358    73    72     6.1193
   74  4.7113e+09    15.9148    74    73     6.1988
   75  4.4619e+09    16.0919    75    74     6.2783
   76  4.3099e+09    16.2055    76    75     6.3579
   77  4.2967e+09    16.2156    77    76     6.4374
   78  4.2935e+09    16.2180    78    77     6.5169
   79  3.6425e+09    16.7649    79    78     6.5964
   80  3.0611e+09    17.3573    80    79     6.6759
   81  2.8743e+09    17.5755    81    80     6.7554
   82  2.8574e+09    17.5960    82    81     6.8349
   83  2.8497e+09    17.6054    83    82     6.9143
   84  2.8075e+09    17.6574    84    83     6.9938
   85  2.7909e+09    17.6781    85    84     7.0733
   86  2.6907e+09    17.8062    86    85     7.1528
   87  2.2207e+09    18.4894    87    86     7.2323
   88  2.2199e+09    18.4908    88    87     7.3117
   89  1.7907e+09    19.2770    89    88     7.3912
   90  1.7649e+09    19.3310    90    89     7.4707
   91  1.7500e+09    19.3625    91    90     7.5502
   92  1.7203e+09    19.4264    92    91     7.6296
   93  1.6637e+09    19.5517    93    92     7.7091
   94  1.5553e+09    19.8054    94    93     7.7885
   95  1.3899e+09    20.2345    95    94     7.8680
   96  1.3868e+09    20.2428    96    95     7.9475
   97  1.3736e+09    20.2797    97    96     8.0269
   98  1.3648e+09    20.3046    98    97     8.1064
   99  1.3594e+09    20.3198    99    98     8.1858
  100  1.3541e+09    20.3347   100    99     8.2653
