#indx Mass S step-number desc_indx 
    0  3.1600e+12     3.0343     0    -1     0.0134
    1  3.0509e+12     3.0686     1     0     0.1326
    2  2.9727e+12     3.0942     2     1     0.2441
    3  2.7399e+12     3.1756     3     2     0.3500
    4  2.6796e+12     3.1981     4     3     0.4519
    5  2.6444e+12     3.2115     5     4     0.5506
    6  1.6881e+12     3.6919     6     5     0.6467
    7  1.5655e+12     3.7776     7     6     0.7407
    8  1.4995e+12     3.8272     8     7     0.8330
    9  1.3269e+12     3.9706     9     8     0.9238
   10  1.2635e+12     4.0290    10     9     1.0134
   11  1.2538e+12     4.0383    11    10     1.1018
   12  1.2436e+12     4.0481    12    11     1.1894
   13  1.2221e+12     4.0692    13    12     1.2761
   14  1.2098e+12     4.0815    14    13     1.3621
   15  1.1854e+12     4.1062    15    14     1.4474
   16  1.1317e+12     4.1630    16    15     1.5322
   17  1.1283e+12     4.1667    17    16     1.6165
   18  1.0019e+12     4.3148    18    17     1.7003
   19  9.5968e+11     4.3695    19    18     1.7838
   20  9.3568e+11     4.4018    20    19     1.8669
   21  9.3071e+11     4.4087    21    20     1.9496
   22  8.9295e+11     4.4621    22    21     2.0321
   23  8.3168e+11     4.5548    23    22     2.1143
   24  7.7350e+11     4.6508    24    23     2.1963
   25  7.4857e+11     4.6947    25    24     2.2781
   26  7.3182e+11     4.7252    26    25     2.3597
   27  7.2864e+11     4.7311    27    26     2.4411
   28  6.9091e+11     4.8033    28    27     2.5223
   29  6.8990e+11     4.8053    29    28     2.6034
   30  6.7978e+11     4.8255    30    29     2.6844
   31  6.5532e+11     4.8760    31    30     2.7652
   32  6.4338e+11     4.9014    32    31     2.8459
   33  6.4185e+11     4.9047    33    32     2.9266
   34  6.2289e+11     4.9465    34    33     3.0071
   35  6.2088e+11     4.9510    35    34     3.0876
   36  6.1530e+11     4.9636    36    35     3.1680
   37  5.9170e+11     5.0186    37    36     3.2483
   38  5.8506e+11     5.0345    38    37     3.3285
   39  5.5319e+11     5.1142    39    38     3.4087
   40  5.4409e+11     5.1379    40    39     3.4889
   41  5.4004e+11     5.1487    41    40     3.5689
   42  5.3400e+11     5.1649    42    41     3.6490
   43  5.1092e+11     5.2288    43    42     3.7290
   44  5.0808e+11     5.2369    44    43     3.8089
   45  4.5996e+11     5.3832    45    44     3.8889
   46  4.5013e+11     5.4154    46    45     3.9688
   47  4.1016e+11     5.5554    47    46     4.0486
   48  3.2578e+11     5.9135    48    47     4.1285
   49  3.2229e+11     5.9306    49    48     4.2083
   50  3.2151e+11     5.9345    50    49     4.2881
   51  2.7605e+11     6.1813    51    50     4.3678
   52  2.4561e+11     6.3753    52    51     4.4476
   53  9.5934e+10     8.1018    53    52     4.5273
   54  9.4182e+10     8.1387    54    53     4.6070
   55  9.3598e+10     8.1512    55    54     4.6867
   56  8.9317e+10     8.2456    56    55     4.7664
   57  8.8624e+10     8.2614    57    56     4.8460
   58  5.1361e+10     9.4216    58    57     4.9257
   59  5.1107e+10     9.4326    59    58     5.0053
   60  5.1102e+10     9.4329    60    59     5.0849
   61  4.7995e+10     9.5735    61    60     5.1646
   62  4.3244e+10     9.8106    62    61     5.2442
   63  4.3202e+10     9.8128    63    62     5.3238
   64  4.3145e+10     9.8159    64    63     5.4033
   65  4.3074e+10     9.8197    65    64     5.4829
   66  4.2954e+10     9.8260    66    65     5.5625
   67  4.2397e+10     9.8561    67    66     5.6421
   68  4.2330e+10     9.8597    68    67     5.7216
   69  4.2317e+10     9.8604    69    68     5.8012
   70  4.1797e+10     9.8889    70    69     5.8807
   71  4.0591e+10     9.9567    71    70     5.9602
   72  3.9950e+10     9.9936    72    71     6.0398
   73  2.1001e+10    11.5710    73    72     6.1193
   74  1.8800e+10    11.8596    74    73     6.1988
   75  1.4471e+10    12.5621    75    74     6.2783
   76  1.4405e+10    12.5747    76    75     6.3579
   77  6.4538e+09    14.9172    77    76     6.4374
   78  6.4153e+09    14.9357    78    77     6.5169
   79  6.2954e+09    14.9943    79    78     6.5964
   80  6.2808e+09    15.0015    80    79     6.6759
   81  6.2275e+09    15.0281    81    80     6.7554
   82  6.2253e+09    15.0291    82    81     6.8349
   83  5.2513e+09    15.5656    83    82     6.9143
   84  5.1045e+09    15.6564    84    83     6.9938
   85  5.0484e+09    15.6918    85    84     7.0733
   86  5.0371e+09    15.6990    86    85     7.1528
   87  4.4396e+09    16.1083    87    86     7.2323
   88  4.4150e+09    16.1265    88    87     7.3117
   89  2.7572e+09    17.7206    89    88     7.3912
   90  2.6660e+09    17.8386    90    89     7.4707
   91  2.6566e+09    17.8510    91    90     7.5502
   92  2.5551e+09    17.9884    92    91     7.6296
   93  2.2596e+09    18.4268    93    92     7.7091
   94  2.1982e+09    18.5262    94    93     7.7885
   95  2.1909e+09    18.5382    95    94     7.8680
   96  2.1887e+09    18.5418    96    95     7.9475
   97  2.1267e+09    18.6459    97    96     8.0269
   98  2.1257e+09    18.6475    98    97     8.1064
   99  2.0956e+09    18.6993    99    98     8.1858
  100  1.9895e+09    18.8888   100    99     8.2653
