#indx Mass S step-number desc_indx 
    0  3.1600e+12     3.0343     0    -1     0.0134
    1  3.1095e+12     3.0500     1     0     0.1326
    2  2.7218e+12     3.1823     2     1     0.2441
    3  2.7176e+12     3.1838     3     2     0.3500
    4  2.2378e+12     3.3844     4     3     0.4519
    5  2.0255e+12     3.4909     5     4     0.5506
    6  1.8987e+12     3.5613     6     5     0.6467
    7  1.8777e+12     3.5735     7     6     0.7407
    8  1.7621e+12     3.6439     8     7     0.8330
    9  1.7468e+12     3.6537     9     8     0.9238
   10  1.6588e+12     3.7117    10     9     1.0134
   11  1.6475e+12     3.7195    11    10     1.1018
   12  1.6322e+12     3.7300    12    11     1.1894
   13  1.4642e+12     3.8548    13    12     1.2761
   14  1.4262e+12     3.8855    14    13     1.3621
   15  1.3557e+12     3.9451    15    14     1.4474
   16  1.2679e+12     4.0249    16    15     1.5322
   17  1.2474e+12     4.0444    17    16     1.6165
   18  1.2437e+12     4.0480    18    17     1.7003
   19  1.2344e+12     4.0571    19    18     1.7838
   20  1.2227e+12     4.0686    20    19     1.8669
   21  1.0851e+12     4.2149    21    20     1.9496
   22  1.0757e+12     4.2257    22    21     2.0321
   23  1.0649e+12     4.2383    23    22     2.1143
   24  1.0475e+12     4.2589    24    23     2.1963
   25  1.0258e+12     4.2852    25    24     2.2781
   26  1.0239e+12     4.2875    26    25     2.3597
   27  8.0449e+11     4.5986    27    26     2.4411
   28  7.5224e+11     4.6881    28    27     2.5223
   29  7.5108e+11     4.6902    29    28     2.6034
   30  5.5612e+11     5.1066    30    29     2.6844
   31  5.2315e+11     5.1945    31    30     2.7652
   32  5.2027e+11     5.2025    32    31     2.8459
   33  5.1766e+11     5.2098    33    32     2.9266
   34  4.6001e+11     5.3831    34    33     3.0071
   35  4.5500e+11     5.3994    35    34     3.0876
   36  4.4343e+11     5.4378    36    35     3.1680
   37  3.9646e+11     5.6072    37    36     3.2483
   38  3.3730e+11     5.8584    38    37     3.3285
   39  2.6138e+11     6.2714    39    38     3.4087
   40  2.6041e+11     6.2776    40    39     3.4889
   41  2.5857e+11     6.2894    41    40     3.5689
   42  2.5560e+11     6.3087    42    41     3.6490
   43  2.5171e+11     6.3342    43    42     3.7290
   44  2.4934e+11     6.3501    44    43     3.8089
   45  2.3688e+11     6.4364    45    44     3.8889
   46  2.3316e+11     6.4632    46    45     3.9688
   47  2.2567e+11     6.5188    47    46     4.0486
   48  2.1484e+11     6.6030    48    47     4.1285
   49  2.1077e+11     6.6361    49    48     4.2083
   50  1.5514e+11     7.1816    50    49     4.2881
   51  1.5491e+11     7.1844    51    50     4.3678
   52  1.4635e+11     7.2890    52    51     4.4476
   53  1.4524e+11     7.3032    53    52     4.5273
   54  1.4208e+11     7.3440    54    53     4.6070
   55  8.6669e+10     8.3067    55    54     4.6867
   56  8.5864e+10     8.3256    56    55     4.7664
   57  8.5785e+10     8.3275    57    56     4.8460
   58  8.4822e+10     8.3506    58    57     4.9257
   59  7.9497e+10     8.4838    59    58     5.0053
   60  7.9406e+10     8.4861    60    59     5.0849
   61  7.7602e+10     8.5337    61    60     5.1646
   62  7.7149e+10     8.5459    62    61     5.2442
   63  7.4672e+10     8.6139    63    62     5.3238
   64  7.3759e+10     8.6396    64    63     5.4033
   65  7.3160e+10     8.6567    65    64     5.4829
   66  6.3248e+10     8.9658    66    65     5.5625
   67  6.2562e+10     8.9893    67    66     5.6421
   68  4.9338e+10     9.5114    68    67     5.7216
   69  4.6022e+10     9.6685    69    68     5.8012
   70  4.5445e+10     9.6972    70    69     5.8807
   71  4.5246e+10     9.7072    71    70     5.9602
   72  4.5041e+10     9.7175    72    71     6.0398
   73  4.2640e+10     9.8429    73    72     6.1193
   74  3.2634e+10    10.4719    74    73     6.1988
   75  3.2249e+10    10.5005    75    74     6.2783
   76  3.1080e+10    10.5897    76    75     6.3579
   77  3.0850e+10    10.6078    77    76     6.4374
   78  3.0622e+10    10.6258    78    77     6.5169
   79  3.0593e+10    10.6281    79    78     6.5964
   80  3.0352e+10    10.6473    80    79     6.6759
   81  3.0033e+10    10.6730    81    80     6.7554
   82  2.9975e+10    10.6777    82    81     6.8349
   83  2.9343e+10    10.7298    83    82     6.9143
   84  2.8644e+10    10.7890    84    83     6.9938
   85  2.6892e+10    10.9448    85    84     7.0733
   86  2.1499e+10    11.5106    86    85     7.1528
   87  2.1045e+10    11.5656    87    86     7.2323
   88  1.7706e+10    12.0180    88    87     7.3117
   89  1.7134e+10    12.1053    89    88     7.3912
   90  1.7123e+10    12.1070    90    89     7.4707
   91  1.7110e+10    12.1090    91    90     7.5502
   92  1.5266e+10    12.4161    92    91     7.6296
   93  1.4492e+10    12.5582    93    92     7.7091
   94  1.4093e+10    12.6349    94    93     7.7885
   95  1.3739e+10    12.7050    95    94     7.8680
   96  1.2749e+10    12.9127    96    95     7.9475
   97  1.2676e+10    12.9288    97    96     8.0269
   98  1.1840e+10    13.1206    98    97     8.1064
   99  1.1625e+10    13.1725    99    98     8.1858
  100  1.1227e+10    13.2716   100    99     8.2653
