#indx Mass S step-number desc_indx 
    0  3.1600e+12     3.0343     0    -1     0.0134
    1  3.0956e+12     3.0544     1     0     0.1326
    2  3.0065e+12     3.0830     2     1     0.2441
    3  2.7981e+12     3.1545     3     2     0.3500
    4  2.5065e+12     3.2662     4     3     0.4519
    5  2.2952e+12     3.3578     5     4     0.5506
    6  2.2845e+12     3.3627     6     5     0.6467
    7  1.7684e+12     3.6399     7     6     0.7407
    8  1.1995e+12     4.0918     8     7     0.8330
    9  8.7531e+11     4.4879     9     8     0.9238
   10  8.4137e+11     4.5396    10     9     1.0134
   11  8.0007e+11     4.6059    11    10     1.1018
   12  7.7812e+11     4.6429    12    11     1.1894
   13  7.7580e+11     4.6469    13    12     1.2761
   14  7.6830e+11     4.6598    14    13     1.3621
   15  7.2292e+11     4.7417    15    14     1.4474
   16  7.0275e+11     4.7801    16    15     1.5322
   17  6.4539e+11     4.8971    17    16     1.6165
   18  6.2492e+11     4.9419    18    17     1.7003
   19  6.1858e+11     4.9562    19    18     1.7838
   20  6.1526e+11     4.9637    20    19     1.8669
   21  6.0028e+11     4.9983    21    20     1.9496
   22  5.9706e+11     5.0058    22    21     2.0321
   23  5.9333e+11     5.0147    23    22     2.1143
   24  5.6360e+11     5.0875    24    23     2.1963
   25  5.0342e+11     5.2503    25    24     2.2781
   26  4.9635e+11     5.2710    26    25     2.3597
   27  4.8466e+11     5.3060    27    26     2.4411
   28  4.7738e+11     5.3282    28    27     2.5223
   29  4.6773e+11     5.3584    29    28     2.6034
   30  4.5465e+11     5.4005    30    29     2.6844
   31  4.5069e+11     5.4135    31    30     2.7652
   32  4.4377e+11     5.4366    32    31     2.8459
   33  4.1863e+11     5.5244    33    32     2.9266
   34  4.1739e+11     5.5289    34    33     3.0071
   35  4.1509e+11     5.5373    35    34     3.0876
   36  3.5267e+11     5.7883    36    35     3.1680
   37  3.5178e+11     5.7923    37    36     3.2483
   38  3.4128e+11     5.8399    38    37     3.3285
   39  3.3817e+11     5.8544    39    38     3.4087
   40  3.3641e+11     5.8626    40    39     3.4889
   41  3.3156e+11     5.8856    41    40     3.5689
   42  3.2516e+11     5.9166    42    41     3.6490
   43  3.2499e+11     5.9174    43    42     3.7290
   44  3.2333e+11     5.9255    44    43     3.8089
   45  3.0482e+11     6.0199    45    44     3.8889
   46  2.0167e+11     6.7128    46    45     3.9688
   47  1.9542e+11     6.7678    47    46     4.0486
   48  1.9300e+11     6.7897    48    47     4.1285
   49  1.8971e+11     6.8200    49    48     4.2083
   50  1.8791e+11     6.8368    50    49     4.2881
   51  1.8723e+11     6.8432    51    50     4.3678
   52  1.6379e+11     7.0828    52    51     4.4476
   53  1.6022e+11     7.1228    53    52     4.5273
   54  1.5902e+11     7.1365    54    53     4.6070
   55  1.1917e+11     7.6767    55    54     4.6867
   56  1.1816e+11     7.6931    56    55     4.7664
   57  1.1787e+11     7.6977    57    56     4.8460
   58  1.1560e+11     7.7354    58    57     4.9257
   59  1.1253e+11     7.7875    59    58     5.0053
   60  1.1184e+11     7.7993    60    59     5.0849
   61  1.0671e+11     7.8911    61    60     5.1646
   62  1.0369e+11     7.9476    62    61     5.2442
   63  1.0260e+11     7.9683    63    62     5.3238
   64  1.0251e+11     7.9700    64    63     5.4033
   65  1.0204e+11     7.9792    65    64     5.4829
   66  9.7202e+10     8.0756    66    65     5.5625
   67  9.4035e+10     8.1419    67    66     5.6421
   68  8.8022e+10     8.2752    68    67     5.7216
   69  8.4476e+10     8.3589    69    68     5.8012
   70  7.9409e+10     8.4861    70    69     5.8807
   71  6.5335e+10     8.8962    71    70     5.9602
   72  6.5283e+10     8.8979    72    71     6.0398
   73  6.1240e+10     9.0354    73    72     6.1193
   74  6.1081e+10     9.0410    74    73     6.1988
   75  6.0187e+10     9.0729    75    74     6.2783
   76  6.0019e+10     9.0790    76    75     6.3579
   77  5.9802e+10     9.0869    77    76     6.4374
   78  5.8871e+10     9.1210    78    77     6.5169
   79  5.8334e+10     9.1409    79    78     6.5964
   80  5.8217e+10     9.1453    80    79     6.6759
   81  5.7891e+10     9.1576    81    80     6.7554
   82  5.7062e+10     9.1891    82    81     6.8349
   83  3.3570e+10    10.4041    83    82     6.9143
   84  3.2201e+10    10.5041    84    83     6.9938
   85  3.2015e+10    10.5181    85    84     7.0733
   86  3.1545e+10    10.5538    86    85     7.1528
   87  3.1437e+10    10.5621    87    86     7.2323
   88  2.3057e+10    11.3315    88    87     7.3117
   89  2.2836e+10    11.3561    89    88     7.3912
   90  2.1274e+10    11.5377    90    89     7.4707
   91  2.1030e+10    11.5674    91    90     7.5502
   92  2.1018e+10    11.5689    92    91     7.6296
   93  1.9943e+10    11.7051    93    92     7.7091
   94  1.4057e+10    12.6419    94    93     7.7885
   95  1.4035e+10    12.6461    95    94     7.8680
   96  1.3621e+10    12.7287    96    95     7.9475
   97  1.3592e+10    12.7347    97    96     8.0269
   98  1.3548e+10    12.7435    98    97     8.1064
   99  1.2979e+10    12.8627    99    98     8.1858
  100  1.2268e+10    13.0205   100    99     8.2653
