#indx Mass S step-number desc_indx 
    0  3.1600e+12     3.0343     0    -1     0.0134
    1  3.1455e+12     3.0388     1     0     0.1326
    2  2.6931e+12     3.1930     2     1     0.2441
    3  2.6895e+12     3.1943     3     2     0.3500
    4  2.4395e+12     3.2942     4     3     0.4519
    5  2.4066e+12     3.3083     5     4     0.5506
    6  2.3547e+12     3.3310     6     5     0.6467
    7  2.3058e+12     3.3530     7     6     0.7407
    8  2.2849e+12     3.3625     8     7     0.8330
    9  2.2437e+12     3.3816     9     8     0.9238
   10  2.1020e+12     3.4510    10     9     1.0134
   11  2.0864e+12     3.4590    11    10     1.1018
   12  2.0674e+12     3.4689    12    11     1.1894
   13  2.0232e+12     3.4922    13    12     1.2761
   14  1.9857e+12     3.5124    14    13     1.3621
   15  1.9364e+12     3.5398    15    14     1.4474
   16  1.9097e+12     3.5550    16    15     1.5322
   17  1.7204e+12     3.6707    17    16     1.6165
   18  1.5569e+12     3.7839    18    17     1.7003
   19  1.5470e+12     3.7913    19    18     1.7838
   20  1.5255e+12     3.8073    20    19     1.8669
   21  1.1256e+12     4.1697    21    20     1.9496
   22  1.0354e+12     4.2735    22    21     2.0321
   23  8.4712e+11     4.5306    23    22     2.1143
   24  7.0255e+11     4.7805    24    23     2.1963
   25  6.7658e+11     4.8320    25    24     2.2781
   26  6.2189e+11     4.9487    26    25     2.3597
   27  6.1324e+11     4.9683    27    26     2.4411
   28  5.2338e+11     5.1939    28    27     2.5223
   29  5.0786e+11     5.2376    29    28     2.6034
   30  5.0577e+11     5.2436    30    29     2.6844
   31  4.8387e+11     5.3083    31    30     2.7652
   32  4.7990e+11     5.3205    32    31     2.8459
   33  4.7140e+11     5.3468    33    32     2.9266
   34  4.4367e+11     5.4370    34    33     3.0071
   35  4.3935e+11     5.4516    35    34     3.0876
   36  4.3696e+11     5.4598    36    35     3.1680
   37  4.3188e+11     5.4774    37    36     3.2483
   38  4.2377e+11     5.5059    38    37     3.3285
   39  4.1098e+11     5.5523    39    38     3.4087
   40  4.0516e+11     5.5740    40    39     3.4889
   41  4.0101e+11     5.5897    41    40     3.5689
   42  2.2921e+11     6.4922    42    41     3.6490
   43  2.2847e+11     6.4977    43    42     3.7290
   44  2.2750e+11     6.5050    44    43     3.8089
   45  2.2633e+11     6.5137    45    44     3.8889
   46  2.2569e+11     6.5186    46    45     3.9688
   47  2.2046e+11     6.5587    47    46     4.0486
   48  2.1770e+11     6.5804    48    47     4.1285
   49  2.0354e+11     6.6967    49    48     4.2083
   50  1.8734e+11     6.8422    50    49     4.2881
   51  1.7638e+11     6.9494    51    50     4.3678
   52  1.7226e+11     6.9918    52    51     4.4476
   53  1.6930e+11     7.0229    53    52     4.5273
   54  1.6074e+11     7.1169    54    53     4.6070
   55  1.5633e+11     7.1676    55    54     4.6867
   56  1.5558e+11     7.1765    56    55     4.7664
   57  1.4929e+11     7.2523    57    56     4.8460
   58  1.4917e+11     7.2538    58    57     4.9257
   59  1.4461e+11     7.3113    59    58     5.0053
   60  1.4239e+11     7.3399    60    59     5.0849
   61  1.3361e+11     7.4591    61    60     5.1646
   62  1.3305e+11     7.4669    62    61     5.2442
   63  1.2537e+11     7.5795    63    62     5.3238
   64  1.2505e+11     7.5844    64    63     5.4033
   65  1.2406e+11     7.5996    65    64     5.4829
   66  1.1861e+11     7.6857    66    65     5.5625
   67  8.4993e+10     8.3465    67    66     5.6421
   68  8.4216e+10     8.3652    68    67     5.7216
   69  8.3377e+10     8.3857    69    68     5.8012
   70  7.0997e+10     8.7198    70    69     5.8807
   71  7.0352e+10     8.7390    71    70     5.9602
   72  6.9469e+10     8.7657    72    71     6.0398
   73  6.8500e+10     8.7955    73    72     6.1193
   74  6.8220e+10     8.8041    74    73     6.1988
   75  6.7443e+10     8.8285    75    74     6.2783
   76  5.7426e+10     9.1752    76    75     6.3579
   77  5.5195e+10     9.2621    77    76     6.4374
   78  5.4536e+10     9.2886    78    77     6.5169
   79  5.2238e+10     9.3839    79    78     6.5964
   80  5.1765e+10     9.4041    80    79     6.6759
   81  5.0717e+10     9.4497    81    80     6.7554
   82  5.0207e+10     9.4723    82    81     6.8349
   83  4.8036e+10     9.5716    83    82     6.9143
   84  3.7239e+10    10.1580    84    83     6.9938
   85  3.6850e+10    10.1827    85    84     7.0733
   86  3.6094e+10    10.2317    86    85     7.1528
   87  3.5648e+10    10.2611    87    86     7.2323
   88  3.5592e+10    10.2648    88    87     7.3117
   89  3.5252e+10    10.2876    89    88     7.3912
   90  3.4745e+10    10.3220    90    89     7.4707
   91  3.4665e+10    10.3275    91    90     7.5502
   92  3.4521e+10    10.3374    92    91     7.6296
   93  3.3245e+10    10.4274    93    92     7.7091
   94  3.1420e+10    10.5634    94    93     7.7885
   95  3.1411e+10    10.5641    95    94     7.8680
   96  3.0930e+10    10.6015    96    95     7.9475
   97  3.0461e+10    10.6386    97    96     8.0269
   98  3.0340e+10    10.6483    98    97     8.1064
   99  2.9437e+10    10.7220    99    98     8.1858
  100  2.9247e+10    10.7378   100    99     8.2653
