#indx Mass S step-number desc_indx 
    0  3.1600e+12     3.0343     0    -1     0.0134
    1  3.1480e+12     3.0380     1     0     0.1326
    2  3.1382e+12     3.0410     2     1     0.2441
    3  2.9791e+12     3.0921     3     2     0.3500
    4  2.8837e+12     3.1244     4     3     0.4519
    5  2.4005e+12     3.3109     5     4     0.5506
    6  2.3187e+12     3.3471     6     5     0.6467
    7  2.1732e+12     3.4155     7     6     0.7407
    8  2.1285e+12     3.4377     8     7     0.8330
    9  1.7728e+12     3.6372     9     8     0.9238
   10  1.7228e+12     3.6691    10     9     1.0134
   11  1.6682e+12     3.7054    11    10     1.1018
   12  1.2428e+12     4.0489    12    11     1.1894
   13  1.2414e+12     4.0502    13    12     1.2761
   14  9.3862e+11     4.3978    14    13     1.3621
   15  9.1906e+11     4.4249    15    14     1.4474
   16  9.0684e+11     4.4421    16    15     1.5322
   17  8.4872e+11     4.5282    17    16     1.6165
   18  8.3049e+11     4.5567    18    17     1.7003
   19  8.2631e+11     4.5633    19    18     1.7838
   20  8.2564e+11     4.5644    20    19     1.8669
   21  8.2165e+11     4.5707    21    20     1.9496
   22  8.0845e+11     4.5921    22    21     2.0321
   23  8.0665e+11     4.5951    23    22     2.1143
   24  8.0310e+11     4.6009    24    23     2.1963
   25  7.1321e+11     4.7600    25    24     2.2781
   26  6.7644e+11     4.8323    26    25     2.3597
   27  6.4746e+11     4.8927    27    26     2.4411
   28  5.8182e+11     5.0424    28    27     2.5223
   29  5.6641e+11     5.0805    29    28     2.6034
   30  5.0632e+11     5.2420    30    29     2.6844
   31  5.0181e+11     5.2550    31    30     2.7652
   32  4.9958e+11     5.2615    32    31     2.8459
   33  4.8576e+11     5.3026    33    32     2.9266
   34  4.8488e+11     5.3053    34    33     3.0071
   35  4.7871e+11     5.3241    35    34     3.0876
   36  4.7389e+11     5.3390    36    35     3.1680
   37  4.5067e+11     5.4136    37    36     3.2483
   38  4.4643e+11     5.4277    38    37     3.3285
   39  3.6942e+11     5.7160    39    38     3.4087
   40  3.6584e+11     5.7312    40    39     3.4889
   41  3.6349e+11     5.7412    41    40     3.5689
   42  3.5301e+11     5.7868    42    41     3.6490
   43  3.5293e+11     5.7872    43    42     3.7290
   44  3.5066e+11     5.7973    44    43     3.8089
   45  2.5452e+11     6.3157    45    44     3.8889
   46  2.5304e+11     6.3254    46    45     3.9688
   47  2.4690e+11     6.3666    47    46     4.0486
   48  2.1997e+11     6.5625    48    47     4.1285
   49  2.1455e+11     6.6054    49    48     4.2083
   50  2.1252e+11     6.6219    50    49     4.2881
   51  2.1100e+11     6.6342    51    50     4.3678
   52  2.0909e+11     6.6500    52    51     4.4476
   53  2.0594e+11     6.6763    53    52     4.5273
   54  1.9936e+11     6.7329    54    53     4.6070
   55  1.6090e+11     7.1151    55    54     4.6867
   56  1.1995e+11     7.6641    56    55     4.7664
   57  1.1923e+11     7.6757    57    56     4.8460
   58  1.1892e+11     7.6807    58    57     4.9257
   59  1.1377e+11     7.7661    59    58     5.0053
   60  1.1281e+11     7.7827    60    59     5.0849
   61  1.1252e+11     7.7876    61    60     5.1646
   62  7.2470e+10     8.6765    62    61     5.2442
   63  7.1686e+10     8.6994    63    62     5.3238
   64  6.8951e+10     8.7816    64    63     5.4033
   65  6.3722e+10     8.9498    65    64     5.4829
   66  6.3108e+10     8.9706    66    65     5.5625
   67  6.1879e+10     9.0129    67    66     5.6421
   68  6.1398e+10     9.0298    68    67     5.7216
   69  6.1309e+10     9.0329    69    68     5.8012
   70  6.0217e+10     9.0719    70    69     5.8807
   71  6.0027e+10     9.0787    71    70     5.9602
   72  5.6759e+10     9.2008    72    71     6.0398
   73  4.8532e+10     9.5485    73    72     6.1193
   74  4.7517e+10     9.5961    74    73     6.1988
   75  4.7360e+10     9.6036    75    74     6.2783
   76  3.8351e+10    10.0889    76    75     6.3579
   77  3.8005e+10    10.1101    77    76     6.4374
   78  2.7090e+10    10.9266    78    77     6.5169
   79  2.7042e+10    10.9310    79    78     6.5964
   80  2.6819e+10    10.9516    80    79     6.6759
   81  2.6059e+10    11.0231    81    80     6.7554
   82  2.5999e+10    11.0289    82    81     6.8349
   83  1.7287e+10    12.0816    83    82     6.9143
   84  1.2921e+10    12.8752    84    83     6.9938
   85  1.2762e+10    12.9098    85    84     7.0733
   86  1.1885e+10    13.1099    86    85     7.1528
   87  1.1858e+10    13.1163    87    86     7.2323
   88  1.1787e+10    13.1332    88    87     7.3117
   89  1.1299e+10    13.2533    89    88     7.3912
   90  1.0019e+10    13.5988    90    89     7.4707
   91  1.0007e+10    13.6020    91    90     7.5502
   92  9.9690e+09    13.6132    92    91     7.6296
   93  9.8069e+09    13.6608    93    92     7.7091
   94  9.7605e+09    13.6746    94    93     7.7885
   95  8.4145e+09    14.1115    95    94     7.8680
   96  8.1020e+09    14.2245    96    95     7.9475
   97  8.0604e+09    14.2399    97    96     8.0269
   98  7.8357e+09    14.3248    98    97     8.1064
   99  6.6106e+09    14.8430    99    98     8.1858
  100  6.4776e+09    14.9058   100    99     8.2653
