#indx Mass S step-number desc_indx 
    0  3.1600e+12     3.0343     0    -1     0.0134
    1  2.8717e+12     3.1285     1     0     0.1326
    2  2.8391e+12     3.1399     2     1     0.2441
    3  2.6085e+12     3.2254     3     2     0.3500
    4  2.5288e+12     3.2572     4     3     0.4519
    5  2.5038e+12     3.2673     5     4     0.5506
    6  2.4929e+12     3.2718     6     5     0.6467
    7  2.2300e+12     3.3881     7     6     0.7407
    8  2.2018e+12     3.4016     8     7     0.8330
    9  2.1647e+12     3.4197     9     8     0.9238
   10  2.0161e+12     3.4959    10     9     1.0134
   11  2.0042e+12     3.5024    11    10     1.1018
   12  1.9853e+12     3.5126    12    11     1.1894
   13  6.5729e+11     4.8718    13    12     1.2761
   14  4.9526e+11     5.2742    14    13     1.3621
   15  4.9398e+11     5.2780    15    14     1.4474
   16  4.3876e+11     5.4536    16    15     1.5322
   17  4.3539e+11     5.4652    17    16     1.6165
   18  3.8893e+11     5.6366    18    17     1.7003
   19  3.8779e+11     5.6411    19    18     1.7838
   20  1.4163e+11     7.3499    20    19     1.8669
   21  1.4018e+11     7.3691    21    20     1.9496
   22  1.3934e+11     7.3803    22    21     2.0321
   23  1.3805e+11     7.3978    23    22     2.1143
   24  1.3634e+11     7.4210    24    23     2.1963
   25  1.3300e+11     7.4676    25    24     2.2781
   26  1.3061e+11     7.5020    26    25     2.3597
   27  1.2569e+11     7.5747    27    26     2.4411
   28  1.2372e+11     7.6049    28    27     2.5223
   29  1.2156e+11     7.6386    29    28     2.6034
   30  1.2070e+11     7.6521    30    29     2.6844
   31  1.1950e+11     7.6713    31    30     2.7652
   32  1.1446e+11     7.7545    32    31     2.8459
   33  1.1372e+11     7.7670    33    32     2.9266
   34  1.1309e+11     7.7779    34    33     3.0071
   35  1.0966e+11     7.8377    35    34     3.0876
   36  1.0739e+11     7.8787    36    35     3.1680
   37  8.6299e+10     8.3154    37    36     3.2483
   38  8.6077e+10     8.3206    38    37     3.3285
   39  8.2814e+10     8.3996    39    38     3.4087
   40  8.1034e+10     8.4443    40    39     3.4889
   41  7.2436e+10     8.6775    41    40     3.5689
   42  6.6543e+10     8.8571    42    41     3.6490
   43  2.7353e+10    10.9026    43    42     3.7290
   44  2.7299e+10    10.9076    44    43     3.8089
   45  2.6771e+10    10.9560    45    44     3.8889
   46  1.9677e+10    11.7401    46    45     3.9688
   47  1.9508e+10    11.7626    47    46     4.0486
   48  1.8242e+10    11.9390    48    47     4.1285
   49  1.7953e+10    11.9812    49    48     4.2083
   50  1.7944e+10    11.9826    50    49     4.2881
   51  1.6793e+10    12.1591    51    50     4.3678
   52  1.6530e+10    12.2013    52    51     4.4476
   53  1.6491e+10    12.2077    53    52     4.5273
   54  1.6398e+10    12.2229    54    53     4.6070
   55  1.6289e+10    12.2408    55    54     4.6867
   56  1.6218e+10    12.2527    56    55     4.7664
   57  1.6178e+10    12.2593    57    56     4.8460
   58  1.6031e+10    12.2838    58    57     4.9257
   59  1.5616e+10    12.3548    59    58     5.0053
   60  1.5587e+10    12.3597    60    59     5.0849
   61  1.5247e+10    12.4195    61    60     5.1646
   62  1.4125e+10    12.6285    62    61     5.2442
   63  1.4054e+10    12.6424    63    62     5.3238
   64  1.3428e+10    12.7683    64    63     5.4033
   65  1.1816e+10    13.1264    65    64     5.4829
   66  1.1631e+10    13.1711    66    65     5.5625
   67  8.2163e+09    14.1826    67    66     5.6421
   68  8.2086e+09    14.1854    68    67     5.7216
   69  8.0660e+09    14.2378    69    68     5.8012
   70  3.6811e+09    16.7294    70    69     5.8807
   71  2.7870e+09    17.6830    71    70     5.9602
   72  2.7147e+09    17.7750    72    71     6.0398
   73  2.7077e+09    17.7841    73    72     6.1193
   74  2.6087e+09    17.9151    74    73     6.1988
   75  2.4342e+09    18.1604    75    74     6.2783
   76  2.3885e+09    18.2281    76    75     6.3579
   77  2.3873e+09    18.2299    77    76     6.4374
   78  2.3844e+09    18.2342    78    77     6.5169
   79  2.3410e+09    18.2998    79    78     6.5964
   80  2.3224e+09    18.3284    80    79     6.6759
   81  2.2521e+09    18.4388    81    80     6.7554
   82  2.2493e+09    18.4433    82    81     6.8349
   83  2.2347e+09    18.4668    83    82     6.9143
   84  2.0014e+09    18.8670    84    83     6.9938
   85  1.9847e+09    18.8977    85    84     7.0733
   86  1.2764e+09    20.5634    86    85     7.1528
   87  1.2744e+09    20.5696    87    86     7.2323
   88  1.2323e+09    20.7006    88    87     7.3117
   89  1.2159e+09    20.7527    89    88     7.3912
   90  1.1527e+09    20.9623    90    89     7.4707
   91  1.1234e+09    21.0641    91    90     7.5502
   92  1.1211e+09    21.0719    92    91     7.6296
   93  1.1117e+09    21.1052    93    92     7.7091
   94  1.1110e+09    21.1078    94    93     7.7885
   95  1.1108e+09    21.1084    95    94     7.8680
   96  1.0779e+09    21.2277    96    95     7.9475
   97  9.0265e+08    21.9412    97    96     8.0269
   98  8.3263e+08    22.2713    98    97     8.1064
   99  7.5687e+08    22.6657    99    98     8.1858
  100  7.1811e+08    22.8851   100    99     8.2653
