#indx Mass S step-number desc_indx 
    0  3.1600e+12     3.0343     0    -1     0.0134
    1  2.8902e+12     3.1221     1     0     0.1326
    2  2.8692e+12     3.1294     2     1     0.2441
    3  2.5542e+12     3.2469     3     2     0.3500
    4  2.3828e+12     3.3186     4     3     0.4519
    5  2.0742e+12     3.4653     5     4     0.5506
    6  2.0667e+12     3.4692     6     5     0.6467
    7  2.0391e+12     3.4837     7     6     0.7407
    8  1.3153e+12     3.9810     8     7     0.8330
    9  1.3021e+12     3.9930     9     8     0.9238
   10  1.2125e+12     4.0788    10     9     1.0134
   11  1.1332e+12     4.1613    11    10     1.1018
   12  1.1229e+12     4.1725    12    11     1.1894
   13  1.0003e+12     4.3169    13    12     1.2761
   14  9.8603e+11     4.3350    14    13     1.3621
   15  9.7855e+11     4.3447    15    14     1.4474
   16  9.5374e+11     4.3774    16    15     1.5322
   17  8.4326e+11     4.5366    17    16     1.6165
   18  8.3482e+11     4.5498    18    17     1.7003
   19  8.3097e+11     4.5559    19    18     1.7838
   20  8.2313e+11     4.5684    20    19     1.8669
   21  8.1232e+11     4.5858    21    20     1.9496
   22  7.6293e+11     4.6692    22    21     2.0321
   23  7.1776e+11     4.7514    23    22     2.1143
   24  6.5543e+11     4.8757    24    23     2.1963
   25  6.5127e+11     4.8845    25    24     2.2781
   26  6.3196e+11     4.9263    26    25     2.3597
   27  6.3064e+11     4.9292    27    26     2.4411
   28  6.1814e+11     4.9572    28    27     2.5223
   29  6.1471e+11     4.9649    29    28     2.6034
   30  6.0472e+11     4.9879    30    29     2.6844
   31  5.7609e+11     5.0564    31    30     2.7652
   32  4.8491e+11     5.3052    32    31     2.8459
   33  4.7399e+11     5.3387    33    32     2.9266
   34  4.7001e+11     5.3512    34    33     3.0071
   35  4.6258e+11     5.3748    35    34     3.0876
   36  4.3458e+11     5.4680    36    35     3.1680
   37  4.1246e+11     5.5469    37    36     3.2483
   38  3.8204e+11     5.6641    38    37     3.3285
   39  3.5173e+11     5.7925    39    38     3.4087
   40  3.4093e+11     5.8416    40    39     3.4889
   41  3.4001e+11     5.8458    41    40     3.5689
   42  3.3741e+11     5.8579    42    41     3.6490
   43  3.3711e+11     5.8593    43    42     3.7290
   44  3.3333e+11     5.8772    44    43     3.8089
   45  3.1229e+11     5.9810    45    44     3.8889
   46  3.0479e+11     6.0201    46    45     3.9688
   47  2.1642e+11     6.5905    47    46     4.0486
   48  2.1499e+11     6.6019    48    47     4.1285
   49  2.0611e+11     6.6748    49    48     4.2083
   50  2.0479e+11     6.6860    50    49     4.2881
   51  2.0267e+11     6.7042    51    50     4.3678
   52  2.0047e+11     6.7231    52    51     4.4476
   53  1.9902e+11     6.7359    53    52     4.5273
   54  1.9832e+11     6.7421    54    53     4.6070
   55  1.9027e+11     6.8148    55    54     4.6867
   56  1.7860e+11     6.9270    56    55     4.7664
   57  1.5854e+11     7.1421    57    56     4.8460
   58  1.5623e+11     7.1688    58    57     4.9257
   59  1.5442e+11     7.1902    59    58     5.0053
   60  1.4978e+11     7.2463    60    59     5.0849
   61  1.4861e+11     7.2607    61    60     5.1646
   62  1.4484e+11     7.3082    62    61     5.2442
   63  1.3877e+11     7.3881    63    62     5.3238
   64  1.0918e+11     7.8462    64    63     5.4033
   65  1.0720e+11     7.8820    65    64     5.4829
   66  1.0279e+11     7.9646    66    65     5.5625
   67  1.0271e+11     7.9663    67    66     5.6421
   68  9.9053e+10     8.0380    68    67     5.7216
   69  9.8749e+10     8.0442    69    68     5.8012
   70  9.6325e+10     8.0937    70    69     5.8807
   71  9.4717e+10     8.1274    71    70     5.9602
   72  9.2322e+10     8.1788    72    71     6.0398
   73  9.2048e+10     8.1848    73    72     6.1193
   74  9.1800e+10     8.1902    74    73     6.1988
   75  9.1698e+10     8.1924    75    74     6.2783
   76  9.0215e+10     8.2253    76    75     6.3579
   77  8.7563e+10     8.2858    77    76     6.4374
   78  8.6320e+10     8.3149    78    77     6.5169
   79  8.6051e+10     8.3212    79    78     6.5964
   80  8.2060e+10     8.4184    80    79     6.6759
   81  8.2051e+10     8.4186    81    80     6.7554
   82  8.0809e+10     8.4500    82    81     6.8349
   83  6.4544e+10     8.9222    83    82     6.9143
   84  6.4440e+10     8.9257    84    83     6.9938
   85  6.4053e+10     8.9386    85    84     7.0733
   86  6.1209e+10     9.0365    86    85     7.1528
   87  5.8420e+10     9.1377    87    86     7.2323
   88  5.8167e+10     9.1472    88    87     7.3117
   89  5.4989e+10     9.2704    89    88     7.3912
   90  5.3486e+10     9.3316    90    89     7.4707
   91  4.4156e+10     9.7628    91    90     7.5502
   92  4.2044e+10     9.8753    92    91     7.6296
   93  3.6104e+10    10.2310    93    92     7.7091
   94  3.6030e+10    10.2358    94    93     7.7885
   95  3.5935e+10    10.2421    95    94     7.8680
   96  3.5903e+10    10.2442    96    95     7.9475
   97  3.4031e+10    10.3715    97    96     8.0269
   98  3.3286e+10    10.4245    98    97     8.1064
   99  3.3211e+10    10.4298    99    98     8.1858
  100  3.3170e+10    10.4329   100    99     8.2653
