#indx Mass S step-number desc_indx 
    0  3.1600e+12     3.0343     0    -1     0.0134
    1  3.0053e+12     3.0834     1     0     0.1326
    2  2.9936e+12     3.0873     2     1     0.2441
    3  2.9819e+12     3.0912     3     2     0.3500
    4  2.9788e+12     3.0922     4     3     0.4519
    5  2.9231e+12     3.1109     5     4     0.5506
    6  2.4276e+12     3.2992     6     5     0.6467
    7  2.3463e+12     3.3347     7     6     0.7407
    8  2.2121e+12     3.3967     8     7     0.8330
    9  2.0885e+12     3.4580     9     8     0.9238
   10  1.4310e+12     3.8816    10     9     1.0134
   11  1.4278e+12     3.8842    11    10     1.1018
   12  1.3840e+12     3.9207    12    11     1.1894
   13  1.3482e+12     3.9516    13    12     1.2761
   14  1.2158e+12     4.0754    14    13     1.3621
   15  1.0739e+12     4.2278    15    14     1.4474
   16  1.0692e+12     4.2333    16    15     1.5322
   17  1.0521e+12     4.2534    17    16     1.6165
   18  1.0100e+12     4.3047    18    17     1.7003
   19  8.9103e+11     4.4648    19    18     1.7838
   20  8.7593e+11     4.4870    20    19     1.8669
   21  8.3589e+11     4.5481    21    20     1.9496
   22  8.2217e+11     4.5699    22    21     2.0321
   23  6.5936e+11     4.8675    23    22     2.1143
   24  6.5840e+11     4.8695    24    23     2.1963
   25  5.4930e+11     5.1243    25    24     2.2781
   26  5.4400e+11     5.1382    26    25     2.3597
   27  4.9018e+11     5.2893    27    26     2.4411
   28  4.8242e+11     5.3127    28    27     2.5223
   29  3.8931e+11     5.6351    29    28     2.6034
   30  3.4906e+11     5.8045    30    29     2.6844
   31  3.1210e+11     5.9820    31    30     2.7652
   32  2.4326e+11     6.3915    32    31     2.8459
   33  2.3478e+11     6.4514    33    32     2.9266
   34  2.2635e+11     6.5136    34    33     3.0071
   35  2.2575e+11     6.5182    35    34     3.0876
   36  2.2460e+11     6.5269    36    35     3.1680
   37  2.2317e+11     6.5378    37    36     3.2483
   38  2.1885e+11     6.5713    38    37     3.3285
   39  2.0119e+11     6.7169    39    38     3.4087
   40  1.9219e+11     6.7971    40    39     3.4889
   41  1.9149e+11     6.8035    41    40     3.5689
   42  1.8943e+11     6.8226    42    41     3.6490
   43  1.8803e+11     6.8357    43    42     3.7290
   44  1.6744e+11     7.0429    44    43     3.8089
   45  1.6670e+11     7.0508    45    44     3.8889
   46  1.6620e+11     7.0563    46    45     3.9688
   47  1.6486e+11     7.0710    47    46     4.0486
   48  1.2008e+11     7.6620    48    47     4.1285
   49  1.1902e+11     7.6790    49    48     4.2083
   50  1.1828e+11     7.6912    50    49     4.2881
   51  1.1580e+11     7.7320    51    50     4.3678
   52  1.0830e+11     7.8622    52    51     4.4476
   53  1.0787e+11     7.8698    53    52     4.5273
   54  1.0409e+11     7.9400    54    53     4.6070
   55  1.0381e+11     7.9453    55    54     4.6867
   56  1.0352e+11     7.9507    56    55     4.7664
   57  1.0316e+11     7.9577    57    56     4.8460
   58  1.0229e+11     7.9744    58    57     4.9257
   59  1.0040e+11     8.0112    59    58     5.0053
   60  1.0024e+11     8.0145    60    59     5.0849
   61  9.6226e+10     8.0957    61    60     5.1646
   62  9.5631e+10     8.1081    62    61     5.2442
   63  8.7435e+10     8.2888    63    62     5.3238
   64  8.7262e+10     8.2928    64    63     5.4033
   65  8.7030e+10     8.2982    65    64     5.4829
   66  8.4786e+10     8.3514    66    65     5.5625
   67  8.3895e+10     8.3730    67    66     5.6421
   68  8.2288e+10     8.4127    68    67     5.7216
   69  7.5726e+10     8.5846    69    68     5.8012
   70  7.5133e+10     8.6010    70    69     5.8807
   71  6.1774e+10     9.0166    71    70     5.9602
   72  5.3865e+10     9.3159    72    71     6.0398
   73  5.1683e+10     9.4077    73    72     6.1193
   74  4.6992e+10     9.6212    74    73     6.1988
   75  4.4406e+10     9.7499    75    74     6.2783
   76  4.4035e+10     9.7691    76    75     6.3579
   77  4.3242e+10     9.8107    77    76     6.4374
   78  4.2625e+10     9.8437    78    77     6.5169
   79  3.8032e+10    10.1085    79    78     6.5964
   80  3.7898e+10    10.1168    80    79     6.6759
   81  3.6064e+10    10.2336    81    80     6.7554
   82  3.5303e+10    10.2841    82    81     6.8349
   83  3.4924e+10    10.3098    83    82     6.9143
   84  3.1564e+10    10.5524    84    83     6.9938
   85  3.1145e+10    10.5847    85    84     7.0733
   86  3.1131e+10    10.5857    86    85     7.1528
   87  3.1008e+10    10.5953    87    86     7.2323
   88  3.0829e+10    10.6094    88    87     7.3117
   89  3.0692e+10    10.6202    89    88     7.3912
   90  2.8050e+10    10.8405    90    89     7.4707
   91  2.2481e+10    11.3961    91    90     7.5502
   92  2.2420e+10    11.4030    92    91     7.6296
   93  2.2323e+10    11.4141    93    92     7.7091
   94  2.1558e+10    11.5035    94    93     7.7885
   95  2.1382e+10    11.5246    95    94     7.8680
   96  2.1337e+10    11.5301    96    95     7.9475
   97  2.0771e+10    11.5995    97    96     8.0269
   98  2.0658e+10    11.6136    98    97     8.1064
   99  1.8663e+10    11.8788    99    98     8.1858
  100  1.8155e+10    11.9516   100    99     8.2653
