#indx Mass S step-number desc_indx 
    0  3.1600e+12     3.0343     0    -1     0.0134
    1  2.6301e+12     3.2170     1     0     0.1326
    2  2.6161e+12     3.2224     2     1     0.2441
    3  2.4677e+12     3.2823     3     2     0.3500
    4  2.3887e+12     3.3160     4     3     0.4519
    5  2.3685e+12     3.3249     5     4     0.5506
    6  2.3114e+12     3.3504     6     5     0.6467
    7  2.1902e+12     3.4072     7     6     0.7407
    8  1.9256e+12     3.5459     8     7     0.8330
    9  1.8446e+12     3.5931     9     8     0.9238
   10  1.2260e+12     4.0653    10     9     1.0134
   11  1.2196e+12     4.0717    11    10     1.1018
   12  1.2064e+12     4.0848    12    11     1.1894
   13  1.0941e+12     4.2047    13    12     1.2761
   14  9.8215e+11     4.3400    14    13     1.3621
   15  9.6788e+11     4.3586    15    14     1.4474
   16  9.6514e+11     4.3622    16    15     1.5322
   17  9.5512e+11     4.3755    17    16     1.6165
   18  8.9774e+11     4.4551    18    17     1.7003
   19  6.7695e+11     4.8313    19    18     1.7838
   20  6.6193e+11     4.8621    20    19     1.8669
   21  6.4103e+11     4.9065    21    20     1.9496
   22  6.3966e+11     4.9095    22    21     2.0321
   23  6.3107e+11     4.9283    23    22     2.1143
   24  6.3039e+11     4.9298    24    23     2.1963
   25  5.6849e+11     5.0753    25    24     2.2781
   26  3.5217e+11     5.7906    26    25     2.3597
   27  3.5023e+11     5.7992    27    26     2.4411
   28  3.4656e+11     5.8158    28    27     2.5223
   29  3.4048e+11     5.8436    29    28     2.6034
   30  3.3995e+11     5.8461    30    29     2.6844
   31  3.3794e+11     5.8554    31    30     2.7652
   32  3.3375e+11     5.8752    32    31     2.8459
   33  3.3303e+11     5.8786    33    32     2.9266
   34  3.2698e+11     5.9076    34    33     3.0071
   35  3.2335e+11     5.9254    35    34     3.0876
   36  3.1524e+11     5.9660    36    35     3.1680
   37  3.1230e+11     5.9810    37    36     3.2483
   38  3.0775e+11     6.0046    38    37     3.3285
   39  3.0600e+11     6.0137    39    38     3.4087
   40  2.3947e+11     6.4179    40    39     3.4889
   41  2.2392e+11     6.5321    41    40     3.5689
   42  2.2241e+11     6.5436    42    41     3.6490
   43  2.2054e+11     6.5581    43    42     3.7290
   44  2.1936e+11     6.5673    44    43     3.8089
   45  2.1863e+11     6.5730    45    44     3.8889
   46  2.1015e+11     6.6412    46    45     3.9688
   47  2.0529e+11     6.6818    47    46     4.0486
   48  2.0093e+11     6.7191    48    47     4.1285
   49  1.7067e+11     7.0084    49    48     4.2083
   50  1.5589e+11     7.1729    50    49     4.2881
   51  1.5019e+11     7.2413    51    50     4.3678
   52  1.2633e+11     7.5650    52    51     4.4476
   53  6.7047e+10     8.8410    53    52     4.5273
   54  6.2490e+10     8.9918    54    53     4.6070
   55  5.8794e+10     9.1238    55    54     4.6867
   56  5.8632e+10     9.1298    56    55     4.7664
   57  5.8245e+10     9.1443    57    56     4.8460
   58  5.7180e+10     9.1846    58    57     4.9257
   59  5.7061e+10     9.1892    59    58     5.0053
   60  5.4868e+10     9.2752    60    59     5.0849
   61  5.4033e+10     9.3090    61    60     5.1646
   62  4.6540e+10     9.6431    62    61     5.2442
   63  4.2531e+10     9.8488    63    62     5.3238
   64  4.2221e+10     9.8657    64    63     5.4033
   65  4.0732e+10     9.9486    65    64     5.4829
   66  4.0475e+10     9.9633    66    65     5.5625
   67  3.9646e+10    10.0114    67    66     5.6421
   68  3.0427e+10    10.6413    68    67     5.7216
   69  3.0397e+10    10.6437    69    68     5.8012
   70  2.6937e+10    10.9406    70    69     5.8807
   71  2.6662e+10    10.9661    71    70     5.9602
   72  2.6055e+10    11.0235    72    71     6.0398
   73  2.6004e+10    11.0283    73    72     6.1193
   74  2.5805e+10    11.0475    74    73     6.1988
   75  2.5048e+10    11.1222    75    74     6.2783
   76  2.4478e+10    11.1801    76    75     6.3579
   77  2.4307e+10    11.1977    77    76     6.4374
   78  2.4138e+10    11.2154    78    77     6.5169
   79  2.3839e+10    11.2469    79    78     6.5964
   80  2.3197e+10    11.3161    80    79     6.6759
   81  2.2744e+10    11.3663    81    80     6.7554
   82  2.1309e+10    11.5334    82    81     6.8349
   83  2.0991e+10    11.5723    83    82     6.9143
   84  2.0918e+10    11.5812    84    83     6.9938
   85  2.0891e+10    11.5845    85    84     7.0733
   86  2.0009e+10    11.6965    86    85     7.1528
   87  1.8238e+10    11.9395    87    86     7.2323
   88  1.8091e+10    11.9610    88    87     7.3117
   89  1.7693e+10    12.0199    89    88     7.3912
   90  1.3269e+10    12.8013    90    89     7.4707
   91  1.2600e+10    12.9456    91    90     7.5502
   92  1.1862e+10    13.1153    92    91     7.6296
   93  1.1842e+10    13.1201    93    92     7.7091
   94  1.1814e+10    13.1267    94    93     7.7885
   95  1.1812e+10    13.1272    95    94     7.8680
   96  1.1743e+10    13.1439    96    95     7.9475
   97  1.0876e+10    13.3623    97    96     8.0269
   98  1.0855e+10    13.3678    98    97     8.1064
   99  1.0703e+10    13.4080    99    98     8.1858
  100  1.0693e+10    13.4109   100    99     8.2653
