#indx Mass S step-number desc_indx 
    0  3.1600e+12     3.0343     0    -1     0.0134
    1  2.8528e+12     3.1351     1     0     0.1326
    2  2.6023e+12     3.2278     2     1     0.2441
    3  2.4170e+12     3.3038     3     2     0.3500
    4  2.4078e+12     3.3078     4     3     0.4519
    5  2.3705e+12     3.3240     5     4     0.5506
    6  2.3028e+12     3.3543     6     5     0.6467
    7  2.1560e+12     3.4239     7     6     0.7407
    8  2.1306e+12     3.4366     8     7     0.8330
    9  1.9667e+12     3.5229     9     8     0.9238
   10  1.9405e+12     3.5375    10     9     1.0134
   11  1.8288e+12     3.6026    11    10     1.1018
   12  1.5409e+12     3.7958    12    11     1.1894
   13  1.5321e+12     3.8024    13    12     1.2761
   14  1.4718e+12     3.8488    14    13     1.3621
   15  1.4127e+12     3.8966    15    14     1.4474
   16  1.3710e+12     3.9319    16    15     1.5322
   17  1.3252e+12     3.9721    17    16     1.6165
   18  1.2649e+12     4.0277    18    17     1.7003
   19  1.2472e+12     4.0446    19    18     1.7838
   20  1.1658e+12     4.1265    20    19     1.8669
   21  1.1365e+12     4.1578    21    20     1.9496
   22  1.1238e+12     4.1716    22    21     2.0321
   23  1.0796e+12     4.2212    23    22     2.1143
   24  9.2423e+11     4.4176    24    23     2.1963
   25  8.9422e+11     4.4602    25    24     2.2781
   26  8.0404e+11     4.5994    26    25     2.3597
   27  7.9481e+11     4.6146    27    26     2.4411
   28  4.8028e+11     5.3193    28    27     2.5223
   29  4.5400e+11     5.4026    29    28     2.6034
   30  4.4675e+11     5.4266    30    29     2.6844
   31  4.1600e+11     5.5339    31    30     2.7652
   32  4.0776e+11     5.5643    32    31     2.8459
   33  4.0589e+11     5.5713    33    32     2.9266
   34  3.8612e+11     5.6477    34    33     3.0071
   35  3.7678e+11     5.6855    35    34     3.0876
   36  2.4759e+11     6.3619    36    35     3.1680
   37  1.9180e+11     6.8007    37    36     3.2483
   38  1.8383e+11     6.8758    38    37     3.3285
   39  1.8350e+11     6.8789    39    38     3.4087
   40  1.7473e+11     6.9662    40    39     3.4889
   41  1.6581e+11     7.0606    41    40     3.5689
   42  1.6459e+11     7.0740    42    41     3.6490
   43  1.6288e+11     7.0929    43    42     3.7290
   44  1.6281e+11     7.0937    44    43     3.8089
   45  1.5058e+11     7.2365    45    44     3.8889
   46  1.4475e+11     7.3094    46    45     3.9688
   47  1.4330e+11     7.3281    47    46     4.0486
   48  1.4054e+11     7.3644    48    47     4.1285
   49  1.3810e+11     7.3971    49    48     4.2083
   50  1.3648e+11     7.4191    50    49     4.2881
   51  1.3629e+11     7.4217    51    50     4.3678
   52  1.3420e+11     7.4508    52    51     4.4476
   53  1.2533e+11     7.5802    53    52     4.5273
   54  1.2508e+11     7.5841    54    53     4.6070
   55  1.2311e+11     7.6143    55    54     4.6867
   56  1.1230e+11     7.7915    56    55     4.7664
   57  1.1192e+11     7.7980    57    56     4.8460
   58  1.0046e+11     8.0102    58    57     4.9257
   59  9.6383e+10     8.0925    59    58     5.0053
   60  9.4808e+10     8.1254    60    59     5.0849
   61  9.4078e+10     8.1409    61    60     5.1646
   62  9.2234e+10     8.1807    62    61     5.2442
   63  9.1821e+10     8.1897    63    62     5.3238
   64  9.0386e+10     8.2215    64    63     5.4033
   65  8.9415e+10     8.2433    65    64     5.4829
   66  8.8520e+10     8.2637    66    65     5.5625
   67  8.7294e+10     8.2920    67    66     5.6421
   68  8.6788e+10     8.3039    68    67     5.7216
   69  8.4236e+10     8.3647    69    68     5.8012
   70  8.0787e+10     8.4506    70    69     5.8807
   71  7.7362e+10     8.5402    71    70     5.9602
   72  7.1922e+10     8.6925    72    71     6.0398
   73  7.1584e+10     8.7024    73    72     6.1193
   74  7.1132e+10     8.7158    74    73     6.1988
   75  7.0068e+10     8.7475    75    74     6.2783
   76  6.9664e+10     8.7598    76    75     6.3579
   77  6.9237e+10     8.7728    77    76     6.4374
   78  6.8357e+10     8.7999    78    77     6.5169
   79  6.3552e+10     8.9555    79    78     6.5964
   80  6.3045e+10     8.9727    80    79     6.6759
   81  6.0170e+10     9.0736    81    80     6.7554
   82  5.9124e+10     9.1116    82    81     6.8349
   83  5.7809e+10     9.1607    83    82     6.9143
   84  5.1737e+10     9.4054    84    83     6.9938
   85  5.1260e+10     9.4260    85    84     7.0733
   86  4.9384e+10     9.5094    86    85     7.1528
   87  4.8736e+10     9.5390    87    86     7.2323
   88  4.8647e+10     9.5432    88    87     7.3117
   89  4.5289e+10     9.7050    89    88     7.3912
   90  4.4696e+10     9.7351    90    89     7.4707
   91  4.4121e+10     9.7646    91    90     7.5502
   92  4.3855e+10     9.7784    92    91     7.6296
   93  4.3810e+10     9.7808    93    92     7.7091
   94  4.2788e+10     9.8349    94    93     7.7885
   95  4.2698e+10     9.8398    95    94     7.8680
   96  4.2676e+10     9.8410    96    95     7.9475
   97  4.2057e+10     9.8746    97    96     8.0269
   98  4.1898e+10     9.8833    98    97     8.1064
   99  4.1155e+10     9.9247    99    98     8.1858
  100  4.1039e+10     9.9312   100    99     8.2653
