#indx Mass S step-number desc_indx 
    0  3.1600e+12     3.0343     0    -1     0.0134
    1  3.0475e+12     3.0697     1     0     0.1326
    2  2.9439e+12     3.1038     2     1     0.2441
    3  2.7766e+12     3.1622     3     2     0.3500
    4  2.6715e+12     3.2011     4     3     0.4519
    5  2.6537e+12     3.2079     5     4     0.5506
    6  2.6470e+12     3.2105     6     5     0.6467
    7  2.6125e+12     3.2238     7     6     0.7407
    8  2.5361e+12     3.2542     8     7     0.8330
    9  2.4604e+12     3.2854     9     8     0.9238
   10  2.4308e+12     3.2979    10     9     1.0134
   11  2.4027e+12     3.3100    11    10     1.1018
   12  2.3964e+12     3.3127    12    11     1.1894
   13  2.3810e+12     3.3194    13    12     1.2761
   14  2.3609e+12     3.3282    14    13     1.3621
   15  2.1556e+12     3.4241    15    14     1.4474
   16  1.7178e+12     3.6724    16    15     1.5322
   17  1.6659e+12     3.7069    17    16     1.6165
   18  1.6226e+12     3.7367    18    17     1.7003
   19  1.5249e+12     3.8078    19    18     1.7838
   20  1.4802e+12     3.8422    20    19     1.8669
   21  1.2037e+12     4.0876    21    20     1.9496
   22  1.0731e+12     4.2288    22    21     2.0321
   23  1.0608e+12     4.2431    23    22     2.1143
   24  9.8102e+11     4.3415    24    23     2.1963
   25  9.7820e+11     4.3452    25    24     2.2781
   26  9.0194e+11     4.4491    26    25     2.3597
   27  7.1719e+11     4.7525    27    26     2.4411
   28  6.7241e+11     4.8405    28    27     2.5223
   29  6.6659e+11     4.8525    29    28     2.6034
   30  6.5147e+11     4.8841    30    29     2.6844
   31  4.3306e+11     5.4733    31    30     2.7652
   32  4.2894e+11     5.4876    32    31     2.8459
   33  4.2706e+11     5.4943    33    32     2.9266
   34  3.9270e+11     5.6218    34    33     3.0071
   35  3.8903e+11     5.6362    35    34     3.0876
   36  3.5420e+11     5.7816    36    35     3.1680
   37  3.5041e+11     5.7984    37    36     3.2483
   38  3.4778e+11     5.8102    38    37     3.3285
   39  2.6340e+11     6.2587    39    38     3.4087
   40  2.4860e+11     6.3550    40    39     3.4889
   41  2.4438e+11     6.3838    41    40     3.5689
   42  2.4117e+11     6.4061    42    41     3.6490
   43  2.3351e+11     6.4606    43    42     3.7290
   44  2.3329e+11     6.4622    44    43     3.8089
   45  2.1287e+11     6.6190    45    44     3.8889
   46  2.1225e+11     6.6240    46    45     3.9688
   47  1.9753e+11     6.7490    47    46     4.0486
   48  1.8048e+11     6.9084    48    47     4.1285
   49  1.6675e+11     7.0503    49    48     4.2083
   50  1.6468e+11     7.0730    50    49     4.2881
   51  1.5822e+11     7.1457    51    50     4.3678
   52  1.4738e+11     7.2761    52    51     4.4476
   53  1.4559e+11     7.2987    53    52     4.5273
   54  1.4385e+11     7.3210    54    53     4.6070
   55  1.3109e+11     7.4949    55    54     4.6867
   56  1.2762e+11     7.5457    56    55     4.7664
   57  1.2662e+11     7.5607    57    56     4.8460
   58  1.2581e+11     7.5729    58    57     4.9257
   59  1.2552e+11     7.5773    59    58     5.0053
   60  1.1272e+11     7.7842    60    59     5.0849
   61  1.1044e+11     7.8240    61    60     5.1646
   62  1.0118e+11     7.9959    62    61     5.2442
   63  9.9253e+10     8.0340    63    62     5.3238
   64  9.2880e+10     8.1667    64    63     5.4033
   65  7.9550e+10     8.4824    65    64     5.4829
   66  7.5035e+10     8.6037    66    65     5.5625
   67  7.0799e+10     8.7256    67    66     5.6421
   68  7.0508e+10     8.7343    68    67     5.7216
   69  6.9884e+10     8.7531    69    68     5.8012
   70  6.8404e+10     8.7984    70    69     5.8807
   71  6.3771e+10     8.9481    71    70     5.9602
   72  6.1355e+10     9.0313    72    71     6.0398
   73  5.7984e+10     9.1541    73    72     6.1193
   74  5.6702e+10     9.2030    74    73     6.1988
   75  5.6117e+10     9.2257    75    74     6.2783
   76  5.4992e+10     9.2703    76    75     6.3579
   77  5.3962e+10     9.3119    77    76     6.4374
   78  5.3921e+10     9.3136    78    77     6.5169
   79  5.3578e+10     9.3277    79    78     6.5964
   80  3.9839e+10    10.0001    80    79     6.6759
   81  3.9649e+10    10.0112    81    80     6.7554
   82  3.9518e+10    10.0189    82    81     6.8349
   83  3.4305e+10    10.3524    83    82     6.9143
   84  3.4283e+10    10.3539    84    83     6.9938
   85  2.9934e+10    10.6811    85    84     7.0733
   86  2.9280e+10    10.7351    86    85     7.1528
   87  1.7621e+10    12.0307    87    86     7.2323
   88  5.7457e+09    15.2803    88    87     7.3117
   89  5.7065e+09    15.3019    89    88     7.3912
   90  5.6670e+09    15.3238    90    89     7.4707
   91  3.8970e+09    16.5387    91    90     7.5502
   92  3.7768e+09    16.6434    92    91     7.6296
   93  3.7058e+09    16.7070    93    92     7.7091
   94  3.5199e+09    16.8804    94    93     7.7885
   95  3.4704e+09    16.9283    95    94     7.8680
   96  3.4634e+09    16.9352    96    95     7.9475
   97  3.3582e+09    17.0399    97    96     8.0269
   98  3.2512e+09    17.1504    98    97     8.1064
   99  3.2415e+09    17.1606    99    98     8.1858
  100  3.2196e+09    17.1838   100    99     8.2653
