#indx Mass S step-number desc_indx 
    0  3.1600e+12     3.0343     0    -1     0.0134
    1  3.0005e+12     3.0850     1     0     0.1326
    2  2.9653e+12     3.0967     2     1     0.2441
    3  2.9428e+12     3.1042     3     2     0.3500
    4  2.3491e+12     3.3335     4     3     0.4519
    5  2.1776e+12     3.4133     5     4     0.5506
    6  2.1753e+12     3.4144     6     5     0.6467
    7  2.1689e+12     3.4176     7     6     0.7407
    8  2.1354e+12     3.4342     8     7     0.8330
    9  2.0610e+12     3.4722     9     8     0.9238
   10  2.0435e+12     3.4814    10     9     1.0134
   11  1.9542e+12     3.5298    11    10     1.1018
   12  1.9033e+12     3.5586    12    11     1.1894
   13  1.5362e+12     3.7993    13    12     1.2761
   14  1.5250e+12     3.8077    14    13     1.3621
   15  1.5144e+12     3.8158    15    14     1.4474
   16  1.4685e+12     3.8514    16    15     1.5322
   17  1.3546e+12     3.9460    17    16     1.6165
   18  1.3491e+12     3.9509    18    17     1.7003
   19  1.3191e+12     3.9775    19    18     1.7838
   20  1.3155e+12     3.9808    20    19     1.8669
   21  1.2999e+12     3.9950    21    20     1.9496
   22  1.2971e+12     3.9976    22    21     2.0321
   23  1.2818e+12     4.0118    23    22     2.1143
   24  1.2427e+12     4.0490    24    23     2.1963
   25  1.1924e+12     4.0990    25    24     2.2781
   26  1.1776e+12     4.1143    26    25     2.3597
   27  1.1728e+12     4.1192    27    26     2.4411
   28  1.1607e+12     4.1319    28    27     2.5223
   29  1.1201e+12     4.1756    29    28     2.6034
   30  1.0997e+12     4.1984    30    29     2.6844
   31  1.0853e+12     4.2147    31    30     2.7652
   32  1.0550e+12     4.2499    32    31     2.8459
   33  1.0345e+12     4.2745    33    32     2.9266
   34  9.8961e+11     4.3304    34    33     3.0071
   35  8.4534e+11     4.5334    35    34     3.0876
   36  8.1297e+11     4.5848    36    35     3.1680
   37  7.9251e+11     4.6185    37    36     3.2483
   38  7.9192e+11     4.6195    38    37     3.3285
   39  7.5957e+11     4.6751    39    38     3.4087
   40  6.8556e+11     4.8139    40    39     3.4889
   41  6.7868e+11     4.8278    41    40     3.5689
   42  6.7239e+11     4.8405    42    41     3.6490
   43  6.6704e+11     4.8515    43    42     3.7290
   44  6.4490e+11     4.8982    44    43     3.8089
   45  6.3118e+11     4.9280    45    44     3.8889
   46  4.7818e+11     5.3258    46    45     3.9688
   47  4.7711e+11     5.3291    47    46     4.0486
   48  4.7455e+11     5.3370    48    47     4.1285
   49  4.7036e+11     5.3501    49    48     4.2083
   50  4.6967e+11     5.3523    50    49     4.2881
   51  3.6699e+11     5.7263    51    50     4.3678
   52  3.6096e+11     5.7520    52    51     4.4476
   53  3.5977e+11     5.7572    53    52     4.5273
   54  3.4551e+11     5.8205    54    53     4.6070
   55  3.4003e+11     5.8457    55    54     4.6867
   56  3.3789e+11     5.8557    56    55     4.7664
   57  3.1751e+11     5.9545    57    56     4.8460
   58  2.3220e+11     6.4701    58    57     4.9257
   59  2.2288e+11     6.5400    59    58     5.0053
   60  2.2185e+11     6.5479    60    59     5.0849
   61  2.2053e+11     6.5582    61    60     5.1646
   62  2.1911e+11     6.5692    62    61     5.2442
   63  2.1387e+11     6.6109    63    62     5.3238
   64  1.8987e+11     6.8185    64    63     5.4033
   65  1.8846e+11     6.8317    65    64     5.4829
   66  1.8725e+11     6.8430    66    65     5.5625
   67  1.8606e+11     6.8543    67    66     5.6421
   68  1.7773e+11     6.9358    68    67     5.7216
   69  1.7524e+11     6.9610    69    68     5.8012
   70  1.7516e+11     6.9619    70    69     5.8807
   71  1.6629e+11     7.0553    71    70     5.9602
   72  1.6442e+11     7.0758    72    71     6.0398
   73  1.4867e+11     7.2600    73    72     6.1193
   74  1.4801e+11     7.2682    74    73     6.1988
   75  1.3011e+11     7.5091    75    74     6.2783
   76  1.2974e+11     7.5145    76    75     6.3579
   77  1.2246e+11     7.6244    77    76     6.4374
   78  1.2228e+11     7.6272    78    77     6.5169
   79  1.2205e+11     7.6309    79    78     6.5964
   80  1.2111e+11     7.6456    80    79     6.6759
   81  1.2085e+11     7.6498    81    80     6.7554
   82  1.2077e+11     7.6510    82    81     6.8349
   83  1.2062e+11     7.6535    83    82     6.9143
   84  1.1109e+11     7.8125    84    83     6.9938
   85  1.0966e+11     7.8378    85    84     7.0733
   86  1.0726e+11     7.8811    86    85     7.1528
   87  1.0690e+11     7.8876    87    86     7.2323
   88  1.0539e+11     7.9154    88    87     7.3117
   89  1.0150e+11     7.9898    89    88     7.3912
   90  1.0017e+11     8.0159    90    89     7.4707
   91  1.0001e+11     8.0189    91    90     7.5502
   92  9.9141e+10     8.0363    92    91     7.6296
   93  9.8733e+10     8.0445    93    92     7.7091
   94  9.6679e+10     8.0864    94    93     7.7885
   95  9.4724e+10     8.1272    95    94     7.8680
   96  9.3370e+10     8.1561    96    95     7.9475
   97  8.8143e+10     8.2724    97    96     8.0269
   98  6.8724e+10     8.7885    98    97     8.1064
   99  5.2791e+10     9.3605    99    98     8.1858
  100  5.2211e+10     9.3850   100    99     8.2653
