#indx Mass S step-number desc_indx 
    0  3.1600e+12     3.0343     0    -1     0.0134
    1  2.2332e+12     3.3866     1     0     0.1326
    2  2.0381e+12     3.4842     2     1     0.2441
    3  1.8867e+12     3.5683     3     2     0.3500
    4  5.0697e+11     5.2401     4     3     0.4519
    5  4.9584e+11     5.2725     5     4     0.5506
    6  4.4690e+11     5.4261     6     5     0.6467
    7  4.4438e+11     5.4346     7     6     0.7407
    8  4.4069e+11     5.4471     8     7     0.8330
    9  4.2896e+11     5.4876     9     8     0.9238
   10  4.2865e+11     5.4887    10     9     1.0134
   11  4.2788e+11     5.4914    11    10     1.1018
   12  4.2553e+11     5.4997    12    11     1.1894
   13  3.6663e+11     5.7278    13    12     1.2761
   14  3.5607e+11     5.7733    14    13     1.3621
   15  3.5102e+11     5.7957    15    14     1.4474
   16  3.2895e+11     5.8981    16    15     1.5322
   17  3.2303e+11     5.9270    17    16     1.6165
   18  2.9664e+11     6.0639    18    17     1.7003
   19  2.9321e+11     6.0828    19    18     1.7838
   20  2.5789e+11     6.2938    20    19     1.8669
   21  2.2825e+11     6.4994    21    20     1.9496
   22  1.4707e+11     7.2800    22    21     2.0321
   23  1.2285e+11     7.6184    23    22     2.1143
   24  1.2112e+11     7.6455    24    23     2.1963
   25  1.1754e+11     7.7032    25    24     2.2781
   26  1.1040e+11     7.8245    26    25     2.3597
   27  1.0573e+11     7.9092    27    26     2.4411
   28  1.0209e+11     7.9782    28    27     2.5223
   29  1.0129e+11     7.9937    29    28     2.6034
   30  1.0051e+11     8.0090    30    29     2.6844
   31  8.2720e+10     8.4019    31    30     2.7652
   32  8.1961e+10     8.4209    32    31     2.8459
   33  8.1516e+10     8.4321    33    32     2.9266
   34  7.9329e+10     8.4881    34    33     3.0071
   35  7.7755e+10     8.5296    35    34     3.0876
   36  7.4037e+10     8.6317    36    35     3.1680
   37  6.5973e+10     8.8754    37    36     3.2483
   38  6.5547e+10     8.8893    38    37     3.3285
   39  6.4582e+10     8.9210    39    38     3.4087
   40  6.4104e+10     8.9369    40    39     3.4889
   41  5.7157e+10     9.1855    41    40     3.5689
   42  5.7048e+10     9.1897    42    41     3.6490
   43  2.2857e+10    11.3537    43    42     3.7290
   44  2.2394e+10    11.4060    44    43     3.8089
   45  2.0819e+10    11.5936    45    44     3.8889
   46  2.0253e+10    11.6649    46    45     3.9688
   47  1.9912e+10    11.7092    47    46     4.0486
   48  1.9566e+10    11.7549    48    47     4.1285
   49  1.8522e+10    11.8987    49    48     4.2083
   50  1.8490e+10    11.9033    50    49     4.2881
   51  1.8421e+10    11.9131    51    50     4.3678
   52  1.6773e+10    12.1622    52    51     4.4476
   53  1.6502e+10    12.2059    53    52     4.5273
   54  1.6292e+10    12.2403    54    53     4.6070
   55  1.6229e+10    12.2507    55    54     4.6867
   56  1.5669e+10    12.3456    56    55     4.7664
   57  1.5627e+10    12.3528    57    56     4.8460
   58  1.5404e+10    12.3918    58    57     4.9257
   59  1.5373e+10    12.3972    59    58     5.0053
   60  1.5278e+10    12.4140    60    59     5.0849
   61  1.4724e+10    12.5147    61    60     5.1646
   62  1.4636e+10    12.5311    62    61     5.2442
   63  1.4490e+10    12.5585    63    62     5.3238
   64  1.4379e+10    12.5796    64    63     5.4033
   65  1.4193e+10    12.6154    65    64     5.4829
   66  1.4104e+10    12.6325    66    65     5.5625
   67  1.1675e+10    13.1601    67    66     5.6421
   68  1.1519e+10    13.1984    68    67     5.7216
   69  1.1465e+10    13.2117    69    68     5.8012
   70  1.1450e+10    13.2154    70    69     5.8807
   71  1.1051e+10    13.3164    71    70     5.9602
   72  1.0431e+10    13.4823    72    71     6.0398
   73  9.9880e+09    13.6077    73    72     6.1193
   74  9.9056e+09    13.6317    74    73     6.1988
   75  9.8867e+09    13.6373    75    74     6.2783
   76  9.7826e+09    13.6680    76    75     6.3579
   77  9.7600e+09    13.6748    77    76     6.4374
   78  9.4959e+09    13.7548    78    77     6.5169
   79  9.4344e+09    13.7738    79    78     6.5964
   80  7.4126e+09    14.4925    80    79     6.6759
   81  7.3806e+09    14.5057    81    80     6.7554
   82  7.2575e+09    14.5568    82    81     6.8349
   83  7.2027e+09    14.5799    83    82     6.9143
   84  6.5425e+09    14.8749    84    83     6.9938
   85  6.5286e+09    14.8815    85    84     7.0733
   86  6.5237e+09    14.8839    86    85     7.1528
   87  6.5217e+09    14.8848    87    86     7.2323
   88  5.7024e+09    15.3041    88    87     7.3117
   89  5.6123e+09    15.3544    89    88     7.3912
   90  5.1368e+09    15.6361    90    89     7.4707
   91  5.0280e+09    15.7048    91    90     7.5502
   92  5.0125e+09    15.7147    92    91     7.6296
   93  4.9945e+09    15.7263    93    92     7.7091
   94  4.9692e+09    15.7426    94    93     7.7885
   95  4.9556e+09    15.7514    95    94     7.8680
   96  4.9506e+09    15.7547    96    95     7.9475
   97  4.9242e+09    15.7720    97    96     8.0269
   98  4.9134e+09    15.7790    98    97     8.1064
   99  4.2263e+09    16.2699    99    98     8.1858
  100  3.3809e+09    17.0171   100    99     8.2653
