#indx Mass S step-number desc_indx 
    0  3.1600e+12     3.0343     0    -1     0.0134
    1  2.5876e+12     3.2336     1     0     0.1326
    2  2.5795e+12     3.2368     2     1     0.2441
    3  5.6774e+11     5.0771     3     2     0.3500
    4  5.6628e+11     5.0808     4     3     0.4519
    5  5.5769e+11     5.1026     5     4     0.5506
    6  4.9667e+11     5.2701     6     5     0.6467
    7  4.9031e+11     5.2889     7     6     0.7407
    8  4.8722e+11     5.2982     8     7     0.8330
    9  4.2304e+11     5.5085     9     8     0.9238
   10  3.9577e+11     5.6098    10     9     1.0134
   11  3.8745e+11     5.6424    11    10     1.1018
   12  3.6781e+11     5.7228    12    11     1.1894
   13  3.4947e+11     5.8026    13    12     1.2761
   14  3.2132e+11     5.9355    14    13     1.3621
   15  3.1282e+11     5.9783    15    14     1.4474
   16  2.5872e+11     6.2884    16    15     1.5322
   17  2.4861e+11     6.3549    17    16     1.6165
   18  2.3557e+11     6.4457    18    17     1.7003
   19  2.3189e+11     6.4724    19    18     1.7838
   20  2.0226e+11     6.7077    20    19     1.8669
   21  2.0031e+11     6.7245    21    20     1.9496
   22  1.9426e+11     6.7782    22    21     2.0321
   23  1.9364e+11     6.7839    23    22     2.1143
   24  1.9049e+11     6.8127    24    23     2.1963
   25  1.7914e+11     6.9217    25    24     2.2781
   26  1.7425e+11     6.9712    26    25     2.3597
   27  1.6796e+11     7.0373    27    26     2.4411
   28  1.6548e+11     7.0642    28    27     2.5223
   29  1.6351e+11     7.0858    29    28     2.6034
   30  1.5197e+11     7.2195    30    29     2.6844
   31  1.5132e+11     7.2274    31    30     2.7652
   32  1.0602e+11     7.9038    32    31     2.8459
   33  1.0525e+11     7.9182    33    32     2.9266
   34  1.0371e+11     7.9472    34    33     3.0071
   35  9.9020e+10     8.0387    35    34     3.0876
   36  9.8790e+10     8.0433    36    35     3.1680
   37  9.5391e+10     8.1132    37    36     3.2483
   38  8.8052e+10     8.2745    38    37     3.3285
   39  8.6653e+10     8.3070    39    38     3.4087
   40  8.1115e+10     8.4422    40    39     3.4889
   41  7.3894e+10     8.6358    41    40     3.5689
   42  7.0771e+10     8.7265    42    41     3.6490
   43  7.0595e+10     8.7317    43    42     3.7290
   44  6.0664e+10     9.0558    44    43     3.8089
   45  5.7546e+10     9.1706    45    44     3.8889
   46  5.7078e+10     9.1885    46    45     3.9688
   47  4.9395e+10     9.5088    47    46     4.0486
   48  4.9065e+10     9.5239    48    47     4.1285
   49  4.8721e+10     9.5397    49    48     4.2083
   50  4.8486e+10     9.5506    50    49     4.2881
   51  4.8189e+10     9.5644    51    50     4.3678
   52  4.7940e+10     9.5761    52    51     4.4476
   53  4.5855e+10     9.6768    53    52     4.5273
   54  4.4878e+10     9.7258    54    53     4.6070
   55  4.4636e+10     9.7381    55    54     4.6867
   56  4.3100e+10     9.8183    56    55     4.7664
   57  4.2592e+10     9.8455    57    56     4.8460
   58  4.1233e+10     9.9203    58    57     4.9257
   59  3.4430e+10    10.3437    59    58     5.0053
   60  2.4999e+10    11.1271    60    59     5.0849
   61  2.4267e+10    11.2019    61    60     5.1646
   62  2.3341e+10    11.3004    62    61     5.2442
   63  2.1328e+10    11.5311    63    62     5.3238
   64  2.1028e+10    11.5677    64    63     5.4033
   65  2.1020e+10    11.5687    65    64     5.4829
   66  2.0294e+10    11.6598    66    65     5.5625
   67  1.9080e+10    11.8207    67    66     5.6421
   68  1.8603e+10    11.8873    68    67     5.7216
   69  1.7114e+10    12.1085    69    68     5.8012
   70  1.5562e+10    12.3640    70    69     5.8807
   71  1.5522e+10    12.3710    71    70     5.9602
   72  1.4827e+10    12.4956    72    71     6.0398
   73  1.4793e+10    12.5019    73    72     6.1193
   74  1.4453e+10    12.5656    74    73     6.1988
   75  6.8792e+09    14.7204    75    74     6.2783
   76  6.4043e+09    14.9411    76    75     6.3579
   77  6.3183e+09    14.9830    77    76     6.4374
   78  6.2852e+09    14.9993    78    77     6.5169
   79  6.1282e+09    15.0782    79    78     6.5964
   80  6.1182e+09    15.0832    80    79     6.6759
   81  5.4863e+09    15.4263    81    80     6.7554
   82  5.4735e+09    15.4337    82    81     6.8349
   83  5.3528e+09    15.5046    83    82     6.9143
   84  5.1895e+09    15.6034    84    83     6.9938
   85  5.0266e+09    15.7057    85    84     7.0733
   86  4.9357e+09    15.7644    86    85     7.1528
   87  4.1157e+09    16.3575    87    86     7.2323
   88  4.0900e+09    16.3781    88    87     7.3117
   89  4.0724e+09    16.3924    89    88     7.3912
   90  3.9286e+09    16.5118    90    89     7.4707
   91  3.6431e+09    16.7643    91    90     7.5502
   92  3.6004e+09    16.8040    92    91     7.6296
   93  3.3579e+09    17.0403    93    92     7.7091
   94  3.3562e+09    17.0420    94    93     7.7885
   95  3.3192e+09    17.0797    95    94     7.8680
   96  3.3146e+09    17.0845    96    95     7.9475
   97  3.2042e+09    17.2002    97    96     8.0269
   98  3.0302e+09    17.3923    98    97     8.1064
   99  3.0259e+09    17.3973    99    98     8.1858
  100  2.9912e+09    17.4371   100    99     8.2653
