#indx Mass S step-number desc_indx 
    0  3.1600e+12     3.0343     0    -1     0.0134
    1  3.1240e+12     3.0454     1     0     0.1326
    2  3.1089e+12     3.0502     2     1     0.2441
    3  2.9103e+12     3.1152     3     2     0.3500
    4  2.2338e+12     3.3863     4     3     0.4519
    5  2.1995e+12     3.4027     5     4     0.5506
    6  2.1928e+12     3.4059     6     5     0.6467
    7  2.1483e+12     3.4277     7     6     0.7407
    8  2.1103e+12     3.4468     8     7     0.8330
    9  1.7837e+12     3.6303     9     8     0.9238
   10  1.7291e+12     3.6650    10     9     1.0134
   11  1.7028e+12     3.6822    11    10     1.1018
   12  1.6905e+12     3.6904    12    11     1.1894
   13  1.6632e+12     3.7087    13    12     1.2761
   14  1.6195e+12     3.7389    14    13     1.3621
   15  1.6121e+12     3.7442    15    14     1.4474
   16  1.4162e+12     3.8937    16    15     1.5322
   17  1.3922e+12     3.9138    17    16     1.6165
   18  1.3205e+12     3.9763    18    17     1.7003
   19  1.1670e+12     4.1253    19    18     1.7838
   20  1.1434e+12     4.1504    20    19     1.8669
   21  1.1388e+12     4.1553    21    20     1.9496
   22  1.1164e+12     4.1797    22    21     2.0321
   23  1.0444e+12     4.2626    23    22     2.1143
   24  1.0343e+12     4.2747    24    23     2.1963
   25  1.0321e+12     4.2774    25    24     2.2781
   26  6.0569e+11     4.9857    26    25     2.3597
   27  6.0238e+11     4.9934    27    26     2.4411
   28  5.8808e+11     5.0272    28    27     2.5223
   29  5.7656e+11     5.0552    29    28     2.6034
   30  5.7371e+11     5.0623    30    29     2.6844
   31  5.7185e+11     5.0669    31    30     2.7652
   32  5.5425e+11     5.1114    32    31     2.8459
   33  4.6666e+11     5.3618    33    32     2.9266
   34  4.6427e+11     5.3694    34    33     3.0071
   35  4.6348e+11     5.3719    35    34     3.0876
   36  4.4058e+11     5.4474    36    35     3.1680
   37  4.3482e+11     5.4672    37    36     3.2483
   38  4.3397e+11     5.4701    38    37     3.3285
   39  4.1942e+11     5.5215    39    38     3.4087
   40  4.1693e+11     5.5305    40    39     3.4889
   41  4.0880e+11     5.5604    41    40     3.5689
   42  3.9507e+11     5.6126    42    41     3.6490
   43  3.9334e+11     5.6193    43    42     3.7290
   44  3.8646e+11     5.6464    44    43     3.8089
   45  3.8446e+11     5.6543    45    44     3.8889
   46  3.7324e+11     5.7001    46    45     3.9688
   47  3.7075e+11     5.7104    47    46     4.0486
   48  3.6916e+11     5.7171    48    47     4.1285
   49  3.6238e+11     5.7459    49    48     4.2083
   50  3.6003e+11     5.7561    50    49     4.2881
   51  3.2162e+11     5.9340    51    50     4.3678
   52  2.9851e+11     6.0537    52    51     4.4476
   53  2.9335e+11     6.0820    53    52     4.5273
   54  2.8894e+11     6.1066    54    53     4.6070
   55  2.8714e+11     6.1168    55    54     4.6867
   56  2.8144e+11     6.1496    56    55     4.7664
   57  2.6092e+11     6.2743    57    56     4.8460
   58  2.5204e+11     6.3320    58    57     4.9257
   59  1.5336e+11     7.2027    59    58     5.0053
   60  1.0762e+11     7.8744    60    59     5.0849
   61  8.8193e+10     8.2712    61    60     5.1646
   62  8.7800e+10     8.2803    62    61     5.2442
   63  7.9529e+10     8.4830    63    62     5.3238
   64  7.5798e+10     8.5826    64    63     5.4033
   65  7.5357e+10     8.5948    65    64     5.4829
   66  7.5274e+10     8.5971    66    65     5.5625
   67  6.2610e+10     8.9876    67    66     5.6421
   68  6.2270e+10     8.9994    68    67     5.7216
   69  6.1958e+10     9.0102    69    68     5.8012
   70  6.1409e+10     9.0294    70    69     5.8807
   71  6.1223e+10     9.0360    71    70     5.9602
   72  6.1093e+10     9.0406    72    71     6.0398
   73  5.9143e+10     9.1109    73    72     6.1193
   74  5.7948e+10     9.1554    74    73     6.1988
   75  5.5611e+10     9.2456    75    74     6.2783
   76  5.4164e+10     9.3037    76    75     6.3579
   77  5.4035e+10     9.3090    77    76     6.4374
   78  5.3558e+10     9.3286    78    77     6.5169
   79  2.0793e+10    11.5967    79    78     6.5964
   80  1.9270e+10    11.7947    80    79     6.6759
   81  1.9113e+10    11.8161    81    80     6.7554
   82  1.6678e+10    12.1775    82    81     6.8349
   83  1.6486e+10    12.2086    83    82     6.9143
   84  1.5936e+10    12.2998    84    83     6.9938
   85  1.5106e+10    12.4448    85    84     7.0733
   86  1.4960e+10    12.4713    86    85     7.1528
   87  1.4819e+10    12.4971    87    86     7.2323
   88  1.4801e+10    12.5004    88    87     7.3117
   89  1.3917e+10    12.6694    89    88     7.3912
   90  1.3741e+10    12.7044    90    89     7.4707
   91  1.3693e+10    12.7142    91    90     7.5502
   92  1.3618e+10    12.7294    92    91     7.6296
   93  1.3361e+10    12.7822    93    92     7.7091
   94  1.3196e+10    12.8167    94    93     7.7885
   95  1.2604e+10    12.9447    95    94     7.8680
   96  1.2598e+10    12.9461    96    95     7.9475
   97  1.2048e+10    13.0715    97    96     8.0269
   98  1.2030e+10    13.0757    98    97     8.1064
   99  1.1571e+10    13.1856    99    98     8.1858
  100  1.1472e+10    13.2101   100    99     8.2653
