#indx Mass S step-number desc_indx 
    0  3.1600e+12     3.0343     0    -1     0.0134
    1  3.0922e+12     3.0554     1     0     0.1326
    2  3.0786e+12     3.0598     2     1     0.2441
    3  2.9793e+12     3.0920     3     2     0.3500
    4  2.6447e+12     3.2114     4     3     0.4519
    5  2.6206e+12     3.2207     5     4     0.5506
    6  9.5733e+11     4.3726     6     5     0.6467
    7  8.7543e+11     4.4878     7     6     0.7407
    8  6.6248e+11     4.8610     8     7     0.8330
    9  6.5358e+11     4.8797     9     8     0.9238
   10  6.4500e+11     4.8979    10     9     1.0134
   11  6.3566e+11     4.9182    11    10     1.1018
   12  6.3324e+11     4.9235    12    11     1.1894
   13  5.9550e+11     5.0095    13    12     1.2761
   14  5.6486e+11     5.0844    14    13     1.3621
   15  5.4097e+11     5.1462    15    14     1.4474
   16  4.6359e+11     5.3716    16    15     1.5322
   17  4.5820e+11     5.3889    17    16     1.6165
   18  4.4398e+11     5.4359    18    17     1.7003
   19  4.4057e+11     5.4475    19    18     1.7838
   20  4.3655e+11     5.4612    20    19     1.8669
   21  4.3386e+11     5.4705    21    20     1.9496
   22  4.2511e+11     5.5012    22    21     2.0321
   23  3.0665e+11     6.0103    23    22     2.1143
   24  3.0613e+11     6.0131    24    23     2.1963
   25  3.0298e+11     6.0297    25    24     2.2781
   26  2.9328e+11     6.0824    26    25     2.3597
   27  2.8934e+11     6.1043    27    26     2.4411
   28  2.7492e+11     6.1880    28    27     2.5223
   29  2.7306e+11     6.1992    29    28     2.6034
   30  2.7040e+11     6.2153    30    29     2.6844
   31  2.6789e+11     6.2307    31    30     2.7652
   32  2.4767e+11     6.3613    32    31     2.8459
   33  2.3084e+11     6.4801    33    32     2.9266
   34  2.0933e+11     6.6480    34    33     3.0071
   35  1.8749e+11     6.8408    35    34     3.0876
   36  1.8497e+11     6.8647    36    35     3.1680
   37  1.7688e+11     6.9443    37    36     3.2483
   38  1.6146e+11     7.1088    38    37     3.3285
   39  1.5774e+11     7.1512    39    38     3.4087
   40  1.5724e+11     7.1570    40    39     3.4889
   41  1.5570e+11     7.1750    41    40     3.5689
   42  1.4452e+11     7.3124    42    41     3.6490
   43  1.4294e+11     7.3329    43    42     3.7290
   44  1.2443e+11     7.5939    44    43     3.8089
   45  1.2316e+11     7.6135    45    44     3.8889
   46  1.2229e+11     7.6271    46    45     3.9688
   47  1.2128e+11     7.6431    47    46     4.0486
   48  8.1503e+10     8.4324    48    47     4.1285
   49  7.4730e+10     8.6122    49    48     4.2083
   50  7.3275e+10     8.6534    50    49     4.2881
   51  7.1996e+10     8.6903    51    50     4.3678
   52  7.1649e+10     8.7005    52    51     4.4476
   53  6.9901e+10     8.7526    53    52     4.5273
   54  6.9731e+10     8.7577    54    53     4.6070
   55  5.7710e+10     9.1644    55    54     4.6867
   56  5.6624e+10     9.2060    56    55     4.7664
   57  5.6239e+10     9.2209    57    56     4.8460
   58  5.5609e+10     9.2457    58    57     4.9257
   59  5.5413e+10     9.2534    59    58     5.0053
   60  5.1836e+10     9.4011    60    59     5.0849
   61  5.0925e+10     9.4406    61    60     5.1646
   62  5.0822e+10     9.4451    62    61     5.2442
   63  4.9778e+10     9.4915    63    62     5.3238
   64  4.8959e+10     9.5288    64    63     5.4033
   65  4.7996e+10     9.5735    65    64     5.4829
   66  4.5622e+10     9.6883    66    65     5.5625
   67  4.2604e+10     9.8449    67    66     5.6421
   68  4.2187e+10     9.8675    68    67     5.7216
   69  4.1647e+10     9.8972    69    68     5.8012
   70  4.1170e+10     9.9238    70    69     5.8807
   71  4.0266e+10     9.9753    71    70     5.9602
   72  3.8989e+10    10.0503    72    71     6.0398
   73  3.8789e+10    10.0623    73    72     6.1193
   74  3.8180e+10    10.0994    74    73     6.1988
   75  3.6203e+10    10.2245    75    74     6.2783
   76  3.4341e+10    10.3499    76    75     6.3579
   77  3.0745e+10    10.6160    77    76     6.4374
   78  2.9699e+10    10.7003    78    77     6.5169
   79  2.7632e+10    10.8775    79    78     6.5964
   80  7.6424e+09    14.4001    80    79     6.6759
   81  7.6050e+09    14.4149    81    80     6.7554
   82  7.1179e+09    14.6160    82    81     6.8349
   83  6.9007e+09    14.7109    83    82     6.9143
   84  6.8739e+09    14.7228    84    83     6.9938
   85  6.8111e+09    14.7510    85    84     7.0733
   86  6.7680e+09    14.7705    86    85     7.1528
   87  6.7141e+09    14.7951    87    86     7.2323
   88  6.6890e+09    14.8066    88    87     7.3117
   89  6.3782e+09    14.9537    89    88     7.3912
   90  6.3456e+09    14.9696    90    89     7.4707
   91  6.3322e+09    14.9762    91    90     7.5502
   92  5.8978e+09    15.1981    92    91     7.6296
   93  5.8657e+09    15.2153    93    92     7.7091
   94  5.8227e+09    15.2384    94    93     7.7885
   95  5.8050e+09    15.2479    95    94     7.8680
   96  5.6300e+09    15.3445    96    95     7.9475
   97  4.8351e+09    15.8309    97    96     8.0269
   98  4.8306e+09    15.8338    98    97     8.1064
   99  4.6756e+09    15.9395    99    98     8.1858
  100  4.4532e+09    16.0983   100    99     8.2653
