#indx Mass S step-number desc_indx 
    0  3.1600e+12     3.0343     0    -1     0.0134
    1  3.1447e+12     3.0390     1     0     0.1326
    2  3.1252e+12     3.0451     2     1     0.2441
    3  3.0947e+12     3.0546     3     2     0.3500
    4  3.0858e+12     3.0575     4     3     0.4519
    5  3.0419e+12     3.0715     5     4     0.5506
    6  2.8745e+12     3.1276     6     5     0.6467
    7  2.7210e+12     3.1826     7     6     0.7407
    8  2.6876e+12     3.1951     8     7     0.8330
    9  2.2577e+12     3.3751     9     8     0.9238
   10  2.2020e+12     3.4015    10     9     1.0134
   11  2.1663e+12     3.4189    11    10     1.1018
   12  2.1219e+12     3.4409    12    11     1.1894
   13  2.0041e+12     3.5024    13    12     1.2761
   14  1.9974e+12     3.5061    14    13     1.3621
   15  1.7329e+12     3.6626    15    14     1.4474
   16  1.7105e+12     3.6771    16    15     1.5322
   17  1.2290e+12     4.0624    17    16     1.6165
   18  1.2174e+12     4.0738    18    17     1.7003
   19  1.1269e+12     4.1682    19    18     1.7838
   20  9.4586e+11     4.3880    20    19     1.8669
   21  9.3237e+11     4.4064    21    20     1.9496
   22  9.2085e+11     4.4223    22    21     2.0321
   23  8.5298e+11     4.5216    23    22     2.1143
   24  7.7805e+11     4.6430    24    23     2.1963
   25  7.4149e+11     4.7075    25    24     2.2781
   26  7.2035e+11     4.7465    26    25     2.3597
   27  7.1515e+11     4.7564    27    26     2.4411
   28  7.1293e+11     4.7606    28    27     2.5223
   29  6.9839e+11     4.7886    29    28     2.6034
   30  6.7597e+11     4.8333    30    29     2.6844
   31  6.7502e+11     4.8352    31    30     2.7652
   32  6.6753e+11     4.8505    32    31     2.8459
   33  6.6598e+11     4.8537    33    32     2.9266
   34  6.6413e+11     4.8575    34    33     3.0071
   35  6.5900e+11     4.8682    35    34     3.0876
   36  6.5024e+11     4.8867    36    35     3.1680
   37  4.8675e+11     5.2996    37    36     3.2483
   38  4.7855e+11     5.3246    38    37     3.3285
   39  4.4622e+11     5.4284    39    38     3.4087
   40  4.3643e+11     5.4616    40    39     3.4889
   41  4.3159e+11     5.4784    41    40     3.5689
   42  4.0722e+11     5.5663    42    41     3.6490
   43  3.9763e+11     5.6027    43    42     3.7290
   44  3.9670e+11     5.6062    44    43     3.8089
   45  3.6381e+11     5.7398    45    44     3.8889
   46  3.5940e+11     5.7588    46    45     3.9688
   47  3.5744e+11     5.7673    47    46     4.0486
   48  3.3995e+11     5.8461    48    47     4.1285
   49  1.6383e+11     7.0823    49    48     4.2083
   50  1.5044e+11     7.2381    50    49     4.2881
   51  1.4022e+11     7.3686    51    50     4.3678
   52  1.3992e+11     7.3726    52    51     4.4476
   53  1.3488e+11     7.4413    53    52     4.5273
   54  1.2088e+11     7.6492    54    53     4.6070
   55  1.1997e+11     7.6638    55    54     4.6867
   56  1.1723e+11     7.7083    56    55     4.7664
   57  1.1049e+11     7.8231    57    56     4.8460
   58  1.0695e+11     7.8867    58    57     4.9257
   59  1.0187e+11     7.9824    59    58     5.0053
   60  1.0064e+11     8.0064    60    59     5.0849
   61  9.9925e+10     8.0206    61    60     5.1646
   62  9.9756e+10     8.0240    62    61     5.2442
   63  9.1552e+10     8.1957    63    62     5.3238
   64  8.8425e+10     8.2659    64    63     5.4033
   65  8.7300e+10     8.2919    65    64     5.4829
   66  7.4542e+10     8.6175    66    65     5.5625
   67  7.3885e+10     8.6360    67    66     5.6421
   68  7.0058e+10     8.7478    68    67     5.7216
   69  6.9590e+10     8.7620    69    68     5.8012
   70  6.8606e+10     8.7922    70    69     5.8807
   71  6.7973e+10     8.8118    71    70     5.9602
   72  6.5910e+10     8.8774    72    71     6.0398
   73  5.3468e+10     9.3323    73    72     6.1193
   74  5.1421e+10     9.4190    74    73     6.1988
   75  5.1186e+10     9.4292    75    74     6.2783
   76  4.9335e+10     9.5116    76    75     6.3579
   77  4.8672e+10     9.5420    77    76     6.4374
   78  4.8525e+10     9.5488    78    77     6.5169
   79  4.8315e+10     9.5585    79    78     6.5964
   80  3.4716e+10    10.3240    80    79     6.6759
   81  3.3927e+10    10.3788    81    80     6.7554
   82  3.3761e+10    10.3905    82    81     6.8349
   83  3.3077e+10    10.4396    83    82     6.9143
   84  3.2649e+10    10.4708    84    83     6.9938
   85  3.1994e+10    10.5197    85    84     7.0733
   86  3.1373e+10    10.5670    86    85     7.1528
   87  3.1242e+10    10.5771    87    86     7.2323
   88  2.9492e+10    10.7174    88    87     7.3117
   89  2.8102e+10    10.8359    89    88     7.3912
   90  2.8085e+10    10.8375    90    89     7.4707
   91  2.7416e+10    10.8970    91    90     7.5502
   92  2.7321e+10    10.9055    92    91     7.6296
   93  2.5797e+10    11.0483    93    92     7.7091
   94  2.5686e+10    11.0592    94    93     7.7885
   95  2.5545e+10    11.0728    95    94     7.8680
   96  2.5134e+10    11.1135    96    95     7.9475
   97  2.3929e+10    11.2374    97    96     8.0269
   98  1.8514e+10    11.8999    98    97     8.1064
   99  1.8332e+10    11.9260    99    98     8.1858
  100  1.6868e+10    12.1471   100    99     8.2653
