#indx Mass S step-number desc_indx 
    0  3.1600e+12     3.0343     0    -1     0.0134
    1  3.1071e+12     3.0507     1     0     0.1326
    2  3.0545e+12     3.0675     2     1     0.2441
    3  2.7065e+12     3.1880     3     2     0.3500
    4  2.6134e+12     3.2235     4     3     0.4519
    5  1.4353e+12     3.8780     5     4     0.5506
    6  1.2618e+12     4.0307     6     5     0.6467
    7  1.2219e+12     4.0694     7     6     0.7407
    8  1.2185e+12     4.0728     8     7     0.8330
    9  9.7827e+11     4.3451     9     8     0.9238
   10  9.7572e+11     4.3484    10     9     1.0134
   11  9.7205e+11     4.3532    11    10     1.1018
   12  9.5105e+11     4.3810    12    11     1.1894
   13  9.3650e+11     4.4007    13    12     1.2761
   14  9.1389e+11     4.4321    14    13     1.3621
   15  8.9625e+11     4.4573    15    14     1.4474
   16  8.8943e+11     4.4672    16    15     1.5322
   17  8.4512e+11     4.5337    17    16     1.6165
   18  8.3941e+11     4.5426    18    17     1.7003
   19  7.5286e+11     4.6870    19    18     1.7838
   20  7.3959e+11     4.7109    20    19     1.8669
   21  7.1771e+11     4.7515    21    20     1.9496
   22  6.6307e+11     4.8597    22    21     2.0321
   23  6.6210e+11     4.8618    23    22     2.1143
   24  6.5682e+11     4.8728    24    23     2.1963
   25  6.4207e+11     4.9042    25    24     2.2781
   26  6.0560e+11     4.9859    26    25     2.3597
   27  3.0910e+11     5.9975    27    26     2.4411
   28  2.9996e+11     6.0459    28    27     2.5223
   29  2.6863e+11     6.2261    29    28     2.6034
   30  2.4278e+11     6.3948    30    29     2.6844
   31  2.4199e+11     6.4003    31    30     2.7652
   32  2.3818e+11     6.4271    32    31     2.8459
   33  1.7913e+11     6.9217    33    32     2.9266
   34  1.7671e+11     6.9461    34    33     3.0071
   35  1.6466e+11     7.0732    35    34     3.0876
   36  1.5857e+11     7.1417    36    35     3.1680
   37  1.5497e+11     7.1837    37    36     3.2483
   38  1.4984e+11     7.2455    38    37     3.3285
   39  1.4886e+11     7.2576    39    38     3.4087
   40  1.4465e+11     7.3106    40    39     3.4889
   41  1.4075e+11     7.3615    41    40     3.5689
   42  1.2962e+11     7.5164    42    41     3.6490
   43  1.2849e+11     7.5329    43    42     3.7290
   44  1.2488e+11     7.5870    44    43     3.8089
   45  1.0803e+11     7.8669    45    44     3.8889
   46  9.5068e+10     8.1199    46    45     3.9688
   47  9.4169e+10     8.1390    47    46     4.0486
   48  9.0343e+10     8.2225    48    47     4.1285
   49  8.9815e+10     8.2343    49    48     4.2083
   50  8.3708e+10     8.3776    50    49     4.2881
   51  7.6325e+10     8.5682    51    50     4.3678
   52  7.3934e+10     8.6346    52    51     4.4476
   53  5.7475e+10     9.1733    53    52     4.5273
   54  5.6846e+10     9.1974    54    53     4.6070
   55  5.5080e+10     9.2667    55    54     4.6867
   56  5.5018e+10     9.2692    56    55     4.7664
   57  3.5575e+10    10.2659    57    56     4.8460
   58  3.2225e+10    10.5023    58    57     4.9257
   59  2.8542e+10    10.7977    59    58     5.0053
   60  2.8323e+10    10.8167    60    59     5.0849
   61  2.7966e+10    10.8479    61    60     5.1646
   62  2.6963e+10    10.9382    62    61     5.2442
   63  2.6602e+10    10.9717    63    62     5.3238
   64  2.6411e+10    10.9897    64    63     5.4033
   65  2.6009e+10    11.0279    65    64     5.4829
   66  2.5948e+10    11.0338    66    65     5.5625
   67  2.5300e+10    11.0971    67    66     5.6421
   68  2.5272e+10    11.0998    68    67     5.7216
   69  2.3521e+10    11.2809    69    68     5.8012
   70  2.3334e+10    11.3011    70    69     5.8807
   71  2.3030e+10    11.3345    71    70     5.9602
   72  2.3002e+10    11.3376    72    71     6.0398
   73  2.2456e+10    11.3989    73    72     6.1193
   74  2.1689e+10    11.4879    74    73     6.1988
   75  2.1654e+10    11.4921    75    74     6.2783
   76  2.1342e+10    11.5294    76    75     6.3579
   77  2.0871e+10    11.5870    77    76     6.4374
   78  1.9673e+10    11.7407    78    77     6.5169
   79  1.9204e+10    11.8038    79    78     6.5964
   80  1.8878e+10    11.8487    80    79     6.6759
   81  1.8686e+10    11.8756    81    80     6.7554
   82  1.8579e+10    11.8907    82    81     6.8349
   83  1.8383e+10    11.9186    83    82     6.9143
   84  1.8171e+10    11.9493    84    83     6.9938
   85  1.6690e+10    12.1755    85    84     7.0733
   86  1.6343e+10    12.2319    86    85     7.1528
   87  1.6277e+10    12.2427    87    86     7.2323
   88  1.6207e+10    12.2544    88    87     7.3117
   89  1.0173e+10    13.5546    89    88     7.3912
   90  9.9403e+09    13.6215    90    89     7.4707
   91  9.7885e+09    13.6663    91    90     7.5502
   92  9.6654e+09    13.7031    92    91     7.6296
   93  9.4838e+09    13.7585    93    92     7.7091
   94  9.3706e+09    13.7937    94    93     7.7885
   95  9.3478e+09    13.8008    95    94     7.8680
   96  7.8155e+09    14.3326    96    95     7.9475
   97  7.7577e+09    14.3549    97    96     8.0269
   98  6.9688e+09    14.6807    98    97     8.1064
   99  6.8694e+09    14.7248    99    98     8.1858
  100  6.7188e+09    14.7929   100    99     8.2653
