#indx Mass S step-number desc_indx 
    0  3.1600e+12     3.0343     0    -1     0.0134
    1  2.9873e+12     3.0894     1     0     0.1326
    2  2.9391e+12     3.1055     2     1     0.2441
    3  2.9017e+12     3.1182     3     2     0.3500
    4  2.8778e+12     3.1264     4     3     0.4519
    5  2.6985e+12     3.1910     5     4     0.5506
    6  2.5189e+12     3.2612     6     5     0.6467
    7  2.1378e+12     3.4330     7     6     0.7407
    8  1.7384e+12     3.6590     8     7     0.8330
    9  1.6844e+12     3.6944     9     8     0.9238
   10  1.3282e+12     3.9694    10     9     1.0134
   11  1.2847e+12     4.0091    11    10     1.1018
   12  1.2605e+12     4.0319    12    11     1.1894
   13  1.2133e+12     4.0779    13    12     1.2761
   14  1.0070e+12     4.3085    14    13     1.3621
   15  7.4611e+11     4.6991    15    14     1.4474
   16  7.4512e+11     4.7009    16    15     1.5322
   17  6.5950e+11     4.8672    17    16     1.6165
   18  6.4408e+11     4.8999    18    17     1.7003
   19  5.0440e+11     5.2475    19    18     1.7838
   20  4.9672e+11     5.2699    20    19     1.8669
   21  4.9252e+11     5.2823    21    20     1.9496
   22  4.6343e+11     5.3721    22    21     2.0321
   23  4.4285e+11     5.4397    23    22     2.1143
   24  4.3184e+11     5.4775    24    23     2.1963
   25  3.9956e+11     5.5953    25    24     2.2781
   26  3.9827e+11     5.6002    26    25     2.3597
   27  3.4811e+11     5.8088    27    26     2.4411
   28  3.4497e+11     5.8230    28    27     2.5223
   29  3.3152e+11     5.8858    29    28     2.6034
   30  3.2669e+11     5.9091    30    29     2.6844
   31  3.2325e+11     5.9259    31    30     2.7652
   32  3.1905e+11     5.9468    32    31     2.8459
   33  3.1631e+11     5.9606    33    32     2.9266
   34  3.1435e+11     5.9705    34    33     3.0071
   35  3.0048e+11     6.0431    35    34     3.0876
   36  2.9274e+11     6.0854    36    35     3.1680
   37  2.9214e+11     6.0887    37    36     3.2483
   38  2.9154e+11     6.0920    38    37     3.3285
   39  2.4922e+11     6.3509    39    38     3.4087
   40  2.4647e+11     6.3694    40    39     3.4889
   41  2.4557e+11     6.3756    41    40     3.5689
   42  2.3853e+11     6.4246    42    41     3.6490
   43  2.3673e+11     6.4374    43    42     3.7290
   44  1.4053e+11     7.3644    44    43     3.8089
   45  1.3888e+11     7.3865    45    44     3.8889
   46  1.3747e+11     7.4056    46    45     3.9688
   47  1.1889e+11     7.6811    47    46     4.0486
   48  1.1626e+11     7.7243    48    47     4.1285
   49  1.1548e+11     7.7372    49    48     4.2083
   50  1.1541e+11     7.7385    50    49     4.2881
   51  9.1584e+10     8.1950    51    50     4.3678
   52  9.1554e+10     8.1956    52    51     4.4476
   53  6.7447e+10     8.8284    53    52     4.5273
   54  6.6998e+10     8.8426    54    53     4.6070
   55  6.6457e+10     8.8598    55    54     4.6867
   56  6.2953e+10     8.9759    56    55     4.7664
   57  4.0332e+10     9.9715    57    56     4.8460
   58  3.8946e+10    10.0529    58    57     4.9257
   59  3.7825e+10    10.1213    59    58     5.0053
   60  3.6934e+10    10.1773    60    59     5.0849
   61  3.3806e+10    10.3873    61    60     5.1646
   62  3.2509e+10    10.4812    62    61     5.2442
   63  3.1270e+10    10.5750    63    62     5.3238
   64  2.8330e+10    10.8161    64    63     5.4033
   65  2.8162e+10    10.8307    65    64     5.4829
   66  2.6609e+10    10.9711    66    65     5.5625
   67  2.6180e+10    11.0115    67    66     5.6421
   68  2.5534e+10    11.0740    68    67     5.7216
   69  2.3591e+10    11.2734    69    68     5.8012
   70  2.2841e+10    11.3555    70    69     5.8807
   71  2.2829e+10    11.3569    71    70     5.9602
   72  2.2395e+10    11.4058    72    71     6.0398
   73  2.2156e+10    11.4333    73    72     6.1193
   74  2.0717e+10    11.6062    74    73     6.1988
   75  2.0585e+10    11.6228    75    74     6.2783
   76  1.9380e+10    11.7798    76    75     6.3579
   77  1.8974e+10    11.8354    77    76     6.4374
   78  1.8966e+10    11.8364    78    77     6.5169
   79  1.8649e+10    11.8809    79    78     6.5964
   80  1.8402e+10    11.9159    80    79     6.6759
   81  1.8143e+10    11.9534    81    80     6.7554
   82  1.7805e+10    12.0032    82    81     6.8349
   83  1.7801e+10    12.0037    83    82     6.9143
   84  1.5770e+10    12.3282    84    83     6.9938
   85  7.3991e+09    14.4981    85    84     7.0733
   86  7.3150e+09    14.5328    86    85     7.1528
   87  7.2782e+09    14.5482    87    86     7.2323
   88  6.9313e+09    14.6973    88    87     7.3117
   89  6.8881e+09    14.7164    89    88     7.3912
   90  6.4876e+09    14.9010    90    89     7.4707
   91  6.3929e+09    14.9466    91    90     7.5502
   92  6.3422e+09    14.9713    92    91     7.6296
   93  6.2119e+09    15.0359    93    92     7.7091
   94  5.9613e+09    15.1645    94    93     7.7885
   95  5.5534e+09    15.3878    95    94     7.8680
   96  5.0526e+09    15.6891    96    95     7.9475
   97  5.0220e+09    15.7086    97    96     8.0269
   98  4.9440e+09    15.7590    98    97     8.1064
   99  4.9328e+09    15.7663    99    98     8.1858
  100  4.9098e+09    15.7814   100    99     8.2653
