#indx Mass S step-number desc_indx 
    0  3.1600e+12     3.0343     0    -1     0.0134
    1  2.7719e+12     3.1639     1     0     0.1326
    2  2.6761e+12     3.1994     2     1     0.2441
    3  2.5317e+12     3.2559     3     2     0.3500
    4  2.4547e+12     3.2878     4     3     0.4519
    5  2.2939e+12     3.3584     5     4     0.5506
    6  2.2283e+12     3.3889     6     5     0.6467
    7  2.1778e+12     3.4132     7     6     0.7407
    8  2.1622e+12     3.4209     8     7     0.8330
    9  2.1131e+12     3.4454     9     8     0.9238
   10  2.0734e+12     3.4657    10     9     1.0134
   11  2.0542e+12     3.4758    11    10     1.1018
   12  1.9643e+12     3.5242    12    11     1.1894
   13  1.9494e+12     3.5325    13    12     1.2761
   14  1.6435e+12     3.7222    14    13     1.3621
   15  1.4707e+12     3.8497    15    14     1.4474
   16  1.4671e+12     3.8525    16    15     1.5322
   17  1.4231e+12     3.8880    17    16     1.6165
   18  1.1755e+12     4.1164    18    17     1.7003
   19  1.1573e+12     4.1355    19    18     1.7838
   20  1.1043e+12     4.1932    20    19     1.8669
   21  9.4428e+11     4.3901    21    20     1.9496
   22  9.3377e+11     4.4045    22    21     2.0321
   23  9.1666e+11     4.4282    23    22     2.1143
   24  8.9735e+11     4.4557    24    23     2.1963
   25  7.9720e+11     4.6107    25    24     2.2781
   26  7.8302e+11     4.6345    26    25     2.3597
   27  7.8217e+11     4.6360    27    26     2.4411
   28  7.7625e+11     4.6461    28    27     2.5223
   29  7.7174e+11     4.6539    29    28     2.6034
   30  7.3051e+11     4.7276    30    29     2.6844
   31  5.7661e+11     5.0551    31    30     2.7652
   32  3.9958e+11     5.5952    32    31     2.8459
   33  3.8944e+11     5.6346    33    32     2.9266
   34  3.8880e+11     5.6371    34    33     3.0071
   35  3.8116e+11     5.6676    35    34     3.0876
   36  3.8046e+11     5.6705    36    35     3.1680
   37  3.7843e+11     5.6787    37    36     3.2483
   38  3.0116e+11     6.0395    38    37     3.3285
   39  2.9282e+11     6.0849    39    38     3.4087
   40  2.7199e+11     6.2056    40    39     3.4889
   41  2.6487e+11     6.2495    41    40     3.5689
   42  2.3247e+11     6.4682    42    41     3.6490
   43  2.2989e+11     6.4872    43    42     3.7290
   44  2.0384e+11     6.6941    44    43     3.8089
   45  1.5054e+11     7.2369    45    44     3.8889
   46  1.4929e+11     7.2523    46    45     3.9688
   47  1.4909e+11     7.2547    47    46     4.0486
   48  1.2265e+11     7.6215    48    47     4.1285
   49  1.2195e+11     7.6325    49    48     4.2083
   50  1.1787e+11     7.6978    50    49     4.2881
   51  1.1621e+11     7.7251    51    50     4.3678
   52  1.1481e+11     7.7485    52    51     4.4476
   53  1.0670e+11     7.8913    53    52     4.5273
   54  1.0341e+11     7.9529    54    53     4.6070
   55  1.0002e+11     8.0188    55    54     4.6867
   56  8.3873e+10     8.3736    56    55     4.7664
   57  7.0876e+10     8.7234    57    56     4.8460
   58  6.8731e+10     8.7883    58    57     4.9257
   59  6.8373e+10     8.7994    59    58     5.0053
   60  6.6593e+10     8.8555    60    59     5.0849
   61  6.6411e+10     8.8613    61    60     5.1646
   62  6.4386e+10     8.9275    62    61     5.2442
   63  6.2993e+10     8.9745    63    62     5.3238
   64  6.2669e+10     8.9856    64    63     5.4033
   65  6.2571e+10     8.9890    65    64     5.4829
   66  6.2141e+10     9.0038    66    65     5.5625
   67  5.8595e+10     9.1312    67    66     5.6421
   68  5.8182e+10     9.1466    68    67     5.7216
   69  5.5817e+10     9.2375    69    68     5.8012
   70  5.5803e+10     9.2380    70    69     5.8807
   71  5.5691e+10     9.2424    71    70     5.9602
   72  5.2994e+10     9.3520    72    71     6.0398
   73  2.1912e+10    11.4617    73    72     6.1193
   74  2.1738e+10    11.4821    74    73     6.1988
   75  2.1569e+10    11.5022    75    74     6.2783
   76  1.9013e+10    11.8299    76    75     6.3579
   77  1.6832e+10    12.1528    77    76     6.4374
   78  1.6736e+10    12.1682    78    77     6.5169
   79  1.6638e+10    12.1839    79    78     6.5964
   80  1.6468e+10    12.2114    80    79     6.6759
   81  1.3039e+10    12.8499    81    80     6.7554
   82  1.0768e+10    13.3907    82    81     6.8349
   83  1.0717e+10    13.4044    83    82     6.9143
   84  1.0204e+10    13.5458    84    83     6.9938
   85  1.0181e+10    13.5521    85    84     7.0733
   86  9.8609e+09    13.6449    86    85     7.1528
   87  9.6515e+09    13.7074    87    86     7.2323
   88  9.5829e+09    13.7282    88    87     7.3117
   89  9.1480e+09    13.8642    89    88     7.3912
   90  9.0973e+09    13.8806    90    89     7.4707
   91  6.3984e+09    14.9439    91    90     7.5502
   92  6.1764e+09    15.0537    92    91     7.6296
   93  6.0372e+09    15.1249    93    92     7.7091
   94  6.0311e+09    15.1281    94    93     7.7885
   95  5.9662e+09    15.1619    95    94     7.8680
   96  5.9015e+09    15.1961    96    95     7.9475
   97  4.8628e+09    15.8123    97    96     8.0269
   98  4.8018e+09    15.8532    98    97     8.1064
   99  4.7901e+09    15.8611    99    98     8.1858
  100  4.7559e+09    15.8843   100    99     8.2653
