#indx Mass S step-number desc_indx 
    0  3.1600e+12     3.0343     0    -1     0.0134
    1  3.1422e+12     3.0398     1     0     0.1326
    2  3.1297e+12     3.0437     2     1     0.2441
    3  3.0532e+12     3.0679     3     2     0.3500
    4  3.0216e+12     3.0781     4     3     0.4519
    5  2.9412e+12     3.1048     5     4     0.5506
    6  2.8653e+12     3.1307     6     5     0.6467
    7  2.8482e+12     3.1367     7     6     0.7407
    8  2.7222e+12     3.1821     8     7     0.8330
    9  2.6311e+12     3.2166     9     8     0.9238
   10  2.5299e+12     3.2567    10     9     1.0134
   11  2.5113e+12     3.2643    11    10     1.1018
   12  2.5068e+12     3.2661    12    11     1.1894
   13  1.2951e+12     3.9994    13    12     1.2761
   14  1.2753e+12     4.0179    14    13     1.3621
   15  1.2098e+12     4.0814    15    14     1.4474
   16  1.1845e+12     4.1071    16    15     1.5322
   17  1.1347e+12     4.1597    17    16     1.6165
   18  1.1109e+12     4.1858    18    17     1.7003
   19  1.0938e+12     4.2050    19    18     1.7838
   20  1.0622e+12     4.2415    20    19     1.8669
   21  1.0255e+12     4.2855    21    20     1.9496
   22  1.0156e+12     4.2977    22    21     2.0321
   23  1.0022e+12     4.3145    23    22     2.1143
   24  9.8276e+11     4.3392    24    23     2.1963
   25  9.3293e+11     4.4056    25    24     2.2781
   26  9.2029e+11     4.4231    26    25     2.3597
   27  9.1387e+11     4.4321    27    26     2.4411
   28  8.2236e+11     4.5696    28    27     2.5223
   29  7.0412e+11     4.7775    29    28     2.6034
   30  7.0300e+11     4.7796    30    29     2.6844
   31  6.6911e+11     4.8473    31    30     2.7652
   32  6.2691e+11     4.9375    32    31     2.8459
   33  6.2234e+11     4.9477    33    32     2.9266
   34  6.1861e+11     4.9561    34    33     3.0071
   35  6.1093e+11     4.9736    35    34     3.0876
   36  6.0132e+11     4.9959    36    35     3.1680
   37  5.9482e+11     5.0111    37    36     3.2483
   38  5.8765e+11     5.0283    38    37     3.3285
   39  5.7491e+11     5.0593    39    38     3.4087
   40  5.7436e+11     5.0607    40    39     3.4889
   41  5.6626e+11     5.0808    41    40     3.5689
   42  5.6277e+11     5.0897    42    41     3.6490
   43  4.9505e+11     5.2748    43    42     3.7290
   44  4.9459e+11     5.2762    44    43     3.8089
   45  3.5490e+11     5.7785    45    44     3.8889
   46  3.5454e+11     5.7801    46    45     3.9688
   47  1.8287e+11     6.8850    47    46     4.0486
   48  1.5431e+11     7.1915    48    47     4.1285
   49  1.5171e+11     7.2226    49    48     4.2083
   50  1.0967e+11     7.8375    50    49     4.2881
   51  8.3428e+10     8.3845    51    50     4.3678
   52  7.8010e+10     8.5228    52    51     4.4476
   53  6.7052e+10     8.8408    53    52     4.5273
   54  6.7013e+10     8.8421    54    53     4.6070
   55  6.5765e+10     8.8822    55    54     4.6867
   56  6.4079e+10     8.9378    56    55     4.7664
   57  6.2139e+10     9.0039    57    56     4.8460
   58  5.5728e+10     9.2410    58    57     4.9257
   59  5.5660e+10     9.2437    59    58     5.0053
   60  5.5395e+10     9.2542    60    59     5.0849
   61  5.4385e+10     9.2947    61    60     5.1646
   62  4.8918e+10     9.5306    62    61     5.2442
   63  4.8813e+10     9.5355    63    62     5.3238
   64  4.8763e+10     9.5378    64    63     5.4033
   65  4.8637e+10     9.5436    65    64     5.4829
   66  4.4686e+10     9.7355    66    65     5.5625
   67  3.9437e+10    10.0237    67    66     5.6421
   68  3.8264e+10    10.0942    68    67     5.7216
   69  3.5984e+10    10.2389    69    68     5.8012
   70  1.2346e+10    13.0028    70    69     5.8807
   71  1.2294e+10    13.0144    71    70     5.9602
   72  1.2250e+10    13.0246    72    71     6.0398
   73  1.2239e+10    13.0271    73    72     6.1193
   74  1.2183e+10    13.0399    74    73     6.1988
   75  1.2154e+10    13.0468    75    74     6.2783
   76  1.2077e+10    13.0645    76    75     6.3579
   77  1.0875e+10    13.3625    77    76     6.4374
   78  1.0850e+10    13.3690    78    77     6.5169
   79  1.0117e+10    13.5706    79    78     6.5964
   80  1.0062e+10    13.5863    80    79     6.6759
   81  1.0004e+10    13.6031    81    80     6.7554
   82  9.8985e+09    13.6338    82    81     6.8349
   83  2.3352e+09    18.3087    83    82     6.9143
   84  2.3116e+09    18.3452    84    83     6.9938
   85  2.2949e+09    18.3712    85    84     7.0733
   86  2.2891e+09    18.3803    86    85     7.1528
   87  2.1476e+09    18.6104    87    86     7.2323
   88  2.1329e+09    18.6353    88    87     7.3117
   89  2.1079e+09    18.6781    89    88     7.3912
   90  2.1062e+09    18.6810    90    89     7.4707
   91  2.0593e+09    18.7630    91    90     7.5502
   92  2.0513e+09    18.7771    92    91     7.6296
   93  2.0346e+09    18.8070    93    92     7.7091
   94  2.0328e+09    18.8101    94    93     7.7885
   95  2.0286e+09    18.8177    95    94     7.8680
   96  2.0099e+09    18.8516    96    95     7.9475
   97  1.9553e+09    18.9524    97    96     8.0269
   98  1.8928e+09    19.0718    98    97     8.1064
   99  1.8295e+09    19.1975    99    98     8.1858
  100  1.8218e+09    19.2131   100    99     8.2653
