#indx Mass S step-number desc_indx 
    0  3.1600e+12     3.0343     0    -1     0.0134
    1  3.1134e+12     3.0487     1     0     0.1326
    2  3.0714e+12     3.0621     2     1     0.2441
    3  2.8718e+12     3.1285     3     2     0.3500
    4  2.7816e+12     3.1604     4     3     0.4519
    5  1.8896e+12     3.5666     5     4     0.5506
    6  1.8736e+12     3.5760     6     5     0.6467
    7  1.8173e+12     3.6096     7     6     0.7407
    8  1.7858e+12     3.6290     8     7     0.8330
    9  1.5289e+12     3.8048     9     8     0.9238
   10  1.4934e+12     3.8319    10     9     1.0134
   11  1.4826e+12     3.8403    11    10     1.1018
   12  1.4782e+12     3.8438    12    11     1.1894
   13  9.8603e+11     4.3350    13    12     1.2761
   14  9.7366e+11     4.3511    14    13     1.3621
   15  5.3406e+11     5.1647    15    14     1.4474
   16  5.2457e+11     5.1906    16    15     1.5322
   17  5.0388e+11     5.2490    17    16     1.6165
   18  4.7559e+11     5.3337    18    17     1.7003
   19  4.6901e+11     5.3543    19    18     1.7838
   20  3.8014e+11     5.6717    20    19     1.8669
   21  3.5812e+11     5.7644    21    20     1.9496
   22  3.4898e+11     5.8048    22    21     2.0321
   23  3.4869e+11     5.8061    23    22     2.1143
   24  2.4191e+11     6.4009    24    23     2.1963
   25  2.3892e+11     6.4218    25    24     2.2781
   26  2.3121e+11     6.4774    26    25     2.3597
   27  2.2961e+11     6.4893    27    26     2.4411
   28  2.2752e+11     6.5048    28    27     2.5223
   29  2.2382e+11     6.5328    29    28     2.6034
   30  2.2210e+11     6.5460    30    29     2.6844
   31  1.5260e+11     7.2119    31    30     2.7652
   32  3.5120e+10    10.2965    32    31     2.8459
   33  3.5044e+10    10.3016    33    32     2.9266
   34  3.4952e+10    10.3079    34    33     3.0071
   35  3.4821e+10    10.3168    35    34     3.0876
   36  3.3699e+10    10.3949    36    35     3.1680
   37  3.3002e+10    10.4450    37    36     3.2483
   38  3.2835e+10    10.4572    38    37     3.3285
   39  3.2784e+10    10.4609    39    38     3.4087
   40  3.2502e+10    10.4817    40    39     3.4889
   41  3.1347e+10    10.5691    41    40     3.5689
   42  2.7272e+10    10.9100    42    41     3.6490
   43  2.7230e+10    10.9139    43    42     3.7290
   44  2.6836e+10    10.9500    44    43     3.8089
   45  2.6726e+10    10.9602    45    44     3.8889
   46  2.6457e+10    10.9853    46    45     3.9688
   47  2.6117e+10    11.0176    47    46     4.0486
   48  2.6029e+10    11.0260    48    47     4.1285
   49  2.5691e+10    11.0586    49    48     4.2083
   50  2.5373e+10    11.0898    50    49     4.2881
   51  2.4776e+10    11.1496    51    50     4.3678
   52  2.4236e+10    11.2051    52    51     4.4476
   53  2.2024e+10    11.4486    53    52     4.5273
   54  2.1863e+10    11.4674    54    53     4.6070
   55  2.0106e+10    11.6840    55    54     4.6867
   56  1.9950e+10    11.7041    56    55     4.7664
   57  1.9875e+10    11.7141    57    56     4.8460
   58  1.9415e+10    11.7752    58    57     4.9257
   59  1.9393e+10    11.7781    59    58     5.0053
   60  1.7955e+10    11.9809    60    59     5.0849
   61  1.7094e+10    12.1116    61    60     5.1646
   62  1.7026e+10    12.1223    62    61     5.2442
   63  1.6770e+10    12.1628    63    62     5.3238
   64  1.4504e+10    12.5558    64    63     5.4033
   65  1.3637e+10    12.7254    65    64     5.4829
   66  1.3075e+10    12.8423    66    65     5.5625
   67  1.0897e+10    13.3566    67    66     5.6421
   68  1.0885e+10    13.3598    68    67     5.7216
   69  1.0160e+10    13.5583    69    68     5.8012
   70  9.4367e+09    13.7731    70    69     5.8807
   71  9.4157e+09    13.7796    71    70     5.9602
   72  9.3832e+09    13.7897    72    71     6.0398
   73  8.9181e+09    13.9392    73    72     6.1193
   74  8.2707e+09    14.1629    74    73     6.1988
   75  8.1852e+09    14.1939    75    74     6.2783
   76  8.1510e+09    14.2065    76    75     6.3579
   77  8.1149e+09    14.2197    77    76     6.4374
   78  7.9642e+09    14.2759    78    77     6.5169
   79  6.8941e+09    14.7138    79    78     6.5964
   80  6.6067e+09    14.8448    80    79     6.6759
   81  2.8710e+09    17.5795    81    80     6.7554
   82  2.8318e+09    17.6273    82    81     6.8349
   83  2.8283e+09    17.6317    83    82     6.9143
   84  2.8090e+09    17.6555    84    83     6.9938
   85  2.7733e+09    17.7002    85    84     7.0733
   86  2.3463e+09    18.2918    86    85     7.1528
   87  2.1716e+09    18.5702    87    86     7.2323
   88  2.1525e+09    18.6022    88    87     7.3117
   89  2.1113e+09    18.6723    89    88     7.3912
   90  2.1079e+09    18.6781    90    89     7.4707
   91  1.7258e+09    19.4145    91    90     7.5502
   92  1.6379e+09    19.6103    92    91     7.6296
   93  1.6076e+09    19.6806    93    92     7.7091
   94  1.5990e+09    19.7009    94    93     7.7885
   95  1.5946e+09    19.7111    95    94     7.8680
   96  1.5907e+09    19.7204    96    95     7.9475
   97  1.5839e+09    19.7365    97    96     8.0269
   98  1.5262e+09    19.8770    98    97     8.1064
   99  1.4213e+09    20.1486    99    98     8.1858
  100  1.4157e+09    20.1638   100    99     8.2653
