#indx Mass S step-number desc_indx 
    0  3.1600e+12     3.0343     0    -1     0.0134
    1  2.7600e+12     3.1683     1     0     0.1326
    2  2.6610e+12     3.2051     2     1     0.2441
    3  2.6338e+12     3.2156     3     2     0.3500
    4  2.4889e+12     3.2735     4     3     0.4519
    5  2.4842e+12     3.2755     5     4     0.5506
    6  2.3498e+12     3.3331     6     5     0.6467
    7  2.2945e+12     3.3581     7     6     0.7407
    8  2.1399e+12     3.4319     8     7     0.8330
    9  2.1122e+12     3.4458     9     8     0.9238
   10  1.7030e+12     3.6821    10     9     1.0134
   11  1.6804e+12     3.6971    11    10     1.1018
   12  1.6540e+12     3.7150    12    11     1.1894
   13  1.3715e+12     3.9314    13    12     1.2761
   14  1.3319e+12     3.9661    14    13     1.3621
   15  1.1807e+12     4.1110    15    14     1.4474
   16  1.1459e+12     4.1477    16    15     1.5322
   17  1.1377e+12     4.1564    17    16     1.6165
   18  1.1125e+12     4.1841    18    17     1.7003
   19  1.0840e+12     4.2162    19    18     1.7838
   20  7.2229e+11     4.7429    20    19     1.8669
   21  7.1828e+11     4.7504    21    20     1.9496
   22  7.1388e+11     4.7588    22    21     2.0321
   23  6.2300e+11     4.9462    23    22     2.1143
   24  4.8200e+11     5.3140    24    23     2.1963
   25  4.1702e+11     5.5302    25    24     2.2781
   26  4.0823e+11     5.5626    26    25     2.3597
   27  6.4462e+10     8.9250    27    26     2.4411
   28  5.9547e+10     9.0961    28    27     2.5223
   29  5.9315e+10     9.1046    29    28     2.6034
   30  5.6735e+10     9.2017    30    29     2.6844
   31  4.9365e+10     9.5102    31    30     2.7652
   32  4.8645e+10     9.5432    32    31     2.8459
   33  4.8571e+10     9.5466    33    32     2.9266
   34  4.7976e+10     9.5744    34    33     3.0071
   35  4.7903e+10     9.5778    35    34     3.0876
   36  4.4818e+10     9.7288    36    35     3.1680
   37  4.4279e+10     9.7565    37    36     3.2483
   38  4.3935e+10     9.7743    38    37     3.3285
   39  4.2137e+10     9.8702    39    38     3.4087
   40  4.1316e+10     9.9156    40    39     3.4889
   41  4.0591e+10     9.9566    41    40     3.5689
   42  4.0565e+10     9.9582    42    41     3.6490
   43  3.8655e+10    10.0704    43    42     3.7290
   44  3.7882e+10    10.1177    44    43     3.8089
   45  3.5361e+10    10.2802    45    44     3.8889
   46  3.2278e+10    10.4983    46    45     3.9688
   47  3.2251e+10    10.5004    47    46     4.0486
   48  3.1384e+10    10.5662    48    47     4.1285
   49  3.0552e+10    10.6313    49    48     4.2083
   50  3.0268e+10    10.6541    50    49     4.2881
   51  3.0192e+10    10.6602    51    50     4.3678
   52  3.0051e+10    10.6716    52    51     4.4476
   53  2.9704e+10    10.6999    53    52     4.5273
   54  2.9568e+10    10.7112    54    53     4.6070
   55  2.9145e+10    10.7464    55    54     4.6867
   56  2.7517e+10    10.8879    56    55     4.7664
   57  2.7432e+10    10.8956    57    56     4.8460
   58  2.7204e+10    10.9162    58    57     4.9257
   59  9.1971e+09    13.8485    59    58     5.0053
   60  5.2352e+09    15.5755    60    59     5.0849
   61  5.0697e+09    15.6783    61    60     5.1646
   62  4.8721e+09    15.8062    62    61     5.2442
   63  4.8037e+09    15.8519    63    62     5.3238
   64  4.4213e+09    16.1218    64    63     5.4033
   65  4.4017e+09    16.1364    65    64     5.4829
   66  4.3500e+09    16.1751    66    65     5.5625
   67  4.2303e+09    16.2668    67    66     5.6421
   68  4.1914e+09    16.2972    68    67     5.7216
   69  4.0917e+09    16.3768    69    68     5.8012
   70  4.0025e+09    16.4499    70    69     5.8807
   71  3.9440e+09    16.4987    71    70     5.9602
   72  3.9390e+09    16.5030    72    71     6.0398
   73  3.7856e+09    16.6356    73    72     6.1193
   74  3.4142e+09    16.9837    74    73     6.1988
   75  3.2336e+09    17.1690    75    74     6.2783
   76  3.2041e+09    17.2003    76    75     6.3579
   77  3.1968e+09    17.2081    77    76     6.4374
   78  2.9684e+09    17.4636    78    77     6.5169
   79  2.9590e+09    17.4746    79    78     6.5964
   80  2.4994e+09    18.0665    80    79     6.6759
   81  2.4647e+09    18.1162    81    80     6.7554
   82  2.4437e+09    18.1465    82    81     6.8349
   83  2.3950e+09    18.2184    83    82     6.9143
   84  2.3928e+09    18.2216    84    83     6.9938
   85  2.3836e+09    18.2354    85    84     7.0733
   86  2.3808e+09    18.2395    86    85     7.1528
   87  2.3719e+09    18.2529    87    86     7.2323
   88  2.3707e+09    18.2547    88    87     7.3117
   89  2.3040e+09    18.3569    89    88     7.3912
   90  2.3017e+09    18.3605    90    89     7.4707
   91  2.2838e+09    18.3885    91    90     7.5502
   92  2.2763e+09    18.4004    92    91     7.6296
   93  2.2213e+09    18.4884    93    92     7.7091
   94  2.2211e+09    18.4888    94    93     7.7885
   95  2.2001e+09    18.5230    95    94     7.8680
   96  2.1955e+09    18.5305    96    95     7.9475
   97  2.0501e+09    18.7793    97    96     8.0269
   98  2.0453e+09    18.7877    98    97     8.1064
   99  2.0372e+09    18.8023    99    98     8.1858
  100  2.0091e+09    18.8531   100    99     8.2653
