#indx Mass S step-number desc_indx 
    0  3.1600e+12     3.0343     0    -1     0.0134
    1  3.0305e+12     3.0752     1     0     0.1326
    2  2.8323e+12     3.1423     2     1     0.2441
    3  2.7463e+12     3.1732     3     2     0.3500
    4  2.6531e+12     3.2082     4     3     0.4519
    5  2.3054e+12     3.3531     5     4     0.5506
    6  2.2767e+12     3.3663     6     5     0.6467
    7  2.2648e+12     3.3718     7     6     0.7407
    8  2.0840e+12     3.4602     8     7     0.8330
    9  1.6773e+12     3.6992     9     8     0.9238
   10  1.3412e+12     3.9578    10     9     1.0134
   11  1.2985e+12     3.9963    11    10     1.1018
   12  1.2540e+12     4.0381    12    11     1.1894
   13  1.2381e+12     4.0535    13    12     1.2761
   14  1.2319e+12     4.0596    14    13     1.3621
   15  1.1270e+12     4.1680    15    14     1.4474
   16  1.1209e+12     4.1748    16    15     1.5322
   17  1.0988e+12     4.1994    17    16     1.6165
   18  1.0657e+12     4.2374    18    17     1.7003
   19  9.8577e+11     4.3354    19    18     1.7838
   20  9.7981e+11     4.3431    20    19     1.8669
   21  7.4970e+11     4.6927    21    20     1.9496
   22  7.3255e+11     4.7238    22    21     2.0321
   23  7.3058e+11     4.7275    23    22     2.1143
   24  7.2014e+11     4.7469    24    23     2.1963
   25  6.9262e+11     4.7999    25    24     2.2781
   26  6.8479e+11     4.8155    26    25     2.3597
   27  6.3262e+11     4.9249    27    26     2.4411
   28  2.2498e+11     6.5240    28    27     2.5223
   29  2.2481e+11     6.5252    29    28     2.6034
   30  2.2452e+11     6.5274    30    29     2.6844
   31  1.6296e+11     7.0919    31    30     2.7652
   32  1.5755e+11     7.1535    32    31     2.8459
   33  1.4398e+11     7.3193    33    32     2.9266
   34  1.4352e+11     7.3253    34    33     3.0071
   35  1.4269e+11     7.3360    35    34     3.0876
   36  1.4263e+11     7.3368    36    35     3.1680
   37  1.4168e+11     7.3492    37    36     3.2483
   38  1.3799e+11     7.3985    38    37     3.3285
   39  1.3527e+11     7.4358    39    38     3.4087
   40  1.3033e+11     7.5060    40    39     3.4889
   41  1.2127e+11     7.6431    41    40     3.5689
   42  1.2046e+11     7.6560    42    41     3.6490
   43  1.1904e+11     7.6788    43    42     3.7290
   44  1.1798e+11     7.6960    44    43     3.8089
   45  8.6382e+10     8.3134    45    44     3.8889
   46  7.7008e+10     8.5497    46    45     3.9688
   47  7.6827e+10     8.5546    47    46     4.0486
   48  5.7194e+10     9.1840    48    47     4.1285
   49  5.4728e+10     9.2809    49    48     4.2083
   50  5.4582e+10     9.2867    50    49     4.2881
   51  5.2466e+10     9.3742    51    50     4.3678
   52  5.1330e+10     9.4229    52    51     4.4476
   53  5.0953e+10     9.4394    53    52     4.5273
   54  5.0815e+10     9.4454    54    53     4.6070
   55  4.2351e+10     9.8585    55    54     4.6867
   56  3.8371e+10    10.0877    56    55     4.7664
   57  3.3257e+10    10.4265    57    56     4.8460
   58  3.2711e+10    10.4663    58    57     4.9257
   59  3.1499e+10    10.5573    59    58     5.0053
   60  3.1235e+10    10.5777    60    59     5.0849
   61  3.1058e+10    10.5915    61    60     5.1646
   62  2.9751e+10    10.6960    62    61     5.2442
   63  2.9446e+10    10.7213    63    62     5.3238
   64  2.8302e+10    10.8185    64    63     5.4033
   65  1.8384e+10    11.9185    65    64     5.4829
   66  1.7175e+10    12.0990    66    65     5.5625
   67  1.7153e+10    12.1023    67    66     5.6421
   68  1.7147e+10    12.1032    68    67     5.7216
   69  1.5974e+10    12.2935    69    68     5.8012
   70  1.5806e+10    12.3219    70    69     5.8807
   71  1.5031e+10    12.4584    71    70     5.9602
   72  1.4914e+10    12.4798    72    71     6.0398
   73  1.4770e+10    12.5062    73    72     6.1193
   74  1.4759e+10    12.5082    74    73     6.1988
   75  1.4696e+10    12.5199    75    74     6.2783
   76  1.4667e+10    12.5252    76    75     6.3579
   77  1.4458e+10    12.5647    77    76     6.4374
   78  1.4364e+10    12.5825    78    77     6.5169
   79  1.4185e+10    12.6168    79    78     6.5964
   80  1.3849e+10    12.6830    80    79     6.6759
   81  1.3041e+10    12.8494    81    80     6.7554
   82  1.1553e+10    13.1901    82    81     6.8349
   83  1.1527e+10    13.1965    83    82     6.9143
   84  1.1387e+10    13.2313    84    83     6.9938
   85  1.1355e+10    13.2391    85    84     7.0733
   86  1.1330e+10    13.2453    86    85     7.1528
   87  1.1315e+10    13.2491    87    86     7.2323
   88  1.0172e+10    13.5549    88    87     7.3117
   89  9.9998e+09    13.6042    89    88     7.3912
   90  9.9213e+09    13.6271    90    89     7.4707
   91  8.8166e+09    13.9730    91    90     7.5502
   92  8.6954e+09    14.0140    92    91     7.6296
   93  8.6673e+09    14.0236    93    92     7.7091
   94  4.5132e+09    16.0545    94    93     7.7885
   95  4.4996e+09    16.0644    95    94     7.8680
   96  4.3912e+09    16.1442    96    95     7.9475
   97  4.3561e+09    16.1704    97    96     8.0269
   98  4.3295e+09    16.1906    98    97     8.1064
   99  4.3177e+09    16.1996    99    98     8.1858
  100  4.2585e+09    16.2449   100    99     8.2653
