#indx Mass S step-number desc_indx 
    0  3.1600e+12     3.0343     0    -1     0.0134
    1  3.1158e+12     3.0480     1     0     0.1326
    2  2.9570e+12     3.0995     2     1     0.2441
    3  2.8093e+12     3.1505     3     2     0.3500
    4  2.7831e+12     3.1598     4     3     0.4519
    5  2.7390e+12     3.1759     5     4     0.5506
    6  2.5628e+12     3.2435     6     5     0.6467
    7  2.3735e+12     3.3227     7     6     0.7407
    8  2.3072e+12     3.3523     8     7     0.8330
    9  2.2548e+12     3.3764     9     8     0.9238
   10  2.2262e+12     3.3899    10     9     1.0134
   11  2.1104e+12     3.4468    11    10     1.1018
   12  1.9469e+12     3.5339    12    11     1.1894
   13  1.8834e+12     3.5702    13    12     1.2761
   14  1.8019e+12     3.6190    14    13     1.3621
   15  1.7336e+12     3.6621    15    14     1.4474
   16  1.6771e+12     3.6994    16    15     1.5322
   17  1.6637e+12     3.7084    17    16     1.6165
   18  1.6138e+12     3.7429    18    17     1.7003
   19  1.6009e+12     3.7521    19    18     1.7838
   20  1.2537e+12     4.0384    20    19     1.8669
   21  1.2028e+12     4.0885    21    20     1.9496
   22  1.1402e+12     4.1538    22    21     2.0321
   23  1.0060e+12     4.3097    23    22     2.1143
   24  5.5704e+11     5.1043    24    23     2.1963
   25  4.8688e+11     5.2992    25    24     2.2781
   26  4.8467e+11     5.3059    26    25     2.3597
   27  4.7567e+11     5.3335    27    26     2.4411
   28  3.5678e+11     5.7702    28    27     2.5223
   29  3.4642e+11     5.8164    29    28     2.6034
   30  3.3845e+11     5.8531    30    29     2.6844
   31  3.1896e+11     5.9472    31    30     2.7652
   32  3.1109e+11     5.9872    32    31     2.8459
   33  3.0818e+11     6.0023    33    32     2.9266
   34  2.9816e+11     6.0557    34    33     3.0071
   35  2.9689e+11     6.0626    35    34     3.0876
   36  2.9556e+11     6.0698    36    35     3.1680
   37  2.7399e+11     6.1935    37    36     3.2483
   38  2.6688e+11     6.2369    38    37     3.3285
   39  2.6194e+11     6.2679    39    38     3.4087
   40  2.6166e+11     6.2696    40    39     3.4889
   41  2.4360e+11     6.3891    41    40     3.5689
   42  2.4178e+11     6.4018    42    41     3.6490
   43  2.4134e+11     6.4049    43    42     3.7290
   44  2.3564e+11     6.4453    44    43     3.8089
   45  2.3310e+11     6.4636    45    44     3.8889
   46  2.3212e+11     6.4707    46    45     3.9688
   47  2.2618e+11     6.5149    47    46     4.0486
   48  2.2247e+11     6.5431    48    47     4.1285
   49  2.2230e+11     6.5444    49    48     4.2083
   50  2.2116e+11     6.5533    50    49     4.2881
   51  2.1964e+11     6.5651    51    50     4.3678
   52  2.1750e+11     6.5819    52    51     4.4476
   53  2.1428e+11     6.6076    53    52     4.5273
   54  2.0575e+11     6.6779    54    53     4.6070
   55  2.0481e+11     6.6859    55    54     4.6867
   56  2.0387e+11     6.6938    56    55     4.7664
   57  2.0195e+11     6.7103    57    56     4.8460
   58  2.0054e+11     6.7225    58    57     4.9257
   59  1.2747e+11     7.5481    59    58     5.0053
   60  1.2675e+11     7.5589    60    59     5.0849
   61  1.2664e+11     7.5605    61    60     5.1646
   62  1.2074e+11     7.6515    62    61     5.2442
   63  1.1361e+11     7.7689    63    62     5.3238
   64  1.0822e+11     7.8636    64    63     5.4033
   65  9.4360e+10     8.1349    65    64     5.4829
   66  9.3733e+10     8.1483    66    65     5.5625
   67  9.2021e+10     8.1854    67    66     5.6421
   68  9.1943e+10     8.1871    68    67     5.7216
   69  8.0412e+10     8.4601    69    68     5.8012
   70  7.7784e+10     8.5289    70    69     5.8807
   71  7.5509e+10     8.5906    71    70     5.9602
   72  7.4245e+10     8.6258    72    71     6.0398
   73  7.3408e+10     8.6496    73    72     6.1193
   74  7.2890e+10     8.6644    74    73     6.1988
   75  6.6150e+10     8.8697    75    74     6.2783
   76  5.5191e+10     9.2623    76    75     6.3579
   77  5.2904e+10     9.3558    77    76     6.4374
   78  5.2486e+10     9.3734    78    77     6.5169
   79  5.1008e+10     9.4369    79    78     6.5964
   80  5.0490e+10     9.4598    80    79     6.6759
   81  2.8775e+10    10.7777    81    80     6.7554
   82  2.8292e+10    10.8193    82    81     6.8349
   83  2.6220e+10    11.0077    83    82     6.9143
   84  2.5693e+10    11.0584    84    83     6.9938
   85  2.5619e+10    11.0657    85    84     7.0733
   86  2.5456e+10    11.0816    86    85     7.1528
   87  2.3084e+10    11.3286    87    86     7.2323
   88  2.2791e+10    11.3611    88    87     7.3117
   89  2.2680e+10    11.3735    89    88     7.3912
   90  2.0301e+10    11.6588    90    89     7.4707
   91  1.8372e+10    11.9202    91    90     7.5502
   92  1.8122e+10    11.9564    92    91     7.6296
   93  1.8031e+10    11.9698    93    92     7.7091
   94  1.7653e+10    12.0259    94    93     7.7885
   95  1.7139e+10    12.1046    95    94     7.8680
   96  1.3223e+10    12.8110    96    95     7.9475
   97  1.1612e+10    13.1756    97    96     8.0269
   98  1.1354e+10    13.2394    98    97     8.1064
   99  1.1074e+10    13.3107    99    98     8.1858
  100  1.1009e+10    13.3273   100    99     8.2653
