#indx Mass S step-number desc_indx 
    0  3.1600e+12     3.0343     0    -1     0.0134
    1  2.9154e+12     3.1135     1     0     0.1326
    2  2.8959e+12     3.1202     2     1     0.2441
    3  2.8685e+12     3.1296     3     2     0.3500
    4  2.8621e+12     3.1319     4     3     0.4519
    5  2.7147e+12     3.1849     5     4     0.5506
    6  2.6849e+12     3.1961     6     5     0.6467
    7  2.6420e+12     3.2124     7     6     0.7407
    8  2.6265e+12     3.2184     8     7     0.8330
    9  2.5321e+12     3.2558     9     8     0.9238
   10  2.5148e+12     3.2628    10     9     1.0134
   11  2.4559e+12     3.2873    11    10     1.1018
   12  1.4985e+12     3.8280    12    11     1.1894
   13  1.4759e+12     3.8455    13    12     1.2761
   14  1.4398e+12     3.8744    14    13     1.3621
   15  1.4322e+12     3.8805    15    14     1.4474
   16  1.4279e+12     3.8841    16    15     1.5322
   17  1.4013e+12     3.9061    17    16     1.6165
   18  1.3883e+12     3.9171    18    17     1.7003
   19  1.2935e+12     4.0009    19    18     1.7838
   20  1.2472e+12     4.0446    20    19     1.8669
   21  1.2222e+12     4.0691    21    20     1.9496
   22  1.1482e+12     4.1452    22    21     2.0321
   23  9.1021e+11     4.4373    23    22     2.1143
   24  8.9784e+11     4.4550    24    23     2.1963
   25  8.3419e+11     4.5508    25    24     2.2781
   26  8.3130e+11     4.5554    26    25     2.3597
   27  8.1812e+11     4.5764    27    26     2.4411
   28  8.0132e+11     4.6038    28    27     2.5223
   29  7.8940e+11     4.6237    29    28     2.6034
   30  7.8444e+11     4.6321    30    29     2.6844
   31  7.7669e+11     4.6453    31    30     2.7652
   32  7.4015e+11     4.7099    32    31     2.8459
   33  7.0429e+11     4.7771    33    32     2.9266
   34  6.9975e+11     4.7860    34    33     3.0071
   35  6.1493e+11     4.9645    35    34     3.0876
   36  5.7687e+11     5.0545    36    35     3.1680
   37  5.6114e+11     5.0938    37    36     3.2483
   38  5.5816e+11     5.1014    38    37     3.3285
   39  4.2396e+11     5.5052    39    38     3.4087
   40  4.1319e+11     5.5442    40    39     3.4889
   41  4.0858e+11     5.5612    41    40     3.5689
   42  3.9425e+11     5.6157    42    41     3.6490
   43  3.8917e+11     5.6356    43    42     3.7290
   44  3.8837e+11     5.6388    44    43     3.8089
   45  3.7938e+11     5.6748    45    44     3.8889
   46  3.6527e+11     5.7336    46    45     3.9688
   47  3.6260e+11     5.7450    47    46     4.0486
   48  3.3618e+11     5.8637    48    47     4.1285
   49  3.3369e+11     5.8755    49    48     4.2083
   50  3.3364e+11     5.8757    50    49     4.2881
   51  3.2193e+11     5.9325    51    50     4.3678
   52  3.1685e+11     5.9578    52    51     4.4476
   53  1.2291e+11     7.6175    53    52     4.5273
   54  1.2288e+11     7.6180    54    53     4.6070
   55  1.2228e+11     7.6273    55    54     4.6867
   56  1.2019e+11     7.6603    56    55     4.7664
   57  1.1997e+11     7.6639    57    56     4.8460
   58  1.1951e+11     7.6712    58    57     4.9257
   59  1.1796e+11     7.6963    59    58     5.0053
   60  1.1711e+11     7.7102    60    59     5.0849
   61  1.1680e+11     7.7154    61    60     5.1646
   62  1.1557e+11     7.7358    62    61     5.2442
   63  1.1411e+11     7.7605    63    62     5.3238
   64  1.1237e+11     7.7901    64    63     5.4033
   65  1.1041e+11     7.8245    65    64     5.4829
   66  1.1022e+11     7.8277    66    65     5.5625
   67  1.0853e+11     7.8580    67    66     5.6421
   68  1.0514e+11     7.9202    68    67     5.7216
   69  9.3888e+10     8.1450    69    68     5.8012
   70  9.3052e+10     8.1629    70    69     5.8807
   71  8.5620e+10     8.3315    71    70     5.9602
   72  8.5120e+10     8.3434    72    71     6.0398
   73  6.3585e+10     8.9544    73    72     6.1193
   74  5.9544e+10     9.0962    74    73     6.1988
   75  5.9143e+10     9.1109    75    74     6.2783
   76  5.8837e+10     9.1222    76    75     6.3579
   77  5.4724e+10     9.2810    77    76     6.4374
   78  4.7561e+10     9.5940    78    77     6.5169
   79  4.6627e+10     9.6389    79    78     6.5964
   80  4.5729e+10     9.6830    80    79     6.6759
   81  4.1469e+10     9.9071    81    80     6.7554
   82  3.8980e+10    10.0509    82    81     6.8349
   83  3.8895e+10    10.0560    83    82     6.9143
   84  3.6967e+10    10.1752    84    83     6.9938
   85  3.5850e+10    10.2477    85    84     7.0733
   86  3.5503e+10    10.2707    86    85     7.1528
   87  3.5294e+10    10.2847    87    86     7.2323
   88  3.5168e+10    10.2933    88    87     7.3117
   89  3.4465e+10    10.3412    89    88     7.3912
   90  3.4364e+10    10.3483    90    89     7.4707
   91  3.2925e+10    10.4506    91    90     7.5502
   92  3.2708e+10    10.4665    92    91     7.6296
   93  3.1548e+10    10.5535    93    92     7.7091
   94  2.9916e+10    10.6826    94    93     7.7885
   95  2.8938e+10    10.7639    95    94     7.8680
   96  2.8637e+10    10.7895    96    95     7.9475
   97  2.8287e+10    10.8198    97    96     8.0269
   98  2.8191e+10    10.8281    98    97     8.1064
   99  2.7460e+10    10.8930    99    98     8.1858
  100  2.6811e+10    10.9523   100    99     8.2653
