#indx Mass S step-number desc_indx 
    0  3.1600e+12     3.0343     0    -1     0.0134
    1  3.1125e+12     3.0490     1     0     0.1326
    2  3.0730e+12     3.0615     2     1     0.2441
    3  2.9722e+12     3.0944     3     2     0.3500
    4  2.9502e+12     3.1017     4     3     0.4519
    5  2.9040e+12     3.1174     5     4     0.5506
    6  2.6185e+12     3.2215     6     5     0.6467
    7  1.7120e+12     3.6762     7     6     0.7407
    8  1.6112e+12     3.7447     8     7     0.8330
    9  1.5501e+12     3.7889     9     8     0.9238
   10  1.5273e+12     3.8060    10     9     1.0134
   11  1.4343e+12     3.8789    11    10     1.1018
   12  1.4088e+12     3.8998    12    11     1.1894
   13  1.3924e+12     3.9136    13    12     1.2761
   14  1.3644e+12     3.9376    14    13     1.3621
   15  1.3290e+12     3.9687    15    14     1.4474
   16  1.2932e+12     4.0012    16    15     1.5322
   17  1.1247e+12     4.1706    17    16     1.6165
   18  1.0791e+12     4.2219    18    17     1.7003
   19  1.0483e+12     4.2579    19    18     1.7838
   20  1.0342e+12     4.2749    20    19     1.8669
   21  7.9948e+11     4.6069    21    20     1.9496
   22  7.0185e+11     4.7819    22    21     2.0321
   23  6.8647e+11     4.8121    23    22     2.1143
   24  5.5912e+11     5.0989    24    23     2.1963
   25  5.5789e+11     5.1021    25    24     2.2781
   26  5.4837e+11     5.1267    26    25     2.3597
   27  5.3708e+11     5.1566    27    26     2.4411
   28  5.3410e+11     5.1646    28    27     2.5223
   29  5.2327e+11     5.1942    29    28     2.6034
   30  5.0990e+11     5.2317    30    29     2.6844
   31  5.0459e+11     5.2470    31    30     2.7652
   32  4.5800e+11     5.3896    32    31     2.8459
   33  4.5438e+11     5.4014    33    32     2.9266
   34  4.1556e+11     5.5355    34    33     3.0071
   35  3.6435e+11     5.7375    35    34     3.0876
   36  3.6298e+11     5.7434    36    35     3.1680
   37  3.6170e+11     5.7488    37    36     3.2483
   38  3.5191e+11     5.7917    38    37     3.3285
   39  3.4251e+11     5.8342    39    38     3.4087
   40  3.4083e+11     5.8420    40    39     3.4889
   41  3.2750e+11     5.9051    41    40     3.5689
   42  3.2110e+11     5.9365    42    41     3.6490
   43  2.3469e+11     6.4520    43    42     3.7290
   44  2.3235e+11     6.4691    44    43     3.8089
   45  2.3230e+11     6.4695    45    44     3.8889
   46  2.1791e+11     6.5786    46    45     3.9688
   47  1.8370e+11     6.8770    47    46     4.0486
   48  1.7941e+11     6.9190    48    47     4.1285
   49  1.7824e+11     6.9307    49    48     4.2083
   50  1.2832e+11     7.5355    50    49     4.2881
   51  1.2800e+11     7.5401    51    50     4.3678
   52  1.2768e+11     7.5449    52    51     4.4476
   53  1.1446e+11     7.7544    53    52     4.5273
   54  1.1353e+11     7.7703    54    53     4.6070
   55  1.1177e+11     7.8006    55    54     4.6867
   56  1.0515e+11     7.9201    56    55     4.7664
   57  9.9725e+10     8.0246    57    56     4.8460
   58  9.5708e+10     8.1065    58    57     4.9257
   59  9.4635e+10     8.1291    59    58     5.0053
   60  9.3911e+10     8.1445    60    59     5.0849
   61  8.2213e+10     8.4146    61    60     5.1646
   62  7.8728e+10     8.5039    62    61     5.2442
   63  7.5565e+10     8.5891    63    62     5.3238
   64  7.4237e+10     8.6261    64    63     5.4033
   65  5.0068e+10     9.4785    65    64     5.4829
   66  4.7310e+10     9.6060    66    65     5.5625
   67  4.7216e+10     9.6104    67    66     5.6421
   68  3.9504e+10    10.0197    68    67     5.7216
   69  3.4090e+10    10.3674    69    68     5.8012
   70  3.2913e+10    10.4515    70    69     5.8807
   71  2.9799e+10    10.6921    71    70     5.9602
   72  2.7915e+10    10.8524    72    71     6.0398
   73  2.6597e+10    10.9722    73    72     6.1193
   74  2.6558e+10    10.9758    74    73     6.1988
   75  2.2632e+10    11.3790    75    74     6.2783
   76  1.8027e+10    11.9704    76    75     6.3579
   77  1.7651e+10    12.0262    77    76     6.4374
   78  1.7265e+10    12.0850    78    77     6.5169
   79  1.6811e+10    12.1563    79    78     6.5964
   80  1.6024e+10    12.2851    80    79     6.6759
   81  1.5688e+10    12.3423    81    80     6.7554
   82  1.5680e+10    12.3435    82    81     6.8349
   83  1.5668e+10    12.3458    83    82     6.9143
   84  1.5549e+10    12.3663    84    83     6.9938
   85  1.5384e+10    12.3952    85    84     7.0733
   86  1.4973e+10    12.4688    86    85     7.1528
   87  1.4655e+10    12.5275    87    86     7.2323
   88  1.4612e+10    12.5355    88    87     7.3117
   89  1.4199e+10    12.6142    89    88     7.3912
   90  1.4186e+10    12.6166    90    89     7.4707
   91  1.3997e+10    12.6536    91    90     7.5502
   92  1.2260e+10    13.0222    92    91     7.6296
   93  1.2234e+10    13.0283    93    92     7.7091
   94  1.2160e+10    13.0452    94    93     7.7885
   95  1.1866e+10    13.1144    95    94     7.8680
   96  1.1777e+10    13.1356    96    95     7.9475
   97  1.1767e+10    13.1381    97    96     8.0269
   98  1.1219e+10    13.2735    98    97     8.1064
   99  1.1170e+10    13.2860    99    98     8.1858
  100  8.3444e+09    14.1364   100    99     8.2653
