#indx Mass S step-number desc_indx 
    0  3.1600e+12     3.0343     0    -1     0.0134
    1  2.9378e+12     3.1059     1     0     0.1326
    2  2.8906e+12     3.1220     2     1     0.2441
    3  1.8901e+12     3.5663     3     2     0.3500
    4  1.8715e+12     3.5772     4     3     0.4519
    5  1.8445e+12     3.5932     5     4     0.5506
    6  1.8268e+12     3.6038     6     5     0.6467
    7  1.4393e+12     3.8748     7     6     0.7407
    8  1.3897e+12     3.9158     8     7     0.8330
    9  1.3836e+12     3.9211     9     8     0.9238
   10  1.1890e+12     4.1025    10     9     1.0134
   11  1.1701e+12     4.1220    11    10     1.1018
   12  1.1669e+12     4.1253    12    11     1.1894
   13  1.1106e+12     4.1862    13    12     1.2761
   14  1.0859e+12     4.2141    14    13     1.3621
   15  9.2547e+11     4.4159    15    14     1.4474
   16  7.6664e+11     4.6627    16    15     1.5322
   17  7.4395e+11     4.7030    17    16     1.6165
   18  6.5640e+11     4.8737    18    17     1.7003
   19  6.5376e+11     4.8793    19    18     1.7838
   20  6.4148e+11     4.9055    20    19     1.8669
   21  6.3049e+11     4.9295    21    20     1.9496
   22  6.2286e+11     4.9465    22    21     2.0321
   23  6.1770e+11     4.9582    23    22     2.1143
   24  5.9310e+11     5.0152    24    23     2.1963
   25  5.4677e+11     5.1309    25    24     2.2781
   26  5.2237e+11     5.1967    26    25     2.3597
   27  5.0627e+11     5.2421    27    26     2.4411
   28  4.5531e+11     5.3983    28    27     2.5223
   29  4.5434e+11     5.4015    29    28     2.6034
   30  4.4639e+11     5.4278    30    29     2.6844
   31  4.2161e+11     5.5136    31    30     2.7652
   32  2.6665e+11     6.2384    32    31     2.8459
   33  1.9293e+11     6.7904    33    32     2.9266
   34  1.5644e+11     7.1664    34    33     3.0071
   35  1.4926e+11     7.2527    35    34     3.0876
   36  1.4622e+11     7.2907    36    35     3.1680
   37  1.4490e+11     7.3075    37    36     3.2483
   38  1.4414e+11     7.3172    38    37     3.3285
   39  8.9003e+10     8.2527    39    38     3.4087
   40  8.8924e+10     8.2545    40    39     3.4889
   41  8.8198e+10     8.2711    41    40     3.5689
   42  8.1237e+10     8.4391    42    41     3.6490
   43  8.0020e+10     8.4702    43    42     3.7290
   44  5.7264e+10     9.1814    44    43     3.8089
   45  5.6827e+10     9.1982    45    44     3.8889
   46  5.6804e+10     9.1990    46    45     3.9688
   47  5.6545e+10     9.2090    47    46     4.0486
   48  5.6208e+10     9.2222    48    47     4.1285
   49  5.1752e+10     9.4047    49    48     4.2083
   50  5.0826e+10     9.4449    50    49     4.2881
   51  5.0082e+10     9.4779    51    50     4.3678
   52  4.9644e+10     9.4976    52    51     4.4476
   53  4.5103e+10     9.7144    53    52     4.5273
   54  4.4928e+10     9.7232    54    53     4.6070
   55  4.4604e+10     9.7398    55    54     4.6867
   56  4.4359e+10     9.7523    56    55     4.7664
   57  4.4114e+10     9.7650    57    56     4.8460
   58  4.2457e+10     9.8528    58    57     4.9257
   59  4.2288e+10     9.8620    59    58     5.0053
   60  4.2274e+10     9.8628    60    59     5.0849
   61  2.5220e+10    11.1050    61    60     5.1646
   62  2.4512e+10    11.1765    62    61     5.2442
   63  2.4362e+10    11.1920    63    62     5.3238
   64  2.4090e+10    11.2204    64    63     5.4033
   65  2.3551e+10    11.2777    65    64     5.4829
   66  2.3508e+10    11.2823    66    65     5.5625
   67  2.2786e+10    11.3616    67    66     5.6421
   68  2.2710e+10    11.3702    68    67     5.7216
   69  2.1789e+10    11.4761    69    68     5.8012
   70  2.1782e+10    11.4770    70    69     5.8807
   71  2.1771e+10    11.4783    71    70     5.9602
   72  2.1242e+10    11.5415    72    71     6.0398
   73  2.1151e+10    11.5526    73    72     6.1193
   74  2.0919e+10    11.5811    74    73     6.1988
   75  2.0798e+10    11.5961    75    74     6.2783
   76  2.0739e+10    11.6035    76    75     6.3579
   77  2.0659e+10    11.6135    77    76     6.4374
   78  2.0529e+10    11.6298    78    77     6.5169
   79  2.0493e+10    11.6344    79    78     6.5964
   80  1.8394e+10    11.9171    80    79     6.6759
   81  1.8357e+10    11.9223    81    80     6.7554
   82  1.8318e+10    11.9280    82    81     6.8349
   83  1.7999e+10    11.9744    83    82     6.9143
   84  1.7500e+10    12.0491    84    83     6.9938
   85  1.7462e+10    12.0549    85    84     7.0733
   86  1.7267e+10    12.0847    86    85     7.1528
   87  1.7231e+10    12.0902    87    86     7.2323
   88  1.7205e+10    12.0944    88    87     7.3117
   89  1.7178e+10    12.0985    89    88     7.3912
   90  1.7123e+10    12.1070    90    89     7.4707
   91  1.6664e+10    12.1796    91    90     7.5502
   92  1.4998e+10    12.4644    92    91     7.6296
   93  1.4838e+10    12.4936    93    92     7.7091
   94  1.4822e+10    12.4966    94    93     7.7885
   95  1.4323e+10    12.5903    95    94     7.8680
   96  1.4287e+10    12.5972    96    95     7.9475
   97  1.4046e+10    12.6440    97    96     8.0269
   98  1.4004e+10    12.6522    98    97     8.1064
   99  1.3730e+10    12.7066    99    98     8.1858
  100  1.3539e+10    12.7454   100    99     8.2653
