#indx Mass S step-number desc_indx 
    0  3.1600e+12     3.0343     0    -1     0.0134
    1  3.0969e+12     3.0539     1     0     0.1326
    2  2.7433e+12     3.1743     2     1     0.2441
    3  2.6357e+12     3.2148     3     2     0.3500
    4  2.5772e+12     3.2377     4     3     0.4519
    5  2.5147e+12     3.2629     5     4     0.5506
    6  1.8546e+12     3.5871     6     5     0.6467
    7  1.7632e+12     3.6432     7     6     0.7407
    8  1.6656e+12     3.7071     8     7     0.8330
    9  1.6410e+12     3.7239     9     8     0.9238
   10  1.6275e+12     3.7333    10     9     1.0134
   11  1.4696e+12     3.8505    11    10     1.1018
   12  1.4628e+12     3.8559    12    11     1.1894
   13  1.3366e+12     3.9619    13    12     1.2761
   14  1.2875e+12     4.0065    14    13     1.3621
   15  9.8070e+11     4.3419    15    14     1.4474
   16  8.1701e+11     4.5782    16    15     1.5322
   17  8.1499e+11     4.5815    17    16     1.6165
   18  7.3645e+11     4.7167    18    17     1.7003
   19  5.9416e+11     5.0127    19    18     1.7838
   20  5.4175e+11     5.1441    20    19     1.8669
   21  5.3073e+11     5.1737    21    20     1.9496
   22  4.7178e+11     5.3456    22    21     2.0321
   23  4.5178e+11     5.4099    23    22     2.1143
   24  4.5086e+11     5.4130    24    23     2.1963
   25  4.4726e+11     5.4249    25    24     2.2781
   26  4.4216e+11     5.4421    26    25     2.3597
   27  4.3689e+11     5.4600    27    26     2.4411
   28  4.1325e+11     5.5440    28    27     2.5223
   29  3.9757e+11     5.6029    29    28     2.6034
   30  3.9454e+11     5.6146    30    29     2.6844
   31  3.8562e+11     5.6497    31    30     2.7652
   32  3.5037e+11     5.7986    32    31     2.8459
   33  3.4681e+11     5.8146    33    32     2.9266
   34  2.4851e+11     6.3557    34    33     3.0071
   35  2.2133e+11     6.5519    35    34     3.0876
   36  2.1403e+11     6.6096    36    35     3.1680
   37  2.1185e+11     6.6273    37    36     3.2483
   38  2.1146e+11     6.6305    38    37     3.3285
   39  2.0967e+11     6.6451    39    38     3.4087
   40  1.8979e+11     6.8193    40    39     3.4889
   41  1.8668e+11     6.8485    41    40     3.5689
   42  9.3676e+10     8.1495    42    41     3.6490
   43  9.2720e+10     8.1701    43    42     3.7290
   44  9.1484e+10     8.1972    44    43     3.8089
   45  9.0630e+10     8.2161    45    44     3.8889
   46  8.9740e+10     8.2360    46    45     3.9688
   47  8.9674e+10     8.2375    47    46     4.0486
   48  8.8527e+10     8.2636    48    47     4.1285
   49  5.8730e+10     9.1262    49    48     4.2083
   50  5.1922e+10     9.3974    50    49     4.2881
   51  4.5159e+10     9.7115    51    50     4.3678
   52  4.4540e+10     9.7430    52    51     4.4476
   53  4.4191e+10     9.7610    53    52     4.5273
   54  4.4092e+10     9.7661    54    53     4.6070
   55  4.2952e+10     9.8262    55    54     4.6867
   56  4.1881e+10     9.8843    56    55     4.7664
   57  4.0218e+10     9.9781    57    56     4.8460
   58  3.9298e+10    10.0319    58    57     4.9257
   59  3.8551e+10    10.0767    59    58     5.0053
   60  3.7106e+10    10.1664    60    59     5.0849
   61  3.6569e+10    10.2008    61    60     5.1646
   62  3.6274e+10    10.2199    62    61     5.2442
   63  3.5885e+10    10.2454    63    62     5.3238
   64  3.4967e+10    10.3069    64    63     5.4033
   65  3.3446e+10    10.4130    65    64     5.4829
   66  3.2346e+10    10.4933    66    65     5.5625
   67  3.1383e+10    10.5662    67    66     5.6421
   68  3.1290e+10    10.5734    68    67     5.7216
   69  3.0972e+10    10.5982    69    68     5.8012
   70  3.0091e+10    10.6684    70    69     5.8807
   71  2.6872e+10    10.9467    71    70     5.9602
   72  1.8207e+10    11.9441    72    71     6.0398
   73  1.6996e+10    12.1269    73    72     6.1193
   74  1.6317e+10    12.2363    74    73     6.1988
   75  1.4440e+10    12.5679    75    74     6.2783
   76  1.3862e+10    12.6802    76    75     6.3579
   77  1.3704e+10    12.7119    77    76     6.4374
   78  1.3581e+10    12.7369    78    77     6.5169
   79  1.3270e+10    12.8012    79    78     6.5964
   80  1.3255e+10    12.8042    80    79     6.6759
   81  1.2751e+10    12.9122    81    80     6.7554
   82  1.2666e+10    12.9310    82    81     6.8349
   83  1.2330e+10    13.0064    83    82     6.9143
   84  1.2294e+10    13.0145    84    83     6.9938
   85  1.2265e+10    13.0211    85    84     7.0733
   86  1.0963e+10    13.3395    86    85     7.1528
   87  1.0903e+10    13.3550    87    86     7.2323
   88  1.0513e+10    13.4595    88    87     7.3117
   89  9.5773e+09    13.7299    89    88     7.3912
   90  7.3679e+09    14.5109    90    89     7.4707
   91  7.3453e+09    14.5203    91    90     7.5502
   92  7.1356e+09    14.6085    92    91     7.6296
   93  7.1195e+09    14.6154    93    92     7.7091
   94  7.0037e+09    14.6654    94    93     7.7885
   95  6.9164e+09    14.7039    95    94     7.8680
   96  6.5898e+09    14.8527    96    95     7.9475
   97  6.5370e+09    14.8776    97    96     8.0269
   98  6.5227e+09    14.8843    98    97     8.1064
   99  6.4138e+09    14.9365    99    98     8.1858
  100  6.3344e+09    14.9751   100    99     8.2653
