#indx Mass S step-number desc_indx 
    0  3.1600e+12     3.0343     0    -1     0.0134
    1  3.0967e+12     3.0540     1     0     0.1326
    2  3.0699e+12     3.0625     2     1     0.2441
    3  2.6205e+12     3.2207     3     2     0.3500
    4  1.4987e+12     3.8278     4     3     0.4519
    5  1.4775e+12     3.8443     5     4     0.5506
    6  1.4748e+12     3.8464     6     5     0.6467
    7  1.4629e+12     3.8558     7     6     0.7407
    8  1.4447e+12     3.8704     8     7     0.8330
    9  1.4040e+12     3.9039     9     8     0.9238
   10  1.0364e+12     4.2722    10     9     1.0134
   11  1.0326e+12     4.2769    11    10     1.1018
   12  9.9982e+11     4.3175    12    11     1.1894
   13  9.6915e+11     4.3570    13    12     1.2761
   14  8.5689e+11     4.5157    14    13     1.3621
   15  8.4041e+11     4.5411    15    14     1.4474
   16  8.0306e+11     4.6010    16    15     1.5322
   17  7.9651e+11     4.6118    17    16     1.6165
   18  6.7799e+11     4.8291    18    17     1.7003
   19  6.7305e+11     4.8392    19    18     1.7838
   20  6.7016e+11     4.8451    20    19     1.8669
   21  6.6659e+11     4.8525    21    20     1.9496
   22  4.2605e+11     5.4978    22    21     2.0321
   23  4.2207e+11     5.5120    23    22     2.1143
   24  4.1857e+11     5.5246    24    23     2.1963
   25  4.1279e+11     5.5457    25    24     2.2781
   26  4.1251e+11     5.5467    26    25     2.3597
   27  3.4555e+11     5.8204    27    26     2.4411
   28  3.2658e+11     5.9096    28    27     2.5223
   29  3.2484e+11     5.9181    29    28     2.6034
   30  2.8331e+11     6.1387    30    29     2.6844
   31  2.7758e+11     6.1722    31    30     2.7652
   32  2.3232e+11     6.4693    32    31     2.8459
   33  2.3167e+11     6.4740    33    32     2.9266
   34  1.8016e+11     6.9115    34    33     3.0071
   35  1.6944e+11     7.0215    35    34     3.0876
   36  1.4717e+11     7.2788    36    35     3.1680
   37  1.4624e+11     7.2904    37    36     3.2483
   38  1.4129e+11     7.3544    38    37     3.3285
   39  1.4017e+11     7.3692    39    38     3.4087
   40  1.3968e+11     7.3758    40    39     3.4889
   41  1.3852e+11     7.3913    41    40     3.5689
   42  1.2079e+11     7.6507    42    41     3.6490
   43  1.1816e+11     7.6930    43    42     3.7290
   44  1.1653e+11     7.7199    44    43     3.8089
   45  1.1485e+11     7.7479    45    44     3.8889
   46  1.0260e+11     7.9683    46    45     3.9688
   47  7.8343e+10     8.5140    47    46     4.0486
   48  7.4052e+10     8.6313    48    47     4.1285
   49  6.8904e+10     8.7830    49    48     4.2083
   50  6.8744e+10     8.7879    50    49     4.2881
   51  4.9460e+10     9.5059    51    50     4.3678
   52  4.7713e+10     9.5868    52    51     4.4476
   53  4.6221e+10     9.6587    53    52     4.5273
   54  4.6190e+10     9.6602    54    53     4.6070
   55  3.3807e+10    10.3872    55    54     4.6867
   56  3.3475e+10    10.4109    56    55     4.7664
   57  2.9769e+10    10.6946    57    56     4.8460
   58  2.8592e+10    10.7934    58    57     4.9257
   59  2.7892e+10    10.8545    59    58     5.0053
   60  2.7011e+10    10.9338    60    59     5.0849
   61  1.4336e+10    12.5877    61    60     5.1646
   62  1.4324e+10    12.5902    62    61     5.2442
   63  1.4022e+10    12.6487    63    62     5.3238
   64  8.2320e+09    14.1769    64    63     5.4033
   65  8.1482e+09    14.2075    65    64     5.4829
   66  8.1453e+09    14.2086    66    65     5.5625
   67  8.1353e+09    14.2122    67    66     5.6421
   68  7.9219e+09    14.2919    68    67     5.7216
   69  6.8759e+09    14.7219    69    68     5.8012
   70  6.8697e+09    14.7247    70    69     5.8807
   71  5.5499e+09    15.3898    71    70     5.9602
   72  5.3123e+09    15.5288    72    71     6.0398
   73  5.1524e+09    15.6264    73    72     6.1193
   74  4.6834e+09    15.9341    74    73     6.1988
   75  4.6757e+09    15.9394    75    74     6.2783
   76  4.6381e+09    15.9657    76    75     6.3579
   77  3.8473e+09    16.5815    77    76     6.4374
   78  3.7886e+09    16.6329    78    77     6.5169
   79  3.6661e+09    16.7431    79    78     6.5964
   80  3.5554e+09    16.8464    80    79     6.6759
   81  2.3147e+09    18.3403    81    80     6.7554
   82  2.3039e+09    18.3571    82    81     6.8349
   83  2.1736e+09    18.5669    83    82     6.9143
   84  1.8772e+09    19.1025    84    83     6.9938
   85  1.8701e+09    19.1164    85    84     7.0733
   86  1.8607e+09    19.1349    86    85     7.1528
   87  1.8466e+09    19.1632    87    86     7.2323
   88  1.8451e+09    19.1662    88    87     7.3117
   89  1.8193e+09    19.2183    89    88     7.3912
   90  1.8177e+09    19.2216    90    89     7.4707
   91  1.6504e+09    19.5818    91    90     7.5502
   92  1.6204e+09    19.6509    92    91     7.6296
   93  1.5950e+09    19.7102    93    92     7.7091
   94  1.2834e+09    20.5422    94    93     7.7885
   95  1.2834e+09    20.5424    95    94     7.8680
   96  1.2804e+09    20.5513    96    95     7.9475
   97  1.2706e+09    20.5812    97    96     8.0269
   98  1.2464e+09    20.6561    98    97     8.1064
   99  1.2420e+09    20.6699    99    98     8.1858
  100  1.0904e+09    21.1819   100    99     8.2653
