#indx Mass S step-number desc_indx 
    0  3.1600e+12     3.0343     0    -1     0.0134
    1  1.0068e+12     4.3086     1     0     0.1326
    2  9.6782e+11     4.3587     2     1     0.2441
    3  9.6076e+11     4.3680     3     2     0.3500
    4  9.4926e+11     4.3834     4     3     0.4519
    5  9.4492e+11     4.3893     5     4     0.5506
    6  8.8405e+11     4.4750     6     5     0.6467
    7  8.5633e+11     4.5165     7     6     0.7407
    8  7.5267e+11     4.6874     8     7     0.8330
    9  7.2571e+11     4.7365     9     8     0.9238
   10  7.1230e+11     4.7618    10     9     1.0134
   11  7.0143e+11     4.7827    11    10     1.1018
   12  6.9903e+11     4.7874    12    11     1.1894
   13  6.8520e+11     4.8147    13    12     1.2761
   14  6.1638e+11     4.9612    14    13     1.3621
   15  5.6031e+11     5.0959    15    14     1.4474
   16  5.0012e+11     5.2599    16    15     1.5322
   17  4.9721e+11     5.2685    17    16     1.6165
   18  4.9568e+11     5.2730    18    17     1.7003
   19  4.8322e+11     5.3103    19    18     1.7838
   20  4.6505e+11     5.3669    20    19     1.8669
   21  4.4786e+11     5.4229    21    20     1.9496
   22  4.4641e+11     5.4278    22    21     2.0321
   23  3.5288e+11     5.7874    23    22     2.1143
   24  3.4175e+11     5.8378    24    23     2.1963
   25  3.3839e+11     5.8533    25    24     2.2781
   26  3.3783e+11     5.8560    26    25     2.3597
   27  2.9902e+11     6.0510    27    26     2.4411
   28  2.9793e+11     6.0569    28    27     2.5223
   29  2.8769e+11     6.1137    29    28     2.6034
   30  2.7139e+11     6.2093    30    29     2.6844
   31  2.6767e+11     6.2320    31    30     2.7652
   32  2.5273e+11     6.3275    32    31     2.8459
   33  2.5175e+11     6.3339    33    32     2.9266
   34  2.4547e+11     6.3763    34    33     3.0071
   35  2.4212e+11     6.3994    35    34     3.0876
   36  2.3173e+11     6.4736    36    35     3.1680
   37  2.2270e+11     6.5413    37    36     3.2483
   38  2.1121e+11     6.6325    38    37     3.3285
   39  2.0859e+11     6.6541    39    38     3.4087
   40  2.0782e+11     6.6605    40    39     3.4889
   41  2.0264e+11     6.7044    41    40     3.5689
   42  1.9492e+11     6.7723    42    41     3.6490
   43  1.8156e+11     6.8978    43    42     3.7290
   44  1.8084e+11     6.9049    44    43     3.8089
   45  1.8026e+11     6.9105    45    44     3.8889
   46  1.7553e+11     6.9580    46    45     3.9688
   47  1.7419e+11     6.9717    47    46     4.0486
   48  1.6558e+11     7.0630    48    47     4.1285
   49  1.6120e+11     7.1117    49    48     4.2083
   50  1.2277e+11     7.6196    50    49     4.2881
   51  1.2160e+11     7.6379    51    50     4.3678
   52  1.1978e+11     7.6668    52    51     4.4476
   53  1.0664e+11     7.8923    53    52     4.5273
   54  1.0640e+11     7.8967    54    53     4.6070
   55  1.0387e+11     7.9441    55    54     4.6867
   56  1.0272e+11     7.9661    56    55     4.7664
   57  1.0174e+11     7.9851    57    56     4.8460
   58  9.5047e+10     8.1204    58    57     4.9257
   59  8.6378e+10     8.3135    59    58     5.0053
   60  8.4598e+10     8.3560    60    59     5.0849
   61  8.4172e+10     8.3663    61    60     5.1646
   62  6.5552e+10     8.8891    62    61     5.2442
   63  6.4417e+10     8.9265    63    62     5.3238
   64  6.0627e+10     9.0571    64    63     5.4033
   65  6.0132e+10     9.0749    65    64     5.4829
   66  5.9944e+10     9.0817    66    65     5.5625
   67  5.5875e+10     9.2352    67    66     5.6421
   68  5.4681e+10     9.2828    68    67     5.7216
   69  5.4676e+10     9.2830    69    68     5.8012
   70  5.3957e+10     9.3122    70    69     5.8807
   71  5.2477e+10     9.3738    71    70     5.9602
   72  4.2250e+10     9.8640    72    71     6.0398
   73  3.5690e+10    10.2583    73    72     6.1193
   74  3.5243e+10    10.2882    74    73     6.1988
   75  3.4986e+10    10.3056    75    74     6.2783
   76  3.4852e+10    10.3146    76    75     6.3579
   77  3.4793e+10    10.3187    77    76     6.4374
   78  1.0956e+10    13.3411    78    77     6.5169
   79  1.0951e+10    13.3424    79    78     6.5964
   80  1.0951e+10    13.3425    80    79     6.6759
   81  1.0670e+10    13.4171    81    80     6.7554
   82  1.0667e+10    13.4178    82    81     6.8349
   83  1.0660e+10    13.4198    83    82     6.9143
   84  1.0554e+10    13.4484    84    83     6.9938
   85  8.3768e+09    14.1249    85    84     7.0733
   86  8.3285e+09    14.1421    86    85     7.1528
   87  8.3134e+09    14.1475    87    86     7.2323
   88  7.4913e+09    14.4605    88    87     7.3117
   89  7.4803e+09    14.4650    89    88     7.3912
   90  7.4248e+09    14.4876    90    89     7.4707
   91  7.3631e+09    14.5129    91    90     7.5502
   92  7.3082e+09    14.5356    92    91     7.6296
   93  7.1251e+09    14.6129    93    92     7.7091
   94  7.1112e+09    14.6189    94    93     7.7885
   95  7.1060e+09    14.6211    95    94     7.8680
   96  6.9898e+09    14.6715    96    95     7.9475
   97  6.9271e+09    14.6991    97    96     8.0269
   98  6.8645e+09    14.7270    98    97     8.1064
   99  6.8628e+09    14.7277    99    98     8.1858
  100  6.8358e+09    14.7398   100    99     8.2653
