#indx Mass S step-number desc_indx 
    0  3.1600e+12     3.0343     0    -1     0.0134
    1  3.0616e+12     3.0652     1     0     0.1326
    2  2.9484e+12     3.1023     2     1     0.2441
    3  2.7767e+12     3.1622     3     2     0.3500
    4  2.7301e+12     3.1792     4     3     0.4519
    5  2.2703e+12     3.3692     5     4     0.5506
    6  2.0454e+12     3.4804     6     5     0.6467
    7  1.9461e+12     3.5343     7     6     0.7407
    8  1.9424e+12     3.5364     8     7     0.8330
    9  1.9401e+12     3.5377     9     8     0.9238
   10  1.5193e+12     3.8120    10     9     1.0134
   11  1.3262e+12     3.9712    11    10     1.1018
   12  1.3183e+12     3.9783    12    11     1.1894
   13  1.1920e+12     4.0994    13    12     1.2761
   14  1.1657e+12     4.1267    14    13     1.3621
   15  1.1445e+12     4.1492    15    14     1.4474
   16  1.1364e+12     4.1578    16    15     1.5322
   17  8.7240e+11     4.4923    17    16     1.6165
   18  7.9846e+11     4.6086    18    17     1.7003
   19  7.5009e+11     4.6920    19    18     1.7838
   20  7.4139e+11     4.7077    20    19     1.8669
   21  7.3021e+11     4.7281    21    20     1.9496
   22  6.9465e+11     4.7959    22    21     2.0321
   23  6.9283e+11     4.7995    23    22     2.1143
   24  6.8765e+11     4.8098    24    23     2.1963
   25  6.8680e+11     4.8115    25    24     2.2781
   26  6.3637e+11     4.9166    26    25     2.3597
   27  6.0703e+11     4.9826    27    26     2.4411
   28  6.0249e+11     4.9931    28    27     2.5223
   29  5.3973e+11     5.1495    29    28     2.6034
   30  5.0982e+11     5.2320    30    29     2.6844
   31  5.0608e+11     5.2427    31    30     2.7652
   32  5.0422e+11     5.2480    32    31     2.8459
   33  4.9077e+11     5.2875    33    32     2.9266
   34  4.8791e+11     5.2961    34    33     3.0071
   35  4.5653e+11     5.3943    35    34     3.0876
   36  4.4925e+11     5.4183    36    35     3.1680
   37  4.3658e+11     5.4611    37    36     3.2483
   38  4.3529e+11     5.4655    38    37     3.3285
   39  4.3101e+11     5.4804    39    38     3.4087
   40  4.1599e+11     5.5340    40    39     3.4889
   41  4.1089e+11     5.5527    41    40     3.5689
   42  4.0315e+11     5.5816    42    41     3.6490
   43  3.9446e+11     5.6149    43    42     3.7290
   44  3.9277e+11     5.6215    44    43     3.8089
   45  3.9075e+11     5.6294    45    44     3.8889
   46  3.8893e+11     5.6366    46    45     3.9688
   47  3.8259e+11     5.6618    47    46     4.0486
   48  3.7851e+11     5.6784    48    47     4.1285
   49  2.8681e+11     6.1187    49    48     4.2083
   50  2.7326e+11     6.1980    50    49     4.2881
   51  2.6056e+11     6.2766    51    50     4.3678
   52  2.0523e+11     6.6823    52    51     4.4476
   53  1.9504e+11     6.7712    53    52     4.5273
   54  1.9361e+11     6.7842    54    53     4.6070
   55  1.7844e+11     6.9287    55    54     4.6867
   56  1.7106e+11     7.0043    56    55     4.7664
   57  1.7032e+11     7.0121    57    56     4.8460
   58  1.5137e+11     7.2268    58    57     4.9257
   59  1.5074e+11     7.2345    59    58     5.0053
   60  1.4702e+11     7.2806    60    59     5.0849
   61  1.4379e+11     7.3217    61    60     5.1646
   62  7.5612e+10     8.5878    62    61     5.2442
   63  7.4295e+10     8.6244    63    62     5.3238
   64  7.4254e+10     8.6256    64    63     5.4033
   65  7.3908e+10     8.6354    65    64     5.4829
   66  6.4487e+10     8.9241    66    65     5.5625
   67  6.4000e+10     8.9404    67    66     5.6421
   68  5.9291e+10     9.1055    68    67     5.7216
   69  5.7991e+10     9.1538    69    68     5.8012
   70  5.7452e+10     9.1742    70    69     5.8807
   71  5.3597e+10     9.3270    71    70     5.9602
   72  5.2654e+10     9.3663    72    71     6.0398
   73  5.2253e+10     9.3832    73    72     6.1193
   74  5.0899e+10     9.4418    74    73     6.1988
   75  5.0268e+10     9.4696    75    74     6.2783
   76  4.5321e+10     9.7034    76    75     6.3579
   77  3.4903e+10    10.3112    77    76     6.4374
   78  3.3042e+10    10.4421    78    77     6.5169
   79  3.1231e+10    10.5780    79    78     6.5964
   80  1.8407e+10    11.9152    80    79     6.6759
   81  1.8388e+10    11.9179    81    80     6.7554
   82  1.4466e+10    12.5631    82    81     6.8349
   83  1.4411e+10    12.5735    83    82     6.9143
   84  1.4334e+10    12.5881    84    83     6.9938
   85  1.1364e+10    13.2368    85    84     7.0733
   86  1.0954e+10    13.3417    86    85     7.1528
   87  6.4630e+09    14.9128    87    86     7.2323
   88  6.2915e+09    14.9962    88    87     7.3117
   89  6.2902e+09    14.9969    89    88     7.3912
   90  6.2182e+09    15.0327    90    89     7.4707
   91  6.1881e+09    15.0478    91    90     7.5502
   92  6.1684e+09    15.0578    92    91     7.6296
   93  5.9928e+09    15.1480    93    92     7.7091
   94  5.9817e+09    15.1538    94    93     7.7885
   95  5.9791e+09    15.1552    95    94     7.8680
   96  5.9296e+09    15.1812    96    95     7.9475
   97  5.9248e+09    15.1838    97    96     8.0269
   98  5.7456e+09    15.2803    98    97     8.1064
   99  5.7144e+09    15.2975    99    98     8.1858
  100  5.7022e+09    15.3042   100    99     8.2653
