#indx Mass S step-number desc_indx 
    0  3.1600e+12     3.0343     0    -1     0.0134
    1  2.9536e+12     3.1006     1     0     0.1326
    2  2.9457e+12     3.1032     2     1     0.2441
    3  2.9277e+12     3.1093     3     2     0.3500
    4  2.5637e+12     3.2431     4     3     0.4519
    5  2.5492e+12     3.2489     5     4     0.5506
    6  2.2759e+12     3.3666     6     5     0.6467
    7  2.2387e+12     3.3840     7     6     0.7407
    8  2.2218e+12     3.3920     8     7     0.8330
    9  2.1508e+12     3.4265     9     8     0.9238
   10  1.9305e+12     3.5431    10     9     1.0134
   11  1.8502e+12     3.5898    11    10     1.1018
   12  1.5351e+12     3.8001    12    11     1.1894
   13  1.3635e+12     3.9383    13    12     1.2761
   14  1.2401e+12     4.0515    14    13     1.3621
   15  1.1978e+12     4.0936    15    14     1.4474
   16  1.1846e+12     4.1070    16    15     1.5322
   17  1.1708e+12     4.1213    17    16     1.6165
   18  1.1534e+12     4.1396    18    17     1.7003
   19  1.1365e+12     4.1578    19    18     1.7838
   20  1.0850e+12     4.2150    20    19     1.8669
   21  1.0784e+12     4.2226    21    20     1.9496
   22  1.0768e+12     4.2244    22    21     2.0321
   23  1.0711e+12     4.2311    23    22     2.1143
   24  1.0215e+12     4.2904    24    23     2.1963
   25  8.7431e+11     4.4894    25    24     2.2781
   26  8.3864e+11     4.5438    26    25     2.3597
   27  8.2271e+11     4.5690    27    26     2.4411
   28  8.1062e+11     4.5886    28    27     2.5223
   29  7.7958e+11     4.6404    29    28     2.6034
   30  7.7467e+11     4.6488    30    29     2.6844
   31  7.6534e+11     4.6650    31    30     2.7652
   32  7.1142e+11     4.7634    32    31     2.8459
   33  6.3451e+11     4.9207    33    32     2.9266
   34  6.3327e+11     4.9234    34    33     3.0071
   35  6.1534e+11     4.9635    35    34     3.0876
   36  6.0419e+11     4.9892    36    35     3.1680
   37  5.7624e+11     5.0560    37    36     3.2483
   38  4.0451e+11     5.5765    38    37     3.3285
   39  3.8597e+11     5.6483    39    38     3.4087
   40  3.8095e+11     5.6685    40    39     3.4889
   41  3.7828e+11     5.6793    41    40     3.5689
   42  3.6191e+11     5.7480    42    41     3.6490
   43  3.1661e+11     5.9590    43    42     3.7290
   44  2.3782e+11     6.4297    44    43     3.8089
   45  2.2550e+11     6.5200    45    44     3.8889
   46  2.2003e+11     6.5620    46    45     3.9688
   47  2.1715e+11     6.5847    47    46     4.0486
   48  2.0915e+11     6.6495    48    47     4.1285
   49  2.0660e+11     6.6708    49    48     4.2083
   50  9.9932e+10     8.0205    50    49     4.2881
   51  9.7600e+10     8.0675    51    50     4.3678
   52  9.2871e+10     8.1668    52    51     4.4476
   53  6.6315e+10     8.8644    53    52     4.5273
   54  6.5942e+10     8.8764    54    53     4.6070
   55  6.5642e+10     8.8862    55    54     4.6867
   56  6.5264e+10     8.8985    56    55     4.7664
   57  5.8469e+10     9.1359    57    56     4.8460
   58  5.5300e+10     9.2579    58    57     4.9257
   59  5.5140e+10     9.2643    59    58     5.0053
   60  5.2146e+10     9.3878    60    59     5.0849
   61  5.1355e+10     9.4219    61    60     5.1646
   62  4.9286e+10     9.5138    62    61     5.2442
   63  4.9243e+10     9.5158    63    62     5.3238
   64  4.8882e+10     9.5323    64    63     5.4033
   65  4.8091e+10     9.5690    65    64     5.4829
   66  4.8041e+10     9.5714    66    65     5.5625
   67  4.7240e+10     9.6093    67    66     5.6421
   68  4.6881e+10     9.6266    68    67     5.7216
   69  3.8706e+10    10.0674    69    68     5.8012
   70  3.7300e+10    10.1541    70    69     5.8807
   71  3.4991e+10    10.3052    71    70     5.9602
   72  3.4010e+10    10.3730    72    71     6.0398
   73  3.3676e+10    10.3966    73    72     6.1193
   74  2.6087e+10    11.0204    74    73     6.1988
   75  2.5140e+10    11.1130    75    74     6.2783
   76  2.1434e+10    11.5184    76    75     6.3579
   77  2.1250e+10    11.5405    77    76     6.4374
   78  2.1186e+10    11.5484    78    77     6.5169
   79  2.0681e+10    11.6107    79    78     6.5964
   80  2.0641e+10    11.6158    80    79     6.6759
   81  2.0375e+10    11.6494    81    80     6.7554
   82  2.0274e+10    11.6623    82    81     6.8349
   83  1.5985e+10    12.2915    83    82     6.9143
   84  1.5326e+10    12.4055    84    83     6.9938
   85  1.4087e+10    12.6360    85    84     7.0733
   86  1.4023e+10    12.6486    86    85     7.1528
   87  1.3933e+10    12.6662    87    86     7.2323
   88  1.3872e+10    12.6783    88    87     7.3117
   89  1.2486e+10    12.9710    89    88     7.3912
   90  1.2462e+10    12.9765    90    89     7.4707
   91  9.4055e+09    13.7828    91    90     7.5502
   92  9.3805e+09    13.7906    92    91     7.6296
   93  9.3618e+09    13.7964    93    92     7.7091
   94  7.6943e+09    14.3797    94    93     7.7885
   95  6.6741e+09    14.8135    95    94     7.8680
   96  6.6427e+09    14.8281    96    95     7.9475
   97  6.4767e+09    14.9062    97    96     8.0269
   98  6.3484e+09    14.9682    98    97     8.1064
   99  5.9886e+09    15.1502    99    98     8.1858
  100  5.9634e+09    15.1634   100    99     8.2653
