#indx Mass S step-number desc_indx 
    0  3.1600e+12     3.0343     0    -1     0.0134
    1  2.8384e+12     3.1402     1     0     0.1326
    2  2.7986e+12     3.1543     2     1     0.2441
    3  2.7908e+12     3.1571     3     2     0.3500
    4  2.7171e+12     3.1840     4     3     0.4519
    5  2.7055e+12     3.1884     5     4     0.5506
    6  2.5712e+12     3.2401     6     5     0.6467
    7  2.3128e+12     3.3498     7     6     0.7407
    8  9.7338e+11     4.3514     8     7     0.8330
    9  9.7210e+11     4.3531     9     8     0.9238
   10  9.6088e+11     4.3679    10     9     1.0134
   11  9.1099e+11     4.4362    11    10     1.1018
   12  6.9426e+11     4.7967    12    11     1.1894
   13  6.9243e+11     4.8003    13    12     1.2761
   14  6.6561e+11     4.8545    14    13     1.3621
   15  6.5771e+11     4.8709    15    14     1.4474
   16  6.4832e+11     4.8908    16    15     1.5322
   17  6.4366e+11     4.9008    17    16     1.6165
   18  6.3393e+11     4.9220    18    17     1.7003
   19  6.2755e+11     4.9361    19    18     1.7838
   20  5.8697e+11     5.0299    20    19     1.8669
   21  5.8672e+11     5.0305    21    20     1.9496
   22  5.5781e+11     5.1023    22    21     2.0321
   23  5.4590e+11     5.1332    23    22     2.1143
   24  5.2944e+11     5.1772    24    23     2.1963
   25  5.0918e+11     5.2338    25    24     2.2781
   26  4.0810e+11     5.5630    26    25     2.3597
   27  4.0480e+11     5.5754    27    26     2.4411
   28  3.8470e+11     5.6534    28    27     2.5223
   29  3.8330e+11     5.6590    29    28     2.6034
   30  3.2241e+11     5.9301    30    29     2.6844
   31  3.1267e+11     5.9791    31    30     2.7652
   32  3.1195e+11     5.9828    32    31     2.8459
   33  2.3205e+11     6.4713    33    32     2.9266
   34  2.3025e+11     6.4845    34    33     3.0071
   35  1.7669e+11     6.9463    35    34     3.0876
   36  1.4187e+11     7.3467    36    35     3.1680
   37  1.3919e+11     7.3824    37    36     3.2483
   38  1.3850e+11     7.3916    38    37     3.3285
   39  1.3267e+11     7.4724    39    38     3.4087
   40  1.3104e+11     7.4956    40    39     3.4889
   41  1.2925e+11     7.5218    41    40     3.5689
   42  1.1828e+11     7.6911    42    41     3.6490
   43  1.0633e+11     7.8981    43    42     3.7290
   44  1.0535e+11     7.9163    44    43     3.8089
   45  1.0436e+11     7.9348    45    44     3.8889
   46  1.0126e+11     7.9944    46    45     3.9688
   47  1.0095e+11     8.0005    47    46     4.0486
   48  9.1652e+10     8.1934    48    47     4.1285
   49  8.8419e+10     8.2660    49    48     4.2083
   50  8.8393e+10     8.2666    50    49     4.2881
   51  8.6384e+10     8.3134    51    50     4.3678
   52  8.6346e+10     8.3142    52    51     4.4476
   53  8.5278e+10     8.3396    53    52     4.5273
   54  8.4741e+10     8.3525    54    53     4.6070
   55  8.2528e+10     8.4067    55    54     4.6867
   56  8.1276e+10     8.4381    56    55     4.7664
   57  8.1090e+10     8.4428    57    56     4.8460
   58  7.9228e+10     8.4908    58    57     4.9257
   59  7.8351e+10     8.5138    59    58     5.0053
   60  7.4934e+10     8.6066    60    59     5.0849
   61  7.4423e+10     8.6208    61    60     5.1646
   62  7.2505e+10     8.6755    62    61     5.2442
   63  6.7426e+10     8.8290    63    62     5.3238
   64  6.4299e+10     8.9304    64    63     5.4033
   65  2.9101e+10    10.7501    65    64     5.4829
   66  2.8872e+10    10.7694    66    65     5.5625
   67  2.8577e+10    10.7947    67    66     5.6421
   68  2.8541e+10    10.7978    68    67     5.7216
   69  2.8478e+10    10.8032    69    68     5.8012
   70  2.8185e+10    10.8287    70    69     5.8807
   71  2.7940e+10    10.8502    71    70     5.9602
   72  2.7829e+10    10.8601    72    71     6.0398
   73  2.5435e+10    11.0837    73    72     6.1193
   74  2.4386e+10    11.1896    74    73     6.1988
   75  2.2691e+10    11.3723    75    74     6.2783
   76  1.9981e+10    11.7001    76    75     6.3579
   77  1.9886e+10    11.7126    77    76     6.4374
   78  1.9817e+10    11.7216    78    77     6.5169
   79  1.6790e+10    12.1595    79    78     6.5964
   80  1.5123e+10    12.4418    80    79     6.6759
   81  1.5012e+10    12.4617    81    80     6.7554
   82  1.4853e+10    12.4908    82    81     6.8349
   83  1.4122e+10    12.6292    83    82     6.9143
   84  1.4083e+10    12.6368    84    83     6.9938
   85  1.3845e+10    12.6837    85    84     7.0733
   86  1.3676e+10    12.7177    86    85     7.1528
   87  1.3428e+10    12.7682    87    86     7.2323
   88  1.3373e+10    12.7797    88    87     7.3117
   89  1.2423e+10    12.9853    89    88     7.3912
   90  1.1991e+10    13.0847    90    89     7.4707
   91  1.1943e+10    13.0962    91    90     7.5502
   92  1.1870e+10    13.1133    92    91     7.6296
   93  1.1830e+10    13.1228    93    92     7.7091
   94  1.1784e+10    13.1338    94    93     7.7885
   95  1.1756e+10    13.1407    95    94     7.8680
   96  1.1396e+10    13.2289    96    95     7.9475
   97  1.0041e+10    13.5924    97    96     8.0269
   98  1.0032e+10    13.5950    98    97     8.1064
   99  9.4029e+09    13.7836    99    98     8.1858
  100  9.3878e+09    13.7883   100    99     8.2653
