#indx Mass S step-number desc_indx 
    0  3.1600e+12     3.0343     0    -1     0.0134
    1  1.5685e+12     3.7754     1     0     0.1326
    2  1.5138e+12     3.8162     2     1     0.2441
    3  1.1383e+12     4.1558     3     2     0.3500
    4  1.1342e+12     4.1603     4     3     0.4519
    5  1.0875e+12     4.2122     5     4     0.5506
    6  1.0756e+12     4.2258     6     5     0.6467
    7  1.0701e+12     4.2323     7     6     0.7407
    8  9.2252e+11     4.4200     8     7     0.8330
    9  8.7234e+11     4.4924     9     8     0.9238
   10  6.7377e+11     4.8377    10     9     1.0134
   11  6.7214e+11     4.8410    11    10     1.1018
   12  6.6965e+11     4.8461    12    11     1.1894
   13  6.1543e+11     4.9633    13    12     1.2761
   14  5.8614e+11     5.0319    14    13     1.3621
   15  5.6845e+11     5.0754    15    14     1.4474
   16  5.6468e+11     5.0848    16    15     1.5322
   17  5.6007e+11     5.0965    17    16     1.6165
   18  5.3009e+11     5.1755    18    17     1.7003
   19  4.8821e+11     5.2952    19    18     1.7838
   20  4.3872e+11     5.4538    20    19     1.8669
   21  4.2698e+11     5.4946    21    20     1.9496
   22  4.0223e+11     5.5851    22    21     2.0321
   23  3.8822e+11     5.6394    23    22     2.1143
   24  3.6147e+11     5.7499    24    23     2.1963
   25  3.5303e+11     5.7868    25    24     2.2781
   26  3.3608e+11     5.8642    26    25     2.3597
   27  3.2938e+11     5.8960    27    26     2.4411
   28  3.2714e+11     5.9069    28    27     2.5223
   29  3.2652e+11     5.9099    29    28     2.6034
   30  2.9685e+11     6.0628    30    29     2.6844
   31  2.9157e+11     6.0919    31    30     2.7652
   32  2.5802e+11     6.2929    32    31     2.8459
   33  2.5253e+11     6.3288    33    32     2.9266
   34  2.4490e+11     6.3802    34    33     3.0071
   35  2.3640e+11     6.4398    35    34     3.0876
   36  2.2403e+11     6.5312    36    35     3.1680
   37  1.8834e+11     6.8328    37    36     3.2483
   38  1.8745e+11     6.8411    38    37     3.3285
   39  1.8112e+11     6.9021    39    38     3.4087
   40  1.7518e+11     6.9617    40    39     3.4889
   41  1.7330e+11     6.9809    41    40     3.5689
   42  1.7294e+11     6.9847    42    41     3.6490
   43  1.7213e+11     6.9931    43    42     3.7290
   44  1.6825e+11     7.0341    44    43     3.8089
   45  5.9251e+10     9.1070    45    44     3.8889
   46  5.5133e+10     9.2646    46    45     3.9688
   47  5.0093e+10     9.4774    47    46     4.0486
   48  4.8600e+10     9.5453    48    47     4.1285
   49  4.8315e+10     9.5585    49    48     4.2083
   50  4.8235e+10     9.5623    50    49     4.2881
   51  4.7781e+10     9.5836    51    50     4.3678
   52  4.7094e+10     9.6163    52    51     4.4476
   53  4.6481e+10     9.6460    53    52     4.5273
   54  4.3368e+10     9.8040    54    53     4.6070
   55  4.1369e+10     9.9127    55    54     4.6867
   56  3.9638e+10    10.0119    56    55     4.7664
   57  3.9354e+10    10.0286    57    56     4.8460
   58  3.8905e+10    10.0554    58    57     4.9257
   59  3.8785e+10    10.0626    59    58     5.0053
   60  3.5423e+10    10.2761    60    59     5.0849
   61  3.5045e+10    10.3016    61    60     5.1646
   62  3.4479e+10    10.3403    62    61     5.2442
   63  3.4230e+10    10.3576    63    62     5.3238
   64  3.1373e+10    10.5670    64    63     5.4033
   65  3.0624e+10    10.6256    65    64     5.4829
   66  3.0593e+10    10.6281    66    65     5.5625
   67  2.6258e+10    11.0042    67    66     5.6421
   68  2.6160e+10    11.0135    68    67     5.7216
   69  2.1046e+10    11.5654    69    68     5.8012
   70  2.0763e+10    11.6005    70    69     5.8807
   71  2.0626e+10    11.6176    71    70     5.9602
   72  1.5817e+10    12.3202    72    71     6.0398
   73  1.5751e+10    12.3313    73    72     6.1193
   74  1.5713e+10    12.3379    74    73     6.1988
   75  1.5601e+10    12.3573    75    74     6.2783
   76  1.5447e+10    12.3843    76    75     6.3579
   77  1.5406e+10    12.3914    77    76     6.4374
   78  1.5146e+10    12.4376    78    77     6.5169
   79  1.5144e+10    12.4380    79    78     6.5964
   80  1.5043e+10    12.4563    80    79     6.6759
   81  1.4755e+10    12.5089    81    80     6.7554
   82  1.4737e+10    12.5122    82    81     6.8349
   83  1.2552e+10    12.9561    83    82     6.9143
   84  1.2252e+10    13.0242    84    83     6.9938
   85  1.2237e+10    13.0275    85    84     7.0733
   86  1.1497e+10    13.2039    86    85     7.1528
   87  1.1473e+10    13.2098    87    86     7.2323
   88  1.1467e+10    13.2113    88    87     7.3117
   89  1.1443e+10    13.2172    89    88     7.3912
   90  1.1328e+10    13.2460    90    89     7.4707
   91  1.1216e+10    13.2741    91    90     7.5502
   92  1.1110e+10    13.3013    92    91     7.6296
   93  1.1103e+10    13.3031    93    92     7.7091
   94  1.1070e+10    13.3116    94    93     7.7885
   95  9.8326e+09    13.6532    95    94     7.8680
   96  9.7818e+09    13.6683    96    95     7.9475
   97  9.4589e+09    13.7662    97    96     8.0269
   98  9.3369e+09    13.8042    98    97     8.1064
   99  9.2732e+09    13.8243    99    98     8.1858
  100  9.2281e+09    13.8386   100    99     8.2653
