#indx Mass S step-number desc_indx 
    0  3.1600e+12     3.0343     0    -1     0.0134
    1  1.7662e+12     3.6413     1     0     0.1326
    2  1.6632e+12     3.7087     2     1     0.2441
    3  1.6455e+12     3.7209     3     2     0.3500
    4  1.0304e+12     4.2795     4     3     0.4519
    5  1.0263e+12     4.2845     5     4     0.5506
    6  9.8200e+11     4.3402     6     5     0.6467
    7  9.2855e+11     4.4116     7     6     0.7407
    8  9.2215e+11     4.4205     8     7     0.8330
    9  3.0805e+11     6.0030     9     8     0.9238
   10  3.0782e+11     6.0042    10     9     1.0134
   11  3.0235e+11     6.0331    11    10     1.1018
   12  2.7704e+11     6.1754    12    11     1.1894
   13  1.7581e+11     6.9552    13    12     1.2761
   14  1.7530e+11     6.9604    14    13     1.3621
   15  1.6413e+11     7.0790    15    14     1.4474
   16  1.5571e+11     7.1750    16    15     1.5322
   17  1.5526e+11     7.1802    17    16     1.6165
   18  1.5506e+11     7.1826    18    17     1.7003
   19  1.5230e+11     7.2155    19    18     1.7838
   20  1.3205e+11     7.4812    20    19     1.8669
   21  8.7820e+10     8.2798    21    20     1.9496
   22  8.7632e+10     8.2842    22    21     2.0321
   23  8.5862e+10     8.3257    23    22     2.1143
   24  8.4771e+10     8.3518    24    23     2.1963
   25  8.4418e+10     8.3603    25    24     2.2781
   26  7.7345e+10     8.5406    26    25     2.3597
   27  7.6658e+10     8.5592    27    26     2.4411
   28  7.1433e+10     8.7069    28    27     2.5223
   29  6.7800e+10     8.8173    29    28     2.6034
   30  6.7434e+10     8.8287    30    29     2.6844
   31  6.0280e+10     9.0696    31    30     2.7652
   32  5.9769e+10     9.0881    32    31     2.8459
   33  5.3207e+10     9.3431    33    32     2.9266
   34  5.2955e+10     9.3536    34    33     3.0071
   35  4.4308e+10     9.7550    35    34     3.0876
   36  4.3923e+10     9.7749    36    35     3.1680
   37  4.3643e+10     9.7895    37    36     3.2483
   38  4.3524e+10     9.7958    38    37     3.3285
   39  4.3226e+10     9.8115    39    38     3.4087
   40  4.1280e+10     9.9177    40    39     3.4889
   41  4.0970e+10     9.9351    41    40     3.5689
   42  4.0065e+10     9.9869    42    41     3.6490
   43  3.8939e+10    10.0533    43    42     3.7290
   44  3.8807e+10    10.0613    44    43     3.8089
   45  3.8533e+10    10.0778    45    44     3.8889
   46  2.4509e+10    11.1768    46    45     3.9688
   47  2.3868e+10    11.2438    47    46     4.0486
   48  2.3449e+10    11.2887    48    47     4.1285
   49  2.2989e+10    11.3391    49    48     4.2083
   50  2.2961e+10    11.3421    50    49     4.2881
   51  2.2893e+10    11.3497    51    50     4.3678
   52  2.1946e+10    11.4577    52    51     4.4476
   53  1.8056e+10    11.9660    53    52     4.5273
   54  1.7465e+10    12.0544    54    53     4.6070
   55  1.7232e+10    12.0901    55    54     4.6867
   56  1.7137e+10    12.1048    56    55     4.7664
   57  1.7125e+10    12.1067    57    56     4.8460
   58  1.7005e+10    12.1256    58    57     4.9257
   59  1.6737e+10    12.1679    59    58     5.0053
   60  1.6076e+10    12.2762    60    59     5.0849
   61  1.5956e+10    12.2964    61    60     5.1646
   62  1.5348e+10    12.4017    62    61     5.2442
   63  1.5343e+10    12.4026    63    62     5.3238
   64  1.4935e+10    12.4759    64    63     5.4033
   65  1.4738e+10    12.5120    65    64     5.4829
   66  1.3325e+10    12.7896    66    65     5.5625
   67  9.3836e+09    13.7896    67    66     5.6421
   68  9.1312e+09    13.8696    68    67     5.7216
   69  8.8634e+09    13.9574    69    68     5.8012
   70  8.6593e+09    14.0263    70    69     5.8807
   71  8.5376e+09    14.0683    71    70     5.9602
   72  8.5164e+09    14.0757    72    71     6.0398
   73  8.2412e+09    14.1736    73    72     6.1193
   74  8.2403e+09    14.1739    74    73     6.1988
   75  8.0447e+09    14.2457    75    74     6.2783
   76  8.0403e+09    14.2474    76    75     6.3579
   77  7.9327e+09    14.2878    77    76     6.4374
   78  7.8034e+09    14.3373    78    77     6.5169
   79  7.5950e+09    14.4190    79    78     6.5964
   80  7.5839e+09    14.4233    80    79     6.6759
   81  6.9614e+09    14.6840    81    80     6.7554
   82  6.6442e+09    14.8273    82    81     6.8349
   83  6.6039e+09    14.8461    83    82     6.9143
   84  6.2559e+09    15.0139    84    83     6.9938
   85  6.2227e+09    15.0305    85    84     7.0733
   86  5.6359e+09    15.3411    86    85     7.1528
   87  5.3870e+09    15.4843    87    86     7.2323
   88  5.1410e+09    15.6335    88    87     7.3117
   89  4.6477e+09    15.9589    89    88     7.3912
   90  4.5303e+09    16.0422    90    89     7.4707
   91  4.4965e+09    16.0666    91    90     7.5502
   92  4.4847e+09    16.0752    92    91     7.6296
   93  4.4755e+09    16.0819    93    92     7.7091
   94  3.9195e+09    16.5195    94    93     7.7885
   95  3.8917e+09    16.5433    95    94     7.8680
   96  3.8004e+09    16.6225    96    95     7.9475
   97  3.6435e+09    16.7639    97    96     8.0269
   98  3.6287e+09    16.7777    98    97     8.1064
   99  3.5592e+09    16.8428    99    98     8.1858
  100  3.5243e+09    16.8761   100    99     8.2653
