#indx Mass S step-number desc_indx 
    0  3.1600e+12     3.0343     0    -1     0.0134
    1  3.1016e+12     3.0525     1     0     0.1326
    2  3.0607e+12     3.0655     2     1     0.2441
    3  2.9418e+12     3.1046     3     2     0.3500
    4  2.6111e+12     3.2244     4     3     0.4519
    5  2.3309e+12     3.3416     5     4     0.5506
    6  2.0385e+12     3.4840     6     5     0.6467
    7  1.2245e+12     4.0668     7     6     0.7407
    8  1.1906e+12     4.1008     8     7     0.8330
    9  1.1703e+12     4.1219     9     8     0.9238
   10  1.1604e+12     4.1323    10     9     1.0134
   11  1.1496e+12     4.1437    11    10     1.1018
   12  9.3890e+11     4.3974    12    11     1.1894
   13  7.3885e+11     4.7123    13    12     1.2761
   14  7.0965e+11     4.7668    14    13     1.3621
   15  5.2501e+11     5.1894    15    14     1.4474
   16  5.1783e+11     5.2093    16    15     1.5322
   17  5.1548e+11     5.2159    17    16     1.6165
   18  4.6456e+11     5.3685    18    17     1.7003
   19  4.4390e+11     5.4362    19    18     1.7838
   20  4.3375e+11     5.4709    20    19     1.8669
   21  4.3222e+11     5.4762    21    20     1.9496
   22  4.1830e+11     5.5256    22    21     2.0321
   23  3.8558e+11     5.6499    23    22     2.1143
   24  3.8016e+11     5.6717    24    23     2.1963
   25  3.6520e+11     5.7339    25    24     2.2781
   26  3.5469e+11     5.7794    26    25     2.3597
   27  2.9939e+11     6.0490    27    26     2.4411
   28  2.9367e+11     6.0802    28    27     2.5223
   29  2.7088e+11     6.2123    29    28     2.6034
   30  2.6664e+11     6.2384    30    29     2.6844
   31  2.5976e+11     6.2818    31    30     2.7652
   32  2.5928e+11     6.2848    32    31     2.8459
   33  2.5377e+11     6.3206    33    32     2.9266
   34  2.4615e+11     6.3717    34    33     3.0071
   35  2.4544e+11     6.3765    35    34     3.0876
   36  1.9866e+11     6.7390    36    35     3.1680
   37  1.9550e+11     6.7671    37    36     3.2483
   38  1.9273e+11     6.7921    38    37     3.3285
   39  1.9080e+11     6.8099    39    38     3.4087
   40  1.8657e+11     6.8495    40    39     3.4889
   41  1.8465e+11     6.8678    41    40     3.5689
   42  1.8356e+11     6.8784    42    41     3.6490
   43  1.0528e+11     7.9175    43    42     3.7290
   44  1.0525e+11     7.9181    44    43     3.8089
   45  1.0498e+11     7.9231    45    44     3.8889
   46  9.8632e+10     8.0465    46    45     3.9688
   47  9.8458e+10     8.0500    47    46     4.0486
   48  9.7569e+10     8.0681    48    47     4.1285
   49  9.7401e+10     8.0715    49    48     4.2083
   50  9.5878e+10     8.1030    50    49     4.2881
   51  7.6831e+10     8.5545    51    50     4.3678
   52  7.3982e+10     8.6333    52    51     4.4476
   53  7.2671e+10     8.6707    53    52     4.5273
   54  7.2379e+10     8.6792    54    53     4.6070
   55  6.7325e+10     8.8322    55    54     4.6867
   56  6.6220e+10     8.8675    56    55     4.7664
   57  6.5884e+10     8.8783    57    56     4.8460
   58  6.1525e+10     9.0253    58    57     4.9257
   59  6.1482e+10     9.0269    59    58     5.0053
   60  5.3447e+10     9.3331    60    59     5.0849
   61  5.3256e+10     9.3411    61    60     5.1646
   62  5.2270e+10     9.3826    62    61     5.2442
   63  5.1747e+10     9.4049    63    62     5.3238
   64  5.0394e+10     9.4640    64    63     5.4033
   65  3.7372e+10    10.1496    65    64     5.4829
   66  3.7275e+10    10.1557    66    65     5.5625
   67  3.5572e+10    10.2661    67    66     5.6421
   68  3.5476e+10    10.2725    68    67     5.7216
   69  3.5095e+10    10.2981    69    68     5.8012
   70  3.4540e+10    10.3361    70    69     5.8807
   71  3.2669e+10    10.4693    71    70     5.9602
   72  3.2612e+10    10.4736    72    71     6.0398
   73  3.0645e+10    10.6239    73    72     6.1193
   74  3.0281e+10    10.6530    74    73     6.1988
   75  3.0117e+10    10.6662    75    74     6.2783
   76  2.8617e+10    10.7913    76    75     6.3579
   77  1.0528e+10    13.4555    77    76     6.4374
   78  1.0506e+10    13.4616    78    77     6.5169
   79  1.0036e+10    13.5939    79    78     6.5964
   80  9.8396e+09    13.6511    80    79     6.6759
   81  9.8258e+09    13.6552    81    80     6.7554
   82  9.7916e+09    13.6654    82    81     6.8349
   83  9.7137e+09    13.6886    83    82     6.9143
   84  9.6020e+09    13.7224    84    83     6.9938
   85  8.2522e+09    14.1696    85    84     7.0733
   86  8.0701e+09    14.2363    86    85     7.1528
   87  7.7590e+09    14.3544    87    86     7.2323
   88  7.6135e+09    14.4116    88    87     7.3117
   89  7.6103e+09    14.4129    89    88     7.3912
   90  7.5796e+09    14.4251    90    89     7.4707
   91  7.5573e+09    14.4340    91    90     7.5502
   92  7.5539e+09    14.4353    92    91     7.6296
   93  7.5309e+09    14.4446    93    92     7.7091
   94  7.4883e+09    14.4617    94    93     7.7885
   95  7.2600e+09    14.5558    95    94     7.8680
   96  7.0233e+09    14.6569    96    95     7.9475
   97  6.9940e+09    14.6697    97    96     8.0269
   98  6.9236e+09    14.7007    98    97     8.1064
   99  6.9100e+09    14.7067    99    98     8.1858
  100  6.7939e+09    14.7587   100    99     8.2653
