#indx Mass S step-number desc_indx 
    0  3.1600e+12     3.0343     0    -1     0.0134
    1  3.0302e+12     3.0753     1     0     0.1326
    2  2.8511e+12     3.1357     2     1     0.2441
    3  2.2998e+12     3.3557     3     2     0.3500
    4  2.2428e+12     3.3821     4     3     0.4519
    5  2.0794e+12     3.4626     5     4     0.5506
    6  2.0490e+12     3.4785     6     5     0.6467
    7  1.8130e+12     3.6122     7     6     0.7407
    8  1.7845e+12     3.6298     8     7     0.8330
    9  1.7608e+12     3.6447     9     8     0.9238
   10  1.7253e+12     3.6675    10     9     1.0134
   11  1.7101e+12     3.6774    11    10     1.1018
   12  1.6902e+12     3.6906    12    11     1.1894
   13  1.6841e+12     3.6946    13    12     1.2761
   14  1.6773e+12     3.6992    14    13     1.3621
   15  1.6490e+12     3.7184    15    14     1.4474
   16  1.5984e+12     3.7539    16    15     1.5322
   17  1.5396e+12     3.7967    17    16     1.6165
   18  1.5162e+12     3.8144    18    17     1.7003
   19  1.3836e+12     3.9211    19    18     1.7838
   20  1.3710e+12     3.9318    20    19     1.8669
   21  1.2475e+12     4.0443    21    20     1.9496
   22  9.2136e+11     4.4216    22    21     2.0321
   23  3.6137e+11     5.7503    23    22     2.1143
   24  3.4854e+11     5.8068    24    23     2.1963
   25  3.4349e+11     5.8298    25    24     2.2781
   26  3.2914e+11     5.8972    26    25     2.3597
   27  3.2121e+11     5.9360    27    26     2.4411
   28  3.1653e+11     5.9595    28    27     2.5223
   29  2.7713e+11     6.1748    29    28     2.6034
   30  2.7292e+11     6.2000    30    29     2.6844
   31  2.4267e+11     6.3956    31    30     2.7652
   32  2.2062e+11     6.5575    32    31     2.8459
   33  2.2012e+11     6.5613    33    32     2.9266
   34  1.9947e+11     6.7319    34    33     3.0071
   35  1.9314e+11     6.7885    35    34     3.0876
   36  1.8921e+11     6.8247    36    35     3.1680
   37  1.8421e+11     6.8720    37    36     3.2483
   38  1.7364e+11     6.9775    38    37     3.3285
   39  1.4818e+11     7.2661    39    38     3.4087
   40  1.3706e+11     7.4111    40    39     3.4889
   41  1.3583e+11     7.4281    41    40     3.5689
   42  1.3432e+11     7.4492    42    41     3.6490
   43  1.3419e+11     7.4509    43    42     3.7290
   44  1.3311e+11     7.4661    44    43     3.8089
   45  1.3212e+11     7.4803    45    44     3.8889
   46  1.0831e+11     7.8619    46    45     3.9688
   47  1.0785e+11     7.8702    47    46     4.0486
   48  1.0697e+11     7.8862    48    47     4.1285
   49  1.0483e+11     7.9260    49    48     4.2083
   50  1.0466e+11     7.9292    50    49     4.2881
   51  1.0454e+11     7.9315    51    50     4.3678
   52  9.5411e+10     8.1127    52    51     4.4476
   53  9.5105e+10     8.1192    53    52     4.5273
   54  9.3892e+10     8.1449    54    53     4.6070
   55  8.9584e+10     8.2395    55    54     4.6867
   56  8.9374e+10     8.2443    56    55     4.7664
   57  8.8920e+10     8.2546    57    56     4.8460
   58  8.8533e+10     8.2634    58    57     4.9257
   59  8.7883e+10     8.2784    59    58     5.0053
   60  8.3966e+10     8.3713    60    59     5.0849
   61  8.2932e+10     8.3967    61    60     5.1646
   62  8.2645e+10     8.4038    62    61     5.2442
   63  8.1719e+10     8.4270    63    62     5.3238
   64  8.0819e+10     8.4497    64    63     5.4033
   65  6.5342e+10     8.8960    65    64     5.4829
   66  6.1820e+10     9.0150    66    65     5.5625
   67  5.9950e+10     9.0815    67    66     5.6421
   68  5.9503e+10     9.0977    68    67     5.7216
   69  5.8326e+10     9.1412    69    68     5.8012
   70  5.6974e+10     9.1925    70    69     5.8807
   71  5.5790e+10     9.2385    71    70     5.9602
   72  5.5199e+10     9.2620    72    71     6.0398
   73  5.4464e+10     9.2915    73    72     6.1193
   74  4.6075e+10     9.6659    74    73     6.1988
   75  4.4134e+10     9.7639    75    74     6.2783
   76  4.4009e+10     9.7704    76    75     6.3579
   77  3.4712e+10    10.3243    77    76     6.4374
   78  3.3229e+10    10.4286    78    77     6.5169
   79  3.2939e+10    10.4496    79    78     6.5964
   80  3.2277e+10    10.4985    80    79     6.6759
   81  3.1593e+10    10.5501    81    80     6.7554
   82  3.1483e+10    10.5585    82    81     6.8349
   83  3.1051e+10    10.5920    83    82     6.9143
   84  3.0824e+10    10.6098    84    83     6.9938
   85  2.8987e+10    10.7598    85    84     7.0733
   86  2.8897e+10    10.7673    86    85     7.1528
   87  2.6611e+10    10.9709    87    86     7.2323
   88  2.6398e+10    10.9909    88    87     7.3117
   89  2.6187e+10    11.0109    89    88     7.3912
   90  2.4390e+10    11.1891    90    89     7.4707
   91  2.3169e+10    11.3192    91    90     7.5502
   92  2.3040e+10    11.3334    92    91     7.6296
   93  2.1970e+10    11.4549    93    92     7.7091
   94  2.1962e+10    11.4559    94    93     7.7885
   95  2.1747e+10    11.4811    95    94     7.8680
   96  2.1185e+10    11.5485    96    95     7.9475
   97  2.1013e+10    11.5696    97    96     8.0269
   98  1.9953e+10    11.7038    98    97     8.1064
   99  1.9286e+10    11.7926    99    98     8.1858
  100  1.8979e+10    11.8346   100    99     8.2653
