#indx Mass S step-number desc_indx 
    0  3.1600e+12     3.0343     0    -1     0.0134
    1  3.1151e+12     3.0482     1     0     0.1326
    2  3.0847e+12     3.0578     2     1     0.2441
    3  2.8101e+12     3.1502     3     2     0.3500
    4  2.7728e+12     3.1636     4     3     0.4519
    5  2.3230e+12     3.3451     5     4     0.5506
    6  2.2020e+12     3.4015     6     5     0.6467
    7  2.1561e+12     3.4239     7     6     0.7407
    8  2.1146e+12     3.4447     8     7     0.8330
    9  2.1007e+12     3.4517     9     8     0.9238
   10  1.7779e+12     3.6340    10     9     1.0134
   11  1.7616e+12     3.6442    11    10     1.1018
   12  1.7104e+12     3.6772    12    11     1.1894
   13  1.6061e+12     3.7484    13    12     1.2761
   14  1.5887e+12     3.7608    14    13     1.3621
   15  1.5192e+12     3.8121    15    14     1.4474
   16  1.5136e+12     3.8164    16    15     1.5322
   17  1.3508e+12     3.9494    17    16     1.6165
   18  1.3416e+12     3.9575    18    17     1.7003
   19  1.3329e+12     3.9652    19    18     1.7838
   20  1.2013e+12     4.0900    20    19     1.8669
   21  1.1979e+12     4.0934    21    20     1.9496
   22  1.1803e+12     4.1115    22    21     2.0321
   23  1.1757e+12     4.1163    23    22     2.1143
   24  1.1603e+12     4.1323    24    23     2.1963
   25  1.1563e+12     4.1366    25    24     2.2781
   26  1.0117e+12     4.3025    26    25     2.3597
   27  9.8027e+11     4.3425    27    26     2.4411
   28  9.7529e+11     4.3489    28    27     2.5223
   29  9.6869e+11     4.3576    29    28     2.6034
   30  7.7120e+11     4.6548    30    29     2.6844
   31  7.6355e+11     4.6681    31    30     2.7652
   32  7.3632e+11     4.7169    32    31     2.8459
   33  7.2565e+11     4.7366    33    32     2.9266
   34  7.1775e+11     4.7514    34    33     3.0071
   35  7.1674e+11     4.7533    35    34     3.0876
   36  7.0402e+11     4.7777    36    35     3.1680
   37  6.7799e+11     4.8292    37    36     3.2483
   38  6.7741e+11     4.8303    38    37     3.3285
   39  6.0489e+11     4.9875    39    38     3.4087
   40  5.7169e+11     5.0673    40    39     3.4889
   41  5.4263e+11     5.1418    41    40     3.5689
   42  4.3699e+11     5.4597    42    41     3.6490
   43  4.2171e+11     5.5133    43    42     3.7290
   44  4.1868e+11     5.5242    44    43     3.8089
   45  4.1618e+11     5.5333    45    44     3.8889
   46  3.6683e+11     5.7270    46    45     3.9688
   47  3.1830e+11     5.9505    47    46     4.0486
   48  2.7319e+11     6.1984    48    47     4.1285
   49  1.7045e+11     7.0107    49    48     4.2083
   50  5.1269e+10     9.4256    50    49     4.2881
   51  4.7479e+10     9.5979    51    50     4.3678
   52  4.5730e+10     9.6829    52    51     4.4476
   53  4.5677e+10     9.6856    53    52     4.5273
   54  4.5604e+10     9.6892    54    53     4.6070
   55  4.4861e+10     9.7266    55    54     4.6867
   56  4.4123e+10     9.7645    56    55     4.7664
   57  3.9602e+10    10.0140    57    56     4.8460
   58  3.9490e+10    10.0205    58    57     4.9257
   59  3.5882e+10    10.2455    59    58     5.0053
   60  9.0004e+09    13.9121    60    59     5.0849
   61  8.9320e+09    13.9346    61    60     5.1646
   62  8.9260e+09    13.9366    62    61     5.2442
   63  8.6828e+09    14.0183    63    62     5.3238
   64  8.4825e+09    14.0876    64    63     5.4033
   65  8.3273e+09    14.1425    65    64     5.4829
   66  8.2165e+09    14.1825    66    65     5.5625
   67  7.9369e+09    14.2862    67    66     5.6421
   68  6.8997e+09    14.7113    68    67     5.7216
   69  6.8034e+09    14.7544    69    68     5.8012
   70  6.5563e+09    14.8684    70    69     5.8807
   71  6.4738e+09    14.9076    71    70     5.9602
   72  6.4073e+09    14.9396    72    71     6.0398
   73  6.1986e+09    15.0425    73    72     6.1193
   74  6.0874e+09    15.0990    74    73     6.1988
   75  4.7648e+09    15.8782    75    74     6.2783
   76  4.7401e+09    15.8951    76    75     6.3579
   77  4.7199e+09    15.9089    77    76     6.4374
   78  4.5149e+09    16.0533    78    77     6.5169
   79  4.3520e+09    16.1736    79    78     6.5964
   80  3.5780e+09    16.8251    80    79     6.6759
   81  3.4974e+09    16.9021    81    80     6.7554
   82  2.6598e+09    17.8468    82    81     6.8349
   83  2.6263e+09    17.8914    83    82     6.9143
   84  2.6231e+09    17.8956    84    83     6.9938
   85  2.5685e+09    17.9700    85    84     7.0733
   86  2.5643e+09    17.9757    86    85     7.1528
   87  2.5491e+09    17.9968    87    86     7.2323
   88  2.2400e+09    18.4582    88    87     7.3117
   89  2.2229e+09    18.4859    89    88     7.3912
   90  2.2009e+09    18.5217    90    89     7.4707
   91  2.1639e+09    18.5830    91    90     7.5502
   92  2.0967e+09    18.6974    92    91     7.6296
   93  2.0914e+09    18.7066    93    92     7.7091
   94  1.9121e+09    19.0344    94    93     7.7885
   95  1.9117e+09    19.0352    95    94     7.8680
   96  1.9060e+09    19.0464    96    95     7.9475
   97  1.2679e+09    20.5894    97    96     8.0269
   98  1.2484e+09    20.6498    98    97     8.1064
   99  1.2326e+09    20.6996    99    98     8.1858
  100  1.2262e+09    20.7198   100    99     8.2653
