#indx Mass S step-number desc_indx 
    0  3.1600e+12     3.0343     0    -1     0.0134
    1  3.0709e+12     3.0622     1     0     0.1326
    2  2.9767e+12     3.0929     2     1     0.2441
    3  2.8977e+12     3.1195     3     2     0.3500
    4  1.9181e+12     3.5502     4     3     0.4519
    5  1.8091e+12     3.6146     5     4     0.5506
    6  1.7884e+12     3.6274     6     5     0.6467
    7  1.7726e+12     3.6373     7     6     0.7407
    8  1.5269e+12     3.8063     8     7     0.8330
    9  1.5047e+12     3.8232     9     8     0.9238
   10  1.4933e+12     3.8320    10     9     1.0134
   11  1.4857e+12     3.8379    11    10     1.1018
   12  9.7423e+11     4.3503    12    11     1.1894
   13  7.0352e+11     4.7786    13    12     1.2761
   14  6.9641e+11     4.7925    14    13     1.3621
   15  6.8660e+11     4.8119    15    14     1.4474
   16  6.1665e+11     4.9605    16    15     1.5322
   17  6.1406e+11     4.9664    17    16     1.6165
   18  5.4179e+11     5.1440    18    17     1.7003
   19  5.3781e+11     5.1546    19    18     1.7838
   20  4.6011e+11     5.3827    20    19     1.8669
   21  4.5340e+11     5.4046    21    20     1.9496
   22  4.4104e+11     5.4459    22    21     2.0321
   23  3.7548e+11     5.6908    23    22     2.1143
   24  3.3426e+11     5.8727    24    23     2.1963
   25  3.3263e+11     5.8805    25    24     2.2781
   26  3.2487e+11     5.9180    26    25     2.3597
   27  3.2046e+11     5.9397    27    26     2.4411
   28  3.1998e+11     5.9421    28    27     2.5223
   29  3.1540e+11     5.9652    29    28     2.6034
   30  3.0852e+11     6.0005    30    29     2.6844
   31  2.7102e+11     6.2115    31    30     2.7652
   32  2.5235e+11     6.3300    32    31     2.8459
   33  2.2758e+11     6.5044    33    32     2.9266
   34  2.2598e+11     6.5164    34    33     3.0071
   35  2.2431e+11     6.5291    35    34     3.0876
   36  1.6153e+11     7.1080    36    35     3.1680
   37  1.5577e+11     7.1743    37    36     3.2483
   38  1.5542e+11     7.1783    38    37     3.3285
   39  1.5463e+11     7.1876    39    38     3.4087
   40  1.5232e+11     7.2152    40    39     3.4889
   41  1.4757e+11     7.2736    41    40     3.5689
   42  1.4084e+11     7.3603    42    41     3.6490
   43  1.4052e+11     7.3645    43    42     3.7290
   44  1.3374e+11     7.4572    44    43     3.8089
   45  7.7155e+10     8.5457    45    44     3.8889
   46  7.6182e+10     8.5721    46    45     3.9688
   47  7.6148e+10     8.5730    47    46     4.0486
   48  7.5081e+10     8.6024    48    47     4.1285
   49  7.1020e+10     8.7191    49    48     4.2083
   50  6.7893e+10     8.8144    50    49     4.2881
   51  6.5979e+10     8.8752    51    50     4.3678
   52  6.4634e+10     8.9193    52    51     4.4476
   53  6.4215e+10     8.9332    53    52     4.5273
   54  6.3581e+10     8.9545    54    53     4.6070
   55  6.1618e+10     9.0221    55    54     4.6867
   56  5.3754e+10     9.3205    56    55     4.7664
   57  4.9325e+10     9.5120    57    56     4.8460
   58  4.8636e+10     9.5436    58    57     4.9257
   59  4.6494e+10     9.6453    59    58     5.0053
   60  4.5456e+10     9.6966    60    59     5.0849
   61  4.5134e+10     9.7128    61    60     5.1646
   62  4.4618e+10     9.7390    62    61     5.2442
   63  4.3209e+10     9.8124    63    62     5.3238
   64  4.3081e+10     9.8193    64    63     5.4033
   65  4.2935e+10     9.8270    65    64     5.4829
   66  4.2909e+10     9.8284    66    65     5.5625
   67  3.9918e+10     9.9955    67    66     5.6421
   68  3.9911e+10     9.9959    68    67     5.7216
   69  3.6605e+10    10.1984    69    68     5.8012
   70  3.5722e+10    10.2561    70    69     5.8807
   71  3.5379e+10    10.2790    71    70     5.9602
   72  3.5043e+10    10.3017    72    71     6.0398
   73  2.7537e+10    10.8861    73    72     6.1193
   74  2.7414e+10    10.8972    74    73     6.1988
   75  2.7227e+10    10.9141    75    74     6.2783
   76  2.6894e+10    10.9447    76    75     6.3579
   77  2.6842e+10    10.9494    77    76     6.4374
   78  2.4522e+10    11.1755    78    77     6.5169
   79  2.3732e+10    11.2583    79    78     6.5964
   80  2.3612e+10    11.2711    80    79     6.6759
   81  2.0886e+10    11.5852    81    80     6.7554
   82  1.9834e+10    11.7194    82    81     6.8349
   83  1.9288e+10    11.7923    83    82     6.9143
   84  1.9201e+10    11.8042    84    83     6.9938
   85  1.8619e+10    11.8850    85    84     7.0733
   86  1.8562e+10    11.8931    86    85     7.1528
   87  1.7714e+10    12.0168    87    86     7.2323
   88  2.2940e+09    18.3725    88    87     7.3117
   89  2.0621e+09    18.7581    89    88     7.3912
   90  1.0950e+09    21.1655    90    89     7.4707
   91  1.0922e+09    21.1756    91    90     7.5502
   92  1.0255e+09    21.4266    92    91     7.6296
   93  9.6843e+08    21.6564    93    92     7.7091
   94  9.5376e+08    21.7180    94    93     7.7885
   95  9.3778e+08    21.7863    95    94     7.8680
   96  9.1353e+08    21.8925    96    95     7.9475
   97  9.0112e+08    21.9481    97    96     8.0269
   98  8.9700e+08    21.9667    98    97     8.1064
   99  8.9310e+08    21.9844    99    98     8.1858
  100  8.8754e+08    22.0099   100    99     8.2653
