#indx Mass S step-number desc_indx 
    0  3.1600e+12     3.0343     0    -1     0.0134
    1  3.0987e+12     3.0534     1     0     0.1326
    2  3.0431e+12     3.0712     2     1     0.2441
    3  3.0087e+12     3.0823     3     2     0.3500
    4  2.8606e+12     3.1324     4     3     0.4519
    5  2.5278e+12     3.2575     5     4     0.5506
    6  2.3951e+12     3.3133     6     5     0.6467
    7  2.3772e+12     3.3211     7     6     0.7407
    8  2.3473e+12     3.3343     8     7     0.8330
    9  2.3376e+12     3.3386     9     8     0.9238
   10  2.3196e+12     3.3467    10     9     1.0134
   11  2.0431e+12     3.4816    11    10     1.1018
   12  2.0226e+12     3.4925    12    11     1.1894
   13  1.9530e+12     3.5305    13    12     1.2761
   14  1.9462e+12     3.5343    14    13     1.3621
   15  1.9141e+12     3.5525    15    14     1.4474
   16  1.8891e+12     3.5668    16    15     1.5322
   17  1.7504e+12     3.6513    17    16     1.6165
   18  1.6549e+12     3.7144    18    17     1.7003
   19  1.6270e+12     3.7337    19    18     1.7838
   20  1.6159e+12     3.7414    20    19     1.8669
   21  1.6003e+12     3.7525    21    20     1.9496
   22  1.5964e+12     3.7553    22    21     2.0321
   23  1.5765e+12     3.7696    23    22     2.1143
   24  1.4002e+12     3.9070    24    23     2.1963
   25  1.3662e+12     3.9360    25    24     2.2781
   26  1.3480e+12     3.9518    26    25     2.3597
   27  1.0459e+12     4.2609    27    26     2.4411
   28  1.0424e+12     4.2650    28    27     2.5223
   29  1.0057e+12     4.3101    29    28     2.6034
   30  9.6933e+11     4.3567    30    29     2.6844
   31  9.4525e+11     4.3888    31    30     2.7652
   32  8.3512e+11     4.5493    32    31     2.8459
   33  8.2875e+11     4.5594    33    32     2.9266
   34  7.5878e+11     4.6765    34    33     3.0071
   35  7.5723e+11     4.6792    35    34     3.0876
   36  7.3525e+11     4.7189    36    35     3.1680
   37  7.2217e+11     4.7431    37    36     3.2483
   38  7.0930e+11     4.7675    38    37     3.3285
   39  6.9800e+11     4.7894    39    38     3.4087
   40  3.7378e+11     5.6978    40    39     3.4889
   41  3.6969e+11     5.7149    41    40     3.5689
   42  3.6516e+11     5.7341    42    41     3.6490
   43  3.6045e+11     5.7543    43    42     3.7290
   44  3.4601e+11     5.8182    44    43     3.8089
   45  3.3829e+11     5.8538    45    44     3.8889
   46  3.2327e+11     5.9258    46    45     3.9688
   47  3.1418e+11     5.9714    47    46     4.0486
   48  6.4157e+10     8.9352    48    47     4.1285
   49  3.8335e+10    10.0899    49    48     4.2083
   50  3.8291e+10    10.0926    50    49     4.2881
   51  3.7815e+10    10.1219    51    50     4.3678
   52  3.6684e+10    10.1934    52    51     4.4476
   53  3.4887e+10    10.3123    53    52     4.5273
   54  3.4586e+10    10.3329    54    53     4.6070
   55  3.4172e+10    10.3617    55    54     4.6867
   56  2.9664e+10    10.7033    56    55     4.7664
   57  2.4118e+10    11.2174    57    56     4.8460
   58  2.3896e+10    11.2408    58    57     4.9257
   59  2.3530e+10    11.2799    59    58     5.0053
   60  2.3520e+10    11.2810    60    59     5.0849
   61  1.8537e+10    11.8966    61    60     5.1646
   62  1.8343e+10    11.9244    62    61     5.2442
   63  1.8236e+10    11.9399    63    62     5.3238
   64  1.6494e+10    12.2072    64    63     5.4033
   65  1.6459e+10    12.2129    65    64     5.4829
   66  1.6078e+10    12.2759    66    65     5.5625
   67  1.5770e+10    12.3281    67    66     5.6421
   68  1.5725e+10    12.3358    68    67     5.7216
   69  1.4374e+10    12.5805    69    68     5.8012
   70  1.4121e+10    12.6293    70    69     5.8807
   71  1.3077e+10    12.8418    71    70     5.9602
   72  1.2949e+10    12.8693    72    71     6.0398
   73  1.2389e+10    12.9928    73    72     6.1193
   74  1.2273e+10    13.0192    74    73     6.1988
   75  1.1493e+10    13.2047    75    74     6.2783
   76  1.1476e+10    13.2089    76    75     6.3579
   77  1.1471e+10    13.2103    77    76     6.4374
   78  1.1432e+10    13.2199    78    77     6.5169
   79  1.1425e+10    13.2217    79    78     6.5964
   80  1.1244e+10    13.2672    80    79     6.6759
   81  1.0553e+10    13.4488    81    80     6.7554
   82  1.0425e+10    13.4838    82    81     6.8349
   83  1.0300e+10    13.5186    83    82     6.9143
   84  1.0172e+10    13.5547    84    83     6.9938
   85  1.0110e+10    13.5725    85    84     7.0733
   86  9.2428e+09    13.8339    86    85     7.1528
   87  8.5647e+09    14.0589    87    86     7.2323
   88  8.2779e+09    14.1603    88    87     7.3117
   89  8.2405e+09    14.1738    89    88     7.3912
   90  8.2210e+09    14.1809    90    89     7.4707
   91  8.1894e+09    14.1924    91    90     7.5502
   92  8.1695e+09    14.1997    92    91     7.6296
   93  8.0731e+09    14.2352    93    92     7.7091
   94  7.7676e+09    14.3511    94    93     7.7885
   95  7.7629e+09    14.3529    95    94     7.8680
   96  7.7474e+09    14.3589    96    95     7.9475
   97  7.6293e+09    14.4053    97    96     8.0269
   98  7.6150e+09    14.4110    98    97     8.1064
   99  7.5912e+09    14.4204    99    98     8.1858
  100  7.5599e+09    14.4329   100    99     8.2653
