#indx Mass S step-number desc_indx 
    0  3.1600e+12     3.0343     0    -1     0.0134
    1  3.1386e+12     3.0409     1     0     0.1326
    2  3.1229e+12     3.0458     2     1     0.2441
    3  3.1123e+12     3.0491     3     2     0.3500
    4  2.9788e+12     3.0922     4     3     0.4519
    5  2.1877e+12     3.4084     5     4     0.5506
    6  6.0556e+11     4.9860     6     5     0.6467
    7  6.0164e+11     4.9951     7     6     0.7407
    8  5.7216e+11     5.0661     8     7     0.8330
    9  5.6644e+11     5.0804     9     8     0.9238
   10  3.5053e+11     5.7979    10     9     1.0134
   11  3.4383e+11     5.8282    11    10     1.1018
   12  3.2931e+11     5.8964    12    11     1.1894
   13  3.1873e+11     5.9484    13    12     1.2761
   14  3.1762e+11     5.9540    14    13     1.3621
   15  3.0752e+11     6.0058    15    14     1.4474
   16  3.0749e+11     6.0059    16    15     1.5322
   17  3.0651e+11     6.0110    17    16     1.6165
   18  2.9390e+11     6.0789    18    17     1.7003
   19  2.8624e+11     6.1219    19    18     1.7838
   20  2.8501e+11     6.1290    20    19     1.8669
   21  2.8413e+11     6.1340    21    20     1.9496
   22  2.7098e+11     6.2118    22    21     2.0321
   23  2.6904e+11     6.2236    23    22     2.1143
   24  2.5739e+11     6.2970    24    23     2.1963
   25  2.5550e+11     6.3093    25    24     2.2781
   26  2.5458e+11     6.3153    26    25     2.3597
   27  2.5238e+11     6.3298    27    26     2.4411
   28  2.5168e+11     6.3344    28    27     2.5223
   29  2.4507e+11     6.3790    29    28     2.6034
   30  2.3915e+11     6.4202    30    29     2.6844
   31  2.0124e+11     6.7165    31    30     2.7652
   32  1.3774e+11     7.4019    32    31     2.8459
   33  1.3219e+11     7.4792    33    32     2.9266
   34  1.2702e+11     7.5547    34    33     3.0071
   35  1.2651e+11     7.5624    35    34     3.0876
   36  1.2567e+11     7.5750    36    35     3.1680
   37  8.0242e+10     8.4645    37    36     3.2483
   38  5.8475e+10     9.1357    38    37     3.3285
   39  5.5470e+10     9.2512    39    38     3.4087
   40  4.6209e+10     9.6593    40    39     3.4889
   41  4.5191e+10     9.7099    41    40     3.5689
   42  3.8329e+10    10.0902    42    41     3.6490
   43  3.8307e+10    10.0916    43    42     3.7290
   44  3.7903e+10    10.1164    44    43     3.8089
   45  3.3059e+10    10.4409    45    44     3.8889
   46  3.3051e+10    10.4414    46    45     3.9688
   47  3.1503e+10    10.5570    47    46     4.0486
   48  2.9742e+10    10.6968    48    47     4.1285
   49  2.9677e+10    10.7022    49    48     4.2083
   50  2.9592e+10    10.7091    50    49     4.2881
   51  2.8620e+10    10.7910    51    50     4.3678
   52  2.6606e+10    10.9714    52    51     4.4476
   53  2.6422e+10    10.9887    53    52     4.5273
   54  2.5930e+10    11.0354    54    53     4.6070
   55  2.0761e+10    11.6008    55    54     4.6867
   56  2.0620e+10    11.6183    56    55     4.7664
   57  2.0529e+10    11.6299    57    56     4.8460
   58  2.0287e+10    11.6607    58    57     4.9257
   59  1.7466e+10    12.0542    59    58     5.0053
   60  1.7395e+10    12.0650    60    59     5.0849
   61  1.7245e+10    12.0880    61    60     5.1646
   62  1.2427e+10    12.9842    62    61     5.2442
   63  1.2221e+10    13.0313    63    62     5.3238
   64  1.2216e+10    13.0324    64    63     5.4033
   65  1.1374e+10    13.2344    65    64     5.4829
   66  1.0839e+10    13.3719    66    65     5.5625
   67  1.0457e+10    13.4751    67    66     5.6421
   68  1.0447e+10    13.4777    68    67     5.7216
   69  9.6189e+09    13.7172    69    68     5.8012
   70  9.5804e+09    13.7289    70    69     5.8807
   71  9.2984e+09    13.8164    71    70     5.9602
   72  8.2894e+09    14.1561    72    71     6.0398
   73  8.1819e+09    14.1952    73    72     6.1193
   74  8.1109e+09    14.2212    74    73     6.1988
   75  7.9633e+09    14.2763    75    74     6.2783
   76  4.7480e+09    15.8896    76    75     6.3579
   77  4.7234e+09    15.9065    77    76     6.4374
   78  4.7013e+09    15.9217    78    77     6.5169
   79  4.6743e+09    15.9404    79    78     6.5964
   80  4.6640e+09    15.9475    80    79     6.6759
   81  4.6503e+09    15.9571    81    80     6.7554
   82  4.4997e+09    16.0643    82    81     6.8349
   83  4.4835e+09    16.0761    83    82     6.9143
   84  4.4310e+09    16.1146    84    83     6.9938
   85  4.2405e+09    16.2588    85    84     7.0733
   86  4.1579e+09    16.3237    86    85     7.1528
   87  4.1332e+09    16.3434    87    86     7.2323
   88  3.6801e+09    16.7304    88    87     7.3117
   89  3.5855e+09    16.8180    89    88     7.3912
   90  3.5056e+09    16.8942    90    89     7.4707
   91  3.4308e+09    16.9673    91    90     7.5502
   92  3.0768e+09    17.3397    92    91     7.6296
   93  3.0745e+09    17.3422    93    92     7.7091
   94  2.8110e+09    17.6530    94    93     7.7885
   95  2.5853e+09    17.9469    95    94     7.8680
   96  2.4777e+09    18.0974    96    95     7.9475
   97  2.4636e+09    18.1177    97    96     8.0269
   98  2.4115e+09    18.1938    98    97     8.1064
   99  2.3650e+09    18.2634    99    98     8.1858
  100  2.2465e+09    18.4478   100    99     8.2653
