#indx Mass S step-number desc_indx 
    0  3.1600e+12     3.0343     0    -1     0.0134
    1  3.1464e+12     3.0385     1     0     0.1326
    2  3.1207e+12     3.0465     2     1     0.2441
    3  3.1155e+12     3.0481     3     2     0.3500
    4  3.0493e+12     3.0691     4     3     0.4519
    5  3.0195e+12     3.0788     5     4     0.5506
    6  1.6696e+12     3.7044     6     5     0.6467
    7  1.6552e+12     3.7142     7     6     0.7407
    8  1.9311e+11     6.7887     8     7     0.8330
    9  1.8533e+11     6.8613     9     8     0.9238
   10  1.8418e+11     6.8723    10     9     1.0134
   11  1.8191e+11     6.8944    11    10     1.1018
   12  1.6815e+11     7.0353    12    11     1.1894
   13  1.5474e+11     7.1864    13    12     1.2761
   14  1.3896e+11     7.3855    14    13     1.3621
   15  1.2399e+11     7.6007    15    14     1.4474
   16  1.2206e+11     7.6306    16    15     1.5322
   17  1.2168e+11     7.6367    17    16     1.6165
   18  1.1866e+11     7.6850    18    17     1.7003
   19  1.1843e+11     7.6886    19    18     1.7838
   20  1.1260e+11     7.7862    20    19     1.8669
   21  1.1009e+11     7.8301    21    20     1.9496
   22  1.0977e+11     7.8357    22    21     2.0321
   23  1.0804e+11     7.8668    23    22     2.1143
   24  1.0042e+11     8.0109    24    23     2.1963
   25  7.8792e+10     8.5022    25    24     2.2781
   26  7.7925e+10     8.5251    26    25     2.3597
   27  7.7884e+10     8.5262    27    26     2.4411
   28  7.4151e+10     8.6285    28    27     2.5223
   29  7.3789e+10     8.6387    29    28     2.6034
   30  7.0523e+10     8.7339    30    29     2.6844
   31  6.8318e+10     8.8011    31    30     2.7652
   32  6.7819e+10     8.8167    32    31     2.8459
   33  5.5211e+10     9.2615    33    32     2.9266
   34  5.1244e+10     9.4267    34    33     3.0071
   35  5.0726e+10     9.4493    35    34     3.0876
   36  5.0498e+10     9.4594    36    35     3.1680
   37  4.9100e+10     9.5223    37    36     3.2483
   38  4.2225e+10     9.8654    38    37     3.3285
   39  4.2012e+10     9.8771    39    38     3.4087
   40  4.1503e+10     9.9052    40    39     3.4889
   41  3.9493e+10    10.0204    41    40     3.5689
   42  3.9056e+10    10.0463    42    41     3.6490
   43  3.7490e+10    10.1422    43    42     3.7290
   44  3.7419e+10    10.1467    44    43     3.8089
   45  3.6849e+10    10.1827    45    44     3.8889
   46  3.4131e+10    10.3645    46    45     3.9688
   47  3.0764e+10    10.6145    47    46     4.0486
   48  3.0610e+10    10.6268    48    47     4.1285
   49  2.9702e+10    10.7001    49    48     4.2083
   50  2.9334e+10    10.7306    50    49     4.2881
   51  2.9144e+10    10.7465    51    50     4.3678
   52  2.8585e+10    10.7940    52    51     4.4476
   53  2.8062e+10    10.8395    53    52     4.5273
   54  2.8040e+10    10.8414    54    53     4.6070
   55  2.7814e+10    10.8614    55    54     4.6867
   56  2.7529e+10    10.8868    56    55     4.7664
   57  2.7276e+10    10.9096    57    56     4.8460
   58  2.6435e+10    10.9874    58    57     4.9257
   59  2.6058e+10    11.0232    59    58     5.0053
   60  2.6055e+10    11.0235    60    59     5.0849
   61  2.5672e+10    11.0604    61    60     5.1646
   62  2.5644e+10    11.0632    62    61     5.2442
   63  2.3509e+10    11.2822    63    62     5.3238
   64  2.2934e+10    11.3451    64    63     5.4033
   65  2.2797e+10    11.3604    65    64     5.4829
   66  2.1898e+10    11.4633    66    65     5.5625
   67  2.1745e+10    11.4814    67    66     5.6421
   68  2.1673e+10    11.4899    68    67     5.7216
   69  2.1540e+10    11.5056    69    68     5.8012
   70  2.0875e+10    11.5865    70    69     5.8807
   71  2.0446e+10    11.6404    71    70     5.9602
   72  1.8958e+10    11.8376    72    71     6.0398
   73  1.8902e+10    11.8453    73    72     6.1193
   74  1.8753e+10    11.8661    74    73     6.1988
   75  1.8715e+10    11.8715    75    74     6.2783
   76  1.8259e+10    11.9366    76    75     6.3579
   77  1.6856e+10    12.1490    77    76     6.4374
   78  1.6841e+10    12.1515    78    77     6.5169
   79  1.6494e+10    12.2072    79    78     6.5964
   80  1.5173e+10    12.4328    80    79     6.6759
   81  1.4611e+10    12.5357    81    80     6.7554
   82  1.4514e+10    12.5540    82    81     6.8349
   83  1.4357e+10    12.5838    83    82     6.9143
   84  1.4283e+10    12.5979    84    83     6.9938
   85  1.4267e+10    12.6010    85    84     7.0733
   86  1.4055e+10    12.6421    86    85     7.1528
   87  1.3950e+10    12.6628    87    86     7.2323
   88  1.3687e+10    12.7154    88    87     7.3117
   89  1.3578e+10    12.7375    89    88     7.3912
   90  1.3577e+10    12.7377    90    89     7.4707
   91  1.3479e+10    12.7578    91    90     7.5502
   92  1.3440e+10    12.7658    92    91     7.6296
   93  1.3426e+10    12.7686    93    92     7.7091
   94  1.1917e+10    13.1022    94    93     7.7885
   95  1.1898e+10    13.1068    95    94     7.8680
   96  1.1699e+10    13.1544    96    95     7.9475
   97  5.1118e+09    15.6517    97    96     8.0269
   98  5.0826e+09    15.6702    98    97     8.1064
   99  5.0680e+09    15.6793    99    98     8.1858
  100  5.0249e+09    15.7068   100    99     8.2653
