#indx Mass S step-number desc_indx 
    0  3.1600e+12     3.0343     0    -1     0.0134
    1  3.0533e+12     3.0679     1     0     0.1326
    2  2.8312e+12     3.1427     2     1     0.2441
    3  2.8094e+12     3.1504     3     2     0.3500
    4  2.7854e+12     3.1590     4     3     0.4519
    5  2.7248e+12     3.1812     5     4     0.5506
    6  2.5184e+12     3.2614     6     5     0.6467
    7  2.5169e+12     3.2620     7     6     0.7407
    8  2.2368e+12     3.3849     8     7     0.8330
    9  2.0289e+12     3.4891     9     8     0.9238
   10  1.9853e+12     3.5127    10     9     1.0134
   11  8.3032e+11     4.5569    11    10     1.1018
   12  6.7816e+11     4.8288    12    11     1.1894
   13  6.7165e+11     4.8421    13    12     1.2761
   14  6.7024e+11     4.8450    14    13     1.3621
   15  6.6493e+11     4.8559    15    14     1.4474
   16  6.5323e+11     4.8804    16    15     1.5322
   17  6.3383e+11     4.9222    17    16     1.6165
   18  6.2682e+11     4.9377    18    17     1.7003
   19  5.5340e+11     5.1136    19    18     1.7838
   20  5.1404e+11     5.2200    20    19     1.8669
   21  5.0501e+11     5.2457    21    20     1.9496
   22  3.7693e+11     5.6849    22    21     2.0321
   23  3.5485e+11     5.7787    23    22     2.1143
   24  3.2478e+11     5.9184    24    23     2.1963
   25  3.1618e+11     5.9612    25    24     2.2781
   26  3.0498e+11     6.0191    26    25     2.3597
   27  2.9682e+11     6.0629    27    26     2.4411
   28  2.8975e+11     6.1020    28    27     2.5223
   29  2.4263e+11     6.3958    29    28     2.6034
   30  2.4201e+11     6.4002    30    29     2.6844
   31  2.4143e+11     6.4042    31    30     2.7652
   32  2.3801e+11     6.4283    32    31     2.8459
   33  2.3492e+11     6.4504    33    32     2.9266
   34  2.3204e+11     6.4713    34    33     3.0071
   35  2.2535e+11     6.5211    35    34     3.0876
   36  2.1969e+11     6.5647    36    35     3.1680
   37  2.1549e+11     6.5979    37    36     3.2483
   38  2.1477e+11     6.6037    38    37     3.3285
   39  2.1425e+11     6.6078    39    38     3.4087
   40  2.1009e+11     6.6417    40    39     3.4889
   41  2.0479e+11     6.6860    41    40     3.5689
   42  2.0292e+11     6.7020    42    41     3.6490
   43  1.9914e+11     6.7348    43    42     3.7290
   44  1.9271e+11     6.7924    44    43     3.8089
   45  1.8850e+11     6.8313    45    44     3.8889
   46  1.8823e+11     6.8338    46    45     3.9688
   47  1.8394e+11     6.8746    47    46     4.0486
   48  1.8317e+11     6.8821    48    47     4.1285
   49  1.8263e+11     6.8874    49    48     4.2083
   50  1.2506e+11     7.5843    50    49     4.2881
   51  1.2357e+11     7.6072    51    50     4.3678
   52  1.2251e+11     7.6236    52    51     4.4476
   53  1.2155e+11     7.6387    53    52     4.5273
   54  1.2125e+11     7.6434    54    53     4.6070
   55  5.5121e+10     9.2651    55    54     4.6867
   56  5.0318e+10     9.4674    56    55     4.7664
   57  4.7744e+10     9.5854    57    56     4.8460
   58  4.6536e+10     9.6433    58    57     4.9257
   59  4.4101e+10     9.7657    59    58     5.0053
   60  3.3796e+10    10.3880    60    59     5.0849
   61  3.1376e+10    10.5668    61    60     5.1646
   62  3.1182e+10    10.5818    62    61     5.2442
   63  3.1157e+10    10.5837    63    62     5.3238
   64  3.1095e+10    10.5886    64    63     5.4033
   65  3.0958e+10    10.5993    65    64     5.4829
   66  3.0049e+10    10.6717    66    65     5.5625
   67  2.9700e+10    10.7002    67    66     5.6421
   68  2.9332e+10    10.7307    68    67     5.7216
   69  2.8456e+10    10.8051    69    68     5.8012
   70  2.7920e+10    10.8519    70    69     5.8807
   71  2.7649e+10    10.8761    71    70     5.9602
   72  2.7285e+10    10.9088    72    71     6.0398
   73  2.7076e+10    10.9279    73    72     6.1193
   74  2.7042e+10    10.9310    74    73     6.1988
   75  2.6955e+10    10.9390    75    74     6.2783
   76  2.5999e+10    11.0288    76    75     6.3579
   77  2.5422e+10    11.0849    77    76     6.4374
   78  2.2813e+10    11.3586    78    77     6.5169
   79  2.1236e+10    11.5423    79    78     6.5964
   80  1.7825e+10    12.0001    80    79     6.6759
   81  1.4855e+10    12.4905    81    80     6.7554
   82  1.4793e+10    12.5018    82    81     6.8349
   83  1.3811e+10    12.6904    83    82     6.9143
   84  1.2746e+10    12.9134    84    83     6.9938
   85  1.1873e+10    13.1126    85    84     7.0733
   86  1.1858e+10    13.1163    86    85     7.1528
   87  1.1828e+10    13.1235    87    86     7.2323
   88  1.1751e+10    13.1420    88    87     7.3117
   89  1.1441e+10    13.2178    89    88     7.3912
   90  1.0031e+10    13.5953    90    89     7.4707
   91  9.9903e+09    13.6070    91    90     7.5502
   92  9.9752e+09    13.6114    92    91     7.6296
   93  9.8426e+09    13.6502    93    92     7.7091
   94  9.4748e+09    13.7613    94    93     7.7885
   95  9.4403e+09    13.7720    95    94     7.8680
   96  9.4280e+09    13.7758    96    95     7.9475
   97  9.0696e+09    13.8896    97    96     8.0269
   98  9.0097e+09    13.9091    98    97     8.1064
   99  9.0030e+09    13.9113    99    98     8.1858
  100  8.9535e+09    13.9275   100    99     8.2653
