#indx Mass S step-number desc_indx 
    0  3.1600e+12     3.0343     0    -1     0.0134
    1  2.8205e+12     3.1465     1     0     0.1326
    2  2.5728e+12     3.2395     2     1     0.2441
    3  2.5154e+12     3.2626     3     2     0.3500
    4  2.4925e+12     3.2720     4     3     0.4519
    5  2.4377e+12     3.2949     5     4     0.5506
    6  2.3774e+12     3.3210     6     5     0.6467
    7  2.3619e+12     3.3278     7     6     0.7407
    8  2.3398e+12     3.3376     8     7     0.8330
    9  2.0654e+12     3.4699     9     8     0.9238
   10  1.6131e+12     3.7434    10     9     1.0134
   11  1.5173e+12     3.8136    11    10     1.1018
   12  1.3584e+12     3.9427    12    11     1.1894
   13  1.3100e+12     3.9858    13    12     1.2761
   14  1.2756e+12     4.0176    14    13     1.3621
   15  1.2690e+12     4.0238    15    14     1.4474
   16  1.2435e+12     4.0482    16    15     1.5322
   17  1.2351e+12     4.0564    17    16     1.6165
   18  1.2212e+12     4.0701    18    17     1.7003
   19  1.1525e+12     4.1406    19    18     1.7838
   20  1.1232e+12     4.1723    20    19     1.8669
   21  1.0713e+12     4.2309    21    20     1.9496
   22  1.0625e+12     4.2411    22    21     2.0321
   23  1.0381e+12     4.2702    23    22     2.1143
   24  7.7018e+11     4.6566    24    23     2.1963
   25  7.5071e+11     4.6909    25    24     2.2781
   26  7.4494e+11     4.7012    26    25     2.3597
   27  7.1664e+11     4.7535    27    26     2.4411
   28  6.1653e+11     4.9608    28    27     2.5223
   29  4.5503e+11     5.3992    29    28     2.6034
   30  4.4703e+11     5.4257    30    29     2.6844
   31  4.1901e+11     5.5230    31    30     2.7652
   32  4.0116e+11     5.5892    32    31     2.8459
   33  3.9130e+11     5.6272    33    32     2.9266
   34  3.8880e+11     5.6371    34    33     3.0071
   35  2.6820e+11     6.2288    35    34     3.0876
   36  2.6765e+11     6.2322    36    35     3.1680
   37  2.5345e+11     6.3227    37    36     3.2483
   38  2.5272e+11     6.3275    38    37     3.3285
   39  2.3655e+11     6.4387    39    38     3.4087
   40  2.3208e+11     6.4711    40    39     3.4889
   41  2.1894e+11     6.5706    41    40     3.5689
   42  2.1692e+11     6.5865    42    41     3.6490
   43  2.0315e+11     6.7000    43    42     3.7290
   44  2.0215e+11     6.7086    44    43     3.8089
   45  2.0149e+11     6.7144    45    44     3.8889
   46  1.7493e+11     6.9642    46    45     3.9688
   47  1.7226e+11     6.9918    47    46     4.0486
   48  1.7063e+11     7.0088    48    47     4.1285
   49  1.6892e+11     7.0270    49    48     4.2083
   50  1.6413e+11     7.0791    50    49     4.2881
   51  1.5998e+11     7.1255    51    50     4.3678
   52  1.5779e+11     7.1507    52    51     4.4476
   53  1.5373e+11     7.1983    53    52     4.5273
   54  1.5331e+11     7.2034    54    53     4.6070
   55  1.5286e+11     7.2088    55    54     4.6867
   56  1.4994e+11     7.2443    56    55     4.7664
   57  1.4873e+11     7.2592    57    56     4.8460
   58  1.4400e+11     7.3190    58    57     4.9257
   59  1.4165e+11     7.3497    59    58     5.0053
   60  1.3813e+11     7.3967    60    59     5.0849
   61  1.3775e+11     7.4018    61    60     5.1646
   62  1.3725e+11     7.4086    62    61     5.2442
   63  1.3359e+11     7.4594    63    62     5.3238
   64  1.1994e+11     7.6644    64    63     5.4033
   65  1.1985e+11     7.6658    65    64     5.4829
   66  1.1692e+11     7.7134    66    65     5.5625
   67  1.1355e+11     7.7698    67    66     5.6421
   68  1.0210e+11     7.9781    68    67     5.7216
   69  9.9663e+10     8.0259    69    68     5.8012
   70  9.4895e+10     8.1236    70    69     5.8807
   71  2.4517e+10    11.1760    71    70     5.9602
   72  2.3780e+10    11.2532    72    71     6.0398
   73  2.3741e+10    11.2573    73    72     6.1193
   74  2.3388e+10    11.2952    74    73     6.1988
   75  2.3045e+10    11.3328    75    74     6.2783
   76  2.2856e+10    11.3538    76    75     6.3579
   77  1.9748e+10    11.7307    77    76     6.4374
   78  1.9694e+10    11.7378    78    77     6.5169
   79  1.9430e+10    11.7731    79    78     6.5964
   80  1.8546e+10    11.8954    80    79     6.6759
   81  1.8508e+10    11.9008    81    80     6.7554
   82  1.7817e+10    12.0013    82    81     6.8349
   83  1.7330e+10    12.0750    83    82     6.9143
   84  1.6473e+10    12.2106    84    83     6.9938
   85  1.5936e+10    12.2999    85    84     7.0733
   86  1.5766e+10    12.3289    86    85     7.1528
   87  1.5607e+10    12.3562    87    86     7.2323
   88  4.8529e+09    15.8189    88    87     7.3117
   89  4.8498e+09    15.8210    89    88     7.3912
   90  4.7877e+09    15.8627    90    89     7.4707
   91  4.7241e+09    15.9060    91    90     7.5502
   92  4.6404e+09    15.9640    92    91     7.6296
   93  4.5291e+09    16.0431    93    92     7.7091
   94  4.5285e+09    16.0435    94    93     7.7885
   95  4.2664e+09    16.2388    95    94     7.8680
   96  4.2130e+09    16.2803    96    95     7.9475
   97  4.1916e+09    16.2971    97    96     8.0269
   98  4.1874e+09    16.3004    98    97     8.1064
   99  3.8740e+09    16.5585    99    98     8.1858
  100  1.4941e+09    19.9579   100    99     8.2653
