#indx Mass S step-number desc_indx 
    0  3.1600e+12     3.0343     0    -1     0.0134
    1  3.1133e+12     3.0488     1     0     0.1326
    2  2.8032e+12     3.1526     2     1     0.2441
    3  2.7747e+12     3.1629     3     2     0.3500
    4  2.6079e+12     3.2256     4     3     0.4519
    5  2.6005e+12     3.2285     5     4     0.5506
    6  1.5491e+12     3.7897     6     5     0.6467
    7  1.4745e+12     3.8467     7     6     0.7407
    8  1.4505e+12     3.8658     8     7     0.8330
    9  1.4230e+12     3.8881     9     8     0.9238
   10  1.3695e+12     3.9331    10     9     1.0134
   11  1.3185e+12     3.9781    11    10     1.1018
   12  1.3112e+12     3.9847    12    11     1.1894
   13  1.2714e+12     4.0215    13    12     1.2761
   14  1.2380e+12     4.0536    14    13     1.3621
   15  1.1595e+12     4.1332    15    14     1.4474
   16  1.1219e+12     4.1737    16    15     1.5322
   17  1.1077e+12     4.1894    17    16     1.6165
   18  1.0814e+12     4.2192    18    17     1.7003
   19  8.2959e+11     4.5581    19    18     1.7838
   20  7.7668e+11     4.6453    20    19     1.8669
   21  7.7147e+11     4.6543    21    20     1.9496
   22  7.4114e+11     4.7081    22    21     2.0321
   23  7.0998e+11     4.7662    23    22     2.1143
   24  6.7561e+11     4.8340    24    23     2.1963
   25  6.6872e+11     4.8481    25    24     2.2781
   26  6.5933e+11     4.8675    26    25     2.3597
   27  5.4609e+11     5.1327    27    26     2.4411
   28  5.3868e+11     5.1523    28    27     2.5223
   29  5.2579e+11     5.1872    29    28     2.6034
   30  5.1502e+11     5.2172    30    29     2.6844
   31  4.9942e+11     5.2620    31    30     2.7652
   32  2.6729e+11     6.2344    32    31     2.8459
   33  2.6611e+11     6.2417    33    32     2.9266
   34  2.6554e+11     6.2452    34    33     3.0071
   35  2.5154e+11     6.3353    35    34     3.0876
   36  2.4625e+11     6.3710    36    35     3.1680
   37  1.9580e+11     6.7644    37    36     3.2483
   38  1.7859e+11     6.9271    38    37     3.3285
   39  1.7655e+11     6.9477    39    38     3.4087
   40  1.4679e+11     7.2835    40    39     3.4889
   41  1.4626e+11     7.2902    41    40     3.5689
   42  1.3879e+11     7.3877    42    41     3.6490
   43  1.3810e+11     7.3971    43    42     3.7290
   44  1.3490e+11     7.4411    44    43     3.8089
   45  1.3447e+11     7.4470    45    44     3.8889
   46  1.3239e+11     7.4764    46    45     3.9688
   47  1.3121e+11     7.4932    47    46     4.0486
   48  1.2918e+11     7.5228    48    47     4.1285
   49  1.2881e+11     7.5282    49    48     4.2083
   50  1.1883e+11     7.6822    50    49     4.2881
   51  1.1838e+11     7.6894    51    50     4.3678
   52  1.1488e+11     7.7474    52    51     4.4476
   53  1.0930e+11     7.8442    53    52     4.5273
   54  1.0463e+11     7.9298    54    53     4.6070
   55  1.0185e+11     7.9830    55    54     4.6867
   56  9.8599e+10     8.0472    56    55     4.7664
   57  9.4135e+10     8.1397    57    56     4.8460
   58  8.6975e+10     8.2995    58    57     4.9257
   59  8.3153e+10     8.3912    59    58     5.0053
   60  8.2573e+10     8.4056    60    59     5.0849
   61  7.9919e+10     8.4728    61    60     5.1646
   62  7.6530e+10     8.5626    62    61     5.2442
   63  7.0793e+10     8.7258    63    62     5.3238
   64  7.0659e+10     8.7298    64    63     5.4033
   65  6.4684e+10     8.9176    65    64     5.4829
   66  6.4316e+10     8.9298    66    65     5.5625
   67  5.8231e+10     9.1448    67    66     5.6421
   68  5.7566e+10     9.1699    68    67     5.7216
   69  3.8614e+10    10.0729    69    68     5.8012
   70  3.5237e+10    10.2886    70    69     5.8807
   71  3.4726e+10    10.3233    71    70     5.9602
   72  3.3888e+10    10.3815    72    71     6.0398
   73  3.2623e+10    10.4728    73    72     6.1193
   74  3.2553e+10    10.4779    74    73     6.1988
   75  3.0302e+10    10.6514    75    74     6.2783
   76  3.0281e+10    10.6530    76    75     6.3579
   77  2.2709e+10    11.3703    77    76     6.4374
   78  2.2361e+10    11.4098    78    77     6.5169
   79  2.2357e+10    11.4102    79    78     6.5964
   80  2.2336e+10    11.4125    80    79     6.6759
   81  2.2185e+10    11.4299    81    80     6.7554
   82  2.2155e+10    11.4334    82    81     6.8349
   83  2.2152e+10    11.4338    83    82     6.9143
   84  2.1793e+10    11.4757    84    83     6.9938
   85  2.1258e+10    11.5396    85    84     7.0733
   86  2.1240e+10    11.5418    86    85     7.1528
   87  2.0944e+10    11.5781    87    86     7.2323
   88  1.7772e+10    12.0080    88    87     7.3117
   89  1.7412e+10    12.0625    89    88     7.3912
   90  1.7400e+10    12.0643    90    89     7.4707
   91  1.6813e+10    12.1558    91    90     7.5502
   92  1.6469e+10    12.2113    92    91     7.6296
   93  1.6182e+10    12.2585    93    92     7.7091
   94  1.5367e+10    12.3982    94    93     7.7885
   95  1.5324e+10    12.4059    95    94     7.8680
   96  1.4866e+10    12.4885    96    95     7.9475
   97  1.3079e+10    12.8414    97    96     8.0269
   98  1.3009e+10    12.8564    98    97     8.1064
   99  1.2988e+10    12.8609    99    98     8.1858
  100  1.2963e+10    12.8662   100    99     8.2653
