#indx Mass S step-number desc_indx 
    0  3.1600e+12     3.0343     0    -1     0.0134
    1  2.9044e+12     3.1173     1     0     0.1326
    2  2.5667e+12     3.2419     2     1     0.2441
    3  2.5552e+12     3.2465     3     2     0.3500
    4  2.4608e+12     3.2852     4     3     0.4519
    5  2.3554e+12     3.3307     5     4     0.5506
    6  2.2767e+12     3.3663     6     5     0.6467
    7  2.1095e+12     3.4472     7     6     0.7407
    8  2.0747e+12     3.4650     8     7     0.8330
    9  1.9523e+12     3.5309     9     8     0.9238
   10  1.9254e+12     3.5460    10     9     1.0134
   11  1.8772e+12     3.5738    11    10     1.1018
   12  1.7930e+12     3.6245    12    11     1.1894
   13  1.6298e+12     3.7317    13    12     1.2761
   14  1.5336e+12     3.8012    14    13     1.3621
   15  1.2307e+12     4.0607    15    14     1.4474
   16  1.1687e+12     4.1235    16    15     1.5322
   17  1.0917e+12     4.2074    17    16     1.6165
   18  7.9702e+11     4.6110    18    17     1.7003
   19  7.7658e+11     4.6455    19    18     1.7838
   20  7.6317e+11     4.6688    20    19     1.8669
   21  7.2016e+11     4.7469    21    20     1.9496
   22  6.3064e+11     4.9292    22    21     2.0321
   23  5.9809e+11     5.0034    23    22     2.1143
   24  4.1492e+11     5.5379    24    23     2.1963
   25  3.8528e+11     5.6511    25    24     2.2781
   26  3.7145e+11     5.7075    26    25     2.3597
   27  3.5293e+11     5.7872    27    26     2.4411
   28  3.1074e+11     5.9891    28    27     2.5223
   29  3.0960e+11     5.9949    29    28     2.6034
   30  3.0784e+11     6.0041    30    29     2.6844
   31  3.0120e+11     6.0392    31    30     2.7652
   32  3.0040e+11     6.0435    32    31     2.8459
   33  2.9689e+11     6.0626    33    32     2.9266
   34  2.9554e+11     6.0699    34    33     3.0071
   35  2.9094e+11     6.0954    35    34     3.0876
   36  2.9024e+11     6.0993    36    35     3.1680
   37  2.8857e+11     6.1087    37    36     3.2483
   38  2.3129e+11     6.4768    38    37     3.3285
   39  2.3093e+11     6.4795    39    38     3.4087
   40  2.3054e+11     6.4823    40    39     3.4889
   41  1.4894e+11     7.2567    41    40     3.5689
   42  1.4889e+11     7.2573    42    41     3.6490
   43  1.4713e+11     7.2792    43    42     3.7290
   44  1.4240e+11     7.3398    44    43     3.8089
   45  1.3848e+11     7.3919    45    44     3.8889
   46  1.3723e+11     7.4089    46    45     3.9688
   47  1.3498e+11     7.4399    47    46     4.0486
   48  1.3397e+11     7.4541    48    47     4.1285
   49  1.2844e+11     7.5336    49    48     4.2083
   50  1.2468e+11     7.5901    50    49     4.2881
   51  1.2356e+11     7.6074    51    50     4.3678
   52  9.3653e+10     8.1500    52    51     4.4476
   53  9.2553e+10     8.1737    53    52     4.5273
   54  8.0896e+10     8.4478    54    53     4.6070
   55  7.9640e+10     8.4801    55    54     4.6867
   56  7.7331e+10     8.5410    56    55     4.7664
   57  7.6396e+10     8.5663    57    56     4.8460
   58  7.3881e+10     8.6361    58    57     4.9257
   59  7.0690e+10     8.7289    59    58     5.0053
   60  6.7371e+10     8.8307    60    59     5.0849
   61  5.5845e+10     9.2364    61    60     5.1646
   62  5.5013e+10     9.2694    62    61     5.2442
   63  5.3082e+10     9.3483    63    62     5.3238
   64  5.2888e+10     9.3565    64    63     5.4033
   65  5.2812e+10     9.3596    65    64     5.4829
   66  5.2062e+10     9.3914    66    65     5.5625
   67  5.0736e+10     9.4489    67    66     5.6421
   68  5.0598e+10     9.4550    68    67     5.7216
   69  2.3142e+10    11.3222    69    68     5.8012
   70  7.3199e+09    14.5308    70    69     5.8807
   71  7.2827e+09    14.5462    71    70     5.9602
   72  2.1215e+09    18.6547    72    71     6.0398
   73  1.9154e+09    19.0282    73    72     6.1193
   74  1.6722e+09    19.5326    74    73     6.1988
   75  1.5795e+09    19.7472    75    74     6.2783
   76  1.4131e+09    20.1707    76    75     6.3579
   77  1.4088e+09    20.1826    77    76     6.4374
   78  1.3639e+09    20.3069    78    77     6.5169
   79  1.2661e+09    20.5951    79    78     6.5964
   80  1.1708e+09    20.9011    80    79     6.6759
   81  1.1250e+09    21.0583    81    80     6.7554
   82  1.1117e+09    21.1053    82    81     6.8349
   83  1.0934e+09    21.1710    83    82     6.9143
   84  1.0890e+09    21.1873    84    83     6.9938
   85  1.0721e+09    21.2492    85    84     7.0733
   86  1.0660e+09    21.2720    86    85     7.1528
   87  1.0517e+09    21.3258    87    86     7.2323
   88  1.0205e+09    21.4462    88    87     7.3117
   89  9.7637e+08    21.6235    89    88     7.3912
   90  9.7139e+08    21.6441    90    89     7.4707
   91  8.6070e+08    22.1353    91    90     7.5502
   92  8.6017e+08    22.1378    92    91     7.6296
   93  7.2866e+08    22.8241    93    92     7.7091
   94  6.9769e+08    23.0062    94    93     7.7885
   95  6.9166e+08    23.0427    95    94     7.8680
   96  6.8305e+08    23.0954    96    95     7.9475
   97  6.6832e+08    23.1875    97    96     8.0269
   98  6.5937e+08    23.2444    98    97     8.1064
   99  6.5926e+08    23.2452    99    98     8.1858
  100  6.5639e+08    23.2636   100    99     8.2653
