#indx Mass S step-number desc_indx 
    0  3.1600e+12     3.0343     0    -1     0.0134
    1  2.9869e+12     3.0895     1     0     0.1326
    2  2.6015e+12     3.2281     2     1     0.2441
    3  2.5728e+12     3.2395     3     2     0.3500
    4  2.5425e+12     3.2516     4     3     0.4519
    5  2.5094e+12     3.2651     5     4     0.5506
    6  2.4136e+12     3.3052     6     5     0.6467
    7  2.3933e+12     3.3140     7     6     0.7407
    8  2.3533e+12     3.3316     8     7     0.8330
    9  2.2953e+12     3.3577     9     8     0.9238
   10  2.2697e+12     3.3695    10     9     1.0134
   11  2.1394e+12     3.4322    11    10     1.1018
   12  2.0272e+12     3.4900    12    11     1.1894
   13  2.0081e+12     3.5003    13    12     1.2761
   14  1.6394e+12     3.7250    14    13     1.3621
   15  1.6353e+12     3.7279    15    14     1.4474
   16  1.6280e+12     3.7330    16    15     1.5322
   17  1.5542e+12     3.7859    17    16     1.6165
   18  1.4248e+12     3.8866    18    17     1.7003
   19  1.3976e+12     3.9092    19    18     1.7838
   20  1.0087e+12     4.3063    20    19     1.8669
   21  1.0016e+12     4.3152    21    20     1.9496
   22  9.4886e+11     4.3839    22    21     2.0321
   23  8.3762e+11     4.5454    23    22     2.1143
   24  8.0868e+11     4.5917    24    23     2.1963
   25  6.2852e+11     4.9339    25    24     2.2781
   26  5.2364e+11     5.1932    26    25     2.3597
   27  5.0462e+11     5.2469    27    26     2.4411
   28  4.8119e+11     5.3165    28    27     2.5223
   29  4.7925e+11     5.3225    29    28     2.6034
   30  4.5771e+11     5.3905    30    29     2.6844
   31  4.4561e+11     5.4304    31    30     2.7652
   32  4.0084e+11     5.5904    32    31     2.8459
   33  3.7011e+11     5.7131    33    32     2.9266
   34  3.5902e+11     5.7604    34    33     3.0071
   35  2.8499e+11     6.1290    35    34     3.0876
   36  2.7686e+11     6.1764    36    35     3.1680
   37  2.7580e+11     6.1828    37    36     3.2483
   38  2.6875e+11     6.2254    38    37     3.3285
   39  2.6869e+11     6.2258    39    38     3.4087
   40  2.6777e+11     6.2314    40    39     3.4889
   41  2.5924e+11     6.2851    41    40     3.5689
   42  2.5911e+11     6.2859    42    41     3.6490
   43  2.5353e+11     6.3222    43    42     3.7290
   44  1.9755e+11     6.7489    44    43     3.8089
   45  1.8783e+11     6.8376    45    44     3.8889
   46  1.8488e+11     6.8656    46    45     3.9688
   47  1.6314e+11     7.0900    47    46     4.0486
   48  1.5467e+11     7.1873    48    47     4.1285
   49  1.4781e+11     7.2707    49    48     4.2083
   50  1.4580e+11     7.2960    50    49     4.2881
   51  1.3760e+11     7.4038    51    50     4.3678
   52  1.3637e+11     7.4207    52    51     4.4476
   53  1.2760e+11     7.5462    53    52     4.5273
   54  1.1863e+11     7.6854    54    53     4.6070
   55  1.0763e+11     7.8743    55    54     4.6867
   56  1.0735e+11     7.8793    56    55     4.7664
   57  1.0557e+11     7.9121    57    56     4.8460
   58  1.0445e+11     7.9330    58    57     4.9257
   59  8.9341e+10     8.2450    59    58     5.0053
   60  6.8451e+10     8.7970    60    59     5.0849
   61  6.8245e+10     8.8034    61    60     5.1646
   62  6.7431e+10     8.8289    62    61     5.2442
   63  6.6806e+10     8.8487    63    62     5.3238
   64  5.4442e+10     9.2924    64    63     5.4033
   65  5.4304e+10     9.2980    65    64     5.4829
   66  5.4025e+10     9.3094    66    65     5.5625
   67  5.1754e+10     9.4046    67    66     5.6421
   68  5.0496e+10     9.4595    68    67     5.7216
   69  4.9931e+10     9.4847    69    68     5.8012
   70  4.9598e+10     9.4996    70    69     5.8807
   71  3.6124e+10    10.2297    71    70     5.9602
   72  3.1547e+10    10.5536    72    71     6.0398
   73  3.1431e+10    10.5625    73    72     6.1193
   74  3.0502e+10    10.6354    74    73     6.1988
   75  3.0382e+10    10.6449    75    74     6.2783
   76  3.0086e+10    10.6688    76    75     6.3579
   77  2.9726e+10    10.6981    77    76     6.4374
   78  2.8506e+10    10.8008    78    77     6.5169
   79  2.8374e+10    10.8122    79    78     6.5964
   80  2.2342e+10    11.4119    80    79     6.6759
   81  2.1882e+10    11.4652    81    80     6.7554
   82  2.1721e+10    11.4841    82    81     6.8349
   83  2.1668e+10    11.4904    83    82     6.9143
   84  2.0766e+10    11.6001    84    83     6.9938
   85  1.8717e+10    11.8712    85    84     7.0733
   86  1.8633e+10    11.8830    86    85     7.1528
   87  1.7925e+10    11.9854    87    86     7.2323
   88  1.7899e+10    11.9892    88    87     7.3117
   89  1.5188e+10    12.4301    89    88     7.3912
   90  1.4299e+10    12.5950    90    89     7.4707
   91  1.4185e+10    12.6169    91    90     7.5502
   92  1.4163e+10    12.6211    92    91     7.6296
   93  1.4022e+10    12.6487    93    92     7.7091
   94  1.4017e+10    12.6497    94    93     7.7885
   95  1.3971e+10    12.6586    95    94     7.8680
   96  1.3672e+10    12.7184    96    95     7.9475
   97  1.2953e+10    12.8683    97    96     8.0269
   98  1.2949e+10    12.8693    98    97     8.1064
   99  1.2679e+10    12.9281    99    98     8.1858
  100  1.2297e+10    13.0139   100    99     8.2653
