#indx Mass S step-number desc_indx 
    0  3.1600e+12     3.0343     0    -1     0.0134
    1  3.1410e+12     3.0402     1     0     0.1326
    2  2.6805e+12     3.1977     2     1     0.2441
    3  2.6467e+12     3.2106     3     2     0.3500
    4  1.3041e+12     3.9912     4     3     0.4519
    5  1.2086e+12     4.0826     5     4     0.5506
    6  8.0739e+11     4.5938     6     5     0.6467
    7  7.9787e+11     4.6096     7     6     0.7407
    8  7.7125e+11     4.6547     8     7     0.8330
    9  5.6804e+11     5.0764     9     8     0.9238
   10  5.2153e+11     5.1990    10     9     1.0134
   11  4.9373e+11     5.2787    11    10     1.1018
   12  4.8900e+11     5.2928    12    11     1.1894
   13  4.4393e+11     5.4361    13    12     1.2761
   14  4.4226e+11     5.4417    14    13     1.3621
   15  4.2734e+11     5.4933    15    14     1.4474
   16  3.8543e+11     5.6505    16    15     1.5322
   17  3.8380e+11     5.6570    17    16     1.6165
   18  3.7981e+11     5.6731    18    17     1.7003
   19  3.7297e+11     5.7012    19    18     1.7838
   20  3.6678e+11     5.7272    20    19     1.8669
   21  3.0348e+11     6.0270    21    20     1.9496
   22  1.9005e+11     6.8169    22    21     2.0321
   23  1.8523e+11     6.8623    23    22     2.1143
   24  1.7734e+11     6.9397    24    23     2.1963
   25  1.3690e+11     7.4133    25    24     2.2781
   26  1.3617e+11     7.4235    26    25     2.3597
   27  1.3581e+11     7.4283    27    26     2.4411
   28  1.1920e+11     7.6762    28    27     2.5223
   29  1.0424e+11     7.9371    29    28     2.6034
   30  1.0015e+11     8.0162    30    29     2.6844
   31  9.9821e+10     8.0227    31    30     2.7652
   32  9.8455e+10     8.0501    32    31     2.8459
   33  9.6750e+10     8.0849    33    32     2.9266
   34  9.6351e+10     8.0932    34    33     3.0071
   35  9.5217e+10     8.1168    35    34     3.0876
   36  9.4851e+10     8.1245    36    35     3.1680
   37  9.0617e+10     8.2163    37    36     3.2483
   38  8.8575e+10     8.2625    38    37     3.3285
   39  6.2975e+10     8.9751    39    38     3.4087
   40  6.1841e+10     9.0143    40    39     3.4889
   41  6.1659e+10     9.0207    41    40     3.5689
   42  5.9191e+10     9.1092    42    41     3.6490
   43  5.9021e+10     9.1154    43    42     3.7290
   44  5.8124e+10     9.1488    44    43     3.8089
   45  5.8091e+10     9.1501    45    44     3.8889
   46  5.7675e+10     9.1657    46    45     3.9688
   47  5.7546e+10     9.1706    47    46     4.0486
   48  5.6929e+10     9.1942    48    47     4.1285
   49  4.9524e+10     9.5030    49    48     4.2083
   50  4.9356e+10     9.5106    50    49     4.2881
   51  4.5310e+10     9.7039    51    50     4.3678
   52  4.4395e+10     9.7504    52    51     4.4476
   53  4.1821e+10     9.8876    53    52     4.5273
   54  4.1138e+10     9.9256    54    53     4.6070
   55  3.8921e+10    10.0544    55    54     4.6867
   56  3.7121e+10    10.1654    56    55     4.7664
   57  3.6957e+10    10.1759    57    56     4.8460
   58  3.6936e+10    10.1772    58    57     4.9257
   59  3.5581e+10    10.2655    59    58     5.0053
   60  3.3722e+10    10.3933    60    59     5.0849
   61  3.3201e+10    10.4306    61    60     5.1646
   62  3.2972e+10    10.4472    62    61     5.2442
   63  3.2878e+10    10.4540    63    62     5.3238
   64  1.6910e+10    12.1405    64    63     5.4033
   65  1.6285e+10    12.2414    65    64     5.4829
   66  1.6168e+10    12.2609    66    65     5.5625
   67  1.6158e+10    12.2625    67    66     5.6421
   68  1.4649e+10    12.5285    68    67     5.7216
   69  1.4646e+10    12.5292    69    68     5.8012
   70  6.7132e+09    14.7955    70    69     5.8807
   71  6.0479e+09    15.1194    71    70     5.9602
   72  6.0332e+09    15.1270    72    71     6.0398
   73  5.9868e+09    15.1512    73    72     6.1193
   74  5.8720e+09    15.2119    74    73     6.1988
   75  5.8516e+09    15.2228    75    74     6.2783
   76  5.8405e+09    15.2288    76    75     6.3579
   77  5.8267e+09    15.2362    77    76     6.4374
   78  5.7854e+09    15.2586    78    77     6.5169
   79  5.7089e+09    15.3005    79    78     6.5964
   80  5.1978e+09    15.5983    80    79     6.6759
   81  5.0899e+09    15.6655    81    80     6.7554
   82  5.0381e+09    15.6983    82    81     6.8349
   83  4.9956e+09    15.7256    83    82     6.9143
   84  4.9831e+09    15.7336    84    83     6.9938
   85  3.6095e+09    16.7955    85    84     7.0733
   86  3.5234e+09    16.8770    86    85     7.1528
   87  3.4501e+09    16.9482    87    86     7.2323
   88  3.1464e+09    17.2627    88    87     7.3117
   89  3.1118e+09    17.3007    89    88     7.3912
   90  2.8868e+09    17.5603    90    89     7.4707
   91  2.8824e+09    17.5656    91    90     7.5502
   92  2.6371e+09    17.8769    92    91     7.6296
   93  2.6370e+09    17.8771    93    92     7.7091
   94  2.6011e+09    17.9254    94    93     7.7885
   95  2.5796e+09    17.9547    95    94     7.8680
   96  2.5556e+09    17.9877    96    95     7.9475
   97  2.2506e+09    18.4413    97    96     8.0269
   98  2.2475e+09    18.4461    98    97     8.1064
   99  2.2292e+09    18.4756    99    98     8.1858
  100  2.2291e+09    18.4759   100    99     8.2653
