#indx Mass S step-number desc_indx 
    0  3.1600e+12     3.0343     0    -1     0.0134
    1  3.0403e+12     3.0721     1     0     0.1326
    2  2.9314e+12     3.1081     2     1     0.2441
    3  2.5125e+12     3.2638     3     2     0.3500
    4  2.3943e+12     3.3136     4     3     0.4519
    5  2.3808e+12     3.3195     5     4     0.5506
    6  2.3024e+12     3.3545     6     5     0.6467
    7  2.2900e+12     3.3602     7     6     0.7407
    8  2.2079e+12     3.3987     8     7     0.8330
    9  6.1926e+11     4.9546     9     8     0.9238
   10  5.7791e+11     5.0519    10     9     1.0134
   11  5.5155e+11     5.1184    11    10     1.1018
   12  2.1797e+11     6.5782    12    11     1.1894
   13  2.1778e+11     6.5797    13    12     1.2761
   14  2.0898e+11     6.6509    14    13     1.3621
   15  2.0780e+11     6.6606    15    14     1.4474
   16  2.0547e+11     6.6803    16    15     1.5322
   17  1.8990e+11     6.8183    17    16     1.6165
   18  1.4096e+11     7.3588    18    17     1.7003
   19  1.3235e+11     7.4769    19    18     1.7838
   20  1.0237e+11     7.9728    20    19     1.8669
   21  1.0051e+11     8.0091    21    20     1.9496
   22  1.0022e+11     8.0147    22    21     2.0321
   23  9.8411e+10     8.0510    23    22     2.1143
   24  9.1910e+10     8.1878    24    23     2.1963
   25  9.0552e+10     8.2178    25    24     2.2781
   26  8.9587e+10     8.2395    26    25     2.3597
   27  8.9014e+10     8.2524    27    26     2.4411
   28  6.1706e+10     9.0190    28    27     2.5223
   29  4.8034e+10     9.5717    29    28     2.6034
   30  2.9461e+10    10.7200    30    29     2.6844
   31  2.4083e+10    11.2212    31    30     2.7652
   32  2.2151e+10    11.4339    32    31     2.8459
   33  2.1118e+10    11.5566    33    32     2.9266
   34  2.0767e+10    11.5999    34    33     3.0071
   35  2.0457e+10    11.6389    35    34     3.0876
   36  1.4652e+10    12.5281    36    35     3.1680
   37  1.4507e+10    12.5552    37    36     3.2483
   38  1.4459e+10    12.5643    38    37     3.3285
   39  1.4377e+10    12.5801    39    38     3.4087
   40  1.4322e+10    12.5905    40    39     3.4889
   41  1.2471e+10    12.9745    41    40     3.5689
   42  1.1588e+10    13.1815    42    41     3.6490
   43  1.1578e+10    13.1839    43    42     3.7290
   44  1.1446e+10    13.2165    44    43     3.8089
   45  9.8137e+09    13.6588    45    44     3.8889
   46  9.7822e+09    13.6682    46    45     3.9688
   47  9.1554e+09    13.8619    47    46     4.0486
   48  8.7835e+09    13.9841    48    47     4.1285
   49  8.5446e+09    14.0659    49    48     4.2083
   50  8.1876e+09    14.1931    50    49     4.2881
   51  8.0236e+09    14.2536    51    50     4.3678
   52  7.9838e+09    14.2685    52    51     4.4476
   53  7.8390e+09    14.3236    53    52     4.5273
   54  7.5588e+09    14.4334    54    53     4.6070
   55  7.2423e+09    14.5632    55    54     4.6867
   56  7.2357e+09    14.5660    56    55     4.7664
   57  7.1889e+09    14.5857    57    56     4.8460
   58  6.2007e+09    15.0415    58    57     4.9257
   59  6.1907e+09    15.0465    59    58     5.0053
   60  1.0297e+09    21.4103    60    59     5.0849
   61  1.0293e+09    21.4117    61    60     5.1646
   62  3.4812e+08    26.0596    62    61     5.2442
   63  3.4774e+08    26.0646    63    62     5.3238
   64  3.4493e+08    26.1018    64    63     5.4033
   65  3.4327e+08    26.1240    65    64     5.4829
   66  3.3188e+08    26.2792    66    65     5.5625
   67  3.3172e+08    26.2814    67    66     5.6421
   68  3.2180e+08    26.4217    68    67     5.7216
   69  3.1830e+08    26.4723    69    68     5.8012
   70  3.1173e+08    26.5689    70    69     5.8807
   71  3.1108e+08    26.5787    71    70     5.9602
   72  3.1081e+08    26.5828    72    71     6.0398
   73  2.8053e+08    27.0620    73    72     6.1193
   74  2.8043e+08    27.0635    74    73     6.1988
   75  2.7881e+08    27.0909    75    74     6.2783
   76  2.7842e+08    27.0975    76    75     6.3579
   77  2.7751e+08    27.1128    77    76     6.4374
   78  2.7743e+08    27.1142    78    77     6.5169
   79  2.7640e+08    27.1318    79    78     6.5964
   80  1.2443e+08    31.0737    80    79     6.6759
   81  1.2430e+08    31.0794    81    80     6.7554
   82  1.2373e+08    31.1031    82    81     6.8349
   83  1.1574e+08    31.4497    83    82     6.9143
   84  1.1554e+08    31.4589    84    83     6.9938
   85  1.1427e+08    31.5163    85    84     7.0733
   86  1.1295e+08    31.5772    86    85     7.1528
   87  1.0428e+08    31.9965    87    86     7.2323
   88  1.0394e+08    32.0137    88    87     7.3117
   89  1.0303e+08    32.0599    89    88     7.3912
