#indx Mass S step-number desc_indx 
    0  3.1600e+12     3.0343     0    -1     0.0134
    1  3.1260e+12     3.0448     1     0     0.1326
    2  3.0785e+12     3.0598     2     1     0.2441
    3  2.7320e+12     3.1785     3     2     0.3500
    4  2.5272e+12     3.2578     4     3     0.4519
    5  2.5093e+12     3.2651     5     4     0.5506
    6  2.4923e+12     3.2721     6     5     0.6467
    7  2.4510e+12     3.2893     7     6     0.7407
    8  2.3475e+12     3.3342     8     7     0.8330
    9  2.1110e+12     3.4465     9     8     0.9238
   10  1.2303e+12     4.0612    10     9     1.0134
   11  1.1913e+12     4.1002    11    10     1.1018
   12  1.1737e+12     4.1183    12    11     1.1894
   13  1.1458e+12     4.1477    13    12     1.2761
   14  1.0204e+12     4.2918    14    13     1.3621
   15  9.7013e+11     4.3557    15    14     1.4474
   16  9.4459e+11     4.3897    16    15     1.5322
   17  9.0884e+11     4.4393    17    16     1.6165
   18  9.0425e+11     4.4458    18    17     1.7003
   19  8.5929e+11     4.5120    19    18     1.7838
   20  8.4509e+11     4.5338    20    19     1.8669
   21  8.1752e+11     4.5774    21    20     1.9496
   22  7.0941e+11     4.7673    22    21     2.0321
   23  7.0553e+11     4.7747    23    22     2.1143
   24  6.9643e+11     4.7924    24    23     2.1963
   25  6.7815e+11     4.8288    25    24     2.2781
   26  6.7443e+11     4.8364    26    25     2.3597
   27  6.5657e+11     4.8733    27    26     2.4411
   28  6.3331e+11     4.9233    28    27     2.5223
   29  5.3914e+11     5.1511    29    28     2.6034
   30  5.2920e+11     5.1779    30    29     2.6844
   31  4.7704e+11     5.3293    31    30     2.7652
   32  4.7324e+11     5.3411    32    31     2.8459
   33  4.6097e+11     5.3800    33    32     2.9266
   34  4.5324e+11     5.4051    34    33     3.0071
   35  4.2349e+11     5.5069    35    34     3.0876
   36  4.1690e+11     5.5307    36    35     3.1680
   37  4.1282e+11     5.5456    37    36     3.2483
   38  2.9135e+11     6.0931    38    37     3.3285
   39  2.9064e+11     6.0971    39    38     3.4087
   40  2.8683e+11     6.1186    40    39     3.4889
   41  2.6518e+11     6.2475    41    40     3.5689
   42  2.2997e+11     6.4866    42    41     3.6490
   43  7.4717e+10     8.6126    43    42     3.7290
   44  6.7557e+10     8.8249    44    43     3.8089
   45  6.7335e+10     8.8319    45    44     3.8889
   46  5.3935e+10     9.3130    46    45     3.9688
   47  5.0271e+10     9.4695    47    46     4.0486
   48  4.9040e+10     9.5250    48    47     4.1285
   49  4.8973e+10     9.5281    49    48     4.2083
   50  4.3084e+10     9.8191    50    49     4.2881
   51  4.3013e+10     9.8229    51    50     4.3678
   52  4.2173e+10     9.8683    52    51     4.4476
   53  4.1879e+10     9.8844    53    52     4.5273
   54  4.1579e+10     9.9010    54    53     4.6070
   55  4.0714e+10     9.9496    55    54     4.6867
   56  3.9377e+10    10.0272    56    55     4.7664
   57  3.8910e+10    10.0551    57    56     4.8460
   58  3.8317e+10    10.0910    58    57     4.9257
   59  3.8136e+10    10.1021    59    58     5.0053
   60  3.7899e+10    10.1167    60    59     5.0849
   61  3.6933e+10    10.1774    61    60     5.1646
   62  3.6832e+10    10.1839    62    61     5.2442
   63  3.6566e+10    10.2010    63    62     5.3238
   64  3.6039e+10    10.2352    64    63     5.4033
   65  3.5973e+10    10.2396    65    64     5.4829
   66  3.2013e+10    10.5182    66    65     5.5625
   67  3.0391e+10    10.6442    67    66     5.6421
   68  2.9980e+10    10.6774    68    67     5.7216
   69  2.9391e+10    10.7258    69    68     5.8012
   70  2.8498e+10    10.8015    70    69     5.8807
   71  2.7773e+10    10.8650    71    70     5.9602
   72  1.7124e+10    12.1070    72    71     6.0398
   73  1.6282e+10    12.2421    73    72     6.1193
   74  1.6209e+10    12.2540    74    73     6.1988
   75  1.5817e+10    12.3200    75    74     6.2783
   76  1.5325e+10    12.4058    76    75     6.3579
   77  1.5271e+10    12.4153    77    76     6.4374
   78  1.5142e+10    12.4383    78    77     6.5169
   79  1.5064e+10    12.4524    79    78     6.5964
   80  1.4827e+10    12.4956    80    79     6.6759
   81  1.4732e+10    12.5131    81    80     6.7554
   82  1.3131e+10    12.8303    82    81     6.8349
   83  1.3060e+10    12.8455    83    82     6.9143
   84  1.2683e+10    12.9271    84    83     6.9938
   85  1.0686e+10    13.4126    85    84     7.0733
   86  9.8791e+09    13.6395    86    85     7.1528
   87  9.8716e+09    13.6417    87    86     7.2323
   88  9.8660e+09    13.6434    88    87     7.3117
   89  5.2232e+09    15.5828    89    88     7.3912
   90  5.1451e+09    15.6310    90    89     7.4707
   91  5.1313e+09    15.6396    91    90     7.5502
   92  5.0888e+09    15.6662    92    91     7.6296
   93  5.0738e+09    15.6757    93    92     7.7091
   94  4.7225e+09    15.9071    94    93     7.7885
   95  4.4725e+09    16.0842    95    94     7.8680
   96  4.4430e+09    16.1057    96    95     7.9475
   97  4.3519e+09    16.1736    97    96     8.0269
   98  4.2332e+09    16.2645    98    97     8.1064
   99  4.1797e+09    16.3065    99    98     8.1858
  100  4.0745e+09    16.3907   100    99     8.2653
