#indx Mass S step-number desc_indx 
    0  3.1600e+12     3.0343     0    -1     0.0134
    1  1.4496e+12     3.8665     1     0     0.1326
    2  1.4445e+12     3.8706     2     1     0.2441
    3  1.4368e+12     3.8768     3     2     0.3500
    4  1.4317e+12     3.8810     4     3     0.4519
    5  1.3968e+12     3.9099     5     4     0.5506
    6  1.3107e+12     3.9852     6     5     0.6467
    7  1.2931e+12     4.0013     7     6     0.7407
    8  1.1987e+12     4.0927     8     7     0.8330
    9  1.1948e+12     4.0966     9     8     0.9238
   10  8.4097e+11     4.5402    10     9     1.0134
   11  8.1736e+11     4.5776    11    10     1.1018
   12  7.5064e+11     4.6910    12    11     1.1894
   13  7.2671e+11     4.7346    13    12     1.2761
   14  7.1361e+11     4.7593    14    13     1.3621
   15  6.7104e+11     4.8433    15    14     1.4474
   16  6.6910e+11     4.8473    16    15     1.5322
   17  6.0646e+11     4.9839    17    16     1.6165
   18  5.8519e+11     5.0342    18    17     1.7003
   19  4.2521e+11     5.5008    19    18     1.7838
   20  3.9307e+11     5.6203    20    19     1.8669
   21  3.8823e+11     5.6393    21    20     1.9496
   22  3.8818e+11     5.6395    22    21     2.0321
   23  3.8549e+11     5.6502    23    22     2.1143
   24  3.7482e+11     5.6935    24    23     2.1963
   25  2.8673e+11     6.1191    25    24     2.2781
   26  2.6795e+11     6.2303    26    25     2.3597
   27  2.6590e+11     6.2430    27    26     2.4411
   28  2.6199e+11     6.2675    28    27     2.5223
   29  2.6074e+11     6.2755    29    28     2.6034
   30  2.4126e+11     6.4054    30    29     2.6844
   31  2.0841e+11     6.6556    31    30     2.7652
   32  1.9565e+11     6.7658    32    31     2.8459
   33  1.9324e+11     6.7875    33    32     2.9266
   34  1.9006e+11     6.8168    34    33     3.0071
   35  1.8299e+11     6.8838    35    34     3.0876
   36  1.7895e+11     6.9235    36    35     3.1680
   37  1.7678e+11     6.9454    37    36     3.2483
   38  1.7437e+11     6.9699    38    37     3.3285
   39  1.7379e+11     6.9759    39    38     3.4087
   40  1.5560e+11     7.1763    40    39     3.4889
   41  1.5519e+11     7.1811    41    40     3.5689
   42  1.5417e+11     7.1932    42    41     3.6490
   43  1.5268e+11     7.2109    43    42     3.7290
   44  1.5049e+11     7.2375    44    43     3.8089
   45  1.4974e+11     7.2468    45    44     3.8889
   46  1.4275e+11     7.3353    46    45     3.9688
   47  1.4168e+11     7.3492    47    46     4.0486
   48  1.4088e+11     7.3598    48    47     4.1285
   49  1.3472e+11     7.4435    49    48     4.2083
   50  1.3377e+11     7.4568    50    49     4.2881
   51  1.3258e+11     7.4737    51    50     4.3678
   52  1.3179e+11     7.4850    52    51     4.4476
   53  1.3050e+11     7.5035    53    52     4.5273
   54  1.2966e+11     7.5157    54    53     4.6070
   55  1.2916e+11     7.5230    55    54     4.6867
   56  1.2645e+11     7.5633    56    55     4.7664
   57  1.2574e+11     7.5741    57    56     4.8460
   58  1.2544e+11     7.5786    58    57     4.9257
   59  1.2048e+11     7.6556    59    58     5.0053
   60  1.1900e+11     7.6794    60    59     5.0849
   61  1.1828e+11     7.6910    61    60     5.1646
   62  1.1770e+11     7.7006    62    61     5.2442
   63  1.1654e+11     7.7197    63    62     5.3238
   64  1.1555e+11     7.7361    64    63     5.4033
   65  1.1543e+11     7.7381    65    64     5.4829
   66  1.0761e+11     7.8745    66    65     5.5625
   67  1.0654e+11     7.8941    67    66     5.6421
   68  1.0614e+11     7.9015    68    67     5.7216
   69  1.0596e+11     7.9049    69    68     5.8012
   70  1.0146e+11     7.9905    70    69     5.8807
   71  1.0093e+11     8.0007    71    70     5.9602
   72  1.0069e+11     8.0056    72    71     6.0398
   73  1.0066e+11     8.0061    73    72     6.1193
   74  9.7136e+10     8.0770    74    73     6.1988
   75  9.5892e+10     8.1027    75    74     6.2783
   76  9.5512e+10     8.1106    76    75     6.3579
   77  9.2739e+10     8.1697    77    76     6.4374
   78  9.2353e+10     8.1781    78    77     6.5169
   79  7.8286e+10     8.5155    79    78     6.5964
   80  7.7512e+10     8.5362    80    79     6.6759
   81  6.6615e+10     8.8548    81    80     6.7554
   82  6.3639e+10     8.9526    82    81     6.8349
   83  6.1886e+10     9.0127    83    82     6.9143
   84  6.0867e+10     9.0486    84    83     6.9938
   85  4.8809e+10     9.5357    85    84     7.0733
   86  4.7450e+10     9.5993    86    85     7.1528
   87  4.6988e+10     9.6214    87    86     7.2323
   88  4.6516e+10     9.6443    88    87     7.3117
   89  4.5918e+10     9.6736    89    88     7.3912
   90  4.5668e+10     9.6860    90    89     7.4707
   91  4.5535e+10     9.6927    91    90     7.5502
   92  4.3503e+10     9.7969    92    91     7.6296
   93  4.1833e+10     9.8869    93    92     7.7091
   94  4.0252e+10     9.9761    94    93     7.7885
   95  4.0043e+10     9.9882    95    94     7.8680
   96  3.9688e+10    10.0089    96    95     7.9475
   97  3.9404e+10    10.0257    97    96     8.0269
   98  3.9229e+10    10.0360    98    97     8.1064
   99  3.8753e+10    10.0645    99    98     8.1858
  100  3.8268e+10    10.0940   100    99     8.2653
