#indx Mass S step-number desc_indx 
    0  3.1600e+12     3.0343     0    -1     0.0134
    1  2.7289e+12     3.1796     1     0     0.1326
    2  2.7186e+12     3.1835     2     1     0.2441
    3  2.1174e+12     3.4432     3     2     0.3500
    4  2.0675e+12     3.4688     4     3     0.4519
    5  2.0340e+12     3.4864     5     4     0.5506
    6  1.5800e+12     3.7671     6     5     0.6467
    7  1.5654e+12     3.7777     7     6     0.7407
    8  1.5384e+12     3.7976     8     7     0.8330
    9  1.2277e+12     4.0637     9     8     0.9238
   10  1.1257e+12     4.1696    10     9     1.0134
   11  1.1227e+12     4.1728    11    10     1.1018
   12  1.1151e+12     4.1812    12    11     1.1894
   13  1.0192e+12     4.2932    13    12     1.2761
   14  9.4649e+11     4.3871    14    13     1.3621
   15  9.3020e+11     4.4094    15    14     1.4474
   16  8.5376e+11     4.5204    16    15     1.5322
   17  8.1451e+11     4.5823    17    16     1.6165
   18  7.3477e+11     4.7197    18    17     1.7003
   19  6.6893e+11     4.8476    19    18     1.7838
   20  5.1387e+11     5.2204    20    19     1.8669
   21  4.8888e+11     5.2932    21    20     1.9496
   22  4.0105e+11     5.5896    22    21     2.0321
   23  3.8921e+11     5.6355    23    22     2.1143
   24  3.6486e+11     5.7353    24    23     2.1963
   25  3.4754e+11     5.8113    25    24     2.2781
   26  3.3593e+11     5.8649    26    25     2.3597
   27  3.3446e+11     5.8718    27    26     2.4411
   28  3.2894e+11     5.8982    28    27     2.5223
   29  2.5636e+11     6.3037    29    28     2.6034
   30  1.8485e+11     6.8659    30    29     2.6844
   31  1.6699e+11     7.0478    31    30     2.7652
   32  1.6426e+11     7.0776    32    31     2.8459
   33  1.5905e+11     7.1362    33    32     2.9266
   34  1.5292e+11     7.2081    34    33     3.0071
   35  1.3800e+11     7.3984    35    34     3.0876
   36  1.3536e+11     7.4347    36    35     3.1680
   37  1.3362e+11     7.4589    37    36     3.2483
   38  1.3231e+11     7.4775    38    37     3.3285
   39  1.2661e+11     7.5608    39    38     3.4087
   40  1.1876e+11     7.6833    40    39     3.4889
   41  1.1861e+11     7.6856    41    40     3.5689
   42  1.1804e+11     7.6949    42    41     3.6490
   43  1.1796e+11     7.6964    43    42     3.7290
   44  1.1706e+11     7.7110    44    43     3.8089
   45  7.5294e+10     8.5965    45    44     3.8889
   46  7.4085e+10     8.6304    46    45     3.9688
   47  6.3928e+10     8.9428    47    46     4.0486
   48  6.3452e+10     8.9589    48    47     4.1285
   49  5.9945e+10     9.0817    49    48     4.2083
   50  5.9715e+10     9.0900    50    49     4.2881
   51  5.9455e+10     9.0995    51    50     4.3678
   52  4.8821e+10     9.5351    52    51     4.4476
   53  4.7038e+10     9.6190    53    52     4.5273
   54  4.4913e+10     9.7240    54    53     4.6070
   55  4.4593e+10     9.7403    55    54     4.6867
   56  4.1147e+10     9.9252    56    55     4.7664
   57  4.1083e+10     9.9287    57    56     4.8460
   58  4.0251e+10     9.9762    58    57     4.9257
   59  3.9128e+10    10.0420    59    58     5.0053
   60  3.1273e+10    10.5748    60    59     5.0849
   61  3.0760e+10    10.6148    61    60     5.1646
   62  3.0081e+10    10.6691    62    61     5.2442
   63  3.0011e+10    10.6748    63    62     5.3238
   64  2.7266e+10    10.9105    64    63     5.4033
   65  2.7181e+10    10.9183    65    64     5.4829
   66  2.6569e+10    10.9748    66    65     5.5625
   67  2.6187e+10    11.0109    67    66     5.6421
   68  2.5771e+10    11.0508    68    67     5.7216
   69  2.5624e+10    11.0652    69    68     5.8012
   70  2.5448e+10    11.0824    70    69     5.8807
   71  2.4443e+10    11.1837    71    70     5.9602
   72  2.3502e+10    11.2829    72    71     6.0398
   73  2.2000e+10    11.4514    73    72     6.1193
   74  2.0232e+10    11.6677    74    73     6.1988
   75  2.0134e+10    11.6803    75    74     6.2783
   76  1.9693e+10    11.7380    76    75     6.3579
   77  1.7377e+10    12.0677    77    76     6.4374
   78  1.7320e+10    12.0765    78    77     6.5169
   79  1.7255e+10    12.0865    79    78     6.5964
   80  1.7218e+10    12.0923    80    79     6.6759
   81  1.6956e+10    12.1333    81    80     6.7554
   82  1.6654e+10    12.1812    82    81     6.8349
   83  1.6610e+10    12.1885    83    82     6.9143
   84  1.6467e+10    12.2116    84    83     6.9938
   85  1.6413e+10    12.2205    85    84     7.0733
   86  1.5972e+10    12.2938    86    85     7.1528
   87  1.5923e+10    12.3021    87    86     7.2323
   88  1.5902e+10    12.3056    88    87     7.3117
   89  1.5223e+10    12.4238    89    88     7.3912
   90  1.4984e+10    12.4668    90    89     7.4707
   91  1.4849e+10    12.4916    91    90     7.5502
   92  1.3499e+10    12.7537    92    91     7.6296
   93  1.3335e+10    12.7876    93    92     7.7091
   94  1.1807e+10    13.1284    94    93     7.7885
   95  1.1547e+10    13.1915    95    94     7.8680
   96  1.1484e+10    13.2069    96    95     7.9475
   97  1.1406e+10    13.2264    97    96     8.0269
   98  1.1373e+10    13.2346    98    97     8.1064
   99  1.1351e+10    13.2402    99    98     8.1858
  100  9.7201e+09    13.6867   100    99     8.2653
