#indx Mass S step-number desc_indx 
    0  3.1600e+12     3.0343     0    -1     0.0134
    1  2.3501e+12     3.3330     1     0     0.1326
    2  2.3064e+12     3.3527     2     1     0.2441
    3  2.2964e+12     3.3572     3     2     0.3500
    4  1.9631e+12     3.5248     4     3     0.4519
    5  4.6447e+11     5.3688     5     4     0.5506
    6  4.4525e+11     5.4317     6     5     0.6467
    7  4.2954e+11     5.4856     7     6     0.7407
    8  4.2322e+11     5.5079     8     7     0.8330
    9  4.2117e+11     5.5152     9     8     0.9238
   10  4.1303e+11     5.5448    10     9     1.0134
   11  3.5814e+11     5.7643    11    10     1.1018
   12  3.4827e+11     5.8081    12    11     1.1894
   13  3.4228e+11     5.8353    13    12     1.2761
   14  2.8658e+11     6.1200    14    13     1.3621
   15  2.5008e+11     6.3451    15    14     1.4474
   16  2.4729e+11     6.3639    16    15     1.5322
   17  2.4506e+11     6.3791    17    16     1.6165
   18  2.4273e+11     6.3952    18    17     1.7003
   19  2.4200e+11     6.4003    19    18     1.7838
   20  2.3843e+11     6.4253    20    19     1.8669
   21  2.3693e+11     6.4360    21    20     1.9496
   22  2.2160e+11     6.5499    22    21     2.0321
   23  2.2142e+11     6.5513    23    22     2.1143
   24  2.1534e+11     6.5991    24    23     2.1963
   25  2.1292e+11     6.6186    25    24     2.2781
   26  2.1266e+11     6.6207    26    25     2.3597
   27  2.1063e+11     6.6373    27    26     2.4411
   28  2.0932e+11     6.6480    28    27     2.5223
   29  2.0899e+11     6.6508    29    28     2.6034
   30  2.0705e+11     6.6670    30    29     2.6844
   31  1.9990e+11     6.7282    31    30     2.7652
   32  1.9409e+11     6.7798    32    31     2.8459
   33  1.7467e+11     6.9668    33    32     2.9266
   34  1.7314e+11     6.9826    34    33     3.0071
   35  1.7084e+11     7.0067    35    34     3.0876
   36  1.6899e+11     7.0262    36    35     3.1680
   37  1.6161e+11     7.1071    37    36     3.2483
   38  1.6051e+11     7.1195    38    37     3.3285
   39  1.3612e+11     7.4241    39    38     3.4087
   40  1.3288e+11     7.4694    40    39     3.4889
   41  1.3263e+11     7.4730    41    40     3.5689
   42  1.2701e+11     7.5549    42    41     3.6490
   43  1.0837e+11     7.8608    43    42     3.7290
   44  1.0816e+11     7.8646    44    43     3.8089
   45  1.0774e+11     7.8723    45    44     3.8889
   46  1.0613e+11     7.9018    46    45     3.9688
   47  1.0604e+11     7.9035    47    46     4.0486
   48  1.0528e+11     7.9175    48    47     4.1285
   49  1.0494e+11     7.9239    49    48     4.2083
   50  9.1154e+10     8.2044    50    49     4.2881
   51  9.0717e+10     8.2141    51    50     4.3678
   52  8.7699e+10     8.2826    52    51     4.4476
   53  8.6161e+10     8.3186    53    52     4.5273
   54  8.3566e+10     8.3811    54    53     4.6070
   55  8.2415e+10     8.4095    55    54     4.6867
   56  7.7426e+10     8.5384    56    55     4.7664
   57  7.7277e+10     8.5424    57    56     4.8460
   58  4.9923e+10     9.4850    58    57     4.9257
   59  4.9706e+10     9.4948    59    58     5.0053
   60  4.8761e+10     9.5379    60    59     5.0849
   61  4.8375e+10     9.5558    61    60     5.1646
   62  4.6462e+10     9.6469    62    61     5.2442
   63  4.3453e+10     9.7995    63    62     5.3238
   64  4.3219e+10     9.8119    64    63     5.4033
   65  4.2938e+10     9.8269    65    64     5.4829
   66  4.1273e+10     9.9181    66    65     5.5625
   67  3.2574e+10    10.4764    67    66     5.6421
   68  3.1584e+10    10.5508    68    67     5.7216
   69  3.1496e+10    10.5575    69    68     5.8012
   70  2.9803e+10    10.6918    70    69     5.8807
   71  2.9567e+10    10.7112    71    70     5.9602
   72  2.9337e+10    10.7303    72    71     6.0398
   73  2.8004e+10    10.8446    73    72     6.1193
   74  2.7785e+10    10.8639    74    73     6.1988
   75  2.7471e+10    10.8920    75    74     6.2783
   76  2.6276e+10    11.0024    76    75     6.3579
   77  2.4768e+10    11.1505    77    76     6.4374
   78  2.4642e+10    11.1633    78    77     6.5169
   79  2.4454e+10    11.1825    79    78     6.5964
   80  2.3405e+10    11.2934    80    79     6.6759
   81  2.3242e+10    11.3112    81    80     6.7554
   82  2.3196e+10    11.3162    82    81     6.8349
   83  2.3032e+10    11.3343    83    82     6.9143
   84  2.0691e+10    11.6095    84    83     6.9938
   85  2.0616e+10    11.6188    85    84     7.0733
   86  2.0013e+10    11.6960    86    85     7.1528
   87  1.8320e+10    11.9277    87    86     7.2323
   88  1.8236e+10    11.9398    88    87     7.3117
   89  1.7493e+10    12.0501    89    88     7.3912
   90  1.7477e+10    12.0525    90    89     7.4707
   91  1.7293e+10    12.0808    91    90     7.5502
   92  1.6893e+10    12.1431    92    91     7.6296
   93  1.6568e+10    12.1952    93    92     7.7091
   94  1.6283e+10    12.2419    94    93     7.7885
   95  1.6078e+10    12.2760    95    94     7.8680
   96  1.6007e+10    12.2879    96    95     7.9475
   97  1.5980e+10    12.2925    97    96     8.0269
   98  1.5887e+10    12.3082    98    97     8.1064
   99  1.4221e+10    12.6099    99    98     8.1858
  100  1.3846e+10    12.6834   100    99     8.2653
