#indx Mass S step-number desc_indx 
    0  3.1600e+12     3.0343     0    -1     0.0134
    1  3.0383e+12     3.0727     1     0     0.1326
    2  3.0167e+12     3.0797     2     1     0.2441
    3  2.9491e+12     3.1021     3     2     0.3500
    4  2.8855e+12     3.1237     4     3     0.4519
    5  2.8089e+12     3.1506     5     4     0.5506
    6  2.7541e+12     3.1704     6     5     0.6467
    7  2.7184e+12     3.1835     7     6     0.7407
    8  2.2098e+12     3.3978     8     7     0.8330
    9  2.1652e+12     3.4194     9     8     0.9238
   10  2.1120e+12     3.4460    10     9     1.0134
   11  2.0554e+12     3.4751    11    10     1.1018
   12  2.0262e+12     3.4906    12    11     1.1894
   13  2.0223e+12     3.4926    13    12     1.2761
   14  2.0000e+12     3.5046    14    13     1.3621
   15  1.8935e+12     3.5643    15    14     1.4474
   16  1.8826e+12     3.5707    16    15     1.5322
   17  1.6628e+12     3.7090    17    16     1.6165
   18  1.6198e+12     3.7387    18    17     1.7003
   19  1.5449e+12     3.7928    19    18     1.7838
   20  1.5333e+12     3.8015    20    19     1.8669
   21  1.5208e+12     3.8109    21    20     1.9496
   22  1.5134e+12     3.8166    22    21     2.0321
   23  1.3478e+12     3.9520    23    22     2.1143
   24  1.1893e+12     4.1022    24    23     2.1963
   25  8.2671e+11     4.5627    25    24     2.2781
   26  8.2183e+11     4.5705    26    25     2.3597
   27  7.8155e+11     4.6370    27    26     2.4411
   28  7.7593e+11     4.6466    28    27     2.5223
   29  7.5767e+11     4.6785    29    28     2.6034
   30  7.3671e+11     4.7162    30    29     2.6844
   31  7.2956e+11     4.7294    31    30     2.7652
   32  7.2486e+11     4.7381    32    31     2.8459
   33  7.2312e+11     4.7413    33    32     2.9266
   34  6.1943e+11     4.9542    34    33     3.0071
   35  5.9694e+11     5.0061    35    34     3.0876
   36  5.7254e+11     5.0652    36    35     3.1680
   37  4.9715e+11     5.2687    37    36     3.2483
   38  4.8742e+11     5.2976    38    37     3.3285
   39  4.4990e+11     5.4161    39    38     3.4087
   40  4.3846e+11     5.4547    40    39     3.4889
   41  4.3533e+11     5.4654    41    40     3.5689
   42  4.2975e+11     5.4848    42    41     3.6490
   43  4.2595e+11     5.4982    43    42     3.7290
   44  4.2269e+11     5.5098    44    43     3.8089
   45  3.3866e+11     5.8521    45    44     3.8889
   46  2.8816e+11     6.1110    46    45     3.9688
   47  2.7491e+11     6.1880    47    46     4.0486
   48  2.4484e+11     6.3806    48    47     4.1285
   49  2.4411e+11     6.3856    49    48     4.2083
   50  1.5820e+11     7.1459    50    49     4.2881
   51  1.5603e+11     7.1712    51    50     4.3678
   52  1.5524e+11     7.1804    52    51     4.4476
   53  1.5346e+11     7.2016    53    52     4.5273
   54  5.2980e+09    15.5374    54    53     4.6070
   55  5.2162e+09    15.5870    55    54     4.6867
   56  5.1505e+09    15.6276    56    55     4.7664
   57  4.9619e+09    15.7473    57    56     4.8460
   58  4.9512e+09    15.7543    58    57     4.9257
   59  4.9207e+09    15.7742    59    58     5.0053
   60  4.8871e+09    15.7963    60    59     5.0849
   61  4.7362e+09    15.8977    61    60     5.1646
   62  4.7049e+09    15.9192    62    61     5.2442
   63  4.6628e+09    15.9484    63    62     5.3238
   64  4.3029e+09    16.2108    64    63     5.4033
   65  4.2557e+09    16.2471    65    64     5.4829
   66  4.1142e+09    16.3586    66    65     5.5625
   67  4.0218e+09    16.4339    67    66     5.6421
   68  4.0169e+09    16.4379    68    67     5.7216
   69  3.6979e+09    16.7142    69    68     5.8012
   70  3.6682e+09    16.7413    70    69     5.8807
   71  3.3017e+09    17.0977    71    70     5.9602
   72  2.8718e+09    17.5784    72    71     6.0398
   73  2.8373e+09    17.6205    73    72     6.1193
   74  2.8113e+09    17.6526    74    73     6.1988
   75  2.8024e+09    17.6637    75    74     6.2783
   76  2.7694e+09    17.7051    76    75     6.3579
   77  2.7661e+09    17.7094    77    76     6.4374
   78  2.7627e+09    17.7137    78    77     6.5169
   79  2.7596e+09    17.7176    79    78     6.5964
   80  2.6973e+09    17.7975    80    79     6.6759
   81  2.6874e+09    17.8105    81    80     6.7554
   82  1.9547e+09    18.9535    82    81     6.8349
   83  1.1429e+09    20.9959    83    82     6.9143
   84  1.0783e+09    21.2264    84    83     6.9938
   85  1.0772e+09    21.2302    85    84     7.0733
   86  1.0740e+09    21.2424    86    85     7.1528
   87  1.0730e+09    21.2461    87    86     7.2323
   88  1.0688e+09    21.2613    88    87     7.3117
   89  9.2657e+08    21.8349    89    88     7.3912
   90  9.2644e+08    21.8355    90    89     7.4707
   91  9.0943e+08    21.9107    91    90     7.5502
   92  8.6435e+08    22.1180    92    91     7.6296
   93  6.8182e+08    23.1030    93    92     7.7091
   94  6.4995e+08    23.3054    94    93     7.7885
   95  6.0120e+08    23.6378    95    94     7.8680
   96  5.9841e+08    23.6577    96    95     7.9475
   97  5.8536e+08    23.7523    97    96     8.0269
   98  5.7153e+08    23.8553    98    97     8.1064
   99  5.6979e+08    23.8684    99    98     8.1858
  100  5.6568e+08    23.8997   100    99     8.2653
