#indx Mass S step-number desc_indx 
    0  3.1600e+12     3.0343     0    -1     0.0134
    1  2.8168e+12     3.1478     1     0     0.1326
    2  2.4156e+12     3.3044     2     1     0.2441
    3  1.2451e+12     4.0467     3     2     0.3500
    4  1.2333e+12     4.0581     4     3     0.4519
    5  1.1843e+12     4.1073     5     4     0.5506
    6  1.1568e+12     4.1360     6     5     0.6467
    7  1.1552e+12     4.1377     7     6     0.7407
    8  1.1521e+12     4.1410     8     7     0.8330
    9  1.1480e+12     4.1454     9     8     0.9238
   10  1.0995e+12     4.1986    10     9     1.0134
   11  1.0191e+12     4.2933    11    10     1.1018
   12  1.0119e+12     4.3023    12    11     1.1894
   13  9.1359e+11     4.4325    13    12     1.2761
   14  8.7097e+11     4.4944    14    13     1.3621
   15  7.6113e+11     4.6724    15    14     1.4474
   16  7.5697e+11     4.6797    16    15     1.5322
   17  7.4863e+11     4.6946    17    16     1.6165
   18  6.9644e+11     4.7924    18    17     1.7003
   19  6.9548e+11     4.7943    19    18     1.7838
   20  6.8785e+11     4.8094    20    19     1.8669
   21  6.6615e+11     4.8534    21    20     1.9496
   22  6.2153e+11     4.9495    22    21     2.0321
   23  6.1512e+11     4.9640    23    22     2.1143
   24  6.0876e+11     4.9786    24    23     2.1963
   25  6.0470e+11     4.9880    25    24     2.2781
   26  6.0448e+11     4.9885    26    25     2.3597
   27  6.0302e+11     4.9919    27    26     2.4411
   28  5.4454e+11     5.1368    28    27     2.5223
   29  5.4375e+11     5.1388    29    28     2.6034
   30  5.2170e+11     5.1985    30    29     2.6844
   31  5.1577e+11     5.2151    31    30     2.7652
   32  4.7652e+11     5.3309    32    31     2.8459
   33  4.0522e+11     5.5738    33    32     2.9266
   34  3.8552e+11     5.6501    34    33     3.0071
   35  3.8012e+11     5.6718    35    34     3.0876
   36  3.6694e+11     5.7265    36    35     3.1680
   37  3.6183e+11     5.7483    37    36     3.2483
   38  3.5783e+11     5.7657    38    37     3.3285
   39  3.5002e+11     5.8002    39    38     3.4087
   40  3.4053e+11     5.8434    40    39     3.4889
   41  3.2631e+11     5.9109    41    40     3.5689
   42  3.1566e+11     5.9638    42    41     3.6490
   43  3.1516e+11     5.9664    43    42     3.7290
   44  3.1342e+11     5.9753    44    43     3.8089
   45  3.1245e+11     5.9802    45    44     3.8889
   46  2.9927e+11     6.0496    46    45     3.9688
   47  2.9626e+11     6.0660    47    46     4.0486
   48  2.9551e+11     6.0701    48    47     4.1285
   49  2.9406e+11     6.0780    49    48     4.2083
   50  2.8662e+11     6.1197    50    49     4.2881
   51  2.7685e+11     6.1765    51    50     4.3678
   52  2.4015e+11     6.4132    52    51     4.4476
   53  2.3928e+11     6.4193    53    52     4.5273
   54  7.0377e+10     8.7382    54    53     4.6070
   55  6.9915e+10     8.7522    55    54     4.6867
   56  6.7847e+10     8.8158    56    55     4.7664
   57  6.7714e+10     8.8199    57    56     4.8460
   58  6.4258e+10     8.9318    58    57     4.9257
   59  6.4016e+10     8.9399    59    58     5.0053
   60  6.3012e+10     8.9738    60    59     5.0849
   61  6.2751e+10     8.9828    61    60     5.1646
   62  6.1517e+10     9.0256    62    61     5.2442
   63  6.1280e+10     9.0340    63    62     5.3238
   64  5.9310e+10     9.1048    64    63     5.4033
   65  5.8422e+10     9.1376    65    64     5.4829
   66  5.7994e+10     9.1537    66    65     5.5625
   67  5.6825e+10     9.1982    67    66     5.6421
   68  5.4673e+10     9.2831    68    67     5.7216
   69  5.4386e+10     9.2947    69    68     5.8012
   70  5.3769e+10     9.3199    70    69     5.8807
   71  5.3518e+10     9.3302    71    70     5.9602
   72  5.2955e+10     9.3537    72    71     6.0398
   73  5.1557e+10     9.4131    73    72     6.1193
   74  5.1515e+10     9.4149    74    73     6.1988
   75  4.8434e+10     9.5530    75    74     6.2783
   76  4.5695e+10     9.6847    76    75     6.3579
   77  4.4251e+10     9.7579    77    76     6.4374
   78  4.3791e+10     9.7818    78    77     6.5169
   79  4.1568e+10     9.9016    79    78     6.5964
   80  3.9665e+10    10.0103    80    79     6.6759
   81  3.9373e+10    10.0275    81    80     6.7554
   82  3.7713e+10    10.1282    82    81     6.8349
   83  3.6080e+10    10.2325    83    82     6.9143
   84  3.5627e+10    10.2624    84    83     6.9938
   85  3.5261e+10    10.2870    85    84     7.0733
   86  3.5148e+10    10.2946    86    85     7.1528
   87  3.4140e+10    10.3639    87    86     7.2323
   88  2.9557e+10    10.7120    88    87     7.3117
   89  2.9493e+10    10.7174    89    88     7.3912
   90  2.8162e+10    10.8307    90    89     7.4707
   91  2.8051e+10    10.8404    91    90     7.5502
   92  2.8033e+10    10.8420    92    91     7.6296
   93  2.7900e+10    10.8537    93    92     7.7091
   94  2.3002e+10    11.3376    94    93     7.7885
   95  2.1547e+10    11.5048    95    94     7.8680
   96  2.1500e+10    11.5104    96    95     7.9475
   97  2.1435e+10    11.5182    97    96     8.0269
   98  2.1314e+10    11.5328    98    97     8.1064
   99  2.1220e+10    11.5442    99    98     8.1858
  100  2.1087e+10    11.5605   100    99     8.2653
