#indx Mass S step-number desc_indx 
    0  3.1600e+12     3.0343     0    -1     0.0134
    1  3.1330e+12     3.0426     1     0     0.1326
    2  3.0374e+12     3.0730     2     1     0.2441
    3  2.9898e+12     3.0886     3     2     0.3500
    4  2.9592e+12     3.0987     4     3     0.4519
    5  2.9181e+12     3.1126     5     4     0.5506
    6  2.8212e+12     3.1462     6     5     0.6467
    7  2.8023e+12     3.1530     7     6     0.7407
    8  2.7407e+12     3.1753     8     7     0.8330
    9  2.6950e+12     3.1923     9     8     0.9238
   10  2.6068e+12     3.2260    10     9     1.0134
   11  2.3693e+12     3.3245    11    10     1.1018
   12  2.3535e+12     3.3315    12    11     1.1894
   13  2.2988e+12     3.3561    13    12     1.2761
   14  2.1764e+12     3.4139    14    13     1.3621
   15  2.0635e+12     3.4709    15    14     1.4474
   16  1.9712e+12     3.5204    16    15     1.5322
   17  1.7255e+12     3.6674    17    16     1.6165
   18  1.7049e+12     3.6808    18    17     1.7003
   19  1.6937e+12     3.6882    19    18     1.7838
   20  1.4007e+12     3.9066    20    19     1.8669
   21  1.1035e+12     4.1941    21    20     1.9496
   22  1.0443e+12     4.2627    22    21     2.0321
   23  1.0293e+12     4.2808    23    22     2.1143
   24  1.0015e+12     4.3153    24    23     2.1963
   25  9.9078e+11     4.3289    25    24     2.2781
   26  9.5290e+11     4.3785    26    25     2.3597
   27  9.3624e+11     4.4011    27    26     2.4411
   28  9.1944e+11     4.4243    28    27     2.5223
   29  9.1279e+11     4.4337    29    28     2.6034
   30  8.7430e+11     4.4894    30    29     2.6844
   31  8.0930e+11     4.5907    31    30     2.7652
   32  8.0776e+11     4.5933    32    31     2.8459
   33  8.0109e+11     4.6042    33    32     2.9266
   34  7.7847e+11     4.6423    34    33     3.0071
   35  7.6104e+11     4.6725    35    34     3.0876
   36  7.0469e+11     4.7764    36    35     3.1680
   37  6.9780e+11     4.7898    37    36     3.2483
   38  6.9504e+11     4.7952    38    37     3.3285
   39  4.5812e+11     5.3892    39    38     3.4087
   40  4.4636e+11     5.4279    40    39     3.4889
   41  4.1190e+11     5.5490    41    40     3.5689
   42  4.0662e+11     5.5686    42    41     3.6490
   43  3.9067e+11     5.6297    43    42     3.7290
   44  3.7508e+11     5.6925    44    43     3.8089
   45  3.7252e+11     5.7031    45    44     3.8889
   46  3.6690e+11     5.7266    46    45     3.9688
   47  3.5575e+11     5.7748    47    46     4.0486
   48  3.2689e+11     5.9081    48    47     4.1285
   49  3.2065e+11     5.9388    49    48     4.2083
   50  2.3806e+11     6.4280    50    49     4.2881
   51  2.3618e+11     6.4413    51    50     4.3678
   52  2.1303e+11     6.6177    52    51     4.4476
   53  1.9682e+11     6.7553    53    52     4.5273
   54  1.8587e+11     6.8561    54    53     4.6070
   55  1.8436e+11     6.8706    55    54     4.6867
   56  1.8212e+11     6.8923    56    55     4.7664
   57  1.8101e+11     6.9032    57    56     4.8460
   58  9.9791e+09    13.6103    58    57     4.9257
   59  9.9355e+09    13.6230    59    58     5.0053
   60  9.5163e+09    13.7485    60    59     5.0849
   61  9.3238e+09    13.8083    61    60     5.1646
   62  9.2401e+09    13.8348    62    61     5.2442
   63  9.2256e+09    13.8394    63    62     5.3238
   64  7.7981e+09    14.3393    64    63     5.4033
   65  7.7708e+09    14.3499    65    64     5.4829
   66  7.6456e+09    14.3989    66    65     5.5625
   67  7.5709e+09    14.4286    67    66     5.6421
   68  7.3442e+09    14.5207    68    67     5.7216
   69  7.3275e+09    14.5276    69    68     5.8012
   70  7.2685e+09    14.5522    70    69     5.8807
   71  5.3632e+09    15.4984    71    70     5.9602
   72  5.3291e+09    15.5187    72    71     6.0398
   73  5.3137e+09    15.5279    73    72     6.1193
   74  5.2901e+09    15.5422    74    73     6.1988
   75  5.2236e+09    15.5825    75    74     6.2783
   76  5.1051e+09    15.6560    76    75     6.3579
   77  5.0368e+09    15.6992    77    76     6.4374
   78  4.9736e+09    15.7398    78    77     6.5169
   79  4.7601e+09    15.8814    79    78     6.5964
   80  4.4123e+09    16.1285    80    79     6.6759
   81  4.4093e+09    16.1307    81    80     6.7554
   82  4.3646e+09    16.1641    82    81     6.8349
   83  2.2474e+09    18.4464    83    82     6.9143
   84  2.2469e+09    18.4472    84    83     6.9938
   85  2.0590e+09    18.7635    85    84     7.0733
   86  2.0537e+09    18.7728    86    85     7.1528
   87  2.0526e+09    18.7749    87    86     7.2323
   88  2.0475e+09    18.7839    88    87     7.3117
   89  1.9102e+09    19.0381    89    88     7.3912
   90  1.8686e+09    19.1195    90    89     7.4707
   91  1.8667e+09    19.1232    91    90     7.5502
   92  1.8340e+09    19.1884    92    91     7.6296
   93  1.8210e+09    19.2148    93    92     7.7091
   94  1.7209e+09    19.4250    94    93     7.7885
   95  1.1045e+09    21.1310    95    94     7.8680
   96  1.0343e+09    21.3925    96    95     7.9475
   97  6.2505e+08    23.4716    97    96     8.0269
   98  6.1214e+08    23.5606    98    97     8.1064
   99  6.0904e+08    23.5823    99    98     8.1858
  100  5.8088e+08    23.7854   100    99     8.2653
