#indx Mass S step-number desc_indx 
    0  3.1600e+12     3.0343     0    -1     0.0134
    1  3.1299e+12     3.0436     1     0     0.1326
    2  2.3881e+12     3.3163     2     1     0.2441
    3  1.9347e+12     3.5408     3     2     0.3500
    4  1.8099e+12     3.6142     4     3     0.4519
    5  1.7973e+12     3.6219     5     4     0.5506
    6  7.3581e+11     4.7178     6     5     0.6467
    7  7.2778e+11     4.7326     7     6     0.7407
    8  6.8226e+11     4.8205     8     7     0.8330
    9  6.7106e+11     4.8433     9     8     0.9238
   10  5.9817e+11     5.0032    10     9     1.0134
   11  5.8758e+11     5.0284    11    10     1.1018
   12  5.6675e+11     5.0796    12    11     1.1894
   13  5.5092e+11     5.1201    13    12     1.2761
   14  5.4199e+11     5.1435    14    13     1.3621
   15  5.3622e+11     5.1589    15    14     1.4474
   16  4.6806e+11     5.3573    16    15     1.5322
   17  4.3472e+11     5.4675    17    16     1.6165
   18  4.2610e+11     5.4977    18    17     1.7003
   19  4.1355e+11     5.5429    19    18     1.7838
   20  3.9109e+11     5.6281    20    19     1.8669
   21  3.5469e+11     5.7794    21    20     1.9496
   22  3.4171e+11     5.8379    22    21     2.0321
   23  2.7969e+11     6.1597    23    22     2.1143
   24  2.6178e+11     6.2689    24    23     2.1963
   25  2.1546e+11     6.5982    25    24     2.2781
   26  2.1194e+11     6.6265    26    25     2.3597
   27  2.0669e+11     6.6700    27    26     2.4411
   28  1.8471e+11     6.8673    28    27     2.5223
   29  1.8085e+11     6.9047    29    28     2.6034
   30  1.7918e+11     6.9212    30    29     2.6844
   31  1.7244e+11     6.9899    31    30     2.7652
   32  1.6982e+11     7.0174    32    31     2.8459
   33  1.6191e+11     7.1038    33    32     2.9266
   34  1.5596e+11     7.1720    34    33     3.0071
   35  1.5422e+11     7.1926    35    34     3.0876
   36  1.3915e+11     7.3829    36    35     3.1680
   37  1.3775e+11     7.4018    37    36     3.2483
   38  1.3626e+11     7.4222    38    37     3.3285
   39  1.3387e+11     7.4554    39    38     3.4087
   40  1.2803e+11     7.5397    40    39     3.4889
   41  1.2743e+11     7.5487    41    40     3.5689
   42  1.0019e+11     8.0154    42    41     3.6490
   43  9.7624e+10     8.0670    43    42     3.7290
   44  9.5971e+10     8.1010    44    43     3.8089
   45  9.5737e+10     8.1059    45    44     3.8889
   46  9.2122e+10     8.1831    46    45     3.9688
   47  9.0114e+10     8.2276    47    46     4.0486
   48  8.9140e+10     8.2496    48    47     4.1285
   49  8.9014e+10     8.2525    49    48     4.2083
   50  8.8412e+10     8.2662    50    49     4.2881
   51  8.8168e+10     8.2718    51    50     4.3678
   52  8.0312e+10     8.4627    52    51     4.4476
   53  7.5650e+10     8.5867    53    52     4.5273
   54  7.5234e+10     8.5982    54    53     4.6070
   55  7.4999e+10     8.6047    55    54     4.6867
   56  7.4103e+10     8.6298    56    55     4.7664
   57  5.9814e+10     9.0864    57    56     4.8460
   58  5.7014e+10     9.1909    58    57     4.9257
   59  2.7217e+10    10.9150    59    58     5.0053
   60  2.6836e+10    10.9500    60    59     5.0849
   61  2.6272e+10    11.0028    61    60     5.1646
   62  2.6147e+10    11.0147    62    61     5.2442
   63  1.2471e+10    12.9744    63    62     5.3238
   64  1.2068e+10    13.0667    64    63     5.4033
   65  1.2044e+10    13.0723    65    64     5.4829
   66  1.1993e+10    13.0843    66    65     5.5625
   67  1.1591e+10    13.1809    67    66     5.6421
   68  1.1585e+10    13.1821    68    67     5.7216
   69  1.1471e+10    13.2102    69    68     5.8012
   70  1.1167e+10    13.2866    70    69     5.8807
   71  1.0953e+10    13.3420    71    70     5.9602
   72  7.7826e+09    14.3453    72    71     6.0398
   73  7.4095e+09    14.4938    73    72     6.1193
   74  7.3699e+09    14.5101    74    73     6.1988
   75  7.3502e+09    14.5182    75    74     6.2783
   76  7.3226e+09    14.5296    76    75     6.3579
   77  7.2689e+09    14.5520    77    76     6.4374
   78  7.0585e+09    14.6416    78    77     6.5169
   79  6.1277e+09    15.0784    79    78     6.5964
   80  5.7879e+09    15.2572    80    79     6.6759
   81  5.6719e+09    15.3210    81    80     6.7554
   82  5.6338e+09    15.3423    82    81     6.8349
   83  5.6282e+09    15.3455    83    82     6.9143
   84  5.6110e+09    15.3551    84    83     6.9938
   85  5.3153e+09    15.5270    85    84     7.0733
   86  5.2809e+09    15.5477    86    85     7.1528
   87  5.2545e+09    15.5637    87    86     7.2323
   88  4.8875e+09    15.7960    88    87     7.3117
   89  4.8353e+09    15.8307    89    88     7.3912
   90  4.8123e+09    15.8461    90    89     7.4707
   91  4.6736e+09    15.9409    91    90     7.5502
   92  4.4566e+09    16.0958    92    91     7.6296
   93  4.4044e+09    16.1343    93    92     7.7091
   94  4.3321e+09    16.1886    94    93     7.7885
   95  4.3307e+09    16.1897    95    94     7.8680
   96  4.3041e+09    16.2099    96    95     7.9475
   97  3.8994e+09    16.5367    97    96     8.0269
   98  3.8788e+09    16.5543    98    97     8.1064
   99  3.8067e+09    16.6169    99    98     8.1858
  100  3.6859e+09    16.7251   100    99     8.2653
