#indx Mass S step-number desc_indx 
    0  3.1600e+12     3.0343     0    -1     0.0134
    1  3.0974e+12     3.0538     1     0     0.1326
    2  3.0497e+12     3.0690     2     1     0.2441
    3  2.9747e+12     3.0935     3     2     0.3500
    4  2.9029e+12     3.1178     4     3     0.4519
    5  2.8987e+12     3.1192     5     4     0.5506
    6  2.8705e+12     3.1289     6     5     0.6467
    7  2.8125e+12     3.1493     7     6     0.7407
    8  2.7852e+12     3.1591     8     7     0.8330
    9  2.7819e+12     3.1603     9     8     0.9238
   10  2.7743e+12     3.1630    10     9     1.0134
   11  2.6733e+12     3.2004    11    10     1.1018
   12  2.6238e+12     3.2194    12    11     1.1894
   13  2.6067e+12     3.2261    13    12     1.2761
   14  8.3971e+11     4.5422    14    13     1.3621
   15  3.0167e+11     6.0367    15    14     1.4474
   16  2.9531e+11     6.0712    16    15     1.5322
   17  2.7810e+11     6.1691    17    16     1.6165
   18  2.3353e+11     6.4605    18    17     1.7003
   19  2.3247e+11     6.4682    19    18     1.7838
   20  2.2905e+11     6.4934    20    19     1.8669
   21  2.1160e+11     6.6293    21    20     1.9496
   22  2.0465e+11     6.6872    22    21     2.0321
   23  1.7012e+11     7.0143    23    22     2.1143
   24  1.6962e+11     7.0195    24    23     2.1963
   25  1.6890e+11     7.0272    25    24     2.2781
   26  1.6817e+11     7.0350    26    25     2.3597
   27  1.6034e+11     7.1215    27    26     2.4411
   28  1.5759e+11     7.1530    28    27     2.5223
   29  1.5673e+11     7.1630    29    28     2.6034
   30  1.2617e+11     7.5675    30    29     2.6844
   31  1.2410e+11     7.5991    31    30     2.7652
   32  1.0523e+11     7.9185    32    31     2.8459
   33  7.0947e+10     8.7213    33    32     2.9266
   34  7.0295e+10     8.7407    34    33     3.0071
   35  5.9446e+10     9.0998    35    34     3.0876
   36  5.8434e+10     9.1372    36    35     3.1680
   37  5.3786e+10     9.3192    37    36     3.2483
   38  4.9924e+10     9.4850    38    37     3.3285
   39  4.9341e+10     9.5113    39    38     3.4087
   40  4.8884e+10     9.5322    40    39     3.4889
   41  3.7099e+10    10.1668    41    40     3.5689
   42  3.6842e+10    10.1832    42    41     3.6490
   43  2.7441e+10    10.8947    43    42     3.7290
   44  2.6860e+10    10.9478    44    43     3.8089
   45  2.6091e+10    11.0200    45    44     3.8889
   46  2.4675e+10    11.1599    46    45     3.9688
   47  2.4433e+10    11.1847    47    46     4.0486
   48  1.9486e+10    11.7656    48    47     4.1285
   49  1.9257e+10    11.7965    49    48     4.2083
   50  1.8222e+10    11.9419    50    49     4.2881
   51  1.7544e+10    12.0423    51    50     4.3678
   52  1.7442e+10    12.0579    52    51     4.4476
   53  1.7065e+10    12.1161    53    52     4.5273
   54  1.6865e+10    12.1477    54    53     4.6070
   55  1.6601e+10    12.1898    55    54     4.6867
   56  1.6579e+10    12.1934    56    55     4.7664
   57  1.6310e+10    12.2373    57    56     4.8460
   58  1.5195e+10    12.4289    58    57     4.9257
   59  1.4165e+10    12.6207    59    58     5.0053
   60  1.4036e+10    12.6459    60    59     5.0849
   61  1.3524e+10    12.7486    61    60     5.1646
   62  1.3453e+10    12.7632    62    61     5.2442
   63  1.3161e+10    12.8240    63    62     5.3238
   64  1.2442e+10    12.9808    64    63     5.4033
   65  1.2185e+10    13.0396    65    64     5.4829
   66  1.2142e+10    13.0495    66    65     5.5625
   67  1.1696e+10    13.1552    67    66     5.6421
   68  1.1332e+10    13.2450    68    67     5.7216
   69  1.1276e+10    13.2592    69    68     5.8012
   70  7.9809e+09    14.2696    70    69     5.8807
   71  7.9453e+09    14.2831    71    70     5.9602
   72  7.9409e+09    14.2847    72    71     6.0398
   73  7.7877e+09    14.3433    73    72     6.1193
   74  7.7443e+09    14.3602    74    73     6.1988
   75  7.6498e+09    14.3972    75    74     6.2783
   76  7.4961e+09    14.4586    76    75     6.3579
   77  6.3565e+09    14.9643    77    76     6.4374
   78  5.9861e+09    15.1515    78    77     6.5169
   79  5.0300e+09    15.7035    79    78     6.5964
   80  4.9883e+09    15.7303    80    79     6.6759
   81  4.9801e+09    15.7356    81    80     6.7554
   82  4.9439e+09    15.7591    82    81     6.8349
   83  4.9296e+09    15.7684    83    82     6.9143
   84  4.2048e+09    16.2867    84    83     6.9938
   85  4.1542e+09    16.3267    85    84     7.0733
   86  4.1038e+09    16.3670    86    85     7.1528
   87  3.8795e+09    16.5537    87    86     7.2323
   88  3.7750e+09    16.6450    88    87     7.3117
   89  3.7370e+09    16.6788    89    88     7.3912
   90  3.6980e+09    16.7140    90    89     7.4707
   91  3.6451e+09    16.7625    91    90     7.5502
   92  3.6322e+09    16.7744    92    91     7.6296
   93  3.6299e+09    16.7765    93    92     7.7091
   94  3.6155e+09    16.7899    94    93     7.7885
   95  3.5584e+09    16.8436    95    94     7.8680
   96  1.1259e+09    21.0551    96    95     7.9475
   97  1.1099e+09    21.1118    97    96     8.0269
   98  1.1097e+09    21.1124    98    97     8.1064
   99  1.1055e+09    21.1276    99    98     8.1858
  100  1.1046e+09    21.1308   100    99     8.2653
