#indx Mass S step-number desc_indx 
    0  3.1600e+12     3.0343     0    -1     0.0134
    1  2.1518e+12     3.4260     1     0     0.1326
    2  2.0898e+12     3.4573     2     1     0.2441
    3  2.0748e+12     3.4650     3     2     0.3500
    4  1.7997e+12     3.6204     4     3     0.4519
    5  1.6374e+12     3.7264     5     4     0.5506
    6  1.6228e+12     3.7366     6     5     0.6467
    7  1.1295e+12     4.1654     7     6     0.7407
    8  1.0268e+12     4.2839     8     7     0.8330
    9  9.7434e+11     4.3502     9     8     0.9238
   10  9.4532e+11     4.3887    10     9     1.0134
   11  9.2807e+11     4.4123    11    10     1.1018
   12  6.4447e+11     4.8991    12    11     1.1894
   13  5.9543e+11     5.0097    13    12     1.2761
   14  5.4688e+11     5.1306    14    13     1.3621
   15  4.6825e+11     5.3567    15    14     1.4474
   16  4.6504e+11     5.3669    16    15     1.5322
   17  4.5403e+11     5.4025    17    16     1.6165
   18  4.3483e+11     5.4671    18    17     1.7003
   19  4.3158e+11     5.4784    19    18     1.7838
   20  3.8856e+11     5.6380    20    19     1.8669
   21  3.6893e+11     5.7181    21    20     1.9496
   22  3.6869e+11     5.7191    22    21     2.0321
   23  3.5977e+11     5.7572    23    22     2.1143
   24  3.1622e+11     5.9610    24    23     2.1963
   25  3.1483e+11     5.9681    25    24     2.2781
   26  3.0808e+11     6.0028    26    25     2.3597
   27  2.8164e+11     6.1484    27    26     2.4411
   28  2.6942e+11     6.2213    28    27     2.5223
   29  2.4279e+11     6.3948    29    28     2.6034
   30  2.2174e+11     6.5488    30    29     2.6844
   31  1.8630e+11     6.8520    31    30     2.7652
   32  1.7402e+11     6.9736    32    31     2.8459
   33  1.7374e+11     6.9765    33    32     2.9266
   34  1.6922e+11     7.0238    34    33     3.0071
   35  1.6749e+11     7.0424    35    34     3.0876
   36  1.6728e+11     7.0446    36    35     3.1680
   37  1.1351e+11     7.7706    37    36     3.2483
   38  1.1022e+11     7.8278    38    37     3.3285
   39  1.0969e+11     7.8372    39    38     3.4087
   40  1.0733e+11     7.8798    40    39     3.4889
   41  5.8942e+10     9.1183    41    40     3.5689
   42  5.8838e+10     9.1222    42    41     3.6490
   43  5.8180e+10     9.1467    43    42     3.7290
   44  5.3907e+10     9.3142    44    43     3.8089
   45  5.3110e+10     9.3472    45    44     3.8889
   46  5.2827e+10     9.3590    46    45     3.9688
   47  5.1165e+10     9.4301    47    46     4.0486
   48  1.6414e+10    12.2203    48    47     4.1285
   49  1.4182e+10    12.6174    49    48     4.2083
   50  1.3407e+10    12.7727    50    49     4.2881
   51  1.3207e+10    12.8142    51    50     4.3678
   52  9.9955e+09    13.6055    52    51     4.4476
   53  9.6881e+09    13.6963    53    52     4.5273
   54  9.6701e+09    13.7017    54    53     4.6070
   55  9.3727e+09    13.7930    55    54     4.6867
   56  8.9127e+09    13.9410    56    55     4.7664
   57  8.7121e+09    14.0083    57    56     4.8460
   58  8.1565e+09    14.2044    58    57     4.9257
   59  8.1394e+09    14.2107    59    58     5.0053
   60  8.0918e+09    14.2283    60    59     5.0849
   61  8.0447e+09    14.2458    61    60     5.1646
   62  5.9800e+09    15.1547    62    61     5.2442
   63  5.9560e+09    15.1673    63    62     5.3238
   64  5.9536e+09    15.1685    64    63     5.4033
   65  5.8878e+09    15.2034    65    64     5.4829
   66  5.2349e+09    15.5756    66    65     5.5625
   67  4.8169e+09    15.8430    67    66     5.6421
   68  4.7819e+09    15.8666    68    67     5.7216
   69  4.7655e+09    15.8778    69    68     5.8012
   70  4.7226e+09    15.9070    70    69     5.8807
   71  2.8523e+09    17.6022    71    70     5.9602
   72  2.8506e+09    17.6042    72    71     6.0398
   73  2.8449e+09    17.6112    73    72     6.1193
   74  2.8323e+09    17.6267    74    73     6.1988
   75  2.7145e+09    17.7752    75    74     6.2783
   76  2.6952e+09    17.8003    76    75     6.3579
   77  2.4605e+09    18.1223    77    76     6.4374
   78  2.4236e+09    18.1760    78    77     6.5169
   79  2.4229e+09    18.1770    79    78     6.5964
   80  2.3988e+09    18.2127    80    79     6.6759
   81  2.3907e+09    18.2247    81    80     6.7554
   82  2.3765e+09    18.2460    82    81     6.8349
   83  2.3061e+09    18.3537    83    82     6.9143
   84  2.2880e+09    18.3819    84    83     6.9938
   85  2.2257e+09    18.4813    85    84     7.0733
   86  2.0907e+09    18.7079    86    85     7.1528
   87  1.9301e+09    19.0001    87    86     7.2323
   88  1.6389e+09    19.6080    88    87     7.3117
   89  1.6078e+09    19.6802    89    88     7.3912
   90  1.6068e+09    19.6825    90    89     7.4707
   91  1.4395e+09    20.0998    91    90     7.5502
   92  1.4376e+09    20.1051    92    91     7.6296
   93  1.4269e+09    20.1336    93    92     7.7091
   94  1.4231e+09    20.1438    94    93     7.7885
   95  1.4211e+09    20.1491    95    94     7.8680
   96  1.3474e+09    20.3538    96    95     7.9475
   97  1.2946e+09    20.5086    97    96     8.0269
   98  1.2851e+09    20.5370    98    97     8.1064
   99  1.2834e+09    20.5423    99    98     8.1858
  100  1.2529e+09    20.6359   100    99     8.2653
