#indx Mass S step-number desc_indx 
    0  3.1600e+12     3.0343     0    -1     0.0134
    1  3.1562e+12     3.0354     1     0     0.1326
    2  2.9169e+12     3.1130     2     1     0.2441
    3  2.8998e+12     3.1188     3     2     0.3500
    4  2.8929e+12     3.1212     4     3     0.4519
    5  2.7506e+12     3.1717     5     4     0.5506
    6  2.6761e+12     3.1994     6     5     0.6467
    7  2.6633e+12     3.2043     7     6     0.7407
    8  2.6167e+12     3.2222     8     7     0.8330
    9  2.1258e+12     3.4390     9     8     0.9238
   10  1.9812e+12     3.5149    10     9     1.0134
   11  1.9777e+12     3.5168    11    10     1.1018
   12  1.8458e+12     3.5924    12    11     1.1894
   13  1.7746e+12     3.6360    13    12     1.2761
   14  1.7326e+12     3.6628    14    13     1.3621
   15  1.4469e+12     3.8686    15    14     1.4474
   16  1.3846e+12     3.9202    16    15     1.5322
   17  1.3631e+12     3.9386    17    16     1.6165
   18  1.3317e+12     3.9663    18    17     1.7003
   19  1.0162e+12     4.2970    19    18     1.7838
   20  1.0125e+12     4.3016    20    19     1.8669
   21  9.9502e+11     4.3235    21    20     1.9496
   22  9.8693e+11     4.3339    22    21     2.0321
   23  9.7821e+11     4.3451    23    22     2.1143
   24  9.5153e+11     4.3804    24    23     2.1963
   25  9.3688e+11     4.4002    25    24     2.2781
   26  9.1680e+11     4.4280    26    25     2.3597
   27  7.9678e+11     4.6114    27    26     2.4411
   28  7.3575e+11     4.7179    28    27     2.5223
   29  7.2604e+11     4.7359    29    28     2.6034
   30  6.9470e+11     4.7958    30    29     2.6844
   31  6.8713e+11     4.8108    31    30     2.7652
   32  6.3840e+11     4.9122    32    31     2.8459
   33  6.2124e+11     4.9502    33    32     2.9266
   34  6.0921e+11     4.9775    34    33     3.0071
   35  5.9255e+11     5.0165    35    34     3.0876
   36  5.6803e+11     5.0764    36    35     3.1680
   37  5.6765e+11     5.0773    37    36     3.2483
   38  5.3629e+11     5.1587    38    37     3.3285
   39  5.3240e+11     5.1692    39    38     3.4087
   40  5.1840e+11     5.2077    40    39     3.4889
   41  4.4137e+11     5.4448    41    40     3.5689
   42  3.9305e+11     5.6204    42    41     3.6490
   43  3.9145e+11     5.6266    43    42     3.7290
   44  3.9036e+11     5.6309    44    43     3.8089
   45  3.8219e+11     5.6635    45    44     3.8889
   46  3.6492e+11     5.7351    46    45     3.9688
   47  3.4521e+11     5.8219    47    46     4.0486
   48  3.4103e+11     5.8411    48    47     4.1285
   49  3.3652e+11     5.8621    49    48     4.2083
   50  3.2904e+11     5.8977    50    49     4.2881
   51  3.2807e+11     5.9024    51    50     4.3678
   52  2.4384e+11     6.3875    52    51     4.4476
   53  2.3471e+11     6.4519    53    52     4.5273
   54  2.1033e+11     6.6397    54    53     4.6070
   55  2.0276e+11     6.7034    55    54     4.6867
   56  2.0081e+11     6.7202    56    55     4.7664
   57  1.4075e+11     7.3616    57    56     4.8460
   58  1.3537e+11     7.4344    58    57     4.9257
   59  1.3097e+11     7.4967    59    58     5.0053
   60  8.8041e+10     8.2747    60    59     5.0849
   61  8.7292e+10     8.2921    61    60     5.1646
   62  8.1703e+10     8.4274    62    61     5.2442
   63  8.0756e+10     8.4514    63    62     5.3238
   64  8.0503e+10     8.4578    64    63     5.4033
   65  7.7960e+10     8.5242    65    64     5.4829
   66  7.7912e+10     8.5255    66    65     5.5625
   67  7.7017e+10     8.5494    67    66     5.6421
   68  7.1983e+10     8.6907    68    67     5.7216
   69  7.1275e+10     8.7115    69    68     5.8012
   70  7.0831e+10     8.7247    70    69     5.8807
   71  6.2319e+10     8.9976    71    70     5.9602
   72  6.0745e+10     9.0529    72    71     6.0398
   73  5.9380e+10     9.1022    73    72     6.1193
   74  5.9344e+10     9.1036    74    73     6.1988
   75  5.9111e+10     9.1121    75    74     6.2783
   76  5.5607e+10     9.2457    76    75     6.3579
   77  5.5490e+10     9.2504    77    76     6.4374
   78  3.7662e+10    10.1314    78    77     6.5169
   79  3.7070e+10    10.1687    79    78     6.5964
   80  3.7019e+10    10.1719    80    79     6.6759
   81  3.4960e+10    10.3073    81    80     6.7554
   82  3.4924e+10    10.3098    82    81     6.8349
   83  3.0102e+10    10.6674    83    82     6.9143
   84  2.9343e+10    10.7299    84    83     6.9938
   85  2.8965e+10    10.7616    85    84     7.0733
   86  2.8412e+10    10.8089    86    85     7.1528
   87  2.8060e+10    10.8396    87    86     7.2323
   88  2.7524e+10    10.8872    88    87     7.3117
   89  2.3564e+10    11.2762    89    88     7.3912
   90  2.3423e+10    11.2915    90    89     7.4707
   91  2.3336e+10    11.3009    91    90     7.5502
   92  2.2892e+10    11.3498    92    91     7.6296
   93  2.2671e+10    11.3746    93    92     7.7091
   94  2.1663e+10    11.4911    94    93     7.7885
   95  1.9877e+10    11.7137    95    94     7.8680
   96  1.9510e+10    11.7624    96    95     7.9475
   97  4.4598e+09    16.0934    97    96     8.0269
   98  4.3427e+09    16.1806    98    97     8.1064
   99  4.3114e+09    16.2043    99    98     8.1858
  100  4.2705e+09    16.2357   100    99     8.2653
