#indx Mass S step-number desc_indx 
    0  3.1600e+12     3.0343     0    -1     0.0134
    1  2.6105e+12     3.2246     1     0     0.1326
    2  2.5914e+12     3.2321     2     1     0.2441
    3  2.0288e+12     3.4892     3     2     0.3500
    4  1.6985e+12     3.6851     4     3     0.4519
    5  1.6623e+12     3.7093     5     4     0.5506
    6  1.5884e+12     3.7610     6     5     0.6467
    7  1.5454e+12     3.7924     7     6     0.7407
    8  1.5258e+12     3.8071     8     7     0.8330
    9  1.4782e+12     3.8438     9     8     0.9238
   10  1.4720e+12     3.8487    10     9     1.0134
   11  1.4495e+12     3.8665    11    10     1.1018
   12  1.3653e+12     3.9367    12    11     1.1894
   13  1.3475e+12     3.9523    13    12     1.2761
   14  1.3375e+12     3.9611    14    13     1.3621
   15  1.3352e+12     3.9631    15    14     1.4474
   16  6.0520e+11     4.9868    16    15     1.5322
   17  5.9955e+11     5.0000    17    16     1.6165
   18  5.9871e+11     5.0020    18    17     1.7003
   19  5.8078e+11     5.0449    19    18     1.7838
   20  3.5841e+11     5.7631    20    19     1.8669
   21  1.9407e+11     6.7800    21    20     1.9496
   22  1.8877e+11     6.8287    22    21     2.0321
   23  1.8835e+11     6.8327    23    22     2.1143
   24  1.8616e+11     6.8534    24    23     2.1963
   25  1.7248e+11     6.9895    25    24     2.2781
   26  1.7236e+11     6.9907    26    25     2.3597
   27  1.3729e+11     7.4081    27    26     2.4411
   28  9.2445e+10     8.1761    28    27     2.5223
   29  9.2309e+10     8.1791    29    28     2.6034
   30  8.6952e+10     8.3000    30    29     2.6844
   31  7.5896e+10     8.5799    31    30     2.7652
   32  7.5419e+10     8.5931    32    31     2.8459
   33  6.9086e+10     8.7774    33    32     2.9266
   34  5.7395e+10     9.1764    34    33     3.0071
   35  5.5143e+10     9.2642    35    34     3.0876
   36  5.2817e+10     9.3594    36    35     3.1680
   37  5.2436e+10     9.3755    37    36     3.2483
   38  5.2234e+10     9.3841    38    37     3.3285
   39  5.1658e+10     9.4087    39    38     3.4087
   40  5.1154e+10     9.4306    40    39     3.4889
   41  5.1079e+10     9.4338    41    40     3.5689
   42  5.0599e+10     9.4550    42    41     3.6490
   43  4.9808e+10     9.4902    43    42     3.7290
   44  3.7015e+10    10.1722    44    43     3.8089
   45  3.6692e+10    10.1928    45    44     3.8889
   46  3.6524e+10    10.2037    46    45     3.9688
   47  3.5755e+10    10.2540    47    46     4.0486
   48  3.5718e+10    10.2564    48    47     4.1285
   49  3.4360e+10    10.3486    49    48     4.2083
   50  3.4076e+10    10.3683    50    49     4.2881
   51  3.2350e+10    10.4930    51    50     4.3678
   52  3.2088e+10    10.5126    52    51     4.4476
   53  3.1993e+10    10.5198    53    52     4.5273
   54  2.7949e+10    10.8494    54    53     4.6070
   55  2.7658e+10    10.8752    55    54     4.6867
   56  2.7155e+10    10.9206    56    55     4.7664
   57  1.9464e+10    11.7685    57    56     4.8460
   58  1.8386e+10    11.9182    58    57     4.9257
   59  1.8373e+10    11.9200    59    58     5.0053
   60  1.8008e+10    11.9731    60    59     5.0849
   61  1.7935e+10    11.9839    61    60     5.1646
   62  1.7880e+10    11.9920    62    61     5.2442
   63  1.7755e+10    12.0106    63    62     5.3238
   64  1.5204e+10    12.4272    64    63     5.4033
   65  1.5166e+10    12.4340    65    64     5.4829
   66  1.4096e+10    12.6342    66    65     5.5625
   67  1.3208e+10    12.8142    67    66     5.6421
   68  1.2991e+10    12.8602    68    67     5.7216
   69  1.2974e+10    12.8639    69    68     5.8012
   70  1.2907e+10    12.8782    70    69     5.8807
   71  1.0793e+10    13.3841    71    70     5.9602
   72  1.0697e+10    13.4096    72    71     6.0398
   73  1.0693e+10    13.4109    73    72     6.1193
   74  1.0655e+10    13.4211    74    73     6.1988
   75  1.0452e+10    13.4763    75    74     6.2783
   76  1.0427e+10    13.4832    76    75     6.3579
   77  9.9123e+09    13.6298    77    76     6.4374
   78  9.8357e+09    13.6523    78    77     6.5169
   79  9.5364e+09    13.7424    79    78     6.5964
   80  9.5296e+09    13.7445    80    79     6.6759
   81  9.4344e+09    13.7738    81    80     6.7554
   82  9.2886e+09    13.8194    82    81     6.8349
   83  7.4317e+09    14.4847    83    82     6.9143
   84  6.7927e+09    14.7593    84    83     6.9938
   85  6.7293e+09    14.7881    85    84     7.0733
   86  5.9549e+09    15.1679    86    85     7.1528
   87  5.9196e+09    15.1865    87    86     7.2323
   88  5.9111e+09    15.1910    88    87     7.3117
   89  5.9070e+09    15.1932    89    88     7.3912
   90  5.6736e+09    15.3201    90    89     7.4707
   91  4.7632e+09    15.8793    91    90     7.5502
   92  4.6958e+09    15.9255    92    91     7.6296
   93  4.6845e+09    15.9333    93    92     7.7091
   94  4.6533e+09    15.9550    94    93     7.7885
   95  4.6239e+09    15.9756    95    94     7.8680
   96  4.3031e+09    16.2107    96    95     7.9475
   97  4.1888e+09    16.2993    97    96     8.0269
   98  4.1590e+09    16.3229    98    97     8.1064
   99  4.1408e+09    16.3374    99    98     8.1858
  100  3.8522e+09    16.5773   100    99     8.2653
