#indx Mass S step-number desc_indx 
    0  1.0000e+14     0.8310     0    -1     0.0134
    1  8.3307e+13     0.8995     1     0     0.1326
    2  8.0054e+13     0.9150     2     1     0.2441
    3  7.8679e+13     0.9218     3     2     0.3500
    4  7.1588e+13     0.9597     4     3     0.4519
    5  6.8896e+13     0.9754     5     4     0.5506
    6  6.6598e+13     0.9894     6     5     0.6467
    7  6.5515e+13     0.9963     7     6     0.7407
    8  6.2687e+13     1.0149     8     7     0.8330
    9  5.0849e+13     1.1068     9     8     0.9238
   10  4.8330e+13     1.1301    10     9     1.0134
   11  4.6885e+13     1.1442    11    10     1.1018
   12  3.2641e+13     1.3228    12    11     1.1894
   13  3.0081e+13     1.3659    13    12     1.2761
   14  2.4952e+13     1.4685    14    13     1.3621
   15  2.1347e+13     1.5586    15    14     1.4474
   16  2.1142e+13     1.5643    16    15     1.5322
   17  2.0503e+13     1.5826    17    16     1.6165
   18  2.0128e+13     1.5936    18    17     1.7003
   19  1.8948e+13     1.6302    19    18     1.7838
   20  1.8782e+13     1.6356    20    19     1.8669
   21  1.8476e+13     1.6457    21    20     1.9496
   22  1.8219e+13     1.6543    22    21     2.0321
   23  1.6452e+13     1.7183    23    22     2.1143
   24  1.6293e+13     1.7245    24    23     2.1963
   25  1.5415e+13     1.7601    25    24     2.2781
   26  1.4984e+13     1.7785    26    25     2.3597
   27  1.4498e+13     1.8001    27    26     2.4411
   28  1.3685e+13     1.8385    28    27     2.5223
   29  1.2190e+13     1.9171    29    28     2.6034
   30  1.1431e+13     1.9619    30    29     2.6844
   31  8.4300e+12     2.1850    31    30     2.7652
   32  7.6871e+12     2.2561    32    31     2.8459
   33  7.5742e+12     2.2677    33    32     2.9266
   34  7.4978e+12     2.2757    34    33     3.0071
   35  4.8054e+12     2.6460    35    34     3.0876
   36  2.4534e+12     3.2883    36    35     3.1680
   37  2.3701e+12     3.3242    37    36     3.2483
   38  2.2033e+12     3.4009    38    37     3.3285
   39  2.1961e+12     3.4044    39    38     3.4087
   40  2.1736e+12     3.4153    40    39     3.4889
   41  2.1000e+12     3.4521    41    40     3.5689
   42  2.0661e+12     3.4696    42    41     3.6490
   43  2.0367e+12     3.4850    43    42     3.7290
   44  1.2963e+12     3.9984    44    43     3.8089
   45  1.2861e+12     4.0078    45    44     3.8889
   46  6.1586e+11     4.9623    46    45     3.9688
   47  5.1690e+11     5.2119    47    46     4.0486
   48  4.3620e+11     5.4624    48    47     4.1285
   49  4.2015e+11     5.5189    49    48     4.2083
   50  4.1213e+11     5.5481    50    49     4.2881
   51  4.0727e+11     5.5661    51    50     4.3678
   52  3.6200e+11     5.7476    52    51     4.4476
   53  3.6163e+11     5.7492    53    52     4.5273
   54  3.5508e+11     5.7777    54    53     4.6070
   55  3.5214e+11     5.7907    55    54     4.6867
   56  3.2172e+11     5.9335    56    55     4.7664
   57  3.1030e+11     5.9913    57    56     4.8460
   58  3.0909e+11     5.9976    58    57     4.9257
   59  3.0855e+11     6.0004    59    58     5.0053
   60  2.7933e+11     6.1619    60    59     5.0849
   61  2.7700e+11     6.1756    61    60     5.1646
   62  2.7672e+11     6.1772    62    61     5.2442
   63  2.7065e+11     6.2138    63    62     5.3238
   64  2.6955e+11     6.2205    64    63     5.4033
   65  2.6592e+11     6.2429    65    64     5.4829
   66  2.2627e+11     6.5142    66    65     5.5625
   67  2.2479e+11     6.5254    67    66     5.6421
   68  2.2418e+11     6.5301    68    67     5.7216
   69  2.2298e+11     6.5392    69    68     5.8012
   70  2.1929e+11     6.5678    70    69     5.8807
   71  2.1556e+11     6.5973    71    70     5.9602
   72  2.1428e+11     6.6076    72    71     6.0398
   73  2.1066e+11     6.6370    73    72     6.1193
   74  2.1022e+11     6.6407    74    73     6.1988
   75  2.0836e+11     6.6560    75    74     6.2783
   76  2.0714e+11     6.6662    76    75     6.3579
   77  2.0067e+11     6.7214    77    76     6.4374
   78  1.8805e+11     6.8355    78    77     6.5169
   79  1.1420e+11     7.7588    79    78     6.5964
   80  1.0202e+11     7.9795    80    79     6.6759
   81  1.0014e+11     8.0164    81    80     6.7554
   82  9.8395e+10     8.0513    82    81     6.8349
   83  9.0923e+10     8.2095    83    82     6.9143
   84  8.1524e+10     8.4319    84    83     6.9938
   85  7.8315e+10     8.5148    85    84     7.0733
   86  6.7550e+10     8.8251    86    85     7.1528
   87  6.5983e+10     8.8751    87    86     7.2323
   88  6.5791e+10     8.8813    88    87     7.3117
   89  6.0739e+10     9.0532    89    88     7.3912
   90  5.9181e+10     9.1095    90    89     7.4707
   91  5.8074e+10     9.1507    91    90     7.5502
   92  5.7492e+10     9.1727    92    91     7.6296
   93  5.5894e+10     9.2344    93    92     7.7091
   94  5.3944e+10     9.3127    94    93     7.7885
   95  5.3305e+10     9.3390    95    94     7.8680
   96  5.3095e+10     9.3478    96    95     7.9475
   97  5.2749e+10     9.3623    97    96     8.0269
   98  5.2528e+10     9.3716    98    97     8.1064
   99  5.2370e+10     9.3783    99    98     8.1858
  100  5.1835e+10     9.4011   100    99     8.2653
