#indx Mass S step-number desc_indx 
    0  1.0000e+14     0.8310     0    -1     0.0134
    1  9.9570e+13     0.8326     1     0     0.1326
    2  9.8448e+13     0.8367     2     1     0.2441
    3  9.4600e+13     0.8514     3     2     0.3500
    4  9.3232e+13     0.8568     4     3     0.4519
    5  8.1501e+13     0.9080     5     4     0.5506
    6  7.0249e+13     0.9674     6     5     0.6467
    7  6.8634e+13     0.9769     7     6     0.7407
    8  4.1156e+13     1.2062     8     7     0.8330
    9  4.0826e+13     1.2101     9     8     0.9238
   10  3.7282e+13     1.2549    10     9     1.0134
   11  3.3857e+13     1.3038    11    10     1.1018
   12  2.9502e+13     1.3763    12    11     1.1894
   13  2.0581e+13     1.5803    13    12     1.2761
   14  1.9519e+13     1.6122    14    13     1.3621
   15  1.6999e+13     1.6976    15    14     1.4474
   16  1.6924e+13     1.7004    16    15     1.5322
   17  1.3859e+13     1.8300    17    16     1.6165
   18  1.3706e+13     1.8374    18    17     1.7003
   19  1.3268e+13     1.8592    19    18     1.7838
   20  1.2574e+13     1.8958    20    19     1.8669
   21  9.0071e+12     2.1349    21    20     1.9496
   22  8.7868e+12     2.1535    22    21     2.0321
   23  7.4460e+12     2.2811    23    22     2.1143
   24  7.3242e+12     2.2941    24    23     2.1963
   25  6.4811e+12     2.3924    25    24     2.2781
   26  5.4106e+12     2.5431    26    25     2.3597
   27  5.3570e+12     2.5516    27    26     2.4411
   28  5.3131e+12     2.5587    28    27     2.5223
   29  5.2333e+12     2.5717    29    28     2.6034
   30  5.0158e+12     2.6084    30    29     2.6844
   31  5.0004e+12     2.6111    31    30     2.7652
   32  4.9127e+12     2.6266    32    31     2.8459
   33  4.7197e+12     2.6618    33    32     2.9266
   34  4.6118e+12     2.6823    34    33     3.0071
   35  4.5218e+12     2.6999    35    34     3.0876
   36  4.3374e+12     2.7372    36    35     3.1680
   37  3.7913e+12     2.8607    37    36     3.2483
   38  3.5819e+12     2.9140    38    37     3.3285
   39  2.7284e+12     3.1798    39    38     3.4087
   40  2.5688e+12     3.2410    40    39     3.4889
   41  2.5592e+12     3.2449    41    40     3.5689
   42  2.5384e+12     3.2532    42    41     3.6490
   43  2.4619e+12     3.2847    43    42     3.7290
   44  2.0258e+12     3.4908    44    43     3.8089
   45  1.5319e+12     3.8025    45    44     3.8889
   46  9.4329e+11     4.3915    46    45     3.9688
   47  9.3909e+11     4.3972    47    46     4.0486
   48  9.3610e+11     4.4013    48    47     4.1285
   49  9.0034e+11     4.4514    49    48     4.2083
   50  8.9609e+11     4.4575    50    49     4.2881
   51  7.5030e+11     4.6916    51    50     4.3678
   52  7.4782e+11     4.6960    52    51     4.4476
   53  6.6553e+11     4.8547    53    52     4.5273
   54  6.4450e+11     4.8990    54    53     4.6070
   55  6.3756e+11     4.9140    55    54     4.6867
   56  6.1473e+11     4.9649    56    55     4.7664
   57  6.0495e+11     4.9874    57    56     4.8460
   58  5.6426e+11     5.0859    58    57     4.9257
   59  5.6137e+11     5.0932    59    58     5.0053
   60  5.1186e+11     5.2261    60    59     5.0849
   61  4.8489e+11     5.3052    61    60     5.1646
   62  4.3350e+11     5.4718    62    61     5.2442
   63  4.3241e+11     5.4755    63    62     5.3238
   64  4.2817e+11     5.4904    64    63     5.4033
   65  2.9340e+11     6.0817    65    64     5.4829
   66  2.9122e+11     6.0938    66    65     5.5625
   67  2.7504e+11     6.1873    67    66     5.6421
   68  2.6052e+11     6.2769    68    67     5.7216
   69  2.5877e+11     6.2881    69    68     5.8012
   70  2.3523e+11     6.4482    70    69     5.8807
   71  2.3269e+11     6.4666    71    70     5.9602
   72  2.3139e+11     6.4761    72    71     6.0398
   73  2.2681e+11     6.5101    73    72     6.1193
   74  2.0472e+11     6.6866    74    73     6.1988
   75  2.0318e+11     6.6998    75    74     6.2783
   76  2.0250e+11     6.7056    76    75     6.3579
   77  2.0106e+11     6.7180    77    76     6.4374
   78  1.9904e+11     6.7356    78    77     6.5169
   79  1.8914e+11     6.8253    79    78     6.5964
   80  1.7997e+11     6.9134    80    79     6.6759
   81  1.6689e+11     7.0488    81    80     6.7554
   82  1.6610e+11     7.0574    82    81     6.8349
   83  1.6217e+11     7.1008    83    82     6.9143
   84  1.6192e+11     7.1036    84    83     6.9938
   85  1.5940e+11     7.1321    85    84     7.0733
   86  1.5874e+11     7.1397    86    85     7.1528
   87  1.5673e+11     7.1630    87    86     7.2323
   88  1.5066e+11     7.2355    88    87     7.3117
   89  1.2989e+11     7.5124    89    88     7.3912
   90  1.2755e+11     7.5468    90    89     7.4707
   91  1.2673e+11     7.5591    91    90     7.5502
   92  1.2515e+11     7.5829    92    91     7.6296
   93  1.1883e+11     7.6822    93    92     7.7091
   94  1.1380e+11     7.7657    94    93     7.7885
   95  1.0670e+11     7.8913    95    94     7.8680
   96  9.9489e+10     8.0293    96    95     7.9475
   97  9.6984e+10     8.0801    97    96     8.0269
   98  9.6789e+10     8.0841    98    97     8.1064
   99  9.6217e+10     8.0959    99    98     8.1858
  100  9.6155e+10     8.0972   100    99     8.2653
