#indx Mass S step-number desc_indx 
    0  1.0000e+14     0.8310     0    -1     0.0134
    1  8.7472e+13     0.8808     1     0     0.1326
    2  8.4242e+13     0.8952     2     1     0.2441
    3  8.2006e+13     0.9056     3     2     0.3500
    4  7.0970e+13     0.9632     4     3     0.4519
    5  6.7964e+13     0.9810     5     4     0.5506
    6  5.9594e+13     1.0365     6     5     0.6467
    7  2.4918e+13     1.4693     7     6     0.7407
    8  2.0804e+13     1.5739     8     7     0.8330
    9  2.0670e+13     1.5777     9     8     0.9238
   10  2.0626e+13     1.5790    10     9     1.0134
   11  1.7192e+13     1.6905    11    10     1.1018
   12  1.6570e+13     1.7138    12    11     1.1894
   13  1.4497e+13     1.8002    13    12     1.2761
   14  1.4094e+13     1.8188    14    13     1.3621
   15  1.3630e+13     1.8411    15    14     1.4474
   16  1.3578e+13     1.8437    16    15     1.5322
   17  1.3350e+13     1.8551    17    16     1.6165
   18  1.3234e+13     1.8610    18    17     1.7003
   19  1.2638e+13     1.8923    19    18     1.7838
   20  1.2343e+13     1.9085    20    19     1.8669
   21  1.1852e+13     1.9366    21    20     1.9496
   22  1.1058e+13     1.9854    22    21     2.0321
   23  9.5496e+12     2.0914    23    22     2.1143
   24  7.3900e+12     2.2871    24    23     2.1963
   25  7.3228e+12     2.2943    25    24     2.2781
   26  7.0549e+12     2.3239    26    25     2.3597
   27  6.9802e+12     2.3324    27    26     2.4411
   28  6.9187e+12     2.3395    28    27     2.5223
   29  6.8787e+12     2.3442    29    28     2.6034
   30  5.5063e+12     2.5282    30    29     2.6844
   31  5.2511e+12     2.5688    31    30     2.7652
   32  5.1226e+12     2.5902    32    31     2.8459
   33  4.0510e+12     2.7994    33    32     2.9266
   34  3.8981e+12     2.8348    34    33     3.0071
   35  3.8543e+12     2.8453    35    34     3.0876
   36  1.5424e+12     3.7947    36    35     3.1680
   37  1.5273e+12     3.8060    37    36     3.2483
   38  1.4430e+12     3.8718    38    37     3.3285
   39  1.4114e+12     3.8977    39    38     3.4087
   40  1.3868e+12     3.9184    40    39     3.4889
   41  1.3745e+12     3.9288    41    40     3.5689
   42  1.3276e+12     3.9699    42    41     3.6490
   43  1.2961e+12     3.9985    43    42     3.7290
   44  1.2473e+12     4.0445    44    43     3.8089
   45  1.2206e+12     4.0706    45    44     3.8889
   46  1.1088e+12     4.1882    46    45     3.9688
   47  1.1056e+12     4.1917    47    46     4.0486
   48  1.1000e+12     4.1981    48    47     4.1285
   49  1.0884e+12     4.2112    49    48     4.2083
   50  1.0324e+12     4.2770    50    49     4.2881
   51  1.0211e+12     4.2909    51    50     4.3678
   52  1.0192e+12     4.2932    52    51     4.4476
   53  9.6572e+11     4.3615    53    52     4.5273
   54  9.3009e+11     4.4095    54    53     4.6070
   55  9.2745e+11     4.4132    55    54     4.6867
   56  9.2508e+11     4.4165    56    55     4.7664
   57  9.1673e+11     4.4281    57    56     4.8460
   58  6.7371e+11     4.8378    58    57     4.9257
   59  6.2026e+11     4.9524    59    58     5.0053
   60  5.9612e+11     5.0081    60    59     5.0849
   61  5.8949e+11     5.0239    61    60     5.1646
   62  5.4692e+11     5.1305    62    61     5.2442
   63  5.0727e+11     5.2392    63    62     5.3238
   64  5.0459e+11     5.2470    64    63     5.4033
   65  4.9957e+11     5.2616    65    64     5.4829
   66  4.9431e+11     5.2770    66    65     5.5625
   67  4.0811e+11     5.5630    67    66     5.6421
   68  4.0591e+11     5.5712    68    67     5.7216
   69  4.0387e+11     5.5789    69    68     5.8012
   70  4.0182e+11     5.5867    70    69     5.8807
   71  3.9828e+11     5.6002    71    70     5.9602
   72  3.9465e+11     5.6142    72    71     6.0398
   73  3.8104e+11     5.6681    73    72     6.1193
   74  3.7960e+11     5.6740    74    73     6.1988
   75  3.5026e+11     5.7991    75    74     6.2783
   76  3.3486e+11     5.8699    76    75     6.3579
   77  3.1050e+11     5.9903    77    76     6.4374
   78  3.0895e+11     5.9983    78    77     6.5169
   79  3.0865e+11     5.9999    79    78     6.5964
   80  3.0281e+11     6.0306    80    79     6.6759
   81  2.8989e+11     6.1013    81    80     6.7554
   82  2.8688e+11     6.1182    82    81     6.8349
   83  2.8605e+11     6.1230    83    82     6.9143
   84  2.8111e+11     6.1515    84    83     6.9938
   85  2.7599e+11     6.1816    85    84     7.0733
   86  2.7549e+11     6.1846    86    85     7.1528
   87  2.7520e+11     6.1863    87    86     7.2323
   88  2.2360e+11     6.5345    88    87     7.3117
   89  2.1192e+11     6.6267    89    88     7.3912
   90  2.1155e+11     6.6297    90    89     7.4707
   91  1.7999e+11     6.9133    91    90     7.5502
   92  1.7683e+11     6.9449    92    91     7.6296
   93  1.7422e+11     6.9715    93    92     7.7091
   94  1.6058e+11     7.1187    94    93     7.7885
   95  1.3384e+11     7.4558    95    94     7.8680
   96  1.3208e+11     7.4809    96    95     7.9475
   97  1.3137e+11     7.4910    97    96     8.0269
   98  1.2470e+11     7.5898    98    97     8.1064
   99  1.1139e+11     7.8073    99    98     8.1858
  100  1.1117e+11     7.8111   100    99     8.2653
