#indx Mass S step-number desc_indx 
    0  1.0000e+14     0.8310     0    -1     0.0134
    1  8.3688e+13     0.8977     1     0     0.1326
    2  7.5622e+13     0.9376     2     1     0.2441
    3  5.0921e+13     1.1062     3     2     0.3500
    4  4.8948e+13     1.1243     4     3     0.4519
    5  4.7012e+13     1.1429     5     4     0.5506
    6  4.6805e+13     1.1450     6     5     0.6467
    7  4.6291e+13     1.1501     7     6     0.7407
    8  3.1536e+13     1.3408     8     7     0.8330
    9  2.9784e+13     1.3712     9     8     0.9238
   10  2.7862e+13     1.4073    10     9     1.0134
   11  2.4858e+13     1.4707    11    10     1.1018
   12  2.3403e+13     1.5050    12    11     1.1894
   13  2.2914e+13     1.5172    13    12     1.2761
   14  2.0920e+13     1.5706    14    13     1.3621
   15  2.0216e+13     1.5910    15    14     1.4474
   16  1.4792e+13     1.7869    16    15     1.5322
   17  1.3907e+13     1.8277    17    16     1.6165
   18  1.3252e+13     1.8601    18    17     1.7003
   19  1.3004e+13     1.8729    19    18     1.7838
   20  1.2392e+13     1.9058    20    19     1.8669
   21  8.5976e+12     2.1700    21    20     1.9496
   22  8.5138e+12     2.1774    22    21     2.0321
   23  8.2156e+12     2.2047    23    22     2.1143
   24  7.5415e+12     2.2711    24    23     2.1963
   25  7.2855e+12     2.2983    25    24     2.2781
   26  7.0570e+12     2.3237    26    25     2.3597
   27  6.9086e+12     2.3407    27    26     2.4411
   28  5.7075e+12     2.4978    28    27     2.5223
   29  5.6594e+12     2.5049    29    28     2.6034
   30  5.6410e+12     2.5077    30    29     2.6844
   31  5.6046e+12     2.5132    31    30     2.7652
   32  5.4781e+12     2.5325    32    31     2.8459
   33  5.4309e+12     2.5399    33    32     2.9266
   34  4.9635e+12     2.6176    34    33     3.0071
   35  4.8233e+12     2.6427    35    34     3.0876
   36  3.5216e+12     2.9301    36    35     3.1680
   37  3.4770e+12     2.9422    37    36     3.2483
   38  2.2315e+12     3.3874    38    37     3.3285
   39  2.0512e+12     3.4773    39    38     3.4087
   40  1.9372e+12     3.5393    40    39     3.4889
   41  1.9214e+12     3.5483    41    40     3.5689
   42  1.8958e+12     3.5630    42    41     3.6490
   43  1.8726e+12     3.5765    43    42     3.7290
   44  1.8082e+12     3.6152    44    43     3.8089
   45  1.4424e+12     3.8723    45    44     3.8889
   46  1.4254e+12     3.8861    46    45     3.9688
   47  1.3432e+12     3.9561    47    46     4.0486
   48  1.3153e+12     3.9810    48    47     4.1285
   49  1.2948e+12     3.9997    49    48     4.2083
   50  1.1602e+12     4.1324    50    49     4.2881
   51  1.1513e+12     4.1419    51    50     4.3678
   52  1.0351e+12     4.2738    52    51     4.4476
   53  1.0266e+12     4.2841    53    52     4.5273
   54  8.9918e+11     4.4531    54    53     4.6070
   55  8.9765e+11     4.4553    55    54     4.6867
   56  8.8356e+11     4.4758    56    55     4.7664
   57  8.5770e+11     4.5144    57    56     4.8460
   58  7.6642e+11     4.6631    58    57     4.9257
   59  6.6256e+11     4.8608    59    58     5.0053
   60  6.4760e+11     4.8924    60    59     5.0849
   61  6.3691e+11     4.9155    61    60     5.1646
   62  6.3371e+11     4.9225    62    61     5.2442
   63  5.8758e+11     5.0284    63    62     5.3238
   64  5.7424e+11     5.0610    64    63     5.4033
   65  5.6699e+11     5.0790    65    64     5.4829
   66  5.6041e+11     5.0956    66    65     5.5625
   67  5.2906e+11     5.1783    67    66     5.6421
   68  5.1428e+11     5.2193    68    67     5.7216
   69  5.0996e+11     5.2315    69    68     5.8012
   70  4.5034e+11     5.4147    70    69     5.8807
   71  4.3468e+11     5.4677    71    70     5.9602
   72  4.0862e+11     5.5611    72    71     6.0398
   73  4.0624e+11     5.5700    73    72     6.1193
   74  4.0038e+11     5.5921    74    73     6.1988
   75  3.3276e+11     5.8799    75    74     6.2783
   76  3.2872e+11     5.8992    76    75     6.3579
   77  2.2076e+11     6.5564    77    76     6.4374
   78  2.1301e+11     6.6178    78    77     6.5169
   79  2.1147e+11     6.6304    79    78     6.5964
   80  1.6006e+11     7.1246    80    79     6.6759
   81  1.3484e+11     7.4418    81    80     6.7554
   82  1.2757e+11     7.5466    82    81     6.8349
   83  1.2610e+11     7.5686    83    82     6.9143
   84  1.0279e+11     7.9647    84    83     6.9938
   85  9.8565e+10     8.0479    85    84     7.0733
   86  9.7698e+10     8.0654    86    85     7.1528
   87  9.7281e+10     8.0740    87    86     7.2323
   88  9.5481e+10     8.1113    88    87     7.3117
   89  9.3853e+10     8.1457    89    88     7.3912
   90  9.3825e+10     8.1463    90    89     7.4707
   91  9.3259e+10     8.1585    91    90     7.5502
   92  8.9574e+10     8.2397    92    91     7.6296
   93  7.5496e+10     8.5910    93    92     7.7091
   94  7.5480e+10     8.5914    94    93     7.7885
   95  6.7780e+10     8.8179    95    94     7.8680
   96  6.6214e+10     8.8677    96    95     7.9475
   97  6.6080e+10     8.8720    97    96     8.0269
   98  6.5046e+10     8.9057    98    97     8.1064
   99  6.4585e+10     8.9209    99    98     8.1858
  100  6.3056e+10     8.9724   100    99     8.2653
