#indx Mass S step-number desc_indx 
    0  1.0000e+14     0.8310     0    -1     0.0134
    1  9.6603e+13     0.8436     1     0     0.1326
    2  9.6162e+13     0.8453     2     1     0.2441
    3  9.2195e+13     0.8610     3     2     0.3500
    4  7.2466e+13     0.9547     4     3     0.4519
    5  6.1087e+13     1.0259     5     4     0.5506
    6  6.0632e+13     1.0291     6     5     0.6467
    7  5.3247e+13     1.0861     7     6     0.7407
    8  5.1103e+13     1.1046     8     7     0.8330
    9  4.8261e+13     1.1308     9     8     0.9238
   10  4.7792e+13     1.1353    10     9     1.0134
   11  4.6279e+13     1.1503    11    10     1.1018
   12  4.2867e+13     1.1865    12    11     1.1894
   13  2.8918e+13     1.3871    13    12     1.2761
   14  2.8614e+13     1.3928    14    13     1.3621
   15  2.8198e+13     1.4007    15    14     1.4474
   16  2.3698e+13     1.4978    16    15     1.5322
   17  2.3164e+13     1.5109    17    16     1.6165
   18  2.0370e+13     1.5865    18    17     1.7003
   19  1.9940e+13     1.5993    19    18     1.7838
   20  1.8858e+13     1.6331    20    19     1.8669
   21  1.2997e+13     1.8733    21    20     1.9496
   22  9.4672e+12     2.0979    22    21     2.0321
   23  9.1097e+12     2.1265    23    22     2.1143
   24  7.5200e+12     2.2734    24    23     2.1963
   25  6.9954e+12     2.3307    25    24     2.2781
   26  6.9588e+12     2.3349    26    25     2.3597
   27  6.4458e+12     2.3968    27    26     2.4411
   28  6.2063e+12     2.4279    28    27     2.5223
   29  6.1222e+12     2.4392    29    28     2.6034
   30  5.7325e+12     2.4941    30    29     2.6844
   31  5.5630e+12     2.5195    31    30     2.7652
   32  5.5002e+12     2.5291    32    31     2.8459
   33  5.2037e+12     2.5766    33    32     2.9266
   34  3.4910e+12     2.9384    34    33     3.0071
   35  3.3483e+12     2.9783    35    34     3.0876
   36  3.3389e+12     2.9810    36    35     3.1680
   37  3.2729e+12     3.0002    37    36     3.2483
   38  3.1881e+12     3.0256    38    37     3.3285
   39  3.1773e+12     3.0290    39    38     3.4087
   40  3.1622e+12     3.0336    40    39     3.4889
   41  3.0014e+12     3.0847    41    40     3.5689
   42  2.7502e+12     3.1718    42    41     3.6490
   43  2.6897e+12     3.1943    43    42     3.7290
   44  2.6549e+12     3.2075    44    43     3.8089
   45  2.5560e+12     3.2462    45    44     3.8889
   46  2.4334e+12     3.2968    46    45     3.9688
   47  2.3371e+12     3.3388    47    46     4.0486
   48  2.2618e+12     3.3732    48    47     4.1285
   49  2.2568e+12     3.3755    49    48     4.2083
   50  2.0915e+12     3.4564    50    49     4.2881
   51  2.0674e+12     3.4689    51    50     4.3678
   52  1.9806e+12     3.5152    52    51     4.4476
   53  1.6717e+12     3.7030    53    52     4.5273
   54  1.6650e+12     3.7075    54    53     4.6070
   55  1.0055e+12     4.3103    55    54     4.6867
   56  4.0148e+11     5.5879    56    55     4.7664
   57  3.9680e+11     5.6059    57    56     4.8460
   58  3.8511e+11     5.6517    58    57     4.9257
   59  3.6147e+11     5.7499    59    58     5.0053
   60  3.4347e+11     5.8298    60    59     5.0849
   61  3.3085e+11     5.8890    61    60     5.1646
   62  3.3069e+11     5.8898    62    61     5.2442
   63  3.2513e+11     5.9167    63    62     5.3238
   64  3.1512e+11     5.9666    64    63     5.4033
   65  2.8389e+11     6.1354    65    64     5.4829
   66  2.5222e+11     6.3309    66    65     5.5625
   67  2.4454e+11     6.3827    67    66     5.6421
   68  2.4438e+11     6.3838    68    67     5.7216
   69  2.4173e+11     6.4021    69    68     5.8012
   70  2.2857e+11     6.4969    70    69     5.8807
   71  2.2440e+11     6.5284    71    70     5.9602
   72  2.0610e+11     6.6750    72    71     6.0398
   73  2.0475e+11     6.6864    73    72     6.1193
   74  2.0353e+11     6.6968    74    73     6.1988
   75  2.0145e+11     6.7147    75    74     6.2783
   76  1.9851e+11     6.7404    76    75     6.3579
   77  1.9795e+11     6.7453    77    76     6.4374
   78  1.9612e+11     6.7615    78    77     6.5169
   79  1.9184e+11     6.8003    79    78     6.5964
   80  1.8980e+11     6.8192    80    79     6.6759
   81  1.6670e+11     7.0509    81    80     6.7554
   82  1.5052e+11     7.2372    82    81     6.8349
   83  1.4262e+11     7.3369    83    82     6.9143
   84  1.3646e+11     7.4195    84    83     6.9938
   85  1.3445e+11     7.4473    85    84     7.0733
   86  1.3324e+11     7.4643    86    85     7.1528
   87  1.2591e+11     7.5714    87    86     7.2323
   88  1.2539e+11     7.5793    88    87     7.3117
   89  5.4517e+10     9.2893    89    88     7.3912
   90  5.4482e+10     9.2908    90    89     7.4707
   91  5.4419e+10     9.2933    91    90     7.5502
   92  5.4343e+10     9.2964    92    91     7.6296
   93  5.3797e+10     9.3187    93    92     7.7091
   94  5.3773e+10     9.3197    94    93     7.7885
   95  5.3731e+10     9.3214    95    94     7.8680
   96  5.3284e+10     9.3399    96    95     7.9475
   97  4.8244e+10     9.5619    97    96     8.0269
   98  4.7453e+10     9.5991    98    97     8.1064
   99  4.7174e+10     9.6125    99    98     8.1858
  100  4.6692e+10     9.6357   100    99     8.2653
