#indx Mass S step-number desc_indx 
    0  1.0000e+14     0.8310     0    -1     0.0134
    1  9.5655e+13     0.8473     1     0     0.1326
    2  7.6075e+13     0.9352     2     1     0.2441
    3  7.2312e+13     0.9556     3     2     0.3500
    4  5.5132e+13     1.0706     4     3     0.4519
    5  5.3848e+13     1.0810     5     4     0.5506
    6  5.1994e+13     1.0968     6     5     0.6467
    7  4.2952e+13     1.1856     7     6     0.7407
    8  4.0962e+13     1.2085     8     7     0.8330
    9  3.3661e+13     1.3068     9     8     0.9238
   10  3.2648e+13     1.3227    10     9     1.0134
   11  3.1717e+13     1.3378    11    10     1.1018
   12  3.1269e+13     1.3453    12    11     1.1894
   13  3.0611e+13     1.3566    13    12     1.2761
   14  2.6056e+13     1.4442    14    13     1.3621
   15  2.5904e+13     1.4475    15    14     1.4474
   16  2.0697e+13     1.5770    16    15     1.5322
   17  1.8720e+13     1.6377    17    16     1.6165
   18  4.0113e+12     2.8084    18    17     1.7003
   19  3.8707e+12     2.8414    19    18     1.7838
   20  3.8473e+12     2.8470    20    19     1.8669
   21  3.8091e+12     2.8563    21    20     1.9496
   22  9.2622e+11     4.4149    22    21     2.0321
   23  9.2250e+11     4.4200    23    22     2.1143
   24  9.2168e+11     4.4212    24    23     2.1963
   25  8.5225e+11     4.5227    25    24     2.2781
   26  7.3031e+11     4.7280    26    25     2.3597
   27  5.0428e+11     5.2479    27    26     2.4411
   28  5.0139e+11     5.2562    28    27     2.5223
   29  4.9885e+11     5.2637    29    28     2.6034
   30  4.9400e+11     5.2779    30    29     2.6844
   31  4.6717e+11     5.3602    31    30     2.7652
   32  4.6644e+11     5.3625    32    31     2.8459
   33  4.5613e+11     5.3956    33    32     2.9266
   34  3.0552e+11     6.0163    34    33     3.0071
   35  2.9224e+11     6.0882    35    34     3.0876
   36  2.8982e+11     6.1017    36    35     3.1680
   37  2.8311e+11     6.1398    37    36     3.2483
   38  2.7266e+11     6.2016    38    37     3.3285
   39  2.7167e+11     6.2076    39    38     3.4087
   40  2.5513e+11     6.3117    40    39     3.4889
   41  2.5380e+11     6.3204    41    40     3.5689
   42  2.5262e+11     6.3282    42    41     3.6490
   43  2.4429e+11     6.3844    43    42     3.7290
   44  1.9344e+11     6.7857    44    43     3.8089
   45  1.7474e+11     6.9661    45    44     3.8889
   46  1.7123e+11     7.0026    46    45     3.9688
   47  1.6936e+11     7.0223    47    46     4.0486
   48  1.6871e+11     7.0292    48    47     4.1285
   49  1.3898e+11     7.3852    49    48     4.2083
   50  1.3870e+11     7.3889    50    49     4.2881
   51  1.2119e+11     7.6444    51    50     4.3678
   52  1.1872e+11     7.6839    52    51     4.4476
   53  1.1804e+11     7.6950    53    52     4.5273
   54  1.1555e+11     7.7361    54    53     4.6070
   55  1.1486e+11     7.7477    55    54     4.6867
   56  1.0748e+11     7.8770    56    55     4.7664
   57  1.0735e+11     7.8794    57    56     4.8460
   58  1.0633e+11     7.8980    58    57     4.9257
   59  1.0294e+11     7.9617    59    58     5.0053
   60  1.0052e+11     8.0088    60    59     5.0849
   61  9.8329e+10     8.0526    61    60     5.1646
   62  9.8122e+10     8.0568    62    61     5.2442
   63  9.6918e+10     8.0814    63    62     5.3238
   64  9.5522e+10     8.1104    64    63     5.4033
   65  9.5394e+10     8.1131    65    64     5.4829
   66  9.3022e+10     8.1636    66    65     5.5625
   67  9.2703e+10     8.1705    67    66     5.6421
   68  9.1816e+10     8.1899    68    67     5.7216
   69  9.0188e+10     8.2259    69    68     5.8012
   70  8.9531e+10     8.2407    70    69     5.8807
   71  8.6363e+10     8.3139    71    70     5.9602
   72  8.6051e+10     8.3212    72    71     6.0398
   73  8.2882e+10     8.3979    73    72     6.1193
   74  8.2407e+10     8.4097    74    73     6.1988
   75  8.2198e+10     8.4149    75    74     6.2783
   76  7.8590e+10     8.5075    76    75     6.3579
   77  7.8232e+10     8.5170    77    76     6.4374
   78  7.5675e+10     8.5860    78    77     6.5169
   79  7.5581e+10     8.5886    79    78     6.5964
   80  7.4025e+10     8.6321    80    79     6.6759
   81  7.0527e+10     8.7338    81    80     6.7554
   82  6.7590e+10     8.8238    82    81     6.8349
   83  6.5946e+10     8.8763    83    82     6.9143
   84  6.4183e+10     8.9343    84    83     6.9938
   85  6.4072e+10     8.9380    85    84     7.0733
   86  6.3937e+10     8.9425    86    85     7.1528
   87  6.3114e+10     8.9704    87    86     7.2323
   88  6.0364e+10     9.0666    88    87     7.3117
   89  5.9937e+10     9.0820    89    88     7.3912
   90  5.9069e+10     9.1136    90    89     7.4707
   91  5.8315e+10     9.1417    91    90     7.5502
   92  5.8168e+10     9.1472    92    91     7.6296
   93  5.7719e+10     9.1641    93    92     7.7091
   94  5.7545e+10     9.1707    94    93     7.7885
   95  5.7346e+10     9.1782    95    94     7.8680
   96  5.6428e+10     9.2136    96    95     7.9475
   97  5.6313e+10     9.2180    97    96     8.0269
   98  4.2378e+10     9.8571    98    97     8.1064
   99  4.2349e+10     9.8587    99    98     8.1858
  100  4.2262e+10     9.8634   100    99     8.2653
