#indx Mass S step-number desc_indx 
    0  1.0000e+14     0.8310     0    -1     0.0134
    1  9.4988e+13     0.8499     1     0     0.1326
    2  5.7648e+13     1.0510     2     1     0.2441
    3  5.6633e+13     1.0587     3     2     0.3500
    4  5.6145e+13     1.0625     4     3     0.4519
    5  5.3032e+13     1.0879     5     4     0.5506
    6  4.8024e+13     1.1330     6     5     0.6467
    7  4.3384e+13     1.1808     7     6     0.7407
    8  4.1104e+13     1.2068     8     7     0.8330
    9  4.0269e+13     1.2168     9     8     0.9238
   10  3.8492e+13     1.2390    10     9     1.0134
   11  3.7680e+13     1.2496    11    10     1.1018
   12  2.9601e+13     1.3745    12    11     1.1894
   13  2.0583e+13     1.5802    13    12     1.2761
   14  1.6818e+13     1.7043    14    13     1.3621
   15  9.8043e+12     2.0721    15    14     1.4474
   16  9.6598e+12     2.0830    16    15     1.5322
   17  8.9477e+12     2.1399    17    16     1.6165
   18  8.6221e+12     2.1678    18    17     1.7003
   19  7.9568e+12     2.2294    19    18     1.7838
   20  7.1105e+12     2.3177    20    19     1.8669
   21  6.6838e+12     2.3674    21    20     1.9496
   22  6.5322e+12     2.3860    22    21     2.0321
   23  6.4769e+12     2.3929    23    22     2.1143
   24  6.4198e+12     2.4002    24    23     2.1963
   25  6.4104e+12     2.4014    25    24     2.2781
   26  6.3283e+12     2.4119    26    25     2.3597
   27  6.0410e+12     2.4503    27    26     2.4411
   28  4.0987e+12     2.7887    28    27     2.5223
   29  3.7809e+12     2.8632    29    28     2.6034
   30  3.3985e+12     2.9640    30    29     2.6844
   31  3.3047e+12     2.9909    31    30     2.7652
   32  2.7835e+12     3.1597    32    31     2.8459
   33  2.6882e+12     3.1948    33    32     2.9266
   34  2.6538e+12     3.2079    34    33     3.0071
   35  2.5565e+12     3.2460    35    34     3.0876
   36  2.4995e+12     3.2691    36    35     3.1680
   37  2.4832e+12     3.2759    37    36     3.2483
   38  2.4205e+12     3.3023    38    37     3.3285
   39  2.3541e+12     3.3312    39    38     3.4087
   40  2.3446e+12     3.3355    40    39     3.4889
   41  2.2051e+12     3.4000    41    40     3.5689
   42  1.9189e+12     3.5497    42    41     3.6490
   43  1.0296e+12     4.2804    43    42     3.7290
   44  1.0256e+12     4.2854    44    43     3.8089
   45  9.2515e+11     4.4164    45    44     3.8889
   46  8.7411e+11     4.4897    46    45     3.9688
   47  8.6785e+11     4.4991    47    46     4.0486
   48  8.3909e+11     4.5431    48    47     4.1285
   49  7.6793e+11     4.6605    49    48     4.2083
   50  6.4666e+11     4.8944    50    49     4.2881
   51  5.9637e+11     5.0075    51    50     4.3678
   52  5.7578e+11     5.0572    52    51     4.4476
   53  5.6960e+11     5.0725    53    52     4.5273
   54  5.5939e+11     5.0982    54    53     4.6070
   55  5.5230e+11     5.1165    55    54     4.6867
   56  5.1536e+11     5.2162    56    55     4.7664
   57  4.9190e+11     5.2842    57    56     4.8460
   58  4.8294e+11     5.3112    58    57     4.9257
   59  4.2324e+11     5.5078    59    58     5.0053
   60  4.0858e+11     5.5612    60    59     5.0849
   61  3.7151e+11     5.7073    61    60     5.1646
   62  3.6997e+11     5.7137    62    61     5.2442
   63  2.7956e+11     6.1605    63    62     5.3238
   64  2.7402e+11     6.1934    64    63     5.4033
   65  2.7185e+11     6.2064    65    64     5.4829
   66  2.5273e+11     6.3274    66    65     5.5625
   67  2.4430e+11     6.3843    67    66     5.6421
   68  2.3590e+11     6.4434    68    67     5.7216
   69  2.2902e+11     6.4936    69    68     5.8012
   70  2.2431e+11     6.5291    70    69     5.8807
   71  1.9000e+11     6.8173    71    70     5.9602
   72  1.8928e+11     6.8240    72    71     6.0398
   73  1.7902e+11     6.9229    73    72     6.1193
   74  1.7288e+11     6.9853    74    73     6.1988
   75  1.6861e+11     7.0303    75    74     6.2783
   76  1.6698e+11     7.0478    76    75     6.3579
   77  1.6641e+11     7.0540    77    76     6.4374
   78  9.1412e+10     8.1987    78    77     6.5169
   79  8.7843e+10     8.2793    79    78     6.5964
   80  8.7224e+10     8.2937    80    79     6.6759
   81  7.9654e+10     8.4797    81    80     6.7554
   82  7.9421e+10     8.4858    82    81     6.8349
   83  7.3689e+10     8.6416    83    82     6.9143
   84  7.3331e+10     8.6518    84    83     6.9938
   85  6.9834e+10     8.7546    85    84     7.0733
   86  6.8651e+10     8.7908    86    85     7.1528
   87  6.5819e+10     8.8804    87    86     7.2323
   88  6.5382e+10     8.8946    88    87     7.3117
   89  6.4813e+10     8.9134    89    88     7.3912
   90  6.0035e+10     9.0784    90    89     7.4707
   91  5.9711e+10     9.0902    91    90     7.5502
   92  5.9707e+10     9.0903    92    91     7.6296
   93  5.7092e+10     9.1879    93    92     7.7091
   94  4.6221e+10     9.6587    94    93     7.7885
   95  2.6386e+10    10.9920    95    94     7.8680
   96  2.4800e+10    11.1472    96    95     7.9475
   97  2.3977e+10    11.2322    97    96     8.0269
   98  2.2620e+10    11.3803    98    97     8.1064
   99  2.2572e+10    11.3857    99    98     8.1858
  100  2.1298e+10    11.5348   100    99     8.2653
