#indx Mass S step-number desc_indx 
    0  1.0000e+14     0.8310     0    -1     0.0134
    1  9.2607e+13     0.8593     1     0     0.1326
    2  8.9870e+13     0.8705     2     1     0.2441
    3  5.7221e+13     1.0542     3     2     0.3500
    4  3.9138e+13     1.2308     4     3     0.4519
    5  3.1047e+13     1.3491     5     4     0.5506
    6  2.9515e+13     1.3760     6     5     0.6467
    7  1.7671e+13     1.6733     7     6     0.7407
    8  1.7557e+13     1.6773     8     7     0.8330
    9  1.4684e+13     1.7918     9     8     0.9238
   10  1.4201e+13     1.8138    10     9     1.0134
   11  1.4070e+13     1.8200    11    10     1.1018
   12  1.2924e+13     1.8771    12    11     1.1894
   13  1.2752e+13     1.8862    13    12     1.2761
   14  1.1258e+13     1.9727    14    13     1.3621
   15  3.5301e+12     2.9278    15    14     1.4474
   16  3.4185e+12     2.9584    16    15     1.5322
   17  3.3989e+12     2.9639    17    16     1.6165
   18  3.2597e+12     3.0041    18    17     1.7003
   19  2.7498e+12     3.1720    19    18     1.7838
   20  2.6880e+12     3.1949    20    19     1.8669
   21  2.0261e+12     3.4906    21    20     1.9496
   22  1.4666e+12     3.8529    22    21     2.0321
   23  8.6824e+11     4.4985    23    22     2.1143
   24  8.6762e+11     4.4994    24    23     2.1963
   25  8.3321e+11     4.5523    25    24     2.2781
   26  8.0729e+11     4.5940    26    25     2.3597
   27  7.9419e+11     4.6157    27    26     2.4411
   28  7.8427e+11     4.6324    28    27     2.5223
   29  6.7106e+11     4.8433    29    28     2.6034
   30  6.6511e+11     4.8555    30    29     2.6844
   31  6.1593e+11     4.9622    31    30     2.7652
   32  6.1150e+11     4.9723    32    31     2.8459
   33  6.0608e+11     4.9848    33    32     2.9266
   34  5.6588e+11     5.0818    34    33     3.0071
   35  5.6497e+11     5.0841    35    34     3.0876
   36  5.6054e+11     5.0953    36    35     3.1680
   37  5.4122e+11     5.1455    37    36     3.2483
   38  5.2040e+11     5.2021    38    37     3.3285
   39  5.0777e+11     5.2378    39    38     3.4087
   40  4.9401e+11     5.2779    40    39     3.4889
   41  4.8881e+11     5.2934    41    40     3.5689
   42  4.6010e+11     5.3828    42    41     3.6490
   43  4.5837e+11     5.3884    43    42     3.7290
   44  4.4514e+11     5.4320    44    43     3.8089
   45  4.2906e+11     5.4872    45    44     3.8889
   46  3.1333e+11     5.9757    46    45     3.9688
   47  3.0614e+11     6.0130    47    46     4.0486
   48  3.0320e+11     6.0285    48    47     4.1285
   49  2.9508e+11     6.0725    49    48     4.2083
   50  2.9441e+11     6.0761    50    49     4.2881
   51  2.9287e+11     6.0847    51    50     4.3678
   52  2.7466e+11     6.1896    52    51     4.4476
   53  2.7363e+11     6.1958    53    52     4.5273
   54  2.7341e+11     6.1970    54    53     4.6070
   55  2.4796e+11     6.3593    55    54     4.6867
   56  2.4662e+11     6.3684    56    55     4.7664
   57  2.1062e+11     6.6374    57    56     4.8460
   58  2.0825e+11     6.6569    58    57     4.9257
   59  1.5733e+11     7.1560    59    58     5.0053
   60  1.5308e+11     7.2061    60    59     5.0849
   61  1.4427e+11     7.3156    61    60     5.1646
   62  1.3287e+11     7.4695    62    61     5.2442
   63  1.3125e+11     7.4927    63    62     5.3238
   64  4.2415e+10     9.8551    64    63     5.4033
   65  3.7865e+10    10.1188    65    64     5.4829
   66  3.7432e+10    10.1458    66    65     5.5625
   67  3.6154e+10    10.2277    67    66     5.6421
   68  3.3679e+10    10.3963    68    67     5.7216
   69  3.2891e+10    10.4531    69    68     5.8012
   70  2.1128e+10    11.5555    70    69     5.8807
   71  2.1116e+10    11.5568    71    70     5.9602
   72  2.0786e+10    11.5976    72    71     6.0398
   73  2.0443e+10    11.6408    73    72     6.1193
   74  2.0370e+10    11.6500    74    73     6.1988
   75  1.9878e+10    11.7135    75    74     6.2783
   76  1.9772e+10    11.7275    76    75     6.3579
   77  1.3917e+10    12.6694    77    76     6.4374
   78  1.1044e+10    13.3183    78    77     6.5169
   79  6.0907e+09    15.0973    79    78     6.5964
   80  6.0329e+09    15.1271    80    79     6.6759
   81  5.4178e+09    15.4662    81    80     6.7554
   82  4.6006e+09    15.9920    82    81     6.8349
   83  4.5983e+09    15.9937    83    82     6.9143
   84  4.5263e+09    16.0451    84    83     6.9938
   85  4.4477e+09    16.1023    85    84     7.0733
   86  1.3194e+09    20.4349    86    85     7.1528
   87  1.2471e+09    20.6538    87    86     7.2323
   88  1.2427e+09    20.6677    88    87     7.3117
   89  1.2402e+09    20.6755    89    88     7.3912
   90  1.0279e+09    21.4173    90    89     7.4707
   91  1.0128e+09    21.4764    91    90     7.5502
   92  1.0101e+09    21.4870    92    91     7.6296
   93  7.5151e+08    22.6953    93    92     7.7091
   94  7.4973e+08    22.7052    94    93     7.7885
   95  7.4937e+08    22.7072    95    94     7.8680
   96  7.4901e+08    22.7092    96    95     7.9475
   97  7.4737e+08    22.7183    97    96     8.0269
   98  4.6366e+08    24.7688    98    97     8.1064
   99  4.6278e+08    24.7772    99    98     8.1858
  100  4.5901e+08    24.8135   100    99     8.2653
