#indx Mass S step-number desc_indx 
    0  1.0000e+14     0.8310     0    -1     0.0134
    1  9.8353e+13     0.8371     1     0     0.1326
    2  7.8620e+13     0.9221     2     1     0.2441
    3  7.4394e+13     0.9441     3     2     0.3500
    4  6.0693e+13     1.0287     4     3     0.4519
    5  3.9067e+13     1.2317     5     4     0.5506
    6  3.8011e+13     1.2452     6     5     0.6467
    7  3.7740e+13     1.2488     7     6     0.7407
    8  2.8209e+13     1.4005     8     7     0.8330
    9  2.2568e+13     1.5260     9     8     0.9238
   10  6.0855e+12     2.4442    10     9     1.0134
   11  5.8582e+12     2.4759    11    10     1.1018
   12  5.7748e+12     2.4879    12    11     1.1894
   13  5.2941e+12     2.5618    13    12     1.2761
   14  5.2030e+12     2.5767    14    13     1.3621
   15  2.4706e+12     3.2811    15    14     1.4474
   16  2.4438e+12     3.2924    16    15     1.5322
   17  2.4429e+12     3.2928    17    16     1.6165
   18  2.1977e+12     3.4036    18    17     1.7003
   19  1.8636e+12     3.5818    19    18     1.7838
   20  1.8591e+12     3.5845    20    19     1.8669
   21  1.8530e+12     3.5881    21    20     1.9496
   22  1.8457e+12     3.5925    22    21     2.0321
   23  1.8341e+12     3.5994    23    22     2.1143
   24  1.7881e+12     3.6276    24    23     2.1963
   25  1.7813e+12     3.6318    25    24     2.2781
   26  1.7798e+12     3.6327    26    25     2.3597
   27  1.7375e+12     3.6596    27    26     2.4411
   28  1.6494e+12     3.7182    28    27     2.5223
   29  1.6007e+12     3.7522    29    28     2.6034
   30  7.1811e+11     4.7508    30    29     2.6844
   31  6.1033e+11     4.9750    31    30     2.7652
   32  4.3137e+11     5.4792    32    31     2.8459
   33  4.2753e+11     5.4926    33    32     2.9266
   34  1.7000e+11     7.0155    34    33     3.0071
   35  1.6817e+11     7.0350    35    34     3.0876
   36  1.6308e+11     7.0906    36    35     3.1680
   37  1.6233e+11     7.0990    37    36     3.2483
   38  1.5993e+11     7.1261    38    37     3.3285
   39  1.5980e+11     7.1276    39    38     3.4087
   40  1.2781e+11     7.5429    40    39     3.4889
   41  1.2235e+11     7.6262    41    40     3.5689
   42  1.2010e+11     7.6617    42    41     3.6490
   43  1.1959e+11     7.6700    43    42     3.7290
   44  1.0105e+11     7.9985    44    43     3.8089
   45  1.0007e+11     8.0178    45    44     3.8889
   46  5.7869e+10     9.1584    46    45     3.9688
   47  5.5092e+10     9.2662    47    46     4.0486
   48  5.4749e+10     9.2800    48    47     4.1285
   49  5.1767e+10     9.4041    49    48     4.2083
   50  4.4153e+10     9.7629    50    49     4.2881
   51  4.2404e+10     9.8557    51    50     4.3678
   52  4.2158e+10     9.8691    52    51     4.4476
   53  4.2077e+10     9.8735    53    52     4.5273
   54  4.0351e+10     9.9704    54    53     4.6070
   55  4.0315e+10     9.9725    55    54     4.6867
   56  3.9438e+10    10.0236    56    55     4.7664
   57  3.6712e+10    10.1916    57    56     4.8460
   58  3.6688e+10    10.1930    58    57     4.9257
   59  8.3382e+09    14.1386    59    58     5.0053
   60  8.3271e+09    14.1426    60    59     5.0849
   61  8.3074e+09    14.1497    61    60     5.1646
   62  8.1137e+09    14.2202    62    61     5.2442
   63  8.0879e+09    14.2297    63    62     5.3238
   64  7.9393e+09    14.2853    64    63     5.4033
   65  4.4555e+09    16.0966    65    64     5.4829
   66  4.4076e+09    16.1319    66    65     5.5625
   67  4.4060e+09    16.1332    67    66     5.6421
   68  4.2321e+09    16.2654    68    67     5.7216
   69  3.9095e+09    16.5281    69    68     5.8012
   70  3.8681e+09    16.5635    70    69     5.8807
   71  3.8524e+09    16.5771    71    70     5.9602
   72  3.8190e+09    16.6062    72    71     6.0398
   73  3.7437e+09    16.6728    73    72     6.1193
   74  3.6397e+09    16.7675    74    73     6.1988
   75  3.5846e+09    16.8188    75    74     6.2783
   76  3.5406e+09    16.8605    76    75     6.3579
   77  3.4932e+09    16.9062    77    76     6.4374
   78  3.2773e+09    17.1231    78    77     6.5169
   79  3.2644e+09    17.1366    79    78     6.5964
   80  3.2636e+09    17.1374    80    79     6.6759
   81  3.2188e+09    17.1847    81    80     6.7554
   82  3.2112e+09    17.1927    82    81     6.8349
   83  3.2017e+09    17.2029    83    82     6.9143
   84  2.7463e+09    17.7344    84    83     6.9938
   85  2.6781e+09    17.8226    85    84     7.0733
   86  2.6662e+09    17.8383    86    85     7.1528
   87  2.6645e+09    17.8406    87    86     7.2323
   88  2.6629e+09    17.8427    88    87     7.3117
   89  2.5073e+09    18.0552    89    88     7.3912
   90  2.5047e+09    18.0590    90    89     7.4707
   91  2.1204e+09    18.6566    91    90     7.5502
   92  1.9523e+09    18.9581    92    91     7.6296
   93  1.9503e+09    18.9618    93    92     7.7091
   94  1.9436e+09    18.9745    94    93     7.7885
   95  1.9373e+09    18.9864    95    94     7.8680
   96  1.6744e+09    19.5276    96    95     7.9475
   97  1.4775e+09    20.0005    97    96     8.0269
   98  1.4356e+09    20.1103    98    97     8.1064
   99  1.0810e+09    21.2163    99    98     8.1858
  100  1.0460e+09    21.3475   100    99     8.2653
