#indx Mass S step-number desc_indx 
    0  1.0000e+14     0.8310     0    -1     0.0134
    1  9.5640e+13     0.8473     1     0     0.1326
    2  9.4213e+13     0.8529     2     1     0.2441
    3  8.7019e+13     0.8828     3     2     0.3500
    4  8.2043e+13     0.9054     4     3     0.4519
    5  6.0631e+13     1.0291     5     4     0.5506
    6  5.0978e+13     1.1057     6     5     0.6467
    7  4.9703e+13     1.1172     7     6     0.7407
    8  4.8208e+13     1.1313     8     7     0.8330
    9  4.2002e+13     1.1963     9     8     0.9238
   10  3.7586e+13     1.2508    10     9     1.0134
   11  3.7316e+13     1.2544    11    10     1.1018
   12  3.4465e+13     1.2947    12    11     1.1894
   13  2.9331e+13     1.3794    13    12     1.2761
   14  2.9093e+13     1.3838    14    13     1.3621
   15  2.6055e+13     1.4443    15    14     1.4474
   16  2.0656e+13     1.5781    16    15     1.5322
   17  7.0266e+12     2.3271    17    16     1.6165
   18  6.7088e+12     2.3643    18    17     1.7003
   19  6.4619e+12     2.3948    19    18     1.7838
   20  4.5448e+12     2.6953    20    19     1.8669
   21  4.5181e+12     2.7006    21    20     1.9496
   22  3.9642e+12     2.8193    22    21     2.0321
   23  3.8117e+12     2.8557    23    22     2.1143
   24  3.3620e+12     2.9744    24    23     2.1963
   25  3.2205e+12     3.0158    25    24     2.2781
   26  3.0946e+12     3.0547    26    25     2.3597
   27  3.0590e+12     3.0660    27    26     2.4411
   28  2.8203e+12     3.1465    28    27     2.5223
   29  2.7934e+12     3.1561    29    28     2.6034
   30  2.6692e+12     3.2020    30    29     2.6844
   31  2.6146e+12     3.2230    31    30     2.7652
   32  2.5707e+12     3.2403    32    31     2.8459
   33  2.0239e+12     3.4918    33    32     2.9266
   34  1.9842e+12     3.5132    34    33     3.0071
   35  1.7835e+12     3.6305    35    34     3.0876
   36  1.5570e+12     3.7838    36    35     3.1680
   37  1.4975e+12     3.8287    37    36     3.2483
   38  1.4902e+12     3.8344    38    37     3.3285
   39  1.4252e+12     3.8863    39    38     3.4087
   40  1.4161e+12     3.8938    40    39     3.4889
   41  1.4118e+12     3.8974    41    40     3.5689
   42  1.3736e+12     3.9296    42    41     3.6490
   43  1.1295e+12     4.1654    43    42     3.7290
   44  1.0981e+12     4.2001    44    43     3.8089
   45  1.0531e+12     4.2522    45    44     3.8889
   46  8.5007e+11     4.5261    46    45     3.9688
   47  8.4759e+11     4.5299    47    46     4.0486
   48  8.4319e+11     4.5367    48    47     4.1285
   49  8.3725e+11     4.5460    49    48     4.2083
   50  8.2114e+11     4.5716    50    49     4.2881
   51  7.9505e+11     4.6143    51    50     4.3678
   52  7.7398e+11     4.6500    52    51     4.4476
   53  7.6891e+11     4.6588    53    52     4.5273
   54  6.6913e+11     4.8472    54    53     4.6070
   55  6.6470e+11     4.8564    55    54     4.6867
   56  6.5560e+11     4.8754    56    55     4.7664
   57  6.5212e+11     4.8827    57    56     4.8460
   58  6.2462e+11     4.9426    58    57     4.9257
   59  5.8343e+11     5.0385    59    58     5.0053
   60  5.6450e+11     5.0853    60    59     5.0849
   61  5.5733e+11     5.1035    61    60     5.1646
   62  5.3979e+11     5.1493    62    61     5.2442
   63  5.2022e+11     5.2026    63    62     5.3238
   64  4.7575e+11     5.3333    64    63     5.4033
   65  4.5890e+11     5.3867    65    64     5.4829
   66  4.5450e+11     5.4010    66    65     5.5625
   67  4.4441e+11     5.4345    67    66     5.6421
   68  4.4380e+11     5.4365    68    67     5.7216
   69  4.2920e+11     5.4867    69    68     5.8012
   70  4.2799e+11     5.4910    70    69     5.8807
   71  3.9836e+11     5.5999    71    70     5.9602
   72  3.7468e+11     5.6941    72    71     6.0398
   73  3.7326e+11     5.7000    73    72     6.1193
   74  3.6951e+11     5.7157    74    73     6.1988
   75  3.6552e+11     5.7325    75    74     6.2783
   76  3.5355e+11     5.7844    76    75     6.3579
   77  3.5307e+11     5.7866    77    76     6.4374
   78  3.4799e+11     5.8093    78    77     6.5169
   79  3.2504e+11     5.9171    79    78     6.5964
   80  2.3827e+11     6.4264    80    79     6.6759
   81  2.3766e+11     6.4308    81    80     6.7554
   82  2.2754e+11     6.5047    82    81     6.8349
   83  2.2290e+11     6.5399    83    82     6.9143
   84  2.2115e+11     6.5533    84    83     6.9938
   85  2.1579e+11     6.5955    85    84     7.0733
   86  2.0783e+11     6.6604    86    85     7.1528
   87  2.0259e+11     6.7048    87    86     7.2323
   88  1.9965e+11     6.7303    88    87     7.3117
   89  1.9881e+11     6.7377    89    88     7.3912
   90  1.9859e+11     6.7397    90    89     7.4707
   91  1.9745e+11     6.7497    91    90     7.5502
   92  1.9410e+11     6.7798    92    91     7.6296
   93  1.9222e+11     6.7969    93    92     7.7091
   94  1.7535e+11     6.9599    94    93     7.7885
   95  1.7204e+11     6.9940    95    94     7.8680
   96  1.7109e+11     7.0040    96    95     7.9475
   97  1.4341e+11     7.3267    97    96     8.0269
   98  1.4088e+11     7.3598    98    97     8.1064
   99  9.7599e+10     8.0675    99    98     8.1858
  100  9.5696e+10     8.1068   100    99     8.2653
