#indx Mass S step-number desc_indx 
    0  1.0000e+14     0.8310     0    -1     0.0134
    1  8.6548e+13     0.8848     1     0     0.1326
    2  8.5849e+13     0.8879     2     1     0.2441
    3  8.3080e+13     0.9006     3     2     0.3500
    4  8.1042e+13     0.9102     4     3     0.4519
    5  5.8231e+13     1.0466     5     4     0.5506
    6  5.3306e+13     1.0856     6     5     0.6467
    7  5.1856e+13     1.0980     7     6     0.7407
    8  2.5924e+13     1.4471     8     7     0.8330
    9  2.4671e+13     1.4749     9     8     0.9238
   10  1.7319e+13     1.6859    10     9     1.0134
   11  1.5656e+13     1.7501    11    10     1.1018
   12  1.5376e+13     1.7617    12    11     1.1894
   13  1.5348e+13     1.7629    13    12     1.2761
   14  1.4731e+13     1.7897    14    13     1.3621
   15  1.6836e+12     3.6950    15    14     1.4474
   16  1.6114e+12     3.7447    16    15     1.5322
   17  1.2339e+12     4.0576    17    16     1.6165
   18  1.2307e+12     4.0607    18    17     1.7003
   19  1.1834e+12     4.1083    19    18     1.7838
   20  1.1716e+12     4.1205    20    19     1.8669
   21  1.1623e+12     4.1302    21    20     1.9496
   22  1.0782e+12     4.2229    22    21     2.0321
   23  7.6821e+11     4.6600    23    22     2.1143
   24  7.3214e+11     4.7246    24    23     2.1963
   25  7.1396e+11     4.7586    25    24     2.2781
   26  7.0816e+11     4.7697    26    25     2.3597
   27  6.8304e+11     4.8190    27    26     2.4411
   28  6.6681e+11     4.8520    28    27     2.5223
   29  6.3841e+11     4.9122    29    28     2.6034
   30  3.5972e+11     5.7574    30    29     2.6844
   31  3.5448e+11     5.7804    31    30     2.7652
   32  3.5202e+11     5.7912    32    31     2.8459
   33  3.3585e+11     5.8653    33    32     2.9266
   34  3.3214e+11     5.8828    34    33     3.0071
   35  2.2495e+11     6.5242    35    34     3.0876
   36  2.1924e+11     6.5682    36    35     3.1680
   37  1.9935e+11     6.7329    37    36     3.2483
   38  1.9715e+11     6.7524    38    37     3.3285
   39  1.9646e+11     6.7586    39    38     3.4087
   40  1.9105e+11     6.8076    40    39     3.4889
   41  1.6600e+11     7.0585    41    40     3.5689
   42  1.6286e+11     7.0931    42    41     3.6490
   43  1.5578e+11     7.1741    43    42     3.7290
   44  6.8962e+10     8.7812    44    43     3.8089
   45  6.8401e+10     8.7985    45    44     3.8889
   46  6.7973e+10     8.8118    46    45     3.9688
   47  6.6913e+10     8.8453    47    46     4.0486
   48  6.5202e+10     8.9006    48    47     4.1285
   49  6.4503e+10     8.9236    49    48     4.2083
   50  6.2802e+10     8.9810    50    49     4.2881
   51  6.1972e+10     9.0097    51    50     4.3678
   52  6.1228e+10     9.0358    52    51     4.4476
   53  6.0566e+10     9.0593    53    52     4.5273
   54  5.2172e+10     9.3867    54    53     4.6070
   55  5.2021e+10     9.3932    55    54     4.6867
   56  5.1998e+10     9.3941    56    55     4.7664
   57  5.0624e+10     9.4538    57    56     4.8460
   58  5.0156e+10     9.4746    58    57     4.9257
   59  4.9790e+10     9.4910    59    58     5.0053
   60  4.8188e+10     9.5645    60    59     5.0849
   61  4.7538e+10     9.5951    61    60     5.1646
   62  4.6551e+10     9.6426    62    61     5.2442
   63  4.6312e+10     9.6542    63    62     5.3238
   64  4.6248e+10     9.6574    64    63     5.4033
   65  4.5646e+10     9.6871    65    64     5.4829
   66  4.5227e+10     9.7081    66    65     5.5625
   67  4.4895e+10     9.7249    67    66     5.6421
   68  4.3801e+10     9.7813    68    67     5.7216
   69  4.2931e+10     9.8273    69    68     5.8012
   70  3.9459e+10    10.0224    70    69     5.8807
   71  3.8913e+10    10.0549    71    70     5.9602
   72  3.8598e+10    10.0739    72    71     6.0398
   73  2.9315e+10    10.7322    73    72     6.1193
   74  2.8931e+10    10.7645    74    73     6.1988
   75  2.8646e+10    10.7888    75    74     6.2783
   76  2.8456e+10    10.8052    76    75     6.3579
   77  2.8114e+10    10.8349    77    76     6.4374
   78  2.7110e+10    10.9248    78    77     6.5169
   79  2.6903e+10    10.9438    79    78     6.5964
   80  2.6180e+10    11.0116    80    79     6.6759
   81  2.6140e+10    11.0153    81    80     6.7554
   82  2.5956e+10    11.0330    82    81     6.8349
   83  2.5871e+10    11.0412    83    82     6.9143
   84  2.5619e+10    11.0656    84    83     6.9938
   85  2.5452e+10    11.0820    85    84     7.0733
   86  2.5255e+10    11.1015    86    85     7.1528
   87  2.5212e+10    11.1057    87    86     7.2323
   88  2.4871e+10    11.1399    88    87     7.3117
   89  2.4629e+10    11.1646    89    88     7.3912
   90  2.3008e+10    11.3370    90    89     7.4707
   91  1.9524e+10    11.7604    91    90     7.5502
   92  1.9450e+10    11.7705    92    91     7.6296
   93  1.7981e+10    11.9772    93    92     7.7091
   94  1.7971e+10    11.9785    94    93     7.7885
   95  1.4345e+10    12.5861    95    94     7.8680
   96  1.4034e+10    12.6463    96    95     7.9475
   97  1.3991e+10    12.6547    97    96     8.0269
   98  1.3363e+10    12.7816    98    97     8.1064
   99  1.3345e+10    12.7854    99    98     8.1858
  100  1.2778e+10    12.9064   100    99     8.2653
