#indx Mass S step-number desc_indx 
    0  1.0000e+14     0.8310     0    -1     0.0134
    1  9.6773e+13     0.8430     1     0     0.1326
    2  9.4117e+13     0.8533     2     1     0.2441
    3  9.0222e+13     0.8691     3     2     0.3500
    4  8.4072e+13     0.8960     4     3     0.4519
    5  8.1964e+13     0.9058     5     4     0.5506
    6  7.8771e+13     0.9214     6     5     0.6467
    7  7.6914e+13     0.9308     7     6     0.7407
    8  2.0458e+13     1.5839     8     7     0.8330
    9  1.8700e+13     1.6383     9     8     0.9238
   10  1.8036e+13     1.6606    10     9     1.0134
   11  1.4743e+13     1.7891    11    10     1.1018
   12  1.4104e+13     1.8184    12    11     1.1894
   13  1.2609e+13     1.8939    13    12     1.2761
   14  1.2075e+13     1.9237    14    13     1.3621
   15  1.1819e+13     1.9386    15    14     1.4474
   16  1.1469e+13     1.9596    16    15     1.5322
   17  1.1432e+13     1.9619    17    16     1.6165
   18  1.0736e+13     2.0064    18    17     1.7003
   19  1.0549e+13     2.0190    19    18     1.7838
   20  1.0400e+13     2.0292    20    19     1.8669
   21  1.0250e+13     2.0398    21    20     1.9496
   22  1.0138e+13     2.0477    22    21     2.0321
   23  9.6156e+12     2.0864    23    22     2.1143
   24  7.8123e+12     2.2436    24    23     2.1963
   25  6.4880e+12     2.3915    25    24     2.2781
   26  6.1599e+12     2.4341    26    25     2.3597
   27  5.2642e+12     2.5666    27    26     2.4411
   28  4.9689e+12     2.6166    28    27     2.5223
   29  4.5052e+12     2.7032    29    28     2.6034
   30  4.4284e+12     2.7186    30    29     2.6844
   31  4.2746e+12     2.7504    31    30     2.7652
   32  4.2059e+12     2.7651    32    31     2.8459
   33  4.1655e+12     2.7739    33    32     2.9266
   34  4.1132e+12     2.7854    34    33     3.0071
   35  3.6022e+12     2.9087    35    34     3.0876
   36  3.4708e+12     2.9439    36    35     3.1680
   37  3.3903e+12     2.9663    37    36     3.2483
   38  3.3542e+12     2.9766    38    37     3.3285
   39  3.2940e+12     2.9940    39    38     3.4087
   40  3.2481e+12     3.0076    40    39     3.4889
   41  3.1600e+12     3.0342    41    40     3.5689
   42  2.6810e+12     3.1975    42    41     3.6490
   43  2.3046e+12     3.3535    43    42     3.7290
   44  2.2487e+12     3.3793    44    43     3.8089
   45  2.0663e+12     3.4694    45    44     3.8889
   46  1.9640e+12     3.5243    46    45     3.9688
   47  1.9186e+12     3.5499    47    46     4.0486
   48  1.8363e+12     3.5981    48    47     4.1285
   49  1.7774e+12     3.6343    49    48     4.2083
   50  1.7713e+12     3.6381    50    49     4.2881
   51  1.7297e+12     3.6646    51    50     4.3678
   52  1.6885e+12     3.6917    52    51     4.4476
   53  1.6816e+12     3.6963    53    52     4.5273
   54  1.6244e+12     3.7355    54    53     4.6070
   55  1.5985e+12     3.7538    55    54     4.6867
   56  1.5928e+12     3.7578    56    55     4.7664
   57  1.4213e+12     3.8895    57    56     4.8460
   58  1.4130e+12     3.8964    58    57     4.9257
   59  1.4101e+12     3.8987    59    58     5.0053
   60  1.4041e+12     3.9038    60    59     5.0849
   61  1.3341e+12     3.9641    61    60     5.1646
   62  1.1170e+12     4.1790    62    61     5.2442
   63  1.0801e+12     4.2207    63    62     5.3238
   64  1.0718e+12     4.2303    64    63     5.4033
   65  1.0556e+12     4.2493    65    64     5.4829
   66  9.9048e+11     4.3293    66    65     5.5625
   67  9.8621e+11     4.3348    67    66     5.6421
   68  9.2136e+11     4.4216    68    67     5.7216
   69  9.1177e+11     4.4351    69    68     5.8012
   70  8.7998e+11     4.4810    70    69     5.8807
   71  8.6149e+11     4.5087    71    70     5.9602
   72  8.5592e+11     4.5171    72    71     6.0398
   73  8.5394e+11     4.5202    73    72     6.1193
   74  8.5248e+11     4.5224    74    73     6.1988
   75  8.3137e+11     4.5553    75    74     6.2783
   76  7.9422e+11     4.6156    76    75     6.3579
   77  7.7402e+11     4.6499    77    76     6.4374
   78  7.4820e+11     4.6954    78    77     6.5169
   79  7.1931e+11     4.7485    79    78     6.5964
   80  6.0376e+11     4.9901    80    79     6.6759
   81  5.9513e+11     5.0104    81    80     6.7554
   82  3.1670e+11     5.9586    82    81     6.8349
   83  3.1464e+11     5.9690    83    82     6.9143
   84  2.8746e+11     6.1150    84    83     6.9938
   85  2.8532e+11     6.1272    85    84     7.0733
   86  2.6963e+11     6.2200    86    85     7.1528
   87  2.6884e+11     6.2248    87    86     7.2323
   88  2.5459e+11     6.3152    88    87     7.3117
   89  2.4227e+11     6.3984    89    88     7.3912
   90  2.1621e+11     6.5921    90    89     7.4707
   91  1.8774e+11     6.8385    91    90     7.5502
   92  1.8700e+11     6.8454    92    91     7.6296
   93  1.7560e+11     6.9573    93    92     7.7091
   94  1.7224e+11     6.9920    94    93     7.7885
   95  1.4539e+11     7.3012    95    94     7.8680
   96  1.2732e+11     7.5503    96    95     7.9475
   97  1.2605e+11     7.5693    97    96     8.0269
   98  1.2380e+11     7.6036    98    97     8.1064
   99  1.2378e+11     7.6040    99    98     8.1858
  100  1.1059e+11     7.8213   100    99     8.2653
