#indx Mass S step-number desc_indx 
    0  1.0000e+14     0.8310     0    -1     0.0134
    1  9.7001e+13     0.8421     1     0     0.1326
    2  8.6562e+13     0.8848     2     1     0.2441
    3  8.3659e+13     0.8979     3     2     0.3500
    4  6.5763e+13     0.9947     4     3     0.4519
    5  4.2870e+13     1.1865     5     4     0.5506
    6  4.2256e+13     1.1934     6     5     0.6467
    7  4.1593e+13     1.2011     7     6     0.7407
    8  3.6887e+13     1.2603     8     7     0.8330
    9  3.5298e+13     1.2825     9     8     0.9238
   10  3.1651e+13     1.3389    10     9     1.0134
   11  3.1488e+13     1.3416    11    10     1.1018
   12  1.6757e+13     1.7066    12    11     1.1894
   13  1.5183e+13     1.7699    13    12     1.2761
   14  1.3062e+13     1.8699    14    13     1.3621
   15  1.2931e+13     1.8767    15    14     1.4474
   16  1.0596e+13     2.0158    16    15     1.5322
   17  8.8482e+12     2.1483    17    16     1.6165
   18  8.7889e+12     2.1534    18    17     1.7003
   19  6.7789e+12     2.3559    19    18     1.7838
   20  5.2952e+12     2.5616    20    19     1.8669
   21  2.9158e+12     3.1134    21    20     1.9496
   22  2.7594e+12     3.1685    22    21     2.0321
   23  2.5442e+12     3.2509    23    22     2.1143
   24  2.5368e+12     3.2539    24    23     2.1963
   25  2.3137e+12     3.3493    25    24     2.2781
   26  2.2799e+12     3.3648    26    25     2.3597
   27  2.2511e+12     3.3782    27    26     2.4411
   28  2.1900e+12     3.4073    28    27     2.5223
   29  1.6340e+12     3.7288    29    28     2.6034
   30  1.6099e+12     3.7457    30    29     2.6844
   31  1.3776e+12     3.9262    31    30     2.7652
   32  1.1001e+12     4.1979    32    31     2.8459
   33  1.0879e+12     4.2117    33    32     2.9266
   34  1.0610e+12     4.2429    34    33     3.0071
   35  1.0560e+12     4.2487    35    34     3.0876
   36  9.5300e+11     4.3784    36    35     3.1680
   37  7.7420e+11     4.6496    37    36     3.2483
   38  7.3300e+11     4.7230    38    37     3.3285
   39  7.1709e+11     4.7527    39    38     3.4087
   40  6.1283e+11     4.9692    40    39     3.4889
   41  6.1009e+11     4.9755    41    40     3.5689
   42  6.0903e+11     4.9779    42    41     3.6490
   43  5.8215e+11     5.0416    43    42     3.7290
   44  5.6866e+11     5.0748    44    43     3.8089
   45  5.5666e+11     5.1052    45    44     3.8889
   46  5.1524e+11     5.2166    46    45     3.9688
   47  2.7578e+11     6.1829    47    46     4.0486
   48  2.5196e+11     6.3325    48    47     4.1285
   49  2.5055e+11     6.3420    49    48     4.2083
   50  2.4570e+11     6.3747    50    49     4.2881
   51  1.2418e+11     7.5979    51    50     4.3678
   52  1.2358e+11     7.6070    52    51     4.4476
   53  1.2280e+11     7.6192    53    52     4.5273
   54  1.1572e+11     7.7333    54    53     4.6070
   55  1.1353e+11     7.7703    55    54     4.6867
   56  1.1281e+11     7.7825    56    55     4.7664
   57  1.1266e+11     7.7851    57    56     4.8460
   58  1.1000e+11     7.8317    58    57     4.9257
   59  1.0797e+11     7.8681    59    58     5.0053
   60  1.0710e+11     7.8839    60    59     5.0849
   61  1.0696e+11     7.8865    61    60     5.1646
   62  1.0599e+11     7.9043    62    61     5.2442
   63  1.0505e+11     7.9218    63    62     5.3238
   64  1.0189e+11     7.9821    64    63     5.4033
   65  1.0145e+11     7.9906    65    64     5.4829
   66  9.8251e+10     8.0542    66    65     5.5625
   67  9.7935e+10     8.0606    67    66     5.6421
   68  9.7479e+10     8.0699    68    67     5.7216
   69  6.3780e+10     8.9478    69    68     5.8012
   70  6.3036e+10     8.9730    70    69     5.8807
   71  6.2410e+10     8.9945    71    70     5.9602
   72  5.9716e+10     9.0900    72    71     6.0398
   73  5.7424e+10     9.1752    73    72     6.1193
   74  5.6667e+10     9.2043    74    73     6.1988
   75  5.6318e+10     9.2179    75    74     6.2783
   76  5.2634e+10     9.3671    76    75     6.3579
   77  5.2410e+10     9.3766    77    76     6.4374
   78  5.1031e+10     9.4360    78    77     6.5169
   79  5.0910e+10     9.4413    79    78     6.5964
   80  5.0847e+10     9.4440    80    79     6.6759
   81  5.0633e+10     9.4534    81    80     6.7554
   82  4.9436e+10     9.5070    82    81     6.8349
   83  4.9138e+10     9.5206    83    82     6.9143
   84  4.8865e+10     9.5331    84    83     6.9938
   85  4.8042e+10     9.5713    85    84     7.0733
   86  4.7731e+10     9.5859    86    85     7.1528
   87  3.1952e+10    10.5229    87    86     7.2323
   88  3.1207e+10    10.5799    88    87     7.3117
   89  3.0825e+10    10.6098    89    88     7.3912
   90  3.0815e+10    10.6105    90    89     7.4707
   91  2.6653e+10    10.9669    91    90     7.5502
   92  2.5024e+10    11.1245    92    91     7.6296
   93  2.3413e+10    11.2926    93    92     7.7091
   94  2.3248e+10    11.3105    94    93     7.7885
   95  2.3188e+10    11.3171    95    94     7.8680
   96  1.7943e+10    11.9827    96    95     7.9475
   97  1.7899e+10    11.9891    97    96     8.0269
   98  1.5022e+10    12.4600    98    97     8.1064
   99  1.4555e+10    12.5462    99    98     8.1858
  100  1.4539e+10    12.5493   100    99     8.2653
