#indx Mass S step-number desc_indx 
    0  1.0000e+14     0.8310     0    -1     0.0134
    1  9.8313e+13     0.8372     1     0     0.1326
    2  9.7820e+13     0.8390     2     1     0.2441
    3  8.8563e+13     0.8761     3     2     0.3500
    4  8.4843e+13     0.8925     4     3     0.4519
    5  7.8435e+13     0.9231     5     4     0.5506
    6  7.5431e+13     0.9386     6     5     0.6467
    7  7.4251e+13     0.9449     7     6     0.7407
    8  6.7367e+13     0.9846     8     7     0.8330
    9  6.3518e+13     1.0093     9     8     0.9238
   10  6.2050e+13     1.0192    10     9     1.0134
   11  6.0000e+13     1.0336    11    10     1.1018
   12  5.5545e+13     1.0673    12    11     1.1894
   13  5.2980e+13     1.0883    13    12     1.2761
   14  3.1560e+13     1.3404    14    13     1.3621
   15  2.8005e+13     1.4045    15    14     1.4474
   16  2.4667e+13     1.4750    16    15     1.5322
   17  2.4099e+13     1.4882    17    16     1.6165
   18  8.9018e+12     2.1438    18    17     1.7003
   19  8.4136e+12     2.1865    19    18     1.7838
   20  8.3511e+12     2.1922    20    19     1.8669
   21  8.0909e+12     2.2164    21    20     1.9496
   22  7.8311e+12     2.2417    22    21     2.0321
   23  7.7543e+12     2.2494    23    22     2.1143
   24  6.6395e+12     2.3728    24    23     2.1963
   25  6.5895e+12     2.3789    25    24     2.2781
   26  5.4334e+12     2.5395    26    25     2.3597
   27  5.0527e+12     2.6021    27    26     2.4411
   28  4.9085e+12     2.6273    28    27     2.5223
   29  4.8581e+12     2.6364    29    28     2.6034
   30  4.6339e+12     2.6781    30    29     2.6844
   31  4.3842e+12     2.7276    31    30     2.7652
   32  3.9967e+12     2.8118    32    31     2.8459
   33  3.9715e+12     2.8176    33    32     2.9266
   34  3.7612e+12     2.8681    34    33     3.0071
   35  3.5323e+12     2.9272    35    34     3.0876
   36  3.5081e+12     2.9337    36    35     3.1680
   37  3.3949e+12     2.9650    37    36     3.2483
   38  3.3266e+12     2.9845    38    37     3.3285
   39  2.9007e+12     3.1185    39    38     3.4087
   40  2.7725e+12     3.1637    40    39     3.4889
   41  2.7503e+12     3.1718    41    40     3.5689
   42  1.5186e+12     3.8126    42    41     3.6490
   43  1.4836e+12     3.8396    43    42     3.7290
   44  1.3088e+12     3.9869    44    43     3.8089
   45  1.2716e+12     4.0214    45    44     3.8889
   46  1.2684e+12     4.0244    46    45     3.9688
   47  1.2419e+12     4.0498    47    46     4.0486
   48  1.2373e+12     4.0542    48    47     4.1285
   49  1.2201e+12     4.0712    49    48     4.2083
   50  1.1026e+12     4.1951    50    49     4.2881
   51  4.1838e+11     5.5253    51    50     4.3678
   52  3.7146e+11     5.7075    52    51     4.4476
   53  3.3517e+11     5.8684    53    52     4.5273
   54  3.1648e+11     5.9597    54    53     4.6070
   55  3.1227e+11     5.9811    55    54     4.6867
   56  3.1111e+11     5.9871    56    55     4.7664
   57  3.0861e+11     6.0001    57    56     4.8460
   58  2.7102e+11     6.2115    58    57     4.9257
   59  2.4643e+11     6.3697    59    58     5.0053
   60  2.1802e+11     6.5778    60    59     5.0849
   61  2.1360e+11     6.6130    61    60     5.1646
   62  2.0842e+11     6.6555    62    61     5.2442
   63  1.9892e+11     6.7368    63    62     5.3238
   64  1.9061e+11     6.8117    64    63     5.4033
   65  1.8729e+11     6.8427    65    64     5.4829
   66  1.8292e+11     6.8845    66    65     5.5625
   67  1.7841e+11     6.9289    67    66     5.6421
   68  1.7597e+11     6.9535    68    67     5.7216
   69  1.6984e+11     7.0173    69    68     5.8012
   70  1.6628e+11     7.0554    70    69     5.8807
   71  1.4080e+11     7.3609    71    70     5.9602
   72  1.2821e+11     7.5370    72    71     6.0398
   73  1.2474e+11     7.5893    73    72     6.1193
   74  1.2128e+11     7.6429    74    73     6.1988
   75  1.1685e+11     7.7144    75    74     6.2783
   76  1.1520e+11     7.7420    76    75     6.3579
   77  1.1423e+11     7.7584    77    76     6.4374
   78  1.1185e+11     7.7992    78    77     6.5169
   79  1.0693e+11     7.8870    79    78     6.5964
   80  1.0559e+11     7.9118    80    79     6.6759
   81  1.0316e+11     7.9576    81    80     6.7554
   82  9.1103e+10     8.2056    82    81     6.8349
   83  9.0873e+10     8.2107    83    82     6.9143
   84  6.0919e+10     9.0468    84    83     6.9938
   85  3.2704e+10    10.4668    85    84     7.0733
   86  3.1274e+10    10.5747    86    85     7.1528
   87  2.6337e+10    10.9967    87    86     7.2323
   88  2.6317e+10    10.9986    88    87     7.3117
   89  2.6264e+10    11.0035    89    88     7.3912
   90  2.6206e+10    11.0091    90    89     7.4707
   91  2.6051e+10    11.0239    91    90     7.5502
   92  2.5642e+10    11.0634    92    91     7.6296
   93  2.5634e+10    11.0642    93    92     7.7091
   94  2.4295e+10    11.1989    94    93     7.7885
   95  2.4217e+10    11.2071    95    94     7.8680
   96  2.3930e+10    11.2372    96    95     7.9475
   97  2.3637e+10    11.2684    97    96     8.0269
   98  2.3545e+10    11.2783    98    97     8.1064
   99  2.3472e+10    11.2862    99    98     8.1858
  100  2.3173e+10    11.3188   100    99     8.2653
