#indx Mass S step-number desc_indx 
    0  1.0000e+14     0.8310     0    -1     0.0134
    1  9.9164e+13     0.8340     1     0     0.1326
    2  9.7482e+13     0.8403     2     1     0.2441
    3  1.3426e+13     1.8513     3     2     0.3500
    4  1.2423e+13     1.9041     4     3     0.4519
    5  7.9313e+12     2.2318     5     4     0.5506
    6  7.6703e+12     2.2579     6     5     0.6467
    7  7.5967e+12     2.2654     7     6     0.7407
    8  7.5211e+12     2.2732     8     7     0.8330
    9  4.9254e+12     2.6243     9     8     0.9238
   10  4.4157e+12     2.7211    10     9     1.0134
   11  3.6253e+12     2.9026    11    10     1.1018
   12  3.1766e+12     3.0292    12    11     1.1894
   13  2.7048e+12     3.1886    13    12     1.2761
   14  2.6413e+12     3.2127    14    13     1.3621
   15  2.6015e+12     3.2281    15    14     1.4474
   16  2.5823e+12     3.2357    16    15     1.5322
   17  2.4842e+12     3.2754    17    16     1.6165
   18  2.4596e+12     3.2857    18    17     1.7003
   19  2.4390e+12     3.2944    19    18     1.7838
   20  2.3751e+12     3.3220    20    19     1.8669
   21  2.3226e+12     3.3453    21    20     1.9496
   22  2.1506e+12     3.4266    22    21     2.0321
   23  1.5703e+12     3.7741    23    22     2.1143
   24  1.3089e+12     3.9868    24    23     2.1963
   25  1.2743e+12     4.0188    25    24     2.2781
   26  1.2671e+12     4.0256    26    25     2.3597
   27  1.2054e+12     4.0859    27    26     2.4411
   28  1.1893e+12     4.1022    28    27     2.5223
   29  1.1747e+12     4.1173    29    28     2.6034
   30  1.1479e+12     4.1455    30    29     2.6844
   31  7.3766e+11     4.7144    31    30     2.7652
   32  7.2919e+11     4.7300    32    31     2.8459
   33  7.0764e+11     4.7707    33    32     2.9266
   34  5.3164e+11     5.1713    34    33     3.0071
   35  4.8331e+11     5.3100    35    34     3.0876
   36  4.3336e+11     5.4722    36    35     3.1680
   37  3.4788e+11     5.8098    37    36     3.2483
   38  3.4566e+11     5.8199    38    37     3.3285
   39  3.2904e+11     5.8977    39    38     3.4087
   40  3.0416e+11     6.0234    40    39     3.4889
   41  3.0344e+11     6.0273    41    40     3.5689
   42  2.8836e+11     6.1099    42    41     3.6490
   43  2.8803e+11     6.1118    43    42     3.7290
   44  2.6857e+11     6.2265    44    43     3.8089
   45  2.5902e+11     6.2865    45    44     3.8889
   46  2.5729e+11     6.2976    46    45     3.9688
   47  2.3934e+11     6.4188    47    46     4.0486
   48  2.3150e+11     6.4753    48    47     4.1285
   49  2.2438e+11     6.5285    49    48     4.2083
   50  2.2259e+11     6.5422    50    49     4.2881
   51  2.2039e+11     6.5593    51    50     4.3678
   52  2.0988e+11     6.6434    52    51     4.4476
   53  2.0113e+11     6.7174    53    52     4.5273
   54  1.8539e+11     6.8607    54    53     4.6070
   55  1.8351e+11     6.8788    55    54     4.6867
   56  1.8068e+11     6.9065    56    55     4.7664
   57  1.7951e+11     6.9180    57    56     4.8460
   58  1.6664e+11     7.0516    58    57     4.9257
   59  1.6328e+11     7.0885    59    58     5.0053
   60  1.5810e+11     7.1471    60    59     5.0849
   61  1.5053e+11     7.2370    61    60     5.1646
   62  5.9378e+10     9.1023    62    61     5.2442
   63  5.9343e+10     9.1036    63    62     5.3238
   64  5.8855e+10     9.1216    64    63     5.4033
   65  5.8258e+10     9.1438    65    64     5.4829
   66  5.7749e+10     9.1629    66    65     5.5625
   67  5.7427e+10     9.1751    67    66     5.6421
   68  5.6845e+10     9.1974    68    67     5.7216
   69  5.6124e+10     9.2254    69    68     5.8012
   70  5.6069e+10     9.2276    70    69     5.8807
   71  5.5733e+10     9.2408    71    70     5.9602
   72  5.3212e+10     9.3429    72    71     6.0398
   73  5.2889e+10     9.3564    73    72     6.1193
   74  5.2737e+10     9.3628    74    73     6.1988
   75  5.0883e+10     9.4424    75    74     6.2783
   76  4.9937e+10     9.4844    76    75     6.3579
   77  4.9654e+10     9.4971    77    76     6.4374
   78  4.8931e+10     9.5301    78    77     6.5169
   79  4.4747e+10     9.7325    79    78     6.5964
   80  4.3809e+10     9.7808    80    79     6.6759
   81  4.0966e+10     9.9354    81    80     6.7554
   82  2.8745e+10    10.7803    82    81     6.8349
   83  2.6887e+10    10.9453    83    82     6.9143
   84  2.6659e+10    10.9664    84    83     6.9938
   85  2.6580e+10    10.9738    85    84     7.0733
   86  2.6300e+10    11.0002    86    85     7.1528
   87  2.5812e+10    11.0469    87    86     7.2323
   88  2.5423e+10    11.0849    88    87     7.3117
   89  2.5221e+10    11.1048    89    88     7.3912
   90  2.2754e+10    11.3653    90    89     7.4707
   91  2.1448e+10    11.5167    91    90     7.5502
   92  2.0468e+10    11.6376    92    91     7.6296
   93  2.0277e+10    11.6619    93    92     7.7091
   94  2.0209e+10    11.6706    94    93     7.7885
   95  2.0023e+10    11.6947    95    94     7.8680
   96  1.9811e+10    11.7225    96    95     7.9475
   97  1.9765e+10    11.7285    97    96     8.0269
   98  1.9697e+10    11.7375    98    97     8.1064
   99  1.8400e+10    11.9162    99    98     8.1858
  100  1.5800e+10    12.3230   100    99     8.2653
