#indx Mass S step-number desc_indx 
    0  1.0000e+14     0.8310     0    -1     0.0134
    1  7.9688e+13     0.9168     1     0     0.1326
    2  7.1797e+13     0.9585     2     1     0.2441
    3  6.8949e+13     0.9750     3     2     0.3500
    4  6.8218e+13     0.9794     4     3     0.4519
    5  6.5346e+13     0.9973     5     4     0.5506
    6  6.2387e+13     1.0169     6     5     0.6467
    7  6.2165e+13     1.0184     7     6     0.7407
    8  5.7353e+13     1.0532     8     7     0.8330
    9  5.2935e+13     1.0887     9     8     0.9238
   10  4.6263e+13     1.1504    10     9     1.0134
   11  4.4839e+13     1.1651    11    10     1.1018
   12  4.4243e+13     1.1715    12    11     1.1894
   13  3.7862e+13     1.2472    13    12     1.2761
   14  3.2074e+13     1.3320    14    13     1.3621
   15  3.1290e+13     1.3450    15    14     1.4474
   16  2.8071e+13     1.4032    16    15     1.5322
   17  2.7034e+13     1.4238    17    16     1.6165
   18  2.6348e+13     1.4380    18    17     1.7003
   19  2.4385e+13     1.4815    19    18     1.7838
   20  2.4119e+13     1.4878    20    19     1.8669
   21  2.2578e+13     1.5258    21    20     1.9496
   22  2.1623e+13     1.5510    22    21     2.0321
   23  2.1446e+13     1.5559    23    22     2.1143
   24  2.0624e+13     1.5791    24    23     2.1963
   25  1.3434e+13     1.8509    25    24     2.2781
   26  1.2256e+13     1.9134    26    25     2.3597
   27  1.1840e+13     1.9373    27    26     2.4411
   28  9.5212e+12     2.0936    28    27     2.5223
   29  9.4929e+12     2.0959    29    28     2.6034
   30  5.6175e+12     2.5112    30    29     2.6844
   31  5.5545e+12     2.5208    31    30     2.7652
   32  4.5230e+12     2.6996    32    31     2.8459
   33  4.4333e+12     2.7176    33    32     2.9266
   34  4.3103e+12     2.7429    34    33     3.0071
   35  3.7035e+12     2.8826    35    34     3.0876
   36  3.6089e+12     2.9069    36    35     3.1680
   37  3.4117e+12     2.9603    37    36     3.2483
   38  2.3532e+12     3.3317    38    37     3.3285
   39  2.2586e+12     3.3747    39    38     3.4087
   40  2.2194e+12     3.3932    40    39     3.4889
   41  2.1517e+12     3.4260    41    40     3.5689
   42  2.1224e+12     3.4407    42    41     3.6490
   43  1.8358e+12     3.5984    43    42     3.7290
   44  1.7947e+12     3.6235    44    43     3.8089
   45  1.6996e+12     3.6843    45    44     3.8889
   46  1.6985e+12     3.6851    46    45     3.9688
   47  1.3900e+12     3.9156    47    46     4.0486
   48  1.3715e+12     3.9314    48    47     4.1285
   49  1.3228e+12     3.9743    49    48     4.2083
   50  1.2368e+12     4.0547    50    49     4.2881
   51  1.2186e+12     4.0727    51    50     4.3678
   52  1.2175e+12     4.0737    52    51     4.4476
   53  8.7712e+11     4.4852    53    52     4.5273
   54  7.3822e+11     4.7134    54    53     4.6070
   55  7.1542e+11     4.7558    55    54     4.6867
   56  6.4031e+11     4.9080    56    55     4.7664
   57  6.3410e+11     4.9216    57    56     4.8460
   58  5.4410e+11     5.1379    58    57     4.9257
   59  5.3121e+11     5.1724    59    58     5.0053
   60  5.2116e+11     5.2000    60    59     5.0849
   61  4.8655e+11     5.3002    61    60     5.1646
   62  4.5004e+11     5.4157    62    61     5.2442
   63  4.4647e+11     5.4276    63    62     5.3238
   64  4.4265e+11     5.4404    64    63     5.4033
   65  4.0839e+11     5.5619    65    64     5.4829
   66  4.0058e+11     5.5914    66    65     5.5625
   67  3.7094e+11     5.7096    67    66     5.6421
   68  3.4323e+11     5.8310    68    67     5.7216
   69  3.4269e+11     5.8334    69    68     5.8012
   70  2.9021e+11     6.0995    70    69     5.8807
   71  2.8874e+11     6.1078    71    70     5.9602
   72  2.7665e+11     6.1777    72    71     6.0398
   73  2.7217e+11     6.2045    73    72     6.1193
   74  2.5167e+11     6.3345    74    73     6.1988
   75  2.2395e+11     6.5318    75    74     6.2783
   76  2.1900e+11     6.5701    76    75     6.3579
   77  2.0922e+11     6.6489    77    76     6.4374
   78  2.0878e+11     6.6525    78    77     6.5169
   79  2.0815e+11     6.6578    79    78     6.5964
   80  2.0763e+11     6.6621    80    79     6.6759
   81  2.0052e+11     6.7228    81    80     6.7554
   82  1.7616e+11     6.9517    82    81     6.8349
   83  1.7489e+11     6.9646    83    82     6.9143
   84  1.5009e+11     7.2425    84    83     6.9938
   85  1.4759e+11     7.2735    85    84     7.0733
   86  1.4747e+11     7.2749    86    85     7.1528
   87  1.1177e+11     7.8006    87    86     7.2323
   88  1.1101e+11     7.8140    88    87     7.3117
   89  1.1048e+11     7.8232    89    88     7.3912
   90  8.0352e+10     8.4617    90    89     7.4707
   91  7.9900e+10     8.4733    91    90     7.5502
   92  7.7429e+10     8.5384    92    91     7.6296
   93  7.6463e+10     8.5644    93    92     7.7091
   94  7.5970e+10     8.5779    94    93     7.7885
   95  7.3228e+10     8.6547    95    94     7.8680
   96  6.0933e+10     9.0462    96    95     7.9475
   97  6.0775e+10     9.0518    97    96     8.0269
   98  5.9923e+10     9.0825    98    97     8.1064
   99  5.9518e+10     9.0972    99    98     8.1858
  100  5.8597e+10     9.1311   100    99     8.2653
