#indx Mass S step-number desc_indx 
    0  1.0000e+14     0.8310     0    -1     0.0134
    1  9.9356e+13     0.8333     1     0     0.1326
    2  9.6655e+13     0.8434     2     1     0.2441
    3  8.7033e+13     0.8827     3     2     0.3500
    4  7.6617e+13     0.9324     4     3     0.4519
    5  7.0125e+13     0.9681     5     4     0.5506
    6  6.7849e+13     0.9817     6     5     0.6467
    7  6.3724e+13     1.0079     7     6     0.7407
    8  5.3599e+13     1.0831     8     7     0.8330
    9  5.3304e+13     1.0856     9     8     0.9238
   10  5.0578e+13     1.1093    10     9     1.0134
   11  3.2157e+13     1.3306    11    10     1.1018
   12  3.0481e+13     1.3588    12    11     1.1894
   13  2.4821e+13     1.4715    13    12     1.2761
   14  2.2912e+13     1.5173    14    13     1.3621
   15  2.1825e+13     1.5456    15    14     1.4474
   16  5.5361e+12     2.5236    16    15     1.5322
   17  4.7944e+12     2.6480    17    16     1.6165
   18  4.3410e+12     2.7365    18    17     1.7003
   19  4.0759e+12     2.7938    19    18     1.7838
   20  4.0034e+12     2.8103    20    19     1.8669
   21  3.8431e+12     2.8480    21    20     1.9496
   22  3.6801e+12     2.8885    22    21     2.0321
   23  3.5708e+12     2.9170    23    22     2.1143
   24  3.5282e+12     2.9283    24    23     2.1963
   25  2.5983e+12     3.2294    25    24     2.2781
   26  2.4777e+12     3.2781    26    25     2.3597
   27  2.2724e+12     3.3682    27    26     2.4411
   28  2.2032e+12     3.4009    28    27     2.5223
   29  2.1749e+12     3.4146    29    28     2.6034
   30  2.0363e+12     3.4852    30    29     2.6844
   31  2.0096e+12     3.4995    31    30     2.7652
   32  1.9901e+12     3.5100    32    31     2.8459
   33  1.9129e+12     3.5532    33    32     2.9266
   34  1.9079e+12     3.5560    34    33     3.0071
   35  1.8691e+12     3.5786    35    34     3.0876
   36  1.6756e+12     3.7004    36    35     3.1680
   37  1.6735e+12     3.7018    37    36     3.2483
   38  1.4508e+12     3.8655    38    37     3.3285
   39  1.3746e+12     3.9287    39    38     3.4087
   40  1.2520e+12     4.0401    40    39     3.4889
   41  9.9272e+11     4.3265    41    40     3.5689
   42  9.2674e+11     4.4142    42    41     3.6490
   43  8.2876e+11     4.5594    43    42     3.7290
   44  8.2198e+11     4.5702    44    43     3.8089
   45  7.6270e+11     4.6696    45    44     3.8889
   46  7.5440e+11     4.6843    46    45     3.9688
   47  7.2790e+11     4.7324    47    46     4.0486
   48  6.0525e+11     4.9867    48    47     4.1285
   49  3.9845e+11     5.5995    49    48     4.2083
   50  3.8101e+11     5.6682    50    49     4.2881
   51  3.4068e+11     5.8427    51    50     4.3678
   52  3.1854e+11     5.9493    52    51     4.4476
   53  3.1802e+11     5.9520    53    52     4.5273
   54  3.1700e+11     5.9571    54    53     4.6070
   55  3.1034e+11     5.9911    55    54     4.6867
   56  2.9615e+11     6.0666    56    55     4.7664
   57  2.8062e+11     6.1543    57    56     4.8460
   58  2.7105e+11     6.2113    58    57     4.9257
   59  2.6851e+11     6.2269    59    58     5.0053
   60  2.4595e+11     6.3730    60    59     5.0849
   61  2.1855e+11     6.5736    61    60     5.1646
   62  2.0698e+11     6.6675    62    61     5.2442
   63  2.0630e+11     6.6732    63    62     5.3238
   64  2.0491e+11     6.6850    64    63     5.4033
   65  1.8808e+11     6.8352    65    64     5.4829
   66  1.8749e+11     6.8408    66    65     5.5625
   67  1.8282e+11     6.8855    67    66     5.6421
   68  1.8197e+11     6.8938    68    67     5.7216
   69  1.8037e+11     6.9094    69    68     5.8012
   70  1.7771e+11     6.9360    70    69     5.8807
   71  1.6254e+11     7.0967    71    70     5.9602
   72  1.5376e+11     7.1980    72    71     6.0398
   73  1.5367e+11     7.1991    73    72     6.1193
   74  1.3731e+11     7.4078    74    73     6.1988
   75  1.3489e+11     7.4411    75    74     6.2783
   76  1.3026e+11     7.5070    76    75     6.3579
   77  1.2958e+11     7.5170    77    76     6.4374
   78  1.2093e+11     7.6485    78    77     6.5169
   79  1.2084e+11     7.6499    79    78     6.5964
   80  1.0940e+11     7.8423    80    79     6.6759
   81  1.0755e+11     7.8757    81    80     6.7554
   82  1.0682e+11     7.8891    82    81     6.8349
   83  1.0271e+11     7.9662    83    82     6.9143
   84  1.0230e+11     7.9742    84    83     6.9938
   85  9.4405e+10     8.1340    85    84     7.0733
   86  9.2778e+10     8.1689    86    85     7.1528
   87  9.1130e+10     8.2050    87    86     7.2323
   88  9.0064e+10     8.2287    88    87     7.3117
   89  8.9528e+10     8.2408    89    88     7.3912
   90  8.9357e+10     8.2447    90    89     7.4707
   91  8.9133e+10     8.2497    91    90     7.5502
   92  8.8979e+10     8.2533    92    91     7.6296
   93  8.7837e+10     8.2794    93    92     7.7091
   94  8.7401e+10     8.2895    94    93     7.7885
   95  8.6163e+10     8.3186    95    94     7.8680
   96  8.4981e+10     8.3467    96    95     7.9475
   97  8.4749e+10     8.3523    97    96     8.0269
   98  8.2621e+10     8.4044    98    97     8.1064
   99  8.1095e+10     8.4427    99    98     8.1858
  100  7.9338e+10     8.4879   100    99     8.2653
