#indx Mass S step-number desc_indx 
    0  1.0000e+14     0.8310     0    -1     0.0134
    1  6.5241e+13     0.9980     1     0     0.1326
    2  5.3662e+13     1.0826     2     1     0.2441
    3  4.9800e+13     1.1163     3     2     0.3500
    4  4.7055e+13     1.1425     4     3     0.4519
    5  4.5708e+13     1.1561     5     4     0.5506
    6  3.9239e+13     1.2295     6     5     0.6467
    7  3.2968e+13     1.3176     7     6     0.7407
    8  3.1236e+13     1.3459     8     7     0.8330
    9  3.0947e+13     1.3508     9     8     0.9238
   10  2.3323e+13     1.5070    10     9     1.0134
   11  2.1948e+13     1.5423    11    10     1.1018
   12  2.0726e+13     1.5761    12    11     1.1894
   13  1.8844e+13     1.6336    13    12     1.2761
   14  1.8507e+13     1.6447    14    13     1.3621
   15  1.8132e+13     1.6573    15    14     1.4474
   16  1.7930e+13     1.6642    16    15     1.5322
   17  1.7891e+13     1.6656    17    16     1.6165
   18  1.4947e+13     1.7801    18    17     1.7003
   19  1.4649e+13     1.7933    19    18     1.7838
   20  9.6886e+12     2.0808    20    19     1.8669
   21  8.8386e+12     2.1491    21    20     1.9496
   22  8.5032e+12     2.1784    22    21     2.0321
   23  6.0423e+12     2.4501    23    22     2.1143
   24  5.9223e+12     2.4668    24    23     2.1963
   25  5.9012e+12     2.4698    25    24     2.2781
   26  5.0871e+12     2.5962    26    25     2.3597
   27  5.0322e+12     2.6056    27    26     2.4411
   28  4.4183e+12     2.7206    28    27     2.5223
   29  4.3676e+12     2.7310    29    28     2.6034
   30  3.8500e+12     2.8464    30    29     2.6844
   31  3.8381e+12     2.8492    31    30     2.7652
   32  3.5540e+12     2.9214    32    31     2.8459
   33  3.5200e+12     2.9305    33    32     2.9266
   34  3.4132e+12     2.9599    34    33     3.0071
   35  2.7889e+12     3.1578    35    34     3.0876
   36  2.7019e+12     3.1897    36    35     3.1680
   37  2.5519e+12     3.2478    37    36     3.2483
   38  2.4314e+12     3.2976    38    37     3.3285
   39  2.3406e+12     3.3372    39    38     3.4087
   40  2.3255e+12     3.3440    40    39     3.4889
   41  2.2691e+12     3.3698    41    40     3.5689
   42  2.0431e+12     3.4816    42    41     3.6490
   43  2.0266e+12     3.4904    43    42     3.7290
   44  1.9717e+12     3.5201    44    43     3.8089
   45  1.9043e+12     3.5581    45    44     3.8889
   46  1.5672e+12     3.7764    46    45     3.9688
   47  1.3071e+12     3.9884    47    46     4.0486
   48  1.2121e+12     4.0791    48    47     4.1285
   49  1.1927e+12     4.0988    49    48     4.2083
   50  1.1805e+12     4.1113    50    49     4.2881
   51  1.0985e+12     4.1997    51    50     4.3678
   52  1.0791e+12     4.2218    52    51     4.4476
   53  9.5092e+11     4.3812    53    52     4.5273
   54  9.4580e+11     4.3881    54    53     4.6070
   55  9.3632e+11     4.4010    55    54     4.6867
   56  8.5446e+11     4.5194    56    55     4.7664
   57  8.3093e+11     4.5560    57    56     4.8460
   58  8.1722e+11     4.5779    58    57     4.9257
   59  8.0493e+11     4.5979    59    58     5.0053
   60  7.5423e+11     4.6846    60    59     5.0849
   61  7.5025e+11     4.6917    61    60     5.1646
   62  5.1261e+11     5.2240    62    61     5.2442
   63  4.7779e+11     5.3269    63    62     5.3238
   64  4.6318e+11     5.3729    64    63     5.4033
   65  4.5998e+11     5.3831    65    64     5.4829
   66  2.1096e+11     6.6346    66    65     5.5625
   67  2.0889e+11     6.6516    67    66     5.6421
   68  2.0577e+11     6.6777    68    67     5.7216
   69  2.0361e+11     6.6961    69    68     5.8012
   70  1.7407e+11     6.9731    70    69     5.8807
   71  1.7265e+11     6.9877    71    70     5.9602
   72  1.6936e+11     7.0223    72    71     6.0398
   73  1.6908e+11     7.0253    73    72     6.1193
   74  1.6860e+11     7.0304    74    73     6.1988
   75  1.6820e+11     7.0347    75    74     6.2783
   76  1.6084e+11     7.1158    76    75     6.3579
   77  1.5460e+11     7.1880    77    76     6.4374
   78  1.5437e+11     7.1908    78    77     6.5169
   79  1.5390e+11     7.1964    79    78     6.5964
   80  1.5343e+11     7.2019    80    79     6.6759
   81  1.4179e+11     7.3478    81    80     6.7554
   82  1.4012e+11     7.3699    82    81     6.8349
   83  1.3753e+11     7.4048    83    82     6.9143
   84  1.3088e+11     7.4980    84    83     6.9938
   85  1.3045e+11     7.5043    85    84     7.0733
   86  1.3007e+11     7.5097    86    85     7.1528
   87  1.2866e+11     7.5304    87    86     7.2323
   88  1.2180e+11     7.6348    88    87     7.3117
   89  1.2141e+11     7.6410    89    88     7.3912
   90  1.1969e+11     7.6683    90    89     7.4707
   91  1.1942e+11     7.6727    91    90     7.5502
   92  1.1906e+11     7.6784    92    91     7.6296
   93  1.1847e+11     7.6879    93    92     7.7091
   94  1.1832e+11     7.6904    94    93     7.7885
   95  1.1744e+11     7.7048    95    94     7.8680
   96  1.1353e+11     7.7702    96    95     7.9475
   97  1.0987e+11     7.8341    97    96     8.0269
   98  1.0916e+11     7.8467    98    97     8.1064
   99  9.7037e+10     8.0790    99    98     8.1858
  100  9.5672e+10     8.1073   100    99     8.2653
