#indx Mass S step-number desc_indx 
    0  1.0000e+14     0.8310     0    -1     0.0134
    1  9.0018e+13     0.8699     1     0     0.1326
    2  6.4319e+13     1.0040     2     1     0.2441
    3  2.8859e+13     1.3882     3     2     0.3500
    4  2.3445e+13     1.5040     4     3     0.4519
    5  2.3027e+13     1.5144     5     4     0.5506
    6  1.9684e+13     1.6071     6     5     0.6467
    7  1.6740e+13     1.7073     7     6     0.7407
    8  1.3689e+13     1.8382     8     7     0.8330
    9  1.2765e+13     1.8855     9     8     0.9238
   10  1.1865e+13     1.9359    10     9     1.0134
   11  1.1824e+13     1.9383    11    10     1.1018
   12  2.2822e+12     3.3637    12    11     1.1894
   13  2.2630e+12     3.3726    13    12     1.2761
   14  2.2032e+12     3.4009    14    13     1.3621
   15  2.1059e+12     3.4490    15    14     1.4474
   16  2.0098e+12     3.4993    16    15     1.5322
   17  1.9934e+12     3.5082    17    16     1.6165
   18  1.9659e+12     3.5233    18    17     1.7003
   19  1.9487e+12     3.5329    19    18     1.7838
   20  1.6661e+12     3.7068    20    19     1.8669
   21  1.6610e+12     3.7102    21    20     1.9496
   22  1.6472e+12     3.7197    22    21     2.0321
   23  1.5648e+12     3.7782    23    22     2.1143
   24  1.2854e+12     4.0085    24    23     2.1963
   25  1.2826e+12     4.0110    25    24     2.2781
   26  1.2348e+12     4.0567    26    25     2.3597
   27  1.2139e+12     4.0773    27    26     2.4411
   28  1.2087e+12     4.0825    28    27     2.5223
   29  1.1339e+12     4.1605    29    28     2.6034
   30  1.1323e+12     4.1623    30    29     2.6844
   31  1.0772e+12     4.2240    31    30     2.7652
   32  7.4208e+11     4.7064    32    31     2.8459
   33  7.2714e+11     4.7338    33    32     2.9266
   34  7.2655e+11     4.7349    34    33     3.0071
   35  7.0970e+11     4.7667    35    34     3.0876
   36  6.9622e+11     4.7929    36    35     3.1680
   37  6.9018e+11     4.8047    37    36     3.2483
   38  6.8644e+11     4.8122    38    37     3.3285
   39  6.5473e+11     4.8772    39    38     3.4087
   40  6.3771e+11     4.9137    40    39     3.4889
   41  6.3356e+11     4.9228    41    40     3.5689
   42  6.1128e+11     4.9728    42    41     3.6490
   43  6.0987e+11     4.9760    43    42     3.7290
   44  5.4180e+11     5.1440    44    43     3.8089
   45  3.7737e+11     5.6831    45    44     3.8889
   46  3.6270e+11     5.7446    46    45     3.9688
   47  3.4050e+11     5.8435    47    46     4.0486
   48  3.3570e+11     5.8660    48    47     4.1285
   49  3.2509e+11     5.9169    49    48     4.2083
   50  3.2406e+11     5.9219    50    49     4.2881
   51  3.2161e+11     5.9340    51    50     4.3678
   52  2.9788e+11     6.0571    52    51     4.4476
   53  2.9595e+11     6.0677    53    52     4.5273
   54  2.8860e+11     6.1086    54    53     4.6070
   55  2.7693e+11     6.1760    55    54     4.6867
   56  1.9846e+11     6.7408    56    55     4.7664
   57  1.9483e+11     6.7731    57    56     4.8460
   58  1.6814e+11     7.0354    58    57     4.9257
   59  1.6392e+11     7.0814    59    58     5.0053
   60  1.4560e+11     7.2986    60    59     5.0849
   61  1.4487e+11     7.3078    61    60     5.1646
   62  1.4431e+11     7.3151    62    61     5.2442
   63  1.4413e+11     7.3173    63    62     5.3238
   64  1.4306e+11     7.3313    64    63     5.4033
   65  1.3319e+11     7.4650    65    64     5.4829
   66  1.0611e+11     7.9022    66    65     5.5625
   67  8.4015e+10     8.3701    67    66     5.6421
   68  8.3025e+10     8.3944    68    67     5.7216
   69  7.7090e+10     8.5475    69    68     5.8012
   70  7.1459e+10     8.7061    70    69     5.8807
   71  6.8316e+10     8.8011    71    70     5.9602
   72  6.8148e+10     8.8064    72    71     6.0398
   73  6.8027e+10     8.8101    73    72     6.1193
   74  5.7737e+10     9.1634    74    73     6.1988
   75  5.6321e+10     9.2178    75    74     6.2783
   76  5.5814e+10     9.2376    76    75     6.3579
   77  5.3145e+10     9.3457    77    76     6.4374
   78  5.1603e+10     9.4111    78    77     6.5169
   79  4.7714e+10     9.5868    79    78     6.5964
   80  4.6881e+10     9.6265    80    79     6.6759
   81  4.4644e+10     9.7377    81    80     6.7554
   82  4.4287e+10     9.7560    82    81     6.8349
   83  4.3390e+10     9.8029    83    82     6.9143
   84  4.3302e+10     9.8075    84    83     6.9938
   85  4.3298e+10     9.8077    85    84     7.0733
   86  2.9123e+10    10.7482    86    85     7.1528
   87  2.9088e+10    10.7512    87    86     7.2323
   88  2.5459e+10    11.0813    88    87     7.3117
   89  2.5087e+10    11.1183    89    88     7.3912
   90  2.2531e+10    11.3904    90    89     7.4707
   91  2.2417e+10    11.4033    91    90     7.5502
   92  2.2293e+10    11.4175    92    91     7.6296
   93  2.1933e+10    11.4592    93    92     7.7091
   94  1.9866e+10    11.7151    94    93     7.7885
   95  1.8497e+10    11.9023    95    94     7.8680
   96  1.8290e+10    11.9321    96    95     7.9475
   97  1.7804e+10    12.0033    97    96     8.0269
   98  1.7795e+10    12.0046    98    97     8.1064
   99  1.7559e+10    12.0401    99    98     8.1858
  100  1.6855e+10    12.1493   100    99     8.2653
