#indx Mass S step-number desc_indx 
    0  1.0000e+14     0.8310     0    -1     0.0134
    1  9.8087e+13     0.8380     1     0     0.1326
    2  9.4372e+13     0.8523     2     1     0.2441
    3  8.6093e+13     0.8869     3     2     0.3500
    4  7.3819e+13     0.9472     4     3     0.4519
    5  7.1751e+13     0.9587     5     4     0.5506
    6  6.9343e+13     0.9727     6     5     0.6467
    7  6.8112e+13     0.9801     7     6     0.7407
    8  6.7144e+13     0.9860     8     7     0.8330
    9  6.4598e+13     1.0022     9     8     0.9238
   10  6.1560e+13     1.0226    10     9     1.0134
   11  6.0301e+13     1.0315    11    10     1.1018
   12  4.7347e+13     1.1396    12    11     1.1894
   13  4.4043e+13     1.1736    13    12     1.2761
   14  3.5484e+13     1.2798    14    13     1.3621
   15  3.3475e+13     1.3097    15    14     1.4474
   16  2.9002e+13     1.3855    16    15     1.5322
   17  2.4649e+13     1.4754    17    16     1.6165
   18  1.2082e+13     1.9233    18    17     1.7003
   19  1.1978e+13     1.9293    19    18     1.7838
   20  1.0708e+13     2.0083    20    19     1.8669
   21  8.0370e+12     2.2216    21    20     1.9496
   22  7.9603e+12     2.2290    22    21     2.0321
   23  7.7227e+12     2.2525    23    22     2.1143
   24  7.6661e+12     2.2583    24    23     2.1963
   25  7.6148e+12     2.2635    25    24     2.2781
   26  7.5732e+12     2.2678    26    25     2.3597
   27  7.0950e+12     2.3194    27    26     2.4411
   28  6.5801e+12     2.3800    28    27     2.5223
   29  6.0693e+12     2.4464    29    28     2.6034
   30  5.9725e+12     2.4598    30    29     2.6844
   31  5.9386e+12     2.4645    31    30     2.7652
   32  5.8315e+12     2.4797    32    31     2.8459
   33  4.2955e+12     2.7460    33    32     2.9266
   34  4.2750e+12     2.7503    34    33     3.0071
   35  3.9232e+12     2.8289    35    34     3.0876
   36  3.7545e+12     2.8698    36    35     3.1680
   37  3.7225e+12     2.8778    37    36     3.2483
   38  3.6032e+12     2.9084    38    37     3.3285
   39  3.5078e+12     2.9338    39    38     3.4087
   40  2.8749e+11     6.1148    40    39     3.4889
   41  2.8553e+11     6.1260    41    40     3.5689
   42  2.8291e+11     6.1410    42    41     3.6490
   43  2.8123e+11     6.1508    43    42     3.7290
   44  2.7047e+11     6.2148    44    43     3.8089
   45  2.6785e+11     6.2309    45    44     3.8889
   46  2.6533e+11     6.2466    46    45     3.9688
   47  2.6370e+11     6.2568    47    46     4.0486
   48  2.1911e+11     6.5693    48    47     4.1285
   49  2.1858e+11     6.5734    49    48     4.2083
   50  2.1376e+11     6.6118    50    49     4.2881
   51  1.9940e+11     6.7325    51    50     4.3678
   52  1.7466e+11     6.9669    52    51     4.4476
   53  1.7154e+11     6.9993    53    52     4.5273
   54  1.7141e+11     7.0006    54    53     4.6070
   55  1.6630e+11     7.0552    55    54     4.6867
   56  1.5640e+11     7.1669    56    55     4.7664
   57  1.5365e+11     7.1994    57    56     4.8460
   58  1.5312e+11     7.2057    58    57     4.9257
   59  1.5010e+11     7.2423    59    58     5.0053
   60  1.4933e+11     7.2518    60    59     5.0849
   61  1.4741e+11     7.2758    61    60     5.1646
   62  1.4690e+11     7.2822    62    61     5.2442
   63  1.4121e+11     7.3554    63    62     5.3238
   64  1.1731e+11     7.7069    64    63     5.4033
   65  1.0801e+11     7.8674    65    64     5.4829
   66  1.0140e+11     7.9916    66    65     5.5625
   67  9.8326e+10     8.0527    67    66     5.6421
   68  9.5514e+10     8.1106    68    67     5.7216
   69  7.2575e+10     8.6735    69    68     5.8012
   70  7.2491e+10     8.6759    70    69     5.8807
   71  6.9685e+10     8.7591    71    70     5.9602
   72  6.9529e+10     8.7639    72    71     6.0398
   73  6.5718e+10     8.8837    73    72     6.1193
   74  6.2166e+10     9.0030    74    73     6.1988
   75  6.1339e+10     9.0319    75    74     6.2783
   76  5.8885e+10     9.1204    76    75     6.3579
   77  5.8772e+10     9.1246    77    76     6.4374
   78  5.5873e+10     9.2353    78    77     6.5169
   79  5.2062e+10     9.3914    79    78     6.5964
   80  5.1986e+10     9.3947    80    79     6.6759
   81  2.0127e+10    11.6812    81    80     6.7554
   82  1.9940e+10    11.7055    82    81     6.8349
   83  1.9654e+10    11.7431    83    82     6.9143
   84  1.9370e+10    11.7812    84    83     6.9938
   85  1.9268e+10    11.7950    85    84     7.0733
   86  1.9263e+10    11.7957    86    85     7.1528
   87  1.9004e+10    11.8311    87    86     7.2323
   88  1.8736e+10    11.8686    88    87     7.3117
   89  1.7435e+10    12.0590    89    88     7.3912
   90  1.4916e+10    12.4793    90    89     7.4707
   91  1.4711e+10    12.5172    91    90     7.5502
   92  1.4205e+10    12.6130    92    91     7.6296
   93  1.4170e+10    12.6198    93    92     7.7091
   94  1.4130e+10    12.6275    94    93     7.7885
   95  1.4012e+10    12.6506    95    94     7.8680
   96  1.3499e+10    12.7536    96    95     7.9475
   97  1.3497e+10    12.7540    97    96     8.0269
   98  1.2706e+10    12.9221    98    97     8.1064
   99  1.2098e+10    13.0596    99    98     8.1858
  100  1.1994e+10    13.0840   100    99     8.2653
