#indx Mass S step-number desc_indx 
    0  1.0000e+14     0.8310     0    -1     0.0134
    1  9.0862e+13     0.8664     1     0     0.1326
    2  8.5175e+13     0.8910     2     1     0.2441
    3  8.4436e+13     0.8943     3     2     0.3500
    4  7.8582e+13     0.9223     4     3     0.4519
    5  6.5053e+13     0.9992     5     4     0.5506
    6  5.9989e+13     1.0337     6     5     0.6467
    7  5.6767e+13     1.0577     7     6     0.7407
    8  5.4497e+13     1.0757     8     7     0.8330
    9  2.8162e+13     1.4014     9     8     0.9238
   10  2.6953e+13     1.4255    10     9     1.0134
   11  2.6707e+13     1.4305    11    10     1.1018
   12  2.6524e+13     1.4343    12    11     1.1894
   13  2.5260e+13     1.4616    13    12     1.2761
   14  2.3251e+13     1.5088    14    13     1.3621
   15  2.1169e+13     1.5636    15    14     1.4474
   16  1.9781e+13     1.6041    16    15     1.5322
   17  1.6344e+13     1.7225    17    16     1.6165
   18  1.6084e+13     1.7327    18    17     1.7003
   19  1.4701e+13     1.7910    19    18     1.7838
   20  1.2555e+13     1.8968    20    19     1.8669
   21  1.2491e+13     1.9003    21    20     1.9496
   22  9.1557e+12     2.1227    22    21     2.0321
   23  3.9279e+12     2.8278    23    22     2.1143
   24  3.8544e+12     2.8453    24    23     2.1963
   25  3.7056e+12     2.8820    25    24     2.2781
   26  3.2344e+12     3.0117    26    25     2.3597
   27  3.2105e+12     3.0189    27    26     2.4411
   28  3.1505e+12     3.0372    28    27     2.5223
   29  2.5422e+11     6.3177    29    28     2.6034
   30  9.5604e+10     8.1087    30    29     2.6844
   31  9.2914e+10     8.1659    31    30     2.7652
   32  7.7575e+10     8.5344    32    31     2.8459
   33  7.5550e+10     8.5895    33    32     2.9266
   34  7.3860e+10     8.6367    34    33     3.0071
   35  7.3594e+10     8.6443    35    34     3.0876
   36  7.3410e+10     8.6495    36    35     3.1680
   37  7.1524e+10     8.7042    37    36     3.2483
   38  6.9810e+10     8.7553    38    37     3.3285
   39  6.9327e+10     8.7700    39    38     3.4087
   40  6.8897e+10     8.7832    40    39     3.4889
   41  6.8530e+10     8.7945    41    40     3.5689
   42  6.7188e+10     8.8365    42    41     3.6490
   43  2.1062e+10    11.5635    43    42     3.7290
   44  2.0702e+10    11.6081    44    43     3.8089
   45  2.0689e+10    11.6097    45    44     3.8889
   46  2.0629e+10    11.6172    46    45     3.9688
   47  1.7435e+09    19.3764    47    46     4.0486
   48  1.4539e+09    20.0618    48    47     4.1285
   49  1.4034e+09    20.1972    49    48     4.2083
   50  1.3633e+09    20.3088    50    49     4.2881
   51  4.6583e+08    24.7482    51    50     4.3678
   52  4.6251e+08    24.7798    52    51     4.4476
   53  4.4082e+08    24.9931    53    52     4.5273
   54  4.4022e+08    24.9992    54    53     4.6070
   55  4.3925e+08    25.0089    55    54     4.6867
   56  4.3519e+08    25.0503    56    55     4.7664
   57  4.3515e+08    25.0508    57    56     4.8460
   58  4.3500e+08    25.0523    58    57     4.9257
   59  4.3442e+08    25.0582    59    58     5.0053
   60  4.0247e+08    25.4006    60    59     5.0849
   61  3.9827e+08    25.4478    61    60     5.1646
   62  3.9652e+08    25.4676    62    61     5.2442
   63  3.8554e+08    25.5946    63    62     5.3238
   64  3.8325e+08    25.6216    64    63     5.4033
   65  3.6836e+08    25.8015    65    64     5.4829
   66  3.6706e+08    25.8176    66    65     5.5625
   67  3.4354e+08    26.1204    67    66     5.6421
   68  3.2253e+08    26.4112    68    67     5.7216
   69  2.3685e+08    27.8661    69    68     5.8012
   70  2.1295e+08    28.3798    70    69     5.8807
   71  2.1189e+08    28.4040    71    70     5.9602
   72  2.0928e+08    28.4643    72    71     6.0398
   73  2.0306e+08    28.6116    73    72     6.1193
   74  1.9915e+08    28.7068    74    73     6.1988
   75  1.9615e+08    28.7811    75    74     6.2783
   76  1.9565e+08    28.7935    76    75     6.3579
   77  1.9517e+08    28.8057    77    76     6.4374
   78  1.7291e+08    29.4043    78    77     6.5169
   79  1.7237e+08    29.4199    79    78     6.5964
   80  1.7208e+08    29.4283    80    79     6.6759
   81  1.7011e+08    29.4858    81    80     6.7554
   82  1.6875e+08    29.5258    82    81     6.8349
   83  1.6483e+08    29.6433    83    82     6.9143
   84  1.5431e+08    29.9748    84    83     6.9938
   85  1.5398e+08    29.9856    85    84     7.0733
   86  1.5310e+08    30.0145    86    85     7.1528
   87  1.5271e+08    30.0272    87    86     7.2323
   88  1.4290e+08    30.3639    88    87     7.3117
   89  1.4283e+08    30.3665    89    88     7.3912
