#indx Mass S step-number desc_indx 
    0  1.0000e+14     0.8310     0    -1     0.0134
    1  9.6800e+13     0.8429     1     0     0.1326
    2  9.6702e+13     0.8433     2     1     0.2441
    3  8.1922e+13     0.9060     3     2     0.3500
    4  5.6068e+13     1.0631     4     3     0.4519
    5  5.2553e+13     1.0919     5     4     0.5506
    6  5.1480e+13     1.1012     6     5     0.6467
    7  2.7681e+13     1.4108     7     6     0.7407
    8  2.7455e+13     1.4153     8     7     0.8330
    9  2.7228e+13     1.4199     9     8     0.9238
   10  2.1708e+13     1.5487    10     9     1.0134
   11  2.1215e+13     1.5623    11    10     1.1018
   12  2.0376e+13     1.5863    12    11     1.1894
   13  1.7849e+13     1.6671    13    12     1.2761
   14  1.5909e+13     1.7398    14    13     1.3621
   15  1.4524e+13     1.7990    15    14     1.4474
   16  1.4109e+13     1.8181    16    15     1.5322
   17  1.3821e+13     1.8318    17    16     1.6165
   18  1.0778e+13     2.0036    18    17     1.7003
   19  9.8365e+12     2.0697    19    18     1.7838
   20  9.0238e+12     2.1335    20    19     1.8669
   21  8.6620e+12     2.1643    21    20     1.9496
   22  4.7460e+12     2.6569    22    21     2.0321
   23  4.2635e+12     2.7528    23    22     2.1143
   24  4.2400e+12     2.7578    24    23     2.1963
   25  3.1783e+12     3.0286    25    24     2.2781
   26  2.5031e+12     3.2676    26    25     2.3597
   27  2.3418e+12     3.3367    27    26     2.4411
   28  1.9854e+12     3.5126    28    27     2.5223
   29  1.7738e+12     3.6365    29    28     2.6034
   30  1.6282e+12     3.7328    30    29     2.6844
   31  1.6220e+12     3.7372    31    30     2.7652
   32  1.2713e+12     4.0217    32    31     2.8459
   33  9.1735e+11     4.4272    33    32     2.9266
   34  8.8231e+11     4.4776    34    33     3.0071
   35  8.4727e+11     4.5304    35    34     3.0876
   36  8.0775e+11     4.5933    36    35     3.1680
   37  7.4562e+11     4.7000    37    36     3.2483
   38  7.1751e+11     4.7519    38    37     3.3285
   39  7.1658e+11     4.7537    39    38     3.4087
   40  7.1509e+11     4.7565    40    39     3.4889
   41  7.0423e+11     4.7773    41    40     3.5689
   42  6.8977e+11     4.8056    42    41     3.6490
   43  6.5778e+11     4.8708    43    42     3.7290
   44  6.3296e+11     4.9241    44    43     3.8089
   45  6.2887e+11     4.9331    45    44     3.8889
   46  5.9843e+11     5.0026    46    45     3.9688
   47  5.9711e+11     5.0057    47    46     4.0486
   48  5.8231e+11     5.0412    48    47     4.1285
   49  4.8034e+11     5.3191    49    48     4.2083
   50  4.7804e+11     5.3262    50    49     4.2881
   51  4.7234e+11     5.3439    51    50     4.3678
   52  4.5284e+11     5.4064    52    51     4.4476
   53  4.4631e+11     5.4281    53    52     4.5273
   54  4.4533e+11     5.4314    54    53     4.6070
   55  4.1272e+11     5.5459    55    54     4.6867
   56  4.0906e+11     5.5595    56    55     4.7664
   57  2.7982e+11     6.1590    57    56     4.8460
   58  2.7263e+11     6.2018    58    57     4.9257
   59  2.6997e+11     6.2179    59    58     5.0053
   60  2.2402e+11     6.5313    60    59     5.0849
   61  2.2149e+11     6.5507    61    60     5.1646
   62  2.1271e+11     6.6203    62    61     5.2442
   63  2.1143e+11     6.6307    63    62     5.3238
   64  2.1102e+11     6.6341    64    63     5.4033
   65  2.0964e+11     6.6454    65    64     5.4829
   66  8.9849e+10     8.2336    66    65     5.5625
   67  8.7547e+10     8.2862    67    66     5.6421
   68  8.7187e+10     8.2945    68    67     5.7216
   69  7.9254e+10     8.4901    69    68     5.8012
   70  7.6418e+10     8.5657    70    69     5.8807
   71  7.5705e+10     8.5852    71    70     5.9602
   72  7.2385e+10     8.6790    72    71     6.0398
   73  6.8137e+10     8.8067    73    72     6.1193
   74  6.7081e+10     8.8399    74    73     6.1988
   75  6.1644e+10     9.0212    75    74     6.2783
   76  6.1556e+10     9.0243    76    75     6.3579
   77  6.1089e+10     9.0407    77    76     6.4374
   78  5.8957e+10     9.1178    78    77     6.5169
   79  5.8716e+10     9.1267    79    78     6.5964
   80  4.9347e+10     9.5110    80    79     6.6759
   81  3.5004e+10    10.3043    81    80     6.7554
   82  3.4833e+10    10.3160    82    81     6.8349
   83  3.4823e+10    10.3167    83    82     6.9143
   84  3.4677e+10    10.3266    84    83     6.9938
   85  3.4356e+10    10.3488    85    84     7.0733
   86  3.2077e+10    10.5134    86    85     7.1528
   87  3.0389e+10    10.6443    87    86     7.2323
   88  2.3835e+10    11.2474    88    87     7.3117
   89  2.3478e+10    11.2855    89    88     7.3912
   90  2.3389e+10    11.2952    90    89     7.4707
   91  2.2454e+10    11.3992    91    90     7.5502
   92  2.2259e+10    11.4215    92    91     7.6296
   93  2.0237e+10    11.6670    93    92     7.7091
   94  1.5380e+10    12.3959    94    93     7.7885
   95  1.5299e+10    12.4103    95    94     7.8680
   96  1.5001e+10    12.4639    96    95     7.9475
   97  1.4948e+10    12.4735    97    96     8.0269
   98  1.4915e+10    12.4795    98    97     8.1064
   99  1.4671e+10    12.5245    99    98     8.1858
  100  1.4498e+10    12.5570   100    99     8.2653
