#indx Mass S step-number desc_indx 
    0  1.0000e+14     0.8310     0    -1     0.0134
    1  9.5272e+13     0.8488     1     0     0.1326
    2  8.9435e+13     0.8724     2     1     0.2441
    3  7.8967e+13     0.9204     3     2     0.3500
    4  6.7510e+13     0.9838     4     3     0.4519
    5  6.6711e+13     0.9887     5     4     0.5506
    6  5.9313e+13     1.0386     6     5     0.6467
    7  5.7815e+13     1.0497     7     6     0.7407
    8  5.5767e+13     1.0655     8     7     0.8330
    9  5.4649e+13     1.0745     9     8     0.9238
   10  5.4442e+13     1.0762    10     9     1.0134
   11  5.2717e+13     1.0905    11    10     1.1018
   12  4.7217e+13     1.1409    12    11     1.1894
   13  4.5070e+13     1.1627    13    12     1.2761
   14  4.0038e+13     1.2196    14    13     1.3621
   15  3.7231e+13     1.2556    15    14     1.4474
   16  2.9360e+13     1.3789    16    15     1.5322
   17  2.7422e+13     1.4160    17    16     1.6165
   18  2.3189e+13     1.5103    18    17     1.7003
   19  2.1772e+13     1.5470    19    18     1.7838
   20  2.1435e+13     1.5562    20    19     1.8669
   21  2.1271e+13     1.5607    21    20     1.9496
   22  1.8304e+13     1.6515    22    21     2.0321
   23  1.7973e+13     1.6628    23    22     2.1143
   24  1.7579e+13     1.6766    24    23     2.1963
   25  1.6749e+13     1.7069    25    24     2.2781
   26  7.3681e+12     2.2894    26    25     2.3597
   27  6.9994e+12     2.3302    27    26     2.4411
   28  6.9346e+12     2.3377    28    27     2.5223
   29  6.8312e+12     2.3498    29    28     2.6034
   30  6.1339e+12     2.4376    30    29     2.6844
   31  6.1150e+12     2.4402    31    30     2.7652
   32  5.8709e+12     2.4741    32    31     2.8459
   33  5.5970e+12     2.5143    33    32     2.9266
   34  4.9195e+12     2.6254    34    33     3.0071
   35  4.8354e+12     2.6405    35    34     3.0876
   36  2.9900e+12     3.0885    36    35     3.1680
   37  2.9239e+12     3.1106    37    36     3.2483
   38  2.8988e+12     3.1192    38    37     3.3285
   39  2.6056e+12     3.2265    39    38     3.4087
   40  2.5826e+12     3.2356    40    39     3.4889
   41  2.5808e+12     3.2363    41    40     3.5689
   42  2.5523e+12     3.2476    42    41     3.6490
   43  2.5021e+12     3.2680    43    42     3.7290
   44  2.4145e+12     3.3049    44    43     3.8089
   45  2.3456e+12     3.3350    45    44     3.8889
   46  2.2381e+12     3.3843    46    45     3.9688
   47  2.2267e+12     3.3897    47    46     4.0486
   48  2.1647e+12     3.4196    48    47     4.1285
   49  1.1143e+12     4.1820    49    48     4.2083
   50  1.0602e+12     4.2438    50    49     4.2881
   51  8.9619e+11     4.4574    51    50     4.3678
   52  7.9082e+11     4.6213    52    51     4.4476
   53  7.0497e+11     4.7758    53    52     4.5273
   54  6.9477e+11     4.7957    54    53     4.6070
   55  6.7041e+11     4.8446    55    54     4.6867
   56  6.6649e+11     4.8527    56    55     4.7664
   57  6.5924e+11     4.8677    57    56     4.8460
   58  6.5839e+11     4.8695    58    57     4.9257
   59  6.4961e+11     4.8881    59    58     5.0053
   60  6.2264e+11     4.9470    60    59     5.0849
   61  6.1892e+11     4.9554    61    60     5.1646
   62  5.5034e+11     5.1216    62    61     5.2442
   63  5.4630e+11     5.1321    63    62     5.3238
   64  5.4111e+11     5.1458    64    63     5.4033
   65  3.9776e+11     5.6022    65    64     5.4829
   66  3.9558e+11     5.6106    66    65     5.5625
   67  3.8249e+11     5.6623    67    66     5.6421
   68  3.7711e+11     5.6841    68    67     5.7216
   69  3.6528e+11     5.7335    69    68     5.8012
   70  3.4871e+11     5.8060    70    69     5.8807
   71  3.4691e+11     5.8142    71    70     5.9602
   72  3.3416e+11     5.8732    72    71     6.0398
   73  3.1982e+11     5.9429    73    72     6.1193
   74  2.5823e+11     6.2916    74    73     6.1988
   75  2.5626e+11     6.3043    75    74     6.2783
   76  2.5487e+11     6.3134    76    75     6.3579
   77  2.5452e+11     6.3157    77    76     6.4374
   78  2.5010e+11     6.3449    78    77     6.5169
   79  2.1653e+11     6.5896    79    78     6.5964
   80  2.1510e+11     6.6010    80    79     6.6759
   81  2.0745e+11     6.6636    81    80     6.7554
   82  2.0588e+11     6.6768    82    81     6.8349
   83  2.0294e+11     6.7018    83    82     6.9143
   84  1.9045e+11     6.8131    84    83     6.9938
   85  1.8917e+11     6.8250    85    84     7.0733
   86  1.8895e+11     6.8271    86    85     7.1528
   87  1.8728e+11     6.8428    87    86     7.2323
   88  1.8533e+11     6.8613    88    87     7.3117
   89  1.8423e+11     6.8718    89    88     7.3912
   90  1.8292e+11     6.8845    90    89     7.4707
   91  1.7544e+11     6.9590    91    90     7.5502
   92  1.0627e+11     7.8991    92    91     7.6296
   93  1.0480e+11     7.9265    93    92     7.7091
   94  9.8458e+10     8.0500    94    93     7.7885
   95  9.6976e+10     8.0802    95    94     7.8680
   96  9.6934e+10     8.0811    96    95     7.9475
   97  8.6270e+10     8.3160    97    96     8.0269
   98  8.5476e+10     8.3349    98    97     8.1064
   99  8.4588e+10     8.3562    99    98     8.1858
  100  7.2137e+10     8.6862   100    99     8.2653
