#indx Mass S step-number desc_indx 
    0  1.0000e+14     0.8310     0    -1     0.0134
    1  5.0169e+13     1.1130     1     0     0.1326
    2  4.0147e+13     1.2183     2     1     0.2441
    3  3.8748e+13     1.2357     3     2     0.3500
    4  3.7079e+13     1.2576     4     3     0.4519
    5  2.4171e+13     1.4865     5     4     0.5506
    6  1.8112e+13     1.6580     6     5     0.6467
    7  1.6852e+13     1.7031     7     6     0.7407
    8  1.3917e+13     1.8273     8     7     0.8330
    9  1.2516e+13     1.8990     9     8     0.9238
   10  1.1655e+13     1.9483    10     9     1.0134
   11  1.0409e+13     2.0286    11    10     1.1018
   12  8.6364e+12     2.1666    12    11     1.1894
   13  8.4523e+12     2.1830    13    12     1.2761
   14  7.8260e+12     2.2422    14    13     1.3621
   15  7.3188e+12     2.2947    15    14     1.4474
   16  7.2904e+12     2.2978    16    15     1.5322
   17  7.1568e+12     2.3125    17    16     1.6165
   18  4.5778e+12     2.6889    18    17     1.7003
   19  4.3324e+12     2.7383    19    18     1.7838
   20  3.7076e+12     2.8815    20    19     1.8669
   21  3.4648e+12     2.9455    21    20     1.9496
   22  3.3979e+12     2.9642    22    21     2.0321
   23  3.3714e+12     2.9717    23    22     2.1143
   24  3.3236e+12     2.9854    24    23     2.1963
   25  3.0667e+12     3.0636    25    24     2.2781
   26  2.9023e+12     3.1180    26    25     2.3597
   27  2.8857e+12     3.1237    27    26     2.4411
   28  2.8518e+12     3.1355    28    27     2.5223
   29  2.8354e+12     3.1412    29    28     2.6034
   30  2.7763e+12     3.1623    30    29     2.6844
   31  2.7122e+12     3.1859    31    30     2.7652
   32  2.4756e+12     3.2790    32    31     2.8459
   33  2.2584e+12     3.3748    33    32     2.9266
   34  2.2063e+12     3.3994    34    33     3.0071
   35  2.1938e+12     3.4055    35    34     3.0876
   36  2.1172e+12     3.4433    36    35     3.1680
   37  1.9130e+12     3.5531    37    36     3.2483
   38  1.6872e+12     3.6926    38    37     3.3285
   39  1.6794e+12     3.6978    39    38     3.4087
   40  1.6717e+12     3.7030    40    39     3.4889
   41  1.5107e+12     3.8186    41    40     3.5689
   42  1.5056e+12     3.8225    42    41     3.6490
   43  1.4567e+12     3.8607    43    42     3.7290
   44  1.2574e+12     4.0348    44    43     3.8089
   45  1.2560e+12     4.0362    45    44     3.8889
   46  1.2112e+12     4.0800    46    45     3.9688
   47  1.1651e+12     4.1272    47    46     4.0486
   48  9.4627e+11     4.3874    48    47     4.1285
   49  7.3664e+11     4.7163    49    48     4.2083
   50  7.2764e+11     4.7329    50    49     4.2881
   51  5.7586e+11     5.0570    51    50     4.3678
   52  5.4237e+11     5.1425    52    51     4.4476
   53  4.8514e+11     5.3045    53    52     4.5273
   54  4.7990e+11     5.3204    54    53     4.6070
   55  4.2534e+11     5.5004    55    54     4.6867
   56  4.2081e+11     5.5165    56    55     4.7664
   57  3.6242e+11     5.7457    57    56     4.8460
   58  3.6085e+11     5.7525    58    57     4.9257
   59  3.5358e+11     5.7843    59    58     5.0053
   60  3.4597e+11     5.8184    60    59     5.0849
   61  3.4186e+11     5.8372    61    60     5.1646
   62  3.4007e+11     5.8455    62    61     5.2442
   63  3.3825e+11     5.8540    63    62     5.3238
   64  3.1708e+11     5.9567    64    63     5.4033
   65  3.1160e+11     5.9846    65    64     5.4829
   66  3.1038e+11     5.9909    66    65     5.5625
   67  3.0530e+11     6.0174    67    66     5.6421
   68  2.8081e+11     6.1532    68    67     5.7216
   69  2.8019e+11     6.1568    69    68     5.8012
   70  2.7866e+11     6.1658    70    69     5.8807
   71  2.6957e+11     6.2204    71    70     5.9602
   72  2.6394e+11     6.2552    72    71     6.0398
   73  2.5808e+11     6.2925    73    72     6.1193
   74  2.5431e+11     6.3171    74    73     6.1988
   75  2.4443e+11     6.3834    75    74     6.2783
   76  2.4076e+11     6.4089    76    75     6.3579
   77  2.3882e+11     6.4225    77    76     6.4374
   78  2.2814e+11     6.5002    78    77     6.5169
   79  2.1531e+11     6.5993    79    78     6.5964
   80  2.1478e+11     6.6036    80    79     6.6759
   81  2.1448e+11     6.6060    81    80     6.7554
   82  2.0521e+11     6.6825    82    81     6.8349
   83  2.0243e+11     6.7062    83    82     6.9143
   84  1.7950e+11     6.9181    84    83     6.9938
   85  1.7819e+11     6.9311    85    84     7.0733
   86  1.7768e+11     6.9363    86    85     7.1528
   87  1.7588e+11     6.9544    87    86     7.2323
   88  1.7181e+11     6.9964    88    87     7.3117
   89  1.6919e+11     7.0242    89    88     7.3912
   90  1.6860e+11     7.0304    90    89     7.4707
   91  1.0545e+11     7.9145    91    90     7.5502
   92  1.0367e+11     7.9478    92    91     7.6296
   93  1.0174e+11     7.9850    93    92     7.7091
   94  9.6902e+10     8.0818    94    93     7.7885
   95  9.6210e+10     8.0961    95    94     7.8680
   96  9.4901e+10     8.1235    96    95     7.9475
   97  9.4459e+10     8.1328    97    96     8.0269
   98  5.9999e+10     9.0797    98    97     8.1064
   99  5.3789e+10     9.3191    99    98     8.1858
  100  5.2258e+10     9.3830   100    99     8.2653
