#indx Mass S step-number desc_indx 
    0  1.0000e+14     0.8310     0    -1     0.0134
    1  9.2179e+13     0.8610     1     0     0.1326
    2  9.0953e+13     0.8660     2     1     0.2441
    3  8.5107e+13     0.8913     3     2     0.3500
    4  8.0341e+13     0.9136     4     3     0.4519
    5  7.0428e+13     0.9663     5     4     0.5506
    6  6.5747e+13     0.9948     6     5     0.6467
    7  6.3912e+13     1.0067     7     6     0.7407
    8  6.0747e+13     1.0283     8     7     0.8330
    9  3.8539e+13     1.2384     9     8     0.9238
   10  3.4084e+13     1.3004    10     9     1.0134
   11  3.3583e+13     1.3080    11    10     1.1018
   12  3.1103e+13     1.3481    12    11     1.1894
   13  2.8680e+13     1.3915    13    12     1.2761
   14  2.6162e+13     1.4420    14    13     1.3621
   15  2.5612e+13     1.4539    15    14     1.4474
   16  2.4890e+13     1.4699    16    15     1.5322
   17  1.8331e+13     1.6506    17    16     1.6165
   18  1.7845e+13     1.6672    18    17     1.7003
   19  1.7052e+13     1.6956    19    18     1.7838
   20  1.6397e+13     1.7204    20    19     1.8669
   21  1.5501e+13     1.7565    21    20     1.9496
   22  6.5881e+12     2.3791    22    21     2.0321
   23  6.5300e+12     2.3863    23    22     2.1143
   24  6.5004e+12     2.3900    24    23     2.1963
   25  5.9500e+12     2.4629    25    24     2.2781
   26  5.7327e+12     2.4941    26    25     2.3597
   27  4.1369e+12     2.7802    27    26     2.4411
   28  3.6000e+12     2.9092    28    27     2.5223
   29  3.5273e+12     2.9285    29    28     2.6034
   30  2.7211e+12     3.1825    30    29     2.6844
   31  2.7025e+12     3.1895    31    30     2.7652
   32  2.4932e+12     3.2717    32    31     2.8459
   33  2.4703e+12     3.2812    33    32     2.9266
   34  2.3778e+12     3.3208    34    33     3.0071
   35  2.3635e+12     3.3271    35    34     3.0876
   36  2.3026e+12     3.3544    36    35     3.1680
   37  2.2671e+12     3.3707    37    36     3.2483
   38  2.2088e+12     3.3982    38    37     3.3285
   39  2.1968e+12     3.4040    39    38     3.4087
   40  1.9525e+12     3.5307    40    39     3.4889
   41  1.9391e+12     3.5383    41    40     3.5689
   42  1.8499e+12     3.5900    42    41     3.6490
   43  1.7167e+12     3.6731    43    42     3.7290
   44  1.6072e+12     3.7476    44    43     3.8089
   45  1.5411e+12     3.7956    45    44     3.8889
   46  1.4665e+12     3.8530    46    45     3.9688
   47  1.3690e+12     3.9336    47    46     4.0486
   48  1.2237e+12     4.0676    48    47     4.1285
   49  1.1454e+12     4.1482    49    48     4.2083
   50  1.1320e+12     4.1626    50    49     4.2881
   51  1.0779e+12     4.2232    51    50     4.3678
   52  1.0117e+12     4.3025    52    51     4.4476
   53  9.0758e+11     4.4411    53    52     4.5273
   54  9.0446e+11     4.4455    54    53     4.6070
   55  8.0122e+11     4.6040    55    54     4.6867
   56  7.9367e+11     4.6165    56    55     4.7664
   57  6.9402e+11     4.7972    57    56     4.8460
   58  6.8164e+11     4.8218    58    57     4.9257
   59  4.2190e+11     5.5126    59    58     5.0053
   60  3.7384e+11     5.6976    60    59     5.0849
   61  3.6579e+11     5.7314    61    60     5.1646
   62  3.5316e+11     5.7862    62    61     5.2442
   63  3.3493e+11     5.8696    63    62     5.3238
   64  3.3373e+11     5.8753    64    63     5.4033
   65  3.0341e+11     6.0274    65    64     5.4829
   66  3.0305e+11     6.0294    66    65     5.5625
   67  2.1474e+11     6.6038    67    66     5.6421
   68  2.1000e+11     6.6424    68    67     5.7216
   69  2.0992e+11     6.6431    69    68     5.8012
   70  2.0959e+11     6.6458    70    69     5.8807
   71  2.0744e+11     6.6637    71    70     5.9602
   72  2.0697e+11     6.6677    72    71     6.0398
   73  2.0691e+11     6.6681    73    72     6.1193
   74  2.0211e+11     6.7090    74    73     6.1988
   75  1.9522e+11     6.7696    75    74     6.2783
   76  1.9494e+11     6.7722    76    75     6.3579
   77  1.9102e+11     6.8079    77    76     6.4374
   78  1.5619e+11     7.1693    78    77     6.5169
   79  1.5178e+11     7.2218    79    78     6.5964
   80  1.5160e+11     7.2240    80    79     6.6759
   81  1.4476e+11     7.3093    81    80     6.7554
   82  1.4066e+11     7.3628    82    81     6.8349
   83  1.3724e+11     7.4087    83    82     6.9143
   84  1.2828e+11     7.5360    84    83     6.9938
   85  1.2772e+11     7.5443    85    84     7.0733
   86  1.2260e+11     7.6222    86    85     7.1528
   87  1.0479e+11     7.9267    87    86     7.2323
   88  1.0396e+11     7.9425    88    87     7.3117
   89  1.0369e+11     7.9475    89    88     7.3912
   90  1.0338e+11     7.9534    90    89     7.4707
   91  8.4144e+10     8.3670    91    90     7.5502
   92  8.3304e+10     8.3875    92    91     7.6296
   93  8.3136e+10     8.3916    93    92     7.7091
   94  7.4924e+10     8.6068    94    93     7.7885
   95  2.1070e+10    11.5626    95    94     7.8680
   96  2.0516e+10    11.6315    96    95     7.9475
   97  2.0062e+10    11.6896    97    96     8.0269
   98  1.9893e+10    11.7117    98    97     8.1064
   99  1.9843e+10    11.7182    99    98     8.1858
  100  1.9616e+10    11.7483   100    99     8.2653
