#indx Mass S step-number desc_indx 
    0  1.0000e+14     0.8310     0    -1     0.0134
    1  8.4057e+13     0.8961     1     0     0.1326
    2  7.1329e+13     0.9611     2     1     0.2441
    3  5.1505e+13     1.1010     3     2     0.3500
    4  4.4862e+13     1.1649     4     3     0.4519
    5  4.0141e+13     1.2184     5     4     0.5506
    6  4.0035e+13     1.2196     6     5     0.6467
    7  3.9882e+13     1.2215     7     6     0.7407
    8  3.9193e+13     1.2301     8     7     0.8330
    9  3.8958e+13     1.2331     9     8     0.9238
   10  1.7641e+13     1.6744    10     9     1.0134
   11  1.7596e+13     1.6759    11    10     1.1018
   12  1.6930e+13     1.7001    12    11     1.1894
   13  1.6888e+13     1.7017    13    12     1.2761
   14  1.2139e+13     1.9200    14    13     1.3621
   15  1.1781e+13     1.9408    15    14     1.4474
   16  1.0488e+13     2.0232    16    15     1.5322
   17  9.3159e+12     2.1098    17    16     1.6165
   18  8.1928e+12     2.2068    18    17     1.7003
   19  7.9806e+12     2.2270    19    18     1.7838
   20  7.2653e+12     2.3005    20    19     1.8669
   21  5.5031e+12     2.5287    21    20     1.9496
   22  5.1801e+12     2.5805    22    21     2.0321
   23  4.9594e+12     2.6183    23    22     2.1143
   24  4.9185e+12     2.6255    24    23     2.1963
   25  4.7020e+12     2.6651    25    24     2.2781
   26  4.6605e+12     2.6730    26    25     2.3597
   27  4.3382e+12     2.7371    27    26     2.4411
   28  4.0368e+12     2.8026    28    27     2.5223
   29  3.9834e+12     2.8149    29    28     2.6034
   30  3.4957e+12     2.9371    30    29     2.6844
   31  2.9344e+12     3.1071    31    30     2.7652
   32  2.8271e+12     3.1442    32    31     2.8459
   33  2.5921e+12     3.2318    33    32     2.9266
   34  2.5293e+12     3.2569    34    33     3.0071
   35  2.4838e+12     3.2756    35    34     3.0876
   36  2.1503e+12     3.4268    36    35     3.1680
   37  2.0248e+12     3.4913    37    36     3.2483
   38  1.7685e+12     3.6398    38    37     3.3285
   39  1.7516e+12     3.6506    39    38     3.4087
   40  1.7151e+12     3.6741    40    39     3.4889
   41  1.4955e+12     3.8303    41    40     3.5689
   42  1.4772e+12     3.8446    42    41     3.6490
   43  1.4417e+12     3.8729    43    42     3.7290
   44  1.4184e+12     3.8919    44    43     3.8089
   45  1.4156e+12     3.8942    45    44     3.8889
   46  1.4021e+12     3.9054    46    45     3.9688
   47  1.3838e+12     3.9209    47    46     4.0486
   48  1.1269e+12     4.1682    48    47     4.1285
   49  1.0942e+12     4.2046    49    48     4.2083
   50  7.8389e+11     4.6330    50    49     4.2881
   51  7.7980e+11     4.6400    51    50     4.3678
   52  6.6067e+11     4.8647    52    51     4.4476
   53  6.3777e+11     4.9136    53    52     4.5273
   54  6.1899e+11     4.9552    54    53     4.6070
   55  2.2473e+11     6.5259    55    54     4.6867
   56  2.1088e+11     6.6352    56    55     4.7664
   57  2.1071e+11     6.6366    57    56     4.8460
   58  1.9924e+11     6.7339    58    57     4.9257
   59  1.7635e+11     6.9497    59    58     5.0053
   60  1.6637e+11     7.0544    60    59     5.0849
   61  1.6434e+11     7.0767    61    60     5.1646
   62  1.6306e+11     7.0909    62    61     5.2442
   63  1.5993e+11     7.1261    63    62     5.3238
   64  1.5897e+11     7.1371    64    63     5.4033
   65  1.1645e+11     7.7212    65    64     5.4829
   66  1.1184e+11     7.7995    66    65     5.5625
   67  1.0786e+11     7.8700    67    66     5.6421
   68  1.0631e+11     7.8984    68    67     5.7216
   69  1.0447e+11     7.9327    69    68     5.8012
   70  1.0079e+11     8.0036    70    69     5.8807
   71  1.0046e+11     8.0100    71    70     5.9602
   72  9.9104e+10     8.0370    72    71     6.0398
   73  9.4568e+10     8.1305    73    72     6.1193
   74  9.0839e+10     8.2114    74    73     6.1988
   75  2.5043e+10    11.1227    75    74     6.2783
   76  2.4947e+10    11.1323    76    75     6.3579
   77  2.3816e+10    11.2493    77    76     6.4374
   78  2.3655e+10    11.2665    78    77     6.5169
   79  2.3610e+10    11.2713    79    78     6.5964
   80  2.2898e+10    11.3492    80    79     6.6759
   81  2.2754e+10    11.3652    81    80     6.7554
   82  2.2710e+10    11.3702    82    81     6.8349
   83  2.2107e+10    11.4390    83    82     6.9143
   84  2.1979e+10    11.4538    84    83     6.9938
   85  2.1946e+10    11.4577    85    84     7.0733
   86  2.1867e+10    11.4670    86    85     7.1528
   87  2.1847e+10    11.4693    87    86     7.2323
   88  2.1747e+10    11.4811    88    87     7.3117
   89  2.0500e+10    11.6335    89    88     7.3912
   90  1.4208e+10    12.6125    90    89     7.4707
   91  1.4200e+10    12.6139    91    90     7.5502
   92  1.4086e+10    12.6360    92    91     7.6296
   93  1.3936e+10    12.6655    93    92     7.7091
   94  1.2022e+10    13.0776    94    93     7.7885
   95  1.2016e+10    13.0788    95    94     7.8680
   96  1.1632e+10    13.1708    96    95     7.9475
   97  1.1200e+10    13.2784    97    96     8.0269
   98  1.0110e+10    13.5726    98    97     8.1064
   99  1.0055e+10    13.5884    99    98     8.1858
  100  8.6334e+09    14.0352   100    99     8.2653
