#indx Mass S step-number desc_indx 
    0  1.0000e+14     0.8310     0    -1     0.0134
    1  9.8063e+13     0.8381     1     0     0.1326
    2  7.5616e+13     0.9376     2     1     0.2441
    3  7.1147e+13     0.9622     3     2     0.3500
    4  6.7344e+13     0.9848     4     3     0.4519
    5  6.1479e+13     1.0232     5     4     0.5506
    6  5.6621e+13     1.0588     6     5     0.6467
    7  4.6784e+13     1.1452     7     6     0.7407
    8  3.5087e+13     1.2856     8     7     0.8330
    9  3.4981e+13     1.2871     9     8     0.9238
   10  3.0697e+13     1.3551    10     9     1.0134
   11  3.0514e+13     1.3583    11    10     1.1018
   12  3.0208e+13     1.3636    12    11     1.1894
   13  2.6583e+13     1.4331    13    12     1.2761
   14  2.6206e+13     1.4410    14    13     1.3621
   15  2.6006e+13     1.4453    15    14     1.4474
   16  2.4637e+13     1.4757    16    15     1.5322
   17  2.3278e+13     1.5081    17    16     1.6165
   18  2.2421e+13     1.5298    18    17     1.7003
   19  1.4803e+13     1.7865    19    18     1.7838
   20  1.3919e+13     1.8272    20    19     1.8669
   21  1.3362e+13     1.8545    21    20     1.9496
   22  1.3172e+13     1.8642    22    21     2.0321
   23  1.2971e+13     1.8746    23    22     2.1143
   24  1.1929e+13     1.9321    24    23     2.1963
   25  1.1810e+13     1.9391    25    24     2.2781
   26  1.0315e+13     2.0352    26    25     2.3597
   27  1.0122e+13     2.0489    27    26     2.4411
   28  9.6589e+12     2.0831    28    27     2.5223
   29  8.3449e+12     2.1927    29    28     2.6034
   30  7.7431e+12     2.2505    30    29     2.6844
   31  7.6857e+12     2.2563    31    30     2.7652
   32  7.4980e+12     2.2757    32    31     2.8459
   33  3.6564e+12     2.8946    33    32     2.9266
   34  3.5207e+12     2.9303    34    33     3.0071
   35  2.9577e+12     3.0992    35    34     3.0876
   36  2.7528e+12     3.1708    36    35     3.1680
   37  2.4642e+12     3.2838    37    36     3.2483
   38  2.4275e+12     3.2993    38    37     3.3285
   39  2.4144e+12     3.3049    39    38     3.4087
   40  2.2992e+12     3.3560    40    39     3.4889
   41  2.2389e+12     3.3839    41    40     3.5689
   42  1.9711e+12     3.5205    42    41     3.6490
   43  1.9568e+12     3.5284    43    42     3.7290
   44  1.8379e+12     3.5971    44    43     3.8089
   45  1.8342e+12     3.5994    45    44     3.8889
   46  1.8303e+12     3.6017    46    45     3.9688
   47  1.8068e+12     3.6160    47    46     4.0486
   48  1.6079e+12     3.7471    48    47     4.1285
   49  1.5767e+12     3.7695    49    48     4.2083
   50  1.5692e+12     3.7749    50    49     4.2881
   51  1.5602e+12     3.7815    51    50     4.3678
   52  1.5578e+12     3.7833    52    51     4.4476
   53  1.5242e+12     3.8084    53    52     4.5273
   54  1.4983e+12     3.8281    54    53     4.6070
   55  1.4731e+12     3.8478    55    54     4.6867
   56  1.4572e+12     3.8603    56    55     4.7664
   57  1.4549e+12     3.8622    57    56     4.8460
   58  1.3914e+12     3.9145    58    57     4.9257
   59  1.3655e+12     3.9366    59    58     5.0053
   60  1.3533e+12     3.9472    60    59     5.0849
   61  1.2815e+12     4.0120    61    60     5.1646
   62  1.2756e+12     4.0176    62    61     5.2442
   63  7.0607e+11     4.7737    63    62     5.3238
   64  5.7604e+11     5.0565    64    63     5.4033
   65  2.5227e+11     6.3305    65    64     5.4829
   66  2.4564e+11     6.3751    66    65     5.5625
   67  2.4364e+11     6.3889    67    66     5.6421
   68  2.3755e+11     6.4316    68    67     5.7216
   69  2.3609e+11     6.4420    69    68     5.8012
   70  1.9361e+11     6.7842    70    69     5.8807
   71  1.9181e+11     6.8006    71    70     5.9602
   72  1.8057e+11     6.9075    72    71     6.0398
   73  1.7724e+11     6.9407    73    72     6.1193
   74  1.4582e+11     7.2957    74    73     6.1988
   75  1.4499e+11     7.3063    75    74     6.2783
   76  1.4430e+11     7.3152    76    75     6.3579
   77  1.4267e+11     7.3364    77    76     6.4374
   78  1.3614e+11     7.4238    78    77     6.5169
   79  1.3414e+11     7.4516    79    78     6.5964
   80  1.3187e+11     7.4838    80    79     6.6759
   81  1.2968e+11     7.5154    81    80     6.7554
   82  1.2285e+11     7.6184    82    81     6.8349
   83  1.1863e+11     7.6854    83    82     6.9143
   84  1.1759e+11     7.7024    84    83     6.9938
   85  9.3279e+10     8.1580    85    84     7.0733
   86  9.1277e+10     8.2017    86    85     7.1528
   87  9.0953e+10     8.2089    87    86     7.2323
   88  9.0781e+10     8.2127    88    87     7.3117
   89  8.3243e+10     8.3890    89    88     7.3912
   90  7.8311e+10     8.5149    90    89     7.4707
   91  3.9692e+10    10.0087    91    90     7.5502
   92  3.8705e+10    10.0674    92    91     7.6296
   93  3.8265e+10    10.0942    93    92     7.7091
   94  3.7828e+10    10.1211    94    93     7.7885
   95  3.7774e+10    10.1245    95    94     7.8680
   96  3.7678e+10    10.1304    96    95     7.9475
   97  2.9830e+10    10.6896    97    96     8.0269
   98  2.8749e+10    10.7800    98    97     8.1064
   99  2.8436e+10    10.8068    99    98     8.1858
  100  2.7257e+10    10.9113   100    99     8.2653
