#indx Mass S step-number desc_indx 
    0  1.0000e+14     0.8310     0    -1     0.0134
    1  9.1981e+13     0.8618     1     0     0.1326
    2  7.4323e+13     0.9445     2     1     0.2441
    3  6.5222e+13     0.9981     3     2     0.3500
    4  6.2723e+13     1.0146     4     3     0.4519
    5  4.9463e+13     1.1194     5     4     0.5506
    6  3.2861e+13     1.3193     6     5     0.6467
    7  2.8220e+13     1.4003     7     6     0.7407
    8  2.7774e+13     1.4090     8     7     0.8330
    9  2.7098e+13     1.4225     9     8     0.9238
   10  1.0625e+13     2.0138    10     9     1.0134
   11  6.8130e+12     2.3519    11    10     1.1018
   12  6.2117e+12     2.4272    12    11     1.1894
   13  6.1176e+12     2.4398    13    12     1.2761
   14  6.0139e+12     2.4540    14    13     1.3621
   15  5.7328e+12     2.4941    15    14     1.4474
   16  5.2746e+12     2.5649    16    15     1.5322
   17  5.2343e+12     2.5715    17    16     1.6165
   18  5.1945e+12     2.5781    18    17     1.7003
   19  5.1584e+12     2.5841    19    18     1.7838
   20  5.1141e+12     2.5916    20    19     1.8669
   21  5.0923e+12     2.5953    21    20     1.9496
   22  4.5531e+12     2.6937    22    21     2.0321
   23  4.5230e+12     2.6996    23    22     2.1143
   24  3.6872e+12     2.8867    24    23     2.1963
   25  3.1619e+12     3.0337    25    24     2.2781
   26  2.7483e+12     3.1725    26    25     2.3597
   27  2.6399e+12     3.2132    27    26     2.4411
   28  2.4857e+12     3.2748    28    27     2.5223
   29  2.4598e+12     3.2856    29    28     2.6034
   30  2.4431e+12     3.2927    30    29     2.6844
   31  2.3005e+12     3.3553    31    30     2.7652
   32  2.2857e+12     3.3621    32    31     2.8459
   33  2.1923e+12     3.4062    33    32     2.9266
   34  2.1319e+12     3.4359    34    33     3.0071
   35  2.1274e+12     3.4382    35    34     3.0876
   36  1.8542e+12     3.5874    36    35     3.1680
   37  1.6315e+12     3.7305    37    36     3.2483
   38  1.6267e+12     3.7339    38    37     3.3285
   39  1.6206e+12     3.7381    39    38     3.4087
   40  1.6106e+12     3.7452    40    39     3.4889
   41  1.5936e+12     3.7573    41    40     3.5689
   42  1.5193e+12     3.8120    42    41     3.6490
   43  1.4096e+12     3.8992    43    42     3.7290
   44  1.4056e+12     3.9025    44    43     3.8089
   45  1.3469e+12     3.9528    45    44     3.8889
   46  1.3271e+12     3.9703    46    45     3.9688
   47  1.3195e+12     3.9772    47    46     4.0486
   48  1.2453e+12     4.0464    48    47     4.1285
   49  1.2320e+12     4.0595    49    48     4.2083
   50  9.6704e+11     4.3597    50    49     4.2881
   51  9.0993e+11     4.4377    51    50     4.3678
   52  8.7003e+11     4.4958    52    51     4.4476
   53  8.5185e+11     4.5234    53    52     4.5273
   54  8.3594e+11     4.5481    54    53     4.6070
   55  7.9066e+11     4.6216    55    54     4.6867
   56  7.6653e+11     4.6629    56    55     4.7664
   57  5.4732e+11     5.1295    57    56     4.8460
   58  5.3412e+11     5.1646    58    57     4.9257
   59  2.9679e+11     6.0631    59    58     5.0053
   60  2.8460e+11     6.1313    60    59     5.0849
   61  2.5748e+11     6.2964    61    60     5.1646
   62  2.5195e+11     6.3326    62    61     5.2442
   63  2.4362e+11     6.3890    63    62     5.3238
   64  2.3819e+11     6.4270    64    63     5.4033
   65  1.6090e+11     7.1151    65    64     5.4829
   66  1.5856e+11     7.1418    66    65     5.5625
   67  1.5773e+11     7.1513    67    66     5.6421
   68  1.5657e+11     7.1649    68    67     5.7216
   69  1.5592e+11     7.1725    69    68     5.8012
   70  1.5157e+11     7.2244    70    69     5.8807
   71  1.3877e+11     7.3881    71    70     5.9602
   72  1.3371e+11     7.4576    72    71     6.0398
   73  1.3147e+11     7.4895    73    72     6.1193
   74  1.3034e+11     7.5059    74    73     6.1988
   75  1.2755e+11     7.5468    75    74     6.2783
   76  1.2100e+11     7.6473    76    75     6.3579
   77  8.2865e+10     8.3983    77    76     6.4374
   78  8.1416e+10     8.4346    78    77     6.5169
   79  8.0471e+10     8.4586    79    78     6.5964
   80  8.0265e+10     8.4639    80    79     6.6759
   81  7.9828e+10     8.4752    81    80     6.7554
   82  7.9757e+10     8.4770    82    81     6.8349
   83  7.9252e+10     8.4902    83    82     6.9143
   84  7.9235e+10     8.4906    84    83     6.9938
   85  7.3815e+10     8.6380    85    84     7.0733
   86  7.2909e+10     8.6639    86    85     7.1528
   87  5.5382e+10     9.2547    87    86     7.2323
   88  5.3770e+10     9.3198    88    87     7.3117
   89  5.1328e+10     9.4230    89    88     7.3912
   90  4.0934e+10     9.9372    90    89     7.4707
   91  2.8972e+10    10.7609    91    90     7.5502
   92  2.8968e+10    10.7613    92    91     7.6296
   93  2.7753e+10    10.8668    93    92     7.7091
   94  2.7574e+10    10.8828    94    93     7.7885
   95  2.7409e+10    10.8976    95    94     7.8680
   96  2.7395e+10    10.8989    96    95     7.9475
   97  2.5469e+10    11.0804    97    96     8.0269
   98  2.4864e+10    11.1407    98    97     8.1064
   99  2.4225e+10    11.2063    99    98     8.1858
  100  2.1846e+10    11.4694   100    99     8.2653
