#indx Mass S step-number desc_indx 
    0  1.0000e+10    13.6042     0    -1     0.0134
    1  9.9683e+09    13.6134     1     0     0.1326
    2  9.8724e+09    13.6415     2     1     0.2441
    3  9.6996e+09    13.6929     3     2     0.3500
    4  8.0028e+09    14.2614     4     3     0.4519
    5  7.9291e+09    14.2892     5     4     0.5506
    6  7.6367e+09    14.4024     6     5     0.6467
    7  7.5993e+09    14.4172     7     6     0.7407
    8  7.4697e+09    14.4693     8     7     0.8330
    9  7.0409e+09    14.6493     9     8     0.9238
   10  6.4088e+09    14.9389    10     9     1.0134
   11  5.4517e+09    15.4464    11    10     1.1018
   12  5.4454e+09    15.4501    12    11     1.1894
   13  5.3759e+09    15.4909    13    12     1.2761
   14  5.0273e+09    15.7052    14    13     1.3621
   15  5.0202e+09    15.7098    15    14     1.4474
   16  4.8278e+09    15.8357    16    15     1.5322
   17  4.5858e+09    16.0025    17    16     1.6165
   18  4.5723e+09    16.0121    18    17     1.7003
   19  4.4807e+09    16.0782    19    18     1.7838
   20  4.4085e+09    16.1313    20    19     1.8669
   21  4.3711e+09    16.1592    21    20     1.9496
   22  4.3425e+09    16.1807    22    21     2.0321
   23  4.3130e+09    16.2031    23    22     2.1143
   24  4.1945e+09    16.2948    24    23     2.1963
   25  4.1935e+09    16.2956    25    24     2.2781
   26  4.1202e+09    16.3538    26    25     2.3597
   27  4.0806e+09    16.3858    27    26     2.4411
   28  4.0779e+09    16.3880    28    27     2.5223
   29  4.0034e+09    16.4491    29    28     2.6034
   30  3.9288e+09    16.5116    30    29     2.6844
   31  3.6449e+09    16.7627    31    30     2.7652
   32  3.5022e+09    16.8974    32    31     2.8459
   33  3.4730e+09    16.9257    33    32     2.9266
   34  3.4596e+09    16.9389    34    33     3.0071
   35  3.3426e+09    17.0558    35    34     3.0876
   36  3.3084e+09    17.0909    36    35     3.1680
   37  3.0478e+09    17.3723    37    36     3.2483
   38  3.0426e+09    17.3783    38    37     3.3285
   39  2.9099e+09    17.5326    39    38     3.4087
   40  2.9073e+09    17.5358    40    39     3.4889
   41  2.8316e+09    17.6276    41    40     3.5689
   42  2.8232e+09    17.6379    42    41     3.6490
   43  2.7708e+09    17.7034    43    42     3.7290
   44  2.7437e+09    17.7378    44    43     3.8089
   45  2.7374e+09    17.7459    45    44     3.8889
   46  2.6283e+09    17.8887    46    45     3.9688
   47  2.6004e+09    17.9264    47    46     4.0486
   48  2.5947e+09    17.9341    48    47     4.1285
   49  2.5859e+09    17.9460    49    48     4.2083
   50  2.5594e+09    17.9825    50    49     4.2881
   51  1.9441e+09    18.9736    51    50     4.3678
   52  1.9438e+09    18.9741    52    51     4.4476
   53  1.9428e+09    18.9760    53    52     4.5273
   54  1.9378e+09    18.9855    54    53     4.6070
   55  1.9127e+09    19.0333    55    54     4.6867
   56  1.8846e+09    19.0879    56    55     4.7664
   57  9.7412e+08    21.6328    57    56     4.8460
   58  7.3756e+08    22.7734    58    57     4.9257
   59  6.1179e+08    23.5631    59    58     5.0053
   60  5.8959e+08    23.7214    60    59     5.0849
   61  1.6608e+08    29.6056    61    60     5.1646
   62  1.6485e+08    29.6429    62    61     5.2442
   63  1.6344e+08    29.6859    63    62     5.3238
   64  1.3352e+08    30.7108    64    63     5.4033
   65  1.3192e+08    30.7728    65    64     5.4829
   66  1.2974e+08    30.8585    66    65     5.5625
   67  1.2847e+08    30.9090    67    66     5.6421
   68  1.2022e+08    31.2520    68    67     5.7216
