#indx Mass S step-number desc_indx 
    0  1.0000e+10    13.6042     0    -1     0.0134
    1  8.8986e+09    13.9457     1     0     0.1326
    2  8.8150e+09    13.9736     2     1     0.2441
    3  8.5138e+09    14.0766     3     2     0.3500
    4  8.4703e+09    14.0918     4     3     0.4519
    5  7.9608e+09    14.2772     5     4     0.5506
    6  7.9156e+09    14.2943     6     5     0.6467
    7  7.8787e+09    14.3084     7     6     0.7407
    8  7.8184e+09    14.3314     8     7     0.8330
    9  7.7958e+09    14.3402     9     8     0.9238
   10  7.7645e+09    14.3523    10     9     1.0134
   11  7.7566e+09    14.3554    11    10     1.1018
   12  7.7476e+09    14.3589    12    11     1.1894
   13  7.6991e+09    14.3778    13    12     1.2761
   14  7.6014e+09    14.4164    14    13     1.3621
   15  7.4814e+09    14.4645    15    14     1.4474
   16  7.4395e+09    14.4816    16    15     1.5322
   17  7.1072e+09    14.6206    17    16     1.6165
   18  7.0851e+09    14.6301    18    17     1.7003
   19  6.7536e+09    14.7770    19    18     1.7838
   20  5.5766e+09    15.3746    20    19     1.8669
   21  2.6208e+09    17.8988    21    20     1.9496
   22  2.5754e+09    17.9605    22    21     2.0321
   23  2.5596e+09    17.9822    23    22     2.1143
   24  2.5057e+09    18.0576    24    23     2.1963
   25  2.4777e+09    18.0974    25    24     2.2781
   26  2.4623e+09    18.1196    26    25     2.3597
   27  2.2720e+09    18.4071    27    26     2.4411
   28  2.2569e+09    18.4311    28    27     2.5223
   29  2.1032e+09    18.6862    29    28     2.6034
   30  1.9888e+09    18.8901    30    29     2.6844
   31  1.9873e+09    18.8928    31    30     2.7652
   32  1.8742e+09    19.1083    32    31     2.8459
   33  1.8439e+09    19.1686    33    32     2.9266
   34  1.8260e+09    19.2046    34    33     3.0071
   35  1.8020e+09    19.2537    35    34     3.0876
   36  1.7434e+09    19.3766    36    35     3.1680
   37  1.5718e+09    19.7655    37    36     3.2483
   38  1.5008e+09    19.9410    38    37     3.3285
   39  1.4948e+09    19.9560    39    38     3.4087
   40  1.4873e+09    19.9752    40    39     3.4889
   41  1.4869e+09    19.9764    41    40     3.5689
   42  1.4817e+09    19.9896    42    41     3.6490
   43  1.4770e+09    20.0018    43    42     3.7290
   44  1.2878e+09    20.5290    44    43     3.8089
   45  1.2856e+09    20.5357    45    44     3.8889
   46  1.2809e+09    20.5497    46    45     3.9688
   47  1.2680e+09    20.5893    47    46     4.0486
   48  1.2673e+09    20.5915    48    47     4.1285
   49  1.2668e+09    20.5930    49    48     4.2083
   50  1.1965e+09    20.8158    50    49     4.2881
   51  1.1950e+09    20.8208    51    50     4.3678
   52  1.1877e+09    20.8448    52    51     4.4476
   53  1.1561e+09    20.9506    53    52     4.5273
   54  1.1551e+09    20.9541    54    53     4.6070
   55  1.1526e+09    20.9626    55    54     4.6867
   56  1.1506e+09    20.9697    56    55     4.7664
   57  1.1468e+09    20.9826    57    56     4.8460
   58  1.1171e+09    21.0860    58    57     4.9257
   59  1.1105e+09    21.1096    59    58     5.0053
   60  1.1089e+09    21.1152    60    59     5.0849
   61  1.1030e+09    21.1365    61    60     5.1646
   62  1.0972e+09    21.1573    62    61     5.2442
   63  9.4153e+08    21.7701    63    62     5.3238
   64  9.1056e+08    21.9057    64    63     5.4033
   65  8.9502e+08    21.9757    65    64     5.4829
   66  8.9192e+08    21.9898    66    65     5.5625
   67  8.8251e+08    22.0330    67    66     5.6421
   68  8.7135e+08    22.0850    68    67     5.7216
   69  8.6158e+08    22.1311    69    68     5.8012
   70  8.5708e+08    22.1525    70    69     5.8807
   71  8.5127e+08    22.1804    71    70     5.9602
   72  7.5562e+08    22.6725    72    71     6.0398
   73  7.3635e+08    22.7802    73    72     6.1193
   74  7.3547e+08    22.7852    74    73     6.1988
   75  6.1460e+08    23.5435    75    74     6.2783
   76  5.9836e+08    23.6581    76    75     6.3579
   77  5.9574e+08    23.6769    77    76     6.4374
   78  5.8902e+08    23.7256    78    77     6.5169
   79  5.8196e+08    23.7774    79    78     6.5964
   80  5.8105e+08    23.7842    80    79     6.6759
   81  5.7677e+08    23.8160    81    80     6.7554
   82  5.7468e+08    23.8316    82    81     6.8349
   83  5.5229e+08    24.0032    83    82     6.9143
   84  5.5153e+08    24.0092    84    83     6.9938
   85  5.2171e+08    24.2507    85    84     7.0733
   86  5.1959e+08    24.2685    86    85     7.1528
   87  5.1747e+08    24.2863    87    86     7.2323
   88  4.9356e+08    24.4935    88    87     7.3117
   89  4.7752e+08    24.6387    89    88     7.3912
   90  4.7622e+08    24.6508    90    89     7.4707
   91  4.6195e+08    24.7852    91    90     7.5502
   92  4.6189e+08    24.7858    92    91     7.6296
   93  4.5948e+08    24.8089    93    92     7.7091
   94  4.5235e+08    24.8782    94    93     7.7885
   95  4.5044e+08    24.8971    95    94     7.8680
   96  4.3553e+08    25.0469    96    95     7.9475
   97  4.2643e+08    25.1411    97    96     8.0269
   98  4.2257e+08    25.1819    98    97     8.1064
   99  4.2068e+08    25.2019    99    98     8.1858
  100  4.2044e+08    25.2044   100    99     8.2653
