#indx Mass S step-number desc_indx 
    0  1.0000e+10    13.6042     0    -1     0.0134
    1  8.8289e+09    13.9689     1     0     0.1326
    2  8.8194e+09    13.9721     2     1     0.2441
    3  8.7989e+09    13.9789     3     2     0.3500
    4  8.7127e+09    14.0081     4     3     0.4519
    5  8.7087e+09    14.0095     5     4     0.5506
    6  8.6705e+09    14.0225     6     5     0.6467
    7  8.6540e+09    14.0281     7     6     0.7407
    8  7.7493e+09    14.3582     8     7     0.8330
    9  7.7269e+09    14.3669     9     8     0.9238
   10  7.5449e+09    14.4389    10     9     1.0134
   11  7.4557e+09    14.4749    11    10     1.1018
   12  7.2975e+09    14.5401    12    11     1.1894
   13  7.2309e+09    14.5680    13    12     1.2761
   14  6.9029e+09    14.7099    14    13     1.3621
   15  6.8953e+09    14.7133    15    14     1.4474
   16  4.7100e+09    15.9157    16    15     1.5322
   17  4.6972e+09    15.9245    17    16     1.6165
   18  4.6350e+09    15.9678    18    17     1.7003
   19  4.6111e+09    15.9847    19    18     1.7838
   20  4.4764e+09    16.0813    20    19     1.8669
   21  4.2529e+09    16.2492    21    20     1.9496
   22  4.2382e+09    16.2606    22    21     2.0321
   23  4.2204e+09    16.2745    23    22     2.1143
   24  4.0989e+09    16.3710    24    23     2.1963
   25  3.3553e+09    17.0429    25    24     2.2781
   26  3.2802e+09    17.1201    26    25     2.3597
   27  3.2745e+09    17.1260    27    26     2.4411
   28  3.1387e+09    17.2711    28    27     2.5223
   29  3.1220e+09    17.2895    29    28     2.6034
   30  3.1057e+09    17.3075    30    29     2.6844
   31  2.9978e+09    17.4295    31    30     2.7652
   32  2.9821e+09    17.4477    32    31     2.8459
   33  2.9588e+09    17.4749    33    32     2.9266
   34  2.8604e+09    17.5923    34    33     3.0071
   35  2.7319e+09    17.7528    35    34     3.0876
   36  2.7228e+09    17.7646    36    35     3.1680
   37  2.7087e+09    17.7827    37    36     3.2483
   38  2.6195e+09    17.9005    38    37     3.3285
   39  2.6072e+09    17.9171    39    38     3.4087
   40  2.6040e+09    17.9214    40    39     3.4889
   41  2.5916e+09    17.9383    41    40     3.5689
   42  2.3748e+09    18.2485    42    41     3.6490
   43  2.3693e+09    18.2569    43    42     3.7290
   44  2.3171e+09    18.3367    44    43     3.8089
   45  2.1574e+09    18.5939    45    44     3.8889
   46  2.1508e+09    18.6050    46    45     3.9688
   47  2.0829e+09    18.7214    47    46     4.0486
   48  2.0818e+09    18.7234    48    47     4.1285
   49  2.0662e+09    18.7507    49    48     4.2083
   50  2.0306e+09    18.8141    50    49     4.2881
   51  2.0018e+09    18.8664    51    50     4.3678
   52  1.9765e+09    18.9129    52    51     4.4476
   53  1.9586e+09    18.9462    53    52     4.5273
   54  1.9529e+09    18.9570    54    53     4.6070
   55  1.9507e+09    18.9610    55    54     4.6867
   56  1.9430e+09    18.9756    56    55     4.7664
   57  1.7727e+09    19.3145    57    56     4.8460
   58  1.7373e+09    19.3898    58    57     4.9257
   59  1.7360e+09    19.3924    59    58     5.0053
   60  1.7064e+09    19.4568    60    59     5.0849
   61  1.6103e+09    19.6743    61    60     5.1646
   62  1.5903e+09    19.7215    62    61     5.2442
   63  1.5854e+09    19.7331    63    62     5.3238
   64  1.5849e+09    19.7342    64    63     5.4033
   65  1.5566e+09    19.8023    65    64     5.4829
   66  1.5325e+09    19.8615    66    65     5.5625
   67  1.5139e+09    19.9079    67    66     5.6421
   68  1.5123e+09    19.9117    68    67     5.7216
   69  1.5114e+09    19.9142    69    68     5.8012
   70  1.4648e+09    20.0334    70    69     5.8807
   71  1.4499e+09    20.0724    71    70     5.9602
   72  1.2755e+09    20.5661    72    71     6.0398
   73  1.1137e+09    21.0984    73    72     6.1193
   74  1.0931e+09    21.1723    74    73     6.1988
   75  9.3671e+08    21.7909    75    74     6.2783
   76  9.2447e+08    21.8442    76    75     6.3579
   77  8.9972e+08    21.9544    77    76     6.4374
   78  8.8023e+08    22.0436    78    77     6.5169
   79  8.2665e+08    22.3009    79    78     6.5964
   80  8.2098e+08    22.3292    80    79     6.6759
   81  6.6308e+08    23.2207    81    80     6.7554
   82  6.4643e+08    23.3285    82    81     6.8349
   83  6.4580e+08    23.3327    83    82     6.9143
   84  6.3496e+08    23.4046    84    83     6.9938
   85  6.3344e+08    23.4148    85    84     7.0733
   86  5.8991e+08    23.7191    86    85     7.1528
   87  5.8730e+08    23.7382    87    86     7.2323
   88  5.7257e+08    23.8475    88    87     7.3117
   89  5.7244e+08    23.8484    89    88     7.3912
   90  5.3349e+08    24.1535    90    89     7.4707
   91  5.2791e+08    24.1992    91    90     7.5502
   92  5.2344e+08    24.2363    92    91     7.6296
   93  5.2332e+08    24.2373    93    92     7.7091
   94  5.1214e+08    24.3316    94    93     7.7885
   95  5.1156e+08    24.3365    95    94     7.8680
   96  5.0846e+08    24.3630    96    95     7.9475
   97  5.0828e+08    24.3646    97    96     8.0269
   98  5.0395e+08    24.4020    98    97     8.1064
   99  5.0106e+08    24.4273    99    98     8.1858
  100  4.0568e+08    25.3649   100    99     8.2653
