#indx Mass S step-number desc_indx 
    0  1.0000e+10    13.6042     0    -1     0.0134
    1  9.9956e+09    13.6055     1     0     0.1326
    2  9.8563e+09    13.6462     2     1     0.2441
    3  9.7110e+09    13.6894     3     2     0.3500
    4  9.6812e+09    13.6984     4     3     0.4519
    5  9.4710e+09    13.7625     5     4     0.5506
    6  9.4270e+09    13.7761     6     5     0.6467
    7  6.7336e+09    14.7861     7     6     0.7407
    8  5.4042e+09    15.4742     8     7     0.8330
    9  3.0253e+09    17.3980     9     8     0.9238
   10  2.9996e+09    17.4274    10     9     1.0134
   11  2.7108e+09    17.7800    11    10     1.1018
   12  2.3205e+09    18.3314    12    11     1.1894
   13  2.3195e+09    18.3329    13    12     1.2761
   14  2.2865e+09    18.3843    14    13     1.3621
   15  2.2504e+09    18.4416    15    14     1.4474
   16  6.7037e+08    23.1745    16    15     1.5322
   17  6.3584e+08    23.3987    17    16     1.6165
   18  6.3383e+08    23.4121    18    17     1.7003
   19  6.3271e+08    23.4196    19    18     1.7838
   20  5.2816e+08    24.1972    20    19     1.8669
   21  5.2106e+08    24.2561    21    20     1.9496
   22  5.1983e+08    24.2664    22    21     2.0321
   23  3.8996e+08    25.5431    23    22     2.1143
   24  3.8914e+08    25.5526    24    23     2.1963
   25  3.8897e+08    25.5545    25    24     2.2781
   26  3.8881e+08    25.5564    26    25     2.3597
   27  3.8806e+08    25.5651    27    26     2.4411
   28  2.4271e+08    27.7490    28    27     2.5223
   29  2.4230e+08    27.7571    29    28     2.6034
   30  2.4049e+08    27.7929    30    29     2.6844
   31  2.3619e+08    27.8794    31    30     2.7652
   32  2.3173e+08    27.9711    32    31     2.8459
   33  2.3123e+08    27.9816    33    32     2.9266
   34  2.3069e+08    27.9927    34    33     3.0071
   35  2.2291e+08    28.1583    35    34     3.0876
   36  2.2141e+08    28.1909    36    35     3.1680
   37  2.1997e+08    28.2224    37    36     3.2483
   38  2.1719e+08    28.2842    38    37     3.3285
   39  2.1694e+08    28.2897    39    38     3.4087
   40  2.1670e+08    28.2952    40    39     3.4889
   41  2.0994e+08    28.4489    41    40     3.5689
   42  2.0945e+08    28.4603    42    41     3.6490
   43  2.0938e+08    28.4621    43    42     3.7290
   44  2.0934e+08    28.4630    44    43     3.8089
   45  2.0882e+08    28.4751    45    44     3.8889
   46  2.0838e+08    28.4853    46    45     3.9688
   47  2.0638e+08    28.5324    47    46     4.0486
   48  2.0403e+08    28.5882    48    47     4.1285
   49  1.9839e+08    28.7254    49    48     4.2083
   50  1.9216e+08    28.8820    50    49     4.2881
   51  1.9176e+08    28.8922    51    50     4.3678
   52  1.8915e+08    28.9598    52    51     4.4476
   53  1.8909e+08    28.9613    53    52     4.5273
   54  1.8735e+08    29.0068    54    53     4.6070
   55  1.8620e+08    29.0372    55    54     4.6867
   56  1.8453e+08    29.0818    56    55     4.7664
   57  1.8436e+08    29.0862    57    56     4.8460
   58  1.8406e+08    29.0944    58    57     4.9257
   59  1.8392e+08    29.0981    59    58     5.0053
   60  1.8361e+08    29.1064    60    59     5.0849
   61  1.7304e+08    29.4007    61    60     5.1646
   62  1.5858e+08    29.8374    62    61     5.2442
   63  1.5800e+08    29.8557    63    62     5.3238
   64  1.5733e+08    29.8770    64    63     5.4033
   65  1.5712e+08    29.8838    65    64     5.4829
   66  1.5654e+08    29.9024    66    65     5.5625
   67  1.5617e+08    29.9143    67    66     5.6421
   68  1.5578e+08    29.9270    68    67     5.7216
   69  1.4985e+08    30.1229    69    68     5.8012
   70  1.4923e+08    30.1439    70    69     5.8807
   71  1.4753e+08    30.2019    71    70     5.9602
   72  1.4741e+08    30.2062    72    71     6.0398
   73  1.4620e+08    30.2481    73    72     6.1193
   74  1.4598e+08    30.2556    74    73     6.1988
   75  1.4563e+08    30.2677    75    74     6.2783
