#indx Mass S step-number desc_indx 
    0  1.0000e+10    13.6042     0    -1     0.0134
    1  9.9488e+09    13.6191     1     0     0.1326
    2  9.9179e+09    13.6281     2     1     0.2441
    3  9.7516e+09    13.6773     3     2     0.3500
    4  9.6702e+09    13.7017     4     3     0.4519
    5  9.2825e+09    13.8214     5     4     0.5506
    6  8.5792e+09    14.0539     6     5     0.6467
    7  8.4395e+09    14.1027     7     6     0.7407
    8  1.9439e+09    18.9740     8     7     0.8330
    9  1.8978e+09    19.0621     9     8     0.9238
   10  1.8859e+09    19.0853    10     9     1.0134
   11  1.8702e+09    19.1163    11    10     1.1018
   12  1.8584e+09    19.1395    12    11     1.1894
   13  1.8469e+09    19.1626    13    12     1.2761
   14  1.8335e+09    19.1894    14    13     1.3621
   15  1.8275e+09    19.2016    15    14     1.4474
   16  1.8159e+09    19.2252    16    15     1.5322
   17  1.6391e+09    19.6077    17    16     1.6165
   18  1.6345e+09    19.6183    18    17     1.7003
   19  1.6255e+09    19.6390    19    18     1.7838
   20  9.1877e+08    21.8692    20    19     1.8669
   21  8.4971e+08    22.1879    21    20     1.9496
   22  8.4670e+08    22.2025    22    21     2.0321
   23  7.9883e+08    22.4420    23    22     2.1143
   24  7.9790e+08    22.4468    24    23     2.1963
   25  7.9777e+08    22.4475    25    24     2.2781
   26  7.9748e+08    22.4490    26    25     2.3597
   27  7.9729e+08    22.4500    27    26     2.4411
   28  7.8916e+08    22.4924    28    27     2.5223
   29  7.4073e+08    22.7555    29    28     2.6034
   30  7.3051e+08    22.8135    30    29     2.6844
   31  7.2894e+08    22.8225    31    30     2.7652
   32  7.1741e+08    22.8892    32    31     2.8459
   33  7.0785e+08    22.9454    33    32     2.9266
   34  7.0567e+08    22.9584    34    33     3.0071
   35  7.0393e+08    22.9688    35    34     3.0876
   36  6.7354e+08    23.1546    36    35     3.1680
   37  6.7307e+08    23.1575    37    36     3.2483
   38  6.6946e+08    23.1802    38    37     3.3285
   39  6.3237e+08    23.4220    39    38     3.4087
   40  6.3008e+08    23.4374    40    39     3.4889
   41  6.2354e+08    23.4819    41    40     3.5689
   42  6.2129e+08    23.4973    42    41     3.6490
   43  6.1047e+08    23.5723    43    42     3.7290
   44  6.0946e+08    23.5793    44    43     3.8089
   45  6.0764e+08    23.5922    45    44     3.8889
   46  5.3435e+08    24.1465    46    45     3.9688
   47  5.3389e+08    24.1502    47    46     4.0486
   48  5.1982e+08    24.2665    48    47     4.1285
   49  5.1904e+08    24.2731    49    48     4.2083
   50  5.1430e+08    24.3132    50    49     4.2881
   51  5.1214e+08    24.3316    51    50     4.3678
   52  5.1106e+08    24.3408    52    51     4.4476
   53  4.7709e+08    24.6427    53    52     4.5273
   54  3.8385e+08    25.6144    54    53     4.6070
   55  3.4977e+08    26.0379    55    54     4.6867
   56  3.4814e+08    26.0593    56    55     4.7664
   57  3.2787e+08    26.3352    57    56     4.8460
   58  3.2493e+08    26.3769    58    57     4.9257
   59  3.1685e+08    26.4933    59    58     5.0053
   60  3.1462e+08    26.5261    60    59     5.0849
   61  3.1422e+08    26.5321    61    60     5.1646
   62  3.1357e+08    26.5416    62    61     5.2442
   63  3.1202e+08    26.5647    63    62     5.3238
   64  3.1035e+08    26.5896    64    63     5.4033
   65  3.0574e+08    26.6592    65    64     5.4829
   66  3.0366e+08    26.6910    66    65     5.5625
   67  2.9837e+08    26.7730    67    66     5.6421
   68  2.9813e+08    26.7768    68    67     5.7216
   69  2.2780e+08    28.0535    69    68     5.8012
   70  2.2775e+08    28.0545    70    69     5.8807
   71  2.2615e+08    28.0886    71    70     5.9602
   72  2.2569e+08    28.0984    72    71     6.0398
   73  2.2462e+08    28.1214    73    72     6.1193
   74  1.7615e+08    29.3121    74    73     6.1988
   75  1.7582e+08    29.3214    75    74     6.2783
   76  1.7527e+08    29.3369    76    75     6.3579
   77  1.7413e+08    29.3694    77    76     6.4374
   78  1.7339e+08    29.3906    78    77     6.5169
   79  1.6955e+08    29.5023    79    78     6.5964
   80  1.6761e+08    29.5597    80    79     6.6759
   81  1.6338e+08    29.6876    81    80     6.7554
   82  1.3656e+08    30.5954    82    81     6.8349
   83  1.3587e+08    30.6213    83    82     6.9143
   84  1.3565e+08    30.6296    84    83     6.9938
   85  1.3073e+08    30.8192    85    84     7.0733
   86  1.2877e+08    30.8968    86    85     7.1528
   87  1.2856e+08    30.9055    87    86     7.2323
   88  1.2829e+08    30.9162    88    87     7.3117
   89  1.2642e+08    30.9918    89    88     7.3912
   90  1.2457e+08    31.0682    90    89     7.4707
   91  1.2158e+08    31.1937    91    90     7.5502
   92  1.2072e+08    31.2307    92    91     7.6296
   93  1.2060e+08    31.2360    93    92     7.7091
   94  1.2055e+08    31.2380    94    93     7.7885
   95  1.2017e+08    31.2542    95    94     7.8680
   96  1.2003e+08    31.2606    96    95     7.9475
   97  1.1990e+08    31.2661    97    96     8.0269
   98  1.1685e+08    31.3999    98    97     8.1064
   99  1.1676e+08    31.4042    99    98     8.1858
  100  1.0324e+08    32.0493   100    99     8.2653
