#indx Mass S step-number desc_indx 
    0  1.0000e+10    13.6042     0    -1     0.0134
    1  9.8372e+09    13.6519     1     0     0.1326
    2  9.3835e+09    13.7896     2     1     0.2441
    3  7.6653e+09    14.3911     3     2     0.3500
    4  7.6268e+09    14.4063     4     3     0.4519
    5  7.5505e+09    14.4367     5     4     0.5506
    6  6.6058e+09    14.8452     6     5     0.6467
    7  6.2114e+09    15.0361     7     6     0.7407
    8  6.1496e+09    15.0673     8     7     0.8330
    9  6.0560e+09    15.1152     9     8     0.9238
   10  6.0383e+09    15.1243    10     9     1.0134
   11  6.0356e+09    15.1258    11    10     1.1018
   12  5.9517e+09    15.1695    12    11     1.1894
   13  5.7101e+09    15.2999    13    12     1.2761
   14  5.6733e+09    15.3203    14    13     1.3621
   15  5.6228e+09    15.3485    15    14     1.4474
   16  5.5879e+09    15.3682    16    15     1.5322
   17  5.4564e+09    15.4437    17    16     1.6165
   18  5.4506e+09    15.4470    18    17     1.7003
   19  5.0122e+09    15.7149    19    18     1.7838
   20  4.9984e+09    15.7238    20    19     1.8669
   21  4.9909e+09    15.7286    21    20     1.9496
   22  4.8409e+09    15.8270    22    21     2.0321
   23  4.3852e+09    16.1486    23    22     2.1143
   24  4.3646e+09    16.1641    24    23     2.1963
   25  4.3239e+09    16.1948    25    24     2.2781
   26  3.5615e+09    16.8407    26    25     2.3597
   27  3.5487e+09    16.8528    27    26     2.4411
   28  3.3712e+09    17.0268    28    27     2.5223
   29  3.3672e+09    17.0308    29    28     2.6034
   30  3.2707e+09    17.1300    30    29     2.6844
   31  3.2694e+09    17.1313    31    30     2.7652
   32  3.2675e+09    17.1333    32    31     2.8459
   33  3.1521e+09    17.2565    33    32     2.9266
   34  2.6034e+09    17.9223    34    33     3.0071
   35  2.6003e+09    17.9265    35    34     3.0876
   36  2.5726e+09    17.9643    36    35     3.1680
   37  2.5324e+09    18.0200    37    36     3.2483
   38  2.5208e+09    18.0363    38    37     3.3285
   39  2.0803e+09    18.7259    39    38     3.4087
   40  1.9631e+09    18.9378    40    39     3.4889
   41  1.8586e+09    19.1393    41    40     3.5689
   42  1.2401e+09    20.6759    42    41     3.6490
   43  1.1937e+09    20.8249    43    42     3.7290
   44  1.1861e+09    20.8501    44    43     3.8089
   45  1.0207e+09    21.4453    45    44     3.8889
   46  8.7560e+08    22.0651    46    45     3.9688
   47  8.6726e+08    22.1043    47    46     4.0486
   48  8.6615e+08    22.1095    48    47     4.1285
   49  8.5868e+08    22.1449    49    48     4.2083
   50  7.6505e+08    22.6210    50    49     4.2881
   51  7.0806e+08    22.9442    51    50     4.3678
   52  6.6178e+08    23.2290    52    51     4.4476
   53  6.5857e+08    23.2496    53    52     4.5273
   54  6.5070e+08    23.3006    54    53     4.6070
   55  6.4830e+08    23.3162    55    54     4.6867
   56  6.4278e+08    23.3525    56    55     4.7664
   57  6.4250e+08    23.3544    57    56     4.8460
   58  6.4144e+08    23.3614    58    57     4.9257
   59  6.4004e+08    23.3707    59    58     5.0053
   60  6.3963e+08    23.3734    60    59     5.0849
   61  6.3238e+08    23.4219    61    60     5.1646
   62  6.2237e+08    23.4899    62    61     5.2442
   63  4.8215e+08    24.5962    63    62     5.3238
   64  4.6078e+08    24.7964    64    63     5.4033
   65  4.6010e+08    24.8029    65    64     5.4829
   66  4.5833e+08    24.8201    66    65     5.5625
   67  4.5795e+08    24.8237    67    66     5.6421
   68  4.5716e+08    24.8314    68    67     5.7216
   69  4.5555e+08    24.8470    69    68     5.8012
   70  4.1366e+08    25.2773    70    69     5.8807
   71  3.7864e+08    25.6765    71    70     5.9602
   72  3.7674e+08    25.6992    72    71     6.0398
   73  3.6354e+08    25.8615    73    72     6.1193
   74  3.5944e+08    25.9132    74    73     6.1988
   75  3.4557e+08    26.0933    75    74     6.2783
   76  3.4008e+08    26.1669    76    75     6.3579
   77  3.3644e+08    26.2163    77    76     6.4374
   78  3.3409e+08    26.2486    78    77     6.5169
   79  3.0694e+08    26.6410    79    78     6.5964
   80  2.8535e+08    26.9819    80    79     6.6759
   81  2.8057e+08    27.0611    81    80     6.7554
   82  2.7383e+08    27.1758    82    81     6.8349
   83  2.6258e+08    27.3743    83    82     6.9143
   84  2.6244e+08    27.3768    84    83     6.9938
   85  2.6227e+08    27.3797    85    84     7.0733
   86  2.2974e+08    28.0125    86    85     7.1528
   87  1.7698e+08    29.2887    87    86     7.2323
   88  1.6937e+08    29.5076    88    87     7.3117
   89  1.6609e+08    29.6052    89    88     7.3912
   90  1.6604e+08    29.6068    90    89     7.4707
   91  1.6537e+08    29.6270    91    90     7.5502
   92  1.6491e+08    29.6410    92    91     7.6296
   93  1.6043e+08    29.7789    93    92     7.7091
   94  1.6024e+08    29.7851    94    93     7.7885
   95  1.5999e+08    29.7929    95    94     7.8680
   96  1.5673e+08    29.8964    96    95     7.9475
   97  1.0401e+08    32.0102    97    96     8.0269
   98  1.0303e+08    32.0599    98    97     8.1064
   99  1.0147e+08    32.1408    99    98     8.1858
  100  1.0100e+08    32.1653   100    99     8.2653
