#indx Mass S step-number desc_indx 
    0  1.0000e+10    13.6042     0    -1     0.0134
    1  9.8549e+09    13.6466     1     0     0.1326
    2  8.8602e+09    13.9584     2     1     0.2441
    3  8.8388e+09    13.9656     3     2     0.3500
    4  8.7980e+09    13.9793     4     3     0.4519
    5  8.7546e+09    13.9939     5     4     0.5506
    6  8.6482e+09    14.0301     6     5     0.6467
    7  8.5703e+09    14.0570     7     6     0.7407
    8  8.5104e+09    14.0778     8     7     0.8330
    9  8.4699e+09    14.0920     9     8     0.9238
   10  8.2983e+09    14.1529    10     9     1.0134
   11  8.2412e+09    14.1736    11    10     1.1018
   12  8.1910e+09    14.1918    12    11     1.1894
   13  6.3331e+09    14.9758    13    12     1.2761
   14  6.3204e+09    14.9820    14    13     1.3621
   15  6.1554e+09    15.0643    15    14     1.4474
   16  6.1028e+09    15.0911    16    15     1.5322
   17  6.0423e+09    15.1223    17    16     1.6165
   18  5.8962e+09    15.1989    18    17     1.7003
   19  5.7999e+09    15.2507    19    18     1.7838
   20  7.5920e+08    22.6529    20    19     1.8669
   21  6.3775e+08    23.3859    21    20     1.9496
   22  6.3752e+08    23.3874    22    21     2.0321
   23  6.3709e+08    23.3903    23    22     2.1143
   24  6.2826e+08    23.4497    24    23     2.1963
   25  6.2770e+08    23.4535    25    24     2.2781
   26  5.9818e+08    23.6594    26    25     2.3597
   27  5.9419e+08    23.6880    27    26     2.4411
   28  5.9168e+08    23.7062    28    27     2.5223
   29  5.9021e+08    23.7169    29    28     2.6034
   30  5.8934e+08    23.7232    30    29     2.6844
   31  5.8640e+08    23.7447    31    30     2.7652
   32  5.5412e+08    23.9889    32    31     2.8459
   33  5.5344e+08    23.9943    33    32     2.9266
   34  5.5251e+08    24.0015    34    33     3.0071
   35  5.4819e+08    24.0355    35    34     3.0876
   36  5.3141e+08    24.1705    36    35     3.1680
   37  4.9708e+08    24.4622    37    36     3.2483
   38  4.9608e+08    24.4711    38    37     3.3285
   39  4.6501e+08    24.7560    39    38     3.4087
   40  4.0203e+08    25.4055    40    39     3.4889
   41  3.9384e+08    25.4983    41    40     3.5689
   42  3.8166e+08    25.6404    42    41     3.6490
   43  3.7824e+08    25.6813    43    42     3.7290
   44  3.7811e+08    25.6827    44    43     3.8089
   45  3.7454e+08    25.7258    45    44     3.8889
   46  3.7285e+08    25.7464    46    45     3.9688
   47  3.4662e+08    26.0794    47    46     4.0486
   48  3.4427e+08    26.1106    48    47     4.1285
   49  3.3681e+08    26.2113    49    48     4.2083
   50  3.3570e+08    26.2265    50    49     4.2881
   51  3.3298e+08    26.2640    51    50     4.3678
   52  3.1004e+08    26.5942    52    51     4.4476
   53  3.0901e+08    26.6098    53    52     4.5273
   54  3.0713e+08    26.6381    54    53     4.6070
   55  3.0386e+08    26.6879    55    54     4.6867
   56  3.0266e+08    26.7063    56    55     4.7664
   57  2.9990e+08    26.7490    57    56     4.8460
   58  2.9903e+08    26.7626    58    57     4.9257
   59  2.9848e+08    26.7713    59    58     5.0053
   60  2.9812e+08    26.7769    60    59     5.0849
   61  2.9315e+08    26.8555    61    60     5.1646
   62  2.9161e+08    26.8801    62    61     5.2442
   63  2.9011e+08    26.9042    63    62     5.3238
   64  2.8962e+08    26.9123    64    63     5.4033
   65  2.8912e+08    26.9203    65    64     5.4829
   66  2.8887e+08    26.9243    66    65     5.5625
   67  2.8864e+08    26.9280    67    66     5.6421
   68  2.8804e+08    26.9378    68    67     5.7216
   69  2.7085e+08    27.2275    69    68     5.8012
   70  2.7083e+08    27.2278    70    69     5.8807
   71  2.6897e+08    27.2603    71    70     5.9602
   72  2.5156e+08    27.5780    72    71     6.0398
   73  2.4968e+08    27.6137    73    72     6.1193
   74  2.4751e+08    27.6554    74    73     6.1988
   75  2.4737e+08    27.6581    75    74     6.2783
   76  2.4338e+08    27.7359    76    75     6.3579
   77  2.2626e+08    28.0863    77    76     6.4374
   78  2.2619e+08    28.0878    78    77     6.5169
   79  2.2558e+08    28.1007    79    78     6.5964
   80  2.2534e+08    28.1059    80    79     6.6759
   81  2.2494e+08    28.1146    81    80     6.7554
   82  2.2339e+08    28.1480    82    81     6.8349
   83  2.2184e+08    28.1815    83    82     6.9143
   84  1.9545e+08    28.7986    84    83     6.9938
   85  1.9532e+08    28.8018    85    84     7.0733
   86  1.9415e+08    28.8315    86    85     7.1528
   87  1.9404e+08    28.8342    87    86     7.2323
   88  1.6841e+08    29.5360    88    87     7.3117
   89  1.6817e+08    29.5431    89    88     7.3912
   90  1.6596e+08    29.6090    90    89     7.4707
   91  1.6529e+08    29.6294    91    90     7.5502
   92  1.6474e+08    29.6461    92    91     7.6296
   93  1.6430e+08    29.6595    93    92     7.7091
   94  1.5124e+08    30.0762    94    93     7.7885
   95  1.4766e+08    30.1974    95    94     7.8680
   96  1.4753e+08    30.2018    96    95     7.9475
   97  1.4417e+08    30.3191    97    96     8.0269
   98  1.3852e+08    30.5228    98    97     8.1064
   99  1.3841e+08    30.5269    99    98     8.1858
  100  1.3577e+08    30.6251   100    99     8.2653
