#indx Mass S step-number desc_indx 
    0  1.0000e+10    13.6042     0    -1     0.0134
    1  8.9595e+09    13.9256     1     0     0.1326
    2  8.9367e+09    13.9331     2     1     0.2441
    3  8.9349e+09    13.9337     3     2     0.3500
    4  7.0786e+09    14.6329     4     3     0.4519
    5  7.0567e+09    14.6424     5     4     0.5506
    6  7.0171e+09    14.6596     6     5     0.6467
    7  6.9270e+09    14.6992     7     6     0.7407
    8  6.9041e+09    14.7093     8     7     0.8330
    9  6.8596e+09    14.7292     9     8     0.9238
   10  6.4783e+09    14.9055    10     9     1.0134
   11  6.4423e+09    14.9227    11    10     1.1018
   12  6.4313e+09    14.9281    12    11     1.1894
   13  6.3262e+09    14.9791    13    12     1.2761
   14  4.9992e+09    15.7232    14    13     1.3621
   15  4.6668e+09    15.9456    15    14     1.4474
   16  4.2433e+09    16.2567    16    15     1.5322
   17  4.1989e+09    16.2914    17    16     1.6165
   18  4.1967e+09    16.2931    18    17     1.7003
   19  4.1922e+09    16.2966    19    18     1.7838
   20  4.1516e+09    16.3287    20    19     1.8669
   21  4.1113e+09    16.3610    21    20     1.9496
   22  3.9768e+09    16.4713    22    21     2.0321
   23  3.7692e+09    16.6501    23    22     2.1143
   24  3.7645e+09    16.6543    24    23     2.1963
   25  3.6101e+09    16.7949    25    24     2.2781
   26  3.5909e+09    16.8129    26    25     2.3597
   27  3.5738e+09    16.8291    27    26     2.4411
   28  3.5582e+09    16.8438    28    27     2.5223
   29  3.5560e+09    16.8459    29    28     2.6034
   30  3.4071e+09    16.9908    30    29     2.6844
   31  3.3498e+09    17.0484    31    30     2.7652
   32  3.3308e+09    17.0678    32    31     2.8459
   33  3.3169e+09    17.0821    33    32     2.9266
   34  3.2923e+09    17.1075    34    33     3.0071
   35  3.2682e+09    17.1326    35    34     3.0876
   36  3.2674e+09    17.1334    36    35     3.1680
   37  3.2595e+09    17.1417    37    36     3.2483
   38  3.2402e+09    17.1619    38    37     3.3285
   39  3.2324e+09    17.1702    39    38     3.4087
   40  3.2318e+09    17.1709    40    39     3.4889
   41  3.2301e+09    17.1726    41    40     3.5689
   42  3.1905e+09    17.2149    42    41     3.6490
   43  3.1734e+09    17.2334    43    42     3.7290
   44  3.1686e+09    17.2386    44    43     3.8089
   45  1.3300e+09    20.4041    45    44     3.8889
   46  5.8172e+08    23.7792    46    45     3.9688
   47  5.7718e+08    23.8129    47    46     4.0486
   48  5.6157e+08    23.9311    48    47     4.1285
   49  5.0793e+08    24.3676    49    48     4.2083
   50  5.0729e+08    24.3732    50    49     4.2881
   51  5.0463e+08    24.3961    51    50     4.3678
   52  4.8514e+08    24.5690    52    51     4.4476
   53  4.7837e+08    24.6309    53    52     4.5273
   54  4.2831e+08    25.1215    54    53     4.6070
   55  4.2797e+08    25.1250    55    54     4.6867
   56  4.2744e+08    25.1305    56    55     4.7664
   57  4.2691e+08    25.1361    57    56     4.8460
   58  4.1756e+08    25.2352    58    57     4.9257
   59  4.1480e+08    25.2649    59    58     5.0053
   60  4.1410e+08    25.2725    60    59     5.0849
   61  3.6104e+08    25.8929    61    60     5.1646
   62  3.5871e+08    25.9225    62    61     5.2442
   63  3.2441e+08    26.3842    63    62     5.3238
   64  2.4283e+08    27.7466    64    63     5.4033
   65  2.4199e+08    27.7631    65    64     5.4829
   66  2.1751e+08    28.2771    66    65     5.5625
   67  2.1592e+08    28.3125    67    66     5.6421
   68  2.0602e+08    28.5409    68    67     5.7216
   69  1.9760e+08    28.7449    69    68     5.8012
   70  1.9666e+08    28.7683    70    69     5.8807
   71  1.9595e+08    28.7861    71    70     5.9602
   72  1.6077e+08    29.7683    72    71     6.0398
   73  1.6034e+08    29.7816    73    72     6.1193
   74  1.2903e+08    30.8868    74    73     6.1988
   75  1.2772e+08    30.9394    75    74     6.2783
   76  1.2587e+08    31.0146    76    75     6.3579
   77  1.2197e+08    31.1771    77    76     6.4374
   78  1.2146e+08    31.1988    78    77     6.5169
   79  1.0321e+08    32.0509    79    78     6.5964
   80  1.0266e+08    32.0787    80    79     6.6759
