#indx Mass S step-number desc_indx 
    0  1.0000e+10    13.6042     0    -1     0.0134
    1  9.9870e+09    13.6079     1     0     0.1326
    2  9.9581e+09    13.6164     2     1     0.2441
    3  9.8105e+09    13.6597     3     2     0.3500
    4  9.7352e+09    13.6822     4     3     0.4519
    5  9.7337e+09    13.6826     5     4     0.5506
    6  9.6480e+09    13.7084     6     5     0.6467
    7  9.3199e+09    13.8096     7     6     0.7407
    8  9.2879e+09    13.8197     8     7     0.8330
    9  7.8059e+09    14.3363     9     8     0.9238
   10  7.8011e+09    14.3381    10     9     1.0134
   11  7.7762e+09    14.3478    11    10     1.1018
   12  7.7706e+09    14.3499    12    11     1.1894
   13  7.7361e+09    14.3633    13    12     1.2761
   14  6.9110e+09    14.7063    14    13     1.3621
   15  6.3364e+09    14.9741    15    14     1.4474
   16  6.1345e+09    15.0749    16    15     1.5322
   17  6.0331e+09    15.1270    17    16     1.6165
   18  4.1780e+09    16.3078    18    17     1.7003
   19  4.1491e+09    16.3308    19    18     1.7838
   20  1.3061e+09    20.4742    20    19     1.8669
   21  1.2928e+09    20.5139    21    20     1.9496
   22  1.2642e+09    20.6010    22    21     2.0321
   23  1.2611e+09    20.6105    23    22     2.1143
   24  1.2596e+09    20.6151    24    23     2.1963
   25  1.2586e+09    20.6183    25    24     2.2781
   26  1.2538e+09    20.6331    26    25     2.3597
   27  1.2412e+09    20.6723    27    26     2.4411
   28  1.1747e+09    20.8879    28    27     2.5223
   29  1.1720e+09    20.8969    29    28     2.6034
   30  1.1269e+09    21.0517    30    29     2.6844
   31  6.0988e+08    23.5764    31    30     2.7652
   32  6.0811e+08    23.5888    32    31     2.8459
   33  5.8838e+08    23.7302    33    32     2.9266
   34  5.8266e+08    23.7722    34    33     3.0071
   35  5.8044e+08    23.7887    35    34     3.0876
   36  5.7784e+08    23.8080    36    35     3.1680
   37  5.6920e+08    23.8729    37    36     3.2483
   38  5.6824e+08    23.8802    38    37     3.3285
   39  5.6606e+08    23.8968    39    38     3.4087
   40  5.6409e+08    23.9118    40    39     3.4889
   41  5.5045e+08    24.0177    41    40     3.5689
   42  5.4862e+08    24.0321    42    41     3.6490
   43  5.4372e+08    24.0710    43    42     3.7290
   44  5.4215e+08    24.0835    44    43     3.8089
   45  5.3386e+08    24.1505    45    44     3.8889
   46  5.2562e+08    24.2181    46    45     3.9688
   47  5.2522e+08    24.2214    47    46     4.0486
   48  4.5860e+08    24.8175    48    47     4.1285
   49  4.2652e+08    25.1402    49    48     4.2083
   50  4.2306e+08    25.1767    50    49     4.2881
   51  4.1961e+08    25.2133    51    50     4.3678
   52  4.1400e+08    25.2737    52    51     4.4476
   53  4.0437e+08    25.3794    53    52     4.5273
   54  3.9401e+08    25.4964    54    53     4.6070
   55  3.9389e+08    25.4977    55    54     4.6867
   56  3.8891e+08    25.5552    56    55     4.7664
   57  3.8433e+08    25.6088    57    56     4.8460
   58  3.8175e+08    25.6393    58    57     4.9257
   59  3.8131e+08    25.6446    59    58     5.0053
   60  3.5474e+08    25.9734    60    59     5.0849
   61  3.4898e+08    26.0484    61    60     5.1646
   62  3.4638e+08    26.0826    62    61     5.2442
   63  3.3664e+08    26.2136    63    62     5.3238
   64  3.3525e+08    26.2327    64    63     5.4033
   65  3.3502e+08    26.2358    65    64     5.4829
   66  3.3464e+08    26.2410    66    65     5.5625
   67  2.9202e+08    26.8736    67    66     5.6421
   68  2.9114e+08    26.8877    68    67     5.7216
   69  2.6903e+08    27.2592    69    68     5.8012
   70  2.6881e+08    27.2631    70    69     5.8807
   71  2.6876e+08    27.2640    71    70     5.9602
   72  2.6872e+08    27.2648    72    71     6.0398
   73  2.6854e+08    27.2678    73    72     6.1193
   74  2.5833e+08    27.4515    74    73     6.1988
   75  2.5487e+08    27.5157    75    74     6.2783
   76  2.5455e+08    27.5218    76    75     6.3579
   77  2.5323e+08    27.5464    77    76     6.4374
   78  2.4970e+08    27.6133    78    77     6.5169
   79  2.4795e+08    27.6469    79    78     6.5964
   80  2.4777e+08    27.6504    80    79     6.6759
   81  2.4648e+08    27.6753    81    80     6.7554
   82  2.4586e+08    27.6873    82    81     6.8349
   83  2.2860e+08    28.0366    83    82     6.9143
   84  2.2571e+08    28.0979    84    83     6.9938
   85  2.2353e+08    28.1449    85    84     7.0733
   86  2.2188e+08    28.1806    86    85     7.1528
   87  2.1607e+08    28.3092    87    86     7.2323
   88  2.1552e+08    28.3216    88    87     7.3117
   89  2.1525e+08    28.3277    89    88     7.3912
   90  2.1514e+08    28.3302    90    89     7.4707
   91  1.8699e+08    29.0163    91    90     7.5502
   92  1.7231e+08    29.4218    92    91     7.6296
   93  1.6539e+08    29.6264    93    92     7.7091
   94  1.6188e+08    29.7338    94    93     7.7885
   95  1.5943e+08    29.8105    95    94     7.8680
   96  1.5840e+08    29.8431    96    95     7.9475
   97  1.5640e+08    29.9068    97    96     8.0269
   98  1.5348e+08    30.0020    98    97     8.1064
   99  1.5330e+08    30.0080    99    98     8.1858
  100  1.5297e+08    30.0189   100    99     8.2653
