#indx Mass S step-number desc_indx 
    0  1.0000e+10    13.6042     0    -1     0.0134
    1  9.9795e+09    13.6101     1     0     0.1326
    2  9.7941e+09    13.6646     2     1     0.2441
    3  9.6731e+09    13.7008     3     2     0.3500
    4  9.6473e+09    13.7086     4     3     0.4519
    5  9.6420e+09    13.7102     5     4     0.5506
    6  9.2955e+09    13.8172     6     5     0.6467
    7  8.4368e+09    14.1036     7     6     0.7407
    8  6.6670e+09    14.8168     8     7     0.8330
    9  6.6128e+09    14.8420     9     8     0.9238
   10  6.5385e+09    14.8768    10     9     1.0134
   11  6.5384e+09    14.8769    11    10     1.1018
   12  6.4868e+09    14.9014    12    11     1.1894
   13  6.4856e+09    14.9020    13    12     1.2761
   14  6.4726e+09    14.9082    14    13     1.3621
   15  6.4269e+09    14.9302    15    14     1.4474
   16  6.2118e+09    15.0359    16    15     1.5322
   17  6.1917e+09    15.0460    17    16     1.6165
   18  6.1736e+09    15.0551    18    17     1.7003
   19  4.1711e+09    16.3133    19    18     1.7838
   20  4.0084e+09    16.4450    20    19     1.8669
   21  3.9955e+09    16.4557    21    20     1.9496
   22  3.9585e+09    16.4866    22    21     2.0321
   23  3.2498e+09    17.1518    23    22     2.1143
   24  3.2315e+09    17.1712    24    23     2.1963
   25  3.1107e+09    17.3019    25    24     2.2781
   26  3.0467e+09    17.3736    26    25     2.3597
   27  1.8103e+09    19.2366    27    26     2.4411
   28  1.6672e+09    19.5439    28    27     2.5223
   29  1.6588e+09    19.5628    29    28     2.6034
   30  1.6454e+09    19.5931    30    29     2.6844
   31  1.6360e+09    19.6147    31    30     2.7652
   32  1.6222e+09    19.6466    32    31     2.8459
   33  1.6171e+09    19.6584    33    32     2.9266
   34  1.5632e+09    19.7864    34    33     3.0071
   35  1.4609e+09    20.0434    35    34     3.0876
   36  1.4532e+09    20.0637    36    35     3.1680
   37  1.4427e+09    20.0913    37    36     3.2483
   38  1.4245e+09    20.1400    38    37     3.3285
   39  1.3571e+09    20.3263    39    38     3.4087
   40  1.3561e+09    20.3291    40    39     3.4889
   41  1.2135e+09    20.7605    41    40     3.5689
   42  1.2129e+09    20.7626    42    41     3.6490
   43  1.1537e+09    20.9588    43    42     3.7290
   44  1.1527e+09    20.9625    44    43     3.8089
   45  1.1495e+09    20.9733    45    44     3.8889
   46  1.1355e+09    21.0216    46    45     3.9688
   47  1.1348e+09    21.0239    47    46     4.0486
   48  1.1262e+09    21.0542    48    47     4.1285
   49  8.0045e+08    22.4336    49    48     4.2083
   50  7.9991e+08    22.4364    50    49     4.2881
   51  7.9689e+08    22.4520    51    50     4.3678
   52  7.8649e+08    22.5064    52    51     4.4476
   53  7.8261e+08    22.5269    53    52     4.5273
   54  7.7802e+08    22.5513    54    53     4.6070
   55  7.7725e+08    22.5554    55    54     4.6867
   56  7.7610e+08    22.5615    56    55     4.7664
   57  7.4292e+08    22.7432    57    56     4.8460
   58  7.2415e+08    22.8501    58    57     4.9257
   59  7.2161e+08    22.8648    59    58     5.0053
   60  7.2077e+08    22.8697    60    59     5.0849
   61  7.1687e+08    22.8924    61    60     5.1646
   62  7.0546e+08    22.9596    62    61     5.2442
   63  6.9996e+08    22.9925    63    62     5.3238
   64  6.9968e+08    22.9942    64    63     5.4033
   65  6.8710e+08    23.0705    65    64     5.4829
   66  5.0156e+08    24.4228    66    65     5.5625
   67  4.6366e+08    24.7688    67    66     5.6421
   68  4.2954e+08    25.1087    68    67     5.7216
   69  4.1422e+08    25.2712    69    68     5.8012
   70  4.1210e+08    25.2942    70    69     5.8807
   71  4.1195e+08    25.2959    71    70     5.9602
   72  3.9220e+08    25.5172    72    71     6.0398
   73  3.9156e+08    25.5246    73    72     6.1193
   74  3.8882e+08    25.5562    74    73     6.1988
   75  3.5760e+08    25.9367    75    74     6.2783
   76  3.5733e+08    25.9401    76    75     6.3579
   77  3.5453e+08    25.9761    77    76     6.4374
   78  3.1321e+08    26.5470    78    77     6.5169
   79  2.9574e+08    26.8144    79    78     6.5964
   80  2.9533e+08    26.8209    80    79     6.6759
   81  2.9321e+08    26.8544    81    80     6.7554
   82  2.9244e+08    26.8669    82    81     6.8349
   83  2.8520e+08    26.9843    83    82     6.9143
   84  2.8502e+08    26.9872    84    83     6.9938
   85  2.8103e+08    27.0536    85    84     7.0733
   86  2.8099e+08    27.0542    86    85     7.1528
   87  2.8071e+08    27.0589    87    86     7.2323
   88  2.3892e+08    27.8243    88    87     7.3117
   89  2.3708e+08    27.8615    89    88     7.3912
   90  2.3692e+08    27.8647    90    89     7.4707
   91  2.3668e+08    27.8696    91    90     7.5502
   92  2.3640e+08    27.8753    92    91     7.6296
   93  2.3295e+08    27.9458    93    92     7.7091
   94  2.2704e+08    28.0696    94    93     7.7885
   95  2.2566e+08    28.0991    95    94     7.8680
   96  2.2315e+08    28.1531    96    95     7.9475
   97  2.2255e+08    28.1660    97    96     8.0269
   98  2.1688e+08    28.2910    98    97     8.1064
   99  2.1643e+08    28.3011    99    98     8.1858
  100  2.1597e+08    28.3115   100    99     8.2653
