#indx Mass S step-number desc_indx 
    0  1.0000e+10    13.6042     0    -1     0.0134
    1  8.7552e+09    13.9937     1     0     0.1326
    2  5.4187e+09    15.4657     2     1     0.2441
    3  5.3729e+09    15.4926     3     2     0.3500
    4  5.3640e+09    15.4979     4     3     0.4519
    5  5.2680e+09    15.5555     5     4     0.5506
    6  5.1864e+09    15.6054     6     5     0.6467
    7  5.1336e+09    15.6381     7     6     0.7407
    8  5.1253e+09    15.6433     8     7     0.8330
    9  5.0817e+09    15.6707     9     8     0.9238
   10  4.6212e+09    15.9775    10     9     1.0134
   11  2.4092e+09    18.1973    11    10     1.1018
   12  1.6107e+09    19.6734    12    11     1.1894
   13  1.6091e+09    19.6771    13    12     1.2761
   14  1.5816e+09    19.7420    14    13     1.3621
   15  1.5367e+09    19.8512    15    14     1.4474
   16  1.5267e+09    19.8760    16    15     1.5322
   17  1.5248e+09    19.8807    17    16     1.6165
   18  1.4163e+09    20.1622    18    17     1.7003
   19  1.4050e+09    20.1929    19    18     1.7838
   20  1.3919e+09    20.2288    20    19     1.8669
   21  1.3894e+09    20.2356    21    20     1.9496
   22  1.1349e+09    21.0238    22    21     2.0321
   23  1.1243e+09    21.0607    23    22     2.1143
   24  1.0402e+09    21.3695    24    23     2.1963
   25  1.0393e+09    21.3730    25    24     2.2781
   26  1.0365e+09    21.3840    26    25     2.3597
   27  1.0362e+09    21.3851    27    26     2.4411
   28  1.0129e+09    21.4760    28    27     2.5223
   29  1.0119e+09    21.4798    29    28     2.6034
   30  1.0106e+09    21.4851    30    29     2.6844
   31  1.0093e+09    21.4902    31    30     2.7652
   32  1.0076e+09    21.4969    32    31     2.8459
   33  1.0012e+09    21.5227    33    32     2.9266
   34  1.0002e+09    21.5266    34    33     3.0071
   35  9.9255e+08    21.5574    35    34     3.0876
   36  9.6825e+08    21.6571    36    35     3.1680
   37  9.6353e+08    21.6768    37    36     3.2483
   38  9.6236e+08    21.6817    38    37     3.3285
   39  9.6108e+08    21.6871    39    38     3.4087
   40  9.5314e+08    21.7206    40    39     3.4889
   41  9.5112e+08    21.7291    41    40     3.5689
   42  9.2848e+08    21.8266    42    41     3.6490
   43  9.2676e+08    21.8341    43    42     3.7290
   44  9.1906e+08    21.8679    44    43     3.8089
   45  6.9348e+08    23.0316    45    44     3.8889
   46  6.8772e+08    23.0667    46    45     3.9688
   47  6.7808e+08    23.1262    47    46     4.0486
   48  6.7606e+08    23.1388    48    47     4.1285
   49  6.2892e+08    23.4453    49    48     4.2083
   50  3.9402e+08    25.4962    50    49     4.2881
   51  3.8517e+08    25.5989    51    50     4.3678
   52  3.8464e+08    25.6052    52    51     4.4476
   53  3.2746e+08    26.3410    53    52     4.5273
   54  3.2402e+08    26.3898    54    53     4.6070
   55  3.1472e+08    26.5247    55    54     4.6867
   56  3.1331e+08    26.5455    56    55     4.7664
   57  3.1135e+08    26.5746    57    56     4.8460
   58  3.1122e+08    26.5766    58    57     4.9257
   59  3.0821e+08    26.6218    59    58     5.0053
   60  2.8650e+08    26.9630    60    59     5.0849
   61  2.7847e+08    27.0965    61    60     5.1646
   62  2.7548e+08    27.1475    62    61     5.2442
   63  2.7230e+08    27.2022    63    62     5.3238
   64  2.7212e+08    27.2054    64    63     5.4033
   65  2.6164e+08    27.3912    65    64     5.4829
   66  2.3669e+08    27.8693    66    65     5.5625
   67  2.3634e+08    27.8764    67    66     5.6421
   68  2.3604e+08    27.8826    68    67     5.7216
   69  2.2273e+08    28.1622    69    68     5.8012
   70  2.0716e+08    28.5140    70    69     5.8807
   71  2.0595e+08    28.5426    71    70     5.9602
   72  2.0557e+08    28.5515    72    71     6.0398
   73  1.8759e+08    29.0005    73    72     6.1193
   74  1.8697e+08    29.0168    74    73     6.1988
   75  1.8290e+08    29.1256    75    74     6.2783
   76  1.8284e+08    29.1273    76    75     6.3579
   77  1.6971e+08    29.4974    77    76     6.4374
   78  1.5555e+08    29.9344    78    77     6.5169
   79  1.5550e+08    29.9361    79    78     6.5964
   80  1.5261e+08    30.0308    80    79     6.6759
   81  1.5230e+08    30.0411    81    80     6.7554
   82  1.2601e+08    31.0086    82    81     6.8349
   83  1.2588e+08    31.0139    83    82     6.9143
   84  1.2579e+08    31.0179    84    83     6.9938
   85  1.0989e+08    31.7206    85    84     7.0733
   86  1.0957e+08    31.7362    86    85     7.1528
   87  1.0946e+08    31.7411    87    86     7.2323
   88  1.0924e+08    31.7519    88    87     7.3117
   89  1.0871e+08    31.7774    89    88     7.3912
   90  1.0809e+08    31.8075    90    89     7.4707
   91  1.0770e+08    31.8263    91    90     7.5502
   92  1.0740e+08    31.8412    92    91     7.6296
   93  1.0702e+08    31.8597    93    92     7.7091
   94  1.0682e+08    31.8698    94    93     7.7885
   95  1.0106e+08    32.1617    95    94     7.8680
