#indx Mass S step-number desc_indx 
    0  1.0000e+10    13.6042     0    -1     0.0134
    1  9.9486e+09    13.6191     1     0     0.1326
    2  9.0458e+09    13.8973     2     1     0.2441
    3  8.6107e+09    14.0430     3     2     0.3500
    4  8.6049e+09    14.0450     4     3     0.4519
    5  8.5634e+09    14.0594     5     4     0.5506
    6  8.0121e+09    14.2579     6     5     0.6467
    7  6.0084e+09    15.1399     7     6     0.7407
    8  5.8929e+09    15.2007     8     7     0.8330
    9  5.5664e+09    15.3804     9     8     0.9238
   10  4.5664e+09    16.0164    10     9     1.0134
   11  4.5062e+09    16.0596    11    10     1.1018
   12  4.4582e+09    16.0947    12    11     1.1894
   13  4.4537e+09    16.0979    13    12     1.2761
   14  4.4300e+09    16.1154    14    13     1.3621
   15  4.3108e+09    16.2048    15    14     1.4474
   16  4.2995e+09    16.2134    16    15     1.5322
   17  3.9138e+09    16.5244    17    16     1.6165
   18  3.8983e+09    16.5376    18    17     1.7003
   19  3.8706e+09    16.5614    19    18     1.7838
   20  3.6073e+09    16.7976    20    19     1.8669
   21  3.6055e+09    16.7992    21    20     1.9496
   22  3.5497e+09    16.8518    22    21     2.0321
   23  1.0364e+09    21.3843    23    22     2.1143
   24  1.0270e+09    21.4205    24    23     2.1963
   25  1.0157e+09    21.4649    25    24     2.2781
   26  1.0102e+09    21.4868    26    25     2.3597
   27  1.0051e+09    21.5071    27    26     2.4411
   28  9.8139e+08    21.6028    28    27     2.5223
   29  9.3478e+08    21.7993    29    28     2.6034
   30  9.3339e+08    21.8053    30    29     2.6844
   31  7.6849e+08    22.6024    31    30     2.7652
   32  7.4224e+08    22.7470    32    31     2.8459
   33  7.3810e+08    22.7703    33    32     2.9266
   34  7.2109e+08    22.8678    34    33     3.0071
   35  7.1547e+08    22.9006    35    34     3.0876
   36  7.0200e+08    22.9803    36    35     3.1680
   37  6.4876e+08    23.3132    37    36     3.2483
   38  6.4719e+08    23.3235    38    37     3.3285
   39  6.4584e+08    23.3324    39    38     3.4087
   40  6.4522e+08    23.3365    40    39     3.4889
   41  6.4372e+08    23.3463    41    40     3.5689
   42  6.2882e+08    23.4459    42    41     3.6490
   43  6.2541e+08    23.4691    43    42     3.7290
   44  6.2471e+08    23.4738    44    43     3.8089
   45  5.9718e+08    23.6666    45    44     3.8889
   46  5.9659e+08    23.6708    46    45     3.9688
   47  5.9621e+08    23.6735    47    46     4.0486
   48  5.8451e+08    23.7586    48    47     4.1285
   49  5.7591e+08    23.8224    49    48     4.2083
   50  5.7549e+08    23.8255    50    49     4.2881
   51  5.6785e+08    23.8831    51    50     4.3678
   52  5.6153e+08    23.9314    52    51     4.4476
   53  5.5597e+08    23.9745    53    52     4.5273
   54  5.5479e+08    23.9837    54    53     4.6070
   55  5.5473e+08    23.9842    55    54     4.6867
   56  5.3309e+08    24.1568    56    55     4.7664
   57  5.3254e+08    24.1613    57    56     4.8460
   58  5.2532e+08    24.2206    58    57     4.9257
   59  4.6941e+08    24.7144    59    58     5.0053
   60  4.6677e+08    24.7392    60    59     5.0849
   61  4.6601e+08    24.7465    61    60     5.1646
   62  4.3454e+08    25.0570    62    61     5.2442
   63  4.3394e+08    25.0631    63    62     5.3238
   64  4.1431e+08    25.2702    64    63     5.4033
   65  4.0284e+08    25.3964    65    64     5.4829
   66  3.2470e+08    26.3802    66    65     5.5625
   67  3.1535e+08    26.5153    67    66     5.6421
   68  3.1466e+08    26.5255    68    67     5.7216
   69  3.0680e+08    26.6431    69    68     5.8012
   70  3.0630e+08    26.6507    70    69     5.8807
   71  3.0608e+08    26.6540    71    70     5.9602
   72  3.0160e+08    26.7227    72    71     6.0398
   73  2.9939e+08    26.7571    73    72     6.1193
   74  2.8860e+08    26.9287    74    73     6.1988
   75  2.8828e+08    26.9339    75    74     6.2783
   76  2.8727e+08    26.9504    76    75     6.3579
   77  2.8610e+08    26.9696    77    76     6.4374
   78  2.7949e+08    27.0793    78    77     6.5169
   79  2.7944e+08    27.0802    79    78     6.5964
   80  2.7894e+08    27.0886    80    79     6.6759
   81  2.7853e+08    27.0955    81    80     6.7554
   82  2.6301e+08    27.3665    82    81     6.8349
   83  2.4522e+08    27.6998    83    82     6.9143
   84  2.2056e+08    28.2094    84    83     6.9938
   85  2.1085e+08    28.4281    85    84     7.0733
   86  2.1048e+08    28.4365    86    85     7.1528
   87  2.0929e+08    28.4641    87    86     7.2323
   88  2.0893e+08    28.4726    88    87     7.3117
   89  1.8507e+08    29.0674    89    88     7.3912
   90  1.7677e+08    29.2946    90    89     7.4707
   91  1.2566e+08    31.0231    91    90     7.5502
   92  1.2507e+08    31.0474    92    91     7.6296
   93  1.2171e+08    31.1884    93    92     7.7091
   94  1.2097e+08    31.2198    94    93     7.7885
   95  1.1945e+08    31.2857    95    94     7.8680
   96  1.1884e+08    31.3120    96    95     7.9475
   97  1.1872e+08    31.3173    97    96     8.0269
   98  1.1741e+08    31.3753    98    97     8.1064
   99  1.1720e+08    31.3844    99    98     8.1858
  100  1.1719e+08    31.3850   100    99     8.2653
