#indx Mass S step-number desc_indx 
    0  1.0000e+10    13.6042     0    -1     0.0134
    1  9.5846e+09    13.7277     1     0     0.1326
    2  9.5499e+09    13.7383     2     1     0.2441
    3  9.2444e+09    13.8335     3     2     0.3500
    4  9.1579e+09    13.8610     4     3     0.4519
    5  9.1389e+09    13.8671     5     4     0.5506
    6  9.1137e+09    13.8753     6     5     0.6467
    7  9.0753e+09    13.8877     7     6     0.7407
    8  8.8546e+09    13.9603     8     7     0.8330
    9  8.7396e+09    13.9990     9     8     0.9238
   10  8.6890e+09    14.0162    10     9     1.0134
   11  7.9848e+09    14.2682    11    10     1.1018
   12  7.9402e+09    14.2850    12    11     1.1894
   13  7.5316e+09    14.4443    13    12     1.2761
   14  6.8180e+09    14.7478    14    13     1.3621
   15  6.5509e+09    14.8710    15    14     1.4474
   16  6.5017e+09    14.8943    16    15     1.5322
   17  6.3840e+09    14.9509    17    16     1.6165
   18  6.3298e+09    14.9774    18    17     1.7003
   19  6.3093e+09    14.9875    19    18     1.7838
   20  6.2168e+09    15.0334    20    19     1.8669
   21  6.1976e+09    15.0430    21    20     1.9496
   22  6.1746e+09    15.0546    22    21     2.0321
   23  6.1450e+09    15.0696    23    22     2.1143
   24  4.7072e+09    15.9176    24    23     2.1963
   25  4.6304e+09    15.9710    25    24     2.2781
   26  4.6164e+09    15.9809    26    25     2.3597
   27  4.4343e+09    16.1122    27    26     2.4411
   28  4.4153e+09    16.1262    28    27     2.5223
   29  4.4119e+09    16.1287    29    28     2.6034
   30  4.4068e+09    16.1325    30    29     2.6844
   31  4.2615e+09    16.2426    31    30     2.7652
   32  4.2587e+09    16.2448    32    31     2.8459
   33  4.2190e+09    16.2756    33    32     2.9266
   34  4.1941e+09    16.2951    34    33     3.0071
   35  4.1737e+09    16.3112    35    34     3.0876
   36  3.7632e+09    16.6554    36    35     3.1680
   37  2.4915e+09    18.0777    37    36     3.2483
   38  2.3658e+09    18.2621    38    37     3.3285
   39  2.3407e+09    18.3003    39    38     3.4087
   40  2.3406e+09    18.3005    40    39     3.4889
   41  2.3297e+09    18.3171    41    40     3.5689
   42  2.3041e+09    18.3567    42    41     3.6490
   43  2.3013e+09    18.3611    43    42     3.7290
   44  2.2969e+09    18.3680    44    43     3.8089
   45  2.2940e+09    18.3726    45    44     3.8889
   46  1.9416e+09    18.9783    46    45     3.9688
   47  1.9405e+09    18.9803    47    46     4.0486
   48  1.9271e+09    19.0059    48    47     4.1285
   49  1.7609e+09    19.3395    49    48     4.2083
   50  1.6948e+09    19.4822    50    49     4.2881
   51  1.6936e+09    19.4849    51    50     4.3678
   52  1.6910e+09    19.4906    52    51     4.4476
   53  1.6759e+09    19.5242    53    52     4.5273
   54  1.6705e+09    19.5363    54    53     4.6070
   55  1.6348e+09    19.6175    55    54     4.6867
   56  1.5908e+09    19.7202    56    55     4.7664
   57  1.5817e+09    19.7419    57    56     4.8460
   58  1.5793e+09    19.7477    58    57     4.9257
   59  1.5613e+09    19.7909    59    58     5.0053
   60  1.4764e+09    20.0032    60    59     5.0849
   61  1.4511e+09    20.0694    61    60     5.1646
   62  1.4477e+09    20.0783    62    61     5.2442
   63  1.4388e+09    20.1017    63    62     5.3238
   64  1.4178e+09    20.1580    64    63     5.4033
   65  1.4146e+09    20.1668    65    64     5.4829
   66  5.0408e+08    24.4009    66    65     5.5625
   67  4.9713e+08    24.4618    67    66     5.6421
   68  4.7189e+08    24.6911    68    67     5.7216
   69  4.6698e+08    24.7373    69    68     5.8012
   70  3.8828e+08    25.5625    70    69     5.8807
   71  3.7473e+08    25.7236    71    70     5.9602
   72  2.9767e+08    26.7839    72    71     6.0398
   73  2.7317e+08    27.1871    73    72     6.1193
   74  2.7157e+08    27.2149    74    73     6.1988
   75  2.6360e+08    27.3557    75    74     6.2783
   76  1.3256e+08    30.7480    76    75     6.3579
   77  1.3233e+08    30.7567    77    76     6.4374
   78  1.3198e+08    30.7703    78    77     6.5169
   79  1.3128e+08    30.7978    79    78     6.5964
   80  1.2977e+08    30.8570    80    79     6.6759
   81  1.2866e+08    30.9014    81    80     6.7554
   82  1.2832e+08    30.9151    82    81     6.8349
   83  1.1436e+08    31.5120    83    82     6.9143
   84  1.1389e+08    31.5339    84    83     6.9938
   85  1.1078e+08    31.6783    85    84     7.0733
   86  1.1012e+08    31.7098    86    85     7.1528
   87  1.1003e+08    31.7141    87    86     7.2323
   88  1.0997e+08    31.7169    88    87     7.3117
   89  1.0745e+08    31.8388    89    88     7.3912
   90  1.0740e+08    31.8409    90    89     7.4707
   91  1.0582e+08    31.9192    91    90     7.5502
   92  1.0531e+08    31.9444    92    91     7.6296
   93  1.0509e+08    31.9553    93    92     7.7091
   94  1.0438e+08    31.9914    94    93     7.7885
   95  1.0416e+08    32.0026    95    94     7.8680
