#indx Mass S step-number desc_indx 
    0  1.0000e+10    13.6042     0    -1     0.0134
    1  9.9559e+09    13.6170     1     0     0.1326
    2  9.8918e+09    13.6358     2     1     0.2441
    3  9.2731e+09    13.8243     3     2     0.3500
    4  9.2578e+09    13.8292     4     3     0.4519
    5  8.5662e+09    14.0584     5     4     0.5506
    6  8.5391e+09    14.0678     6     5     0.6467
    7  7.7199e+09    14.3697     7     6     0.7407
    8  7.6659e+09    14.3909     8     7     0.8330
    9  7.5566e+09    14.4343     9     8     0.9238
   10  6.7960e+09    14.7578    10     9     1.0134
   11  6.3099e+09    14.9871    11    10     1.1018
   12  6.2966e+09    14.9937    12    11     1.1894
   13  6.2192e+09    15.0322    13    12     1.2761
   14  6.1776e+09    15.0531    14    13     1.3621
   15  6.1742e+09    15.0548    15    14     1.4474
   16  6.1302e+09    15.0771    16    15     1.5322
   17  6.0600e+09    15.1131    17    16     1.6165
   18  5.5647e+09    15.3814    18    17     1.7003
   19  5.3258e+09    15.5207    19    18     1.7838
   20  4.9808e+09    15.7351    20    19     1.8669
   21  4.9643e+09    15.7458    21    20     1.9496
   22  4.9469e+09    15.7571    22    21     2.0321
   23  3.8546e+09    16.5751    23    22     2.1143
   24  3.7732e+09    16.6466    24    23     2.1963
   25  3.7697e+09    16.6497    25    24     2.2781
   26  3.7607e+09    16.6576    26    25     2.3597
   27  3.7308e+09    16.6844    27    26     2.4411
   28  3.6627e+09    16.7463    28    27     2.5223
   29  3.5598e+09    16.8423    29    28     2.6034
   30  3.5563e+09    16.8456    30    29     2.6844
   31  3.4494e+09    16.9489    31    30     2.7652
   32  2.1785e+09    18.5586    32    31     2.8459
   33  2.1635e+09    18.5837    33    32     2.9266
   34  2.1631e+09    18.5843    34    33     3.0071
   35  2.1463e+09    18.6126    35    34     3.0876
   36  2.0703e+09    18.7436    36    35     3.1680
   37  2.0119e+09    18.8480    37    36     3.2483
   38  1.9773e+09    18.9114    38    37     3.3285
   39  1.9536e+09    18.9557    39    38     3.4087
   40  1.9470e+09    18.9680    40    39     3.4889
   41  1.9366e+09    18.9877    41    40     3.5689
   42  1.8995e+09    19.0588    42    41     3.6490
   43  1.7197e+09    19.4277    43    42     3.7290
   44  1.6198e+09    19.6522    44    43     3.8089
   45  1.6067e+09    19.6827    45    44     3.8889
   46  1.5601e+09    19.7938    46    45     3.9688
   47  1.5389e+09    19.8457    47    46     4.0486
   48  1.5330e+09    19.8603    48    47     4.1285
   49  1.5230e+09    19.8850    49    48     4.2083
   50  1.4924e+09    19.9623    50    49     4.2881
   51  1.4902e+09    19.9679    51    50     4.3678
   52  1.4876e+09    19.9744    52    51     4.4476
   53  1.4873e+09    19.9753    53    52     4.5273
   54  1.4146e+09    20.1668    54    53     4.6070
   55  1.4145e+09    20.1671    55    54     4.6867
   56  1.3302e+09    20.4034    56    55     4.7664
   57  1.3101e+09    20.4624    57    56     4.8460
   58  1.3029e+09    20.4837    58    57     4.9257
   59  1.2959e+09    20.5047    59    58     5.0053
   60  1.0688e+09    21.2616    60    59     5.0849
   61  1.0662e+09    21.2712    61    60     5.1646
   62  1.0621e+09    21.2864    62    61     5.2442
   63  1.0544e+09    21.3156    63    62     5.3238
   64  1.0534e+09    21.3193    64    63     5.4033
   65  9.8628e+08    21.5828    65    64     5.4829
   66  9.6518e+08    21.6700    66    65     5.5625
   67  9.6250e+08    21.6811    67    66     5.6421
   68  8.7717e+08    22.0578    68    67     5.7216
   69  8.4610e+08    22.2054    69    68     5.8012
   70  8.3070e+08    22.2808    70    69     5.8807
   71  8.2861e+08    22.2911    71    70     5.9602
   72  8.1181e+08    22.3755    72    71     6.0398
   73  8.1048e+08    22.3822    73    72     6.1193
   74  7.8452e+08    22.5168    74    73     6.1988
