#indx Mass S step-number desc_indx 
    0  1.0000e+10    13.6042     0    -1     0.0134
    1  9.3245e+09    13.8081     1     0     0.1326
    2  9.2025e+09    13.8468     2     1     0.2441
    3  8.7829e+09    13.9843     3     2     0.3500
    4  8.7706e+09    13.9885     4     3     0.4519
    5  8.7410e+09    13.9985     5     4     0.5506
    6  6.4806e+09    14.9044     6     5     0.6467
    7  6.4660e+09    14.9114     7     6     0.7407
    8  6.0961e+09    15.0945     8     7     0.8330
    9  6.0783e+09    15.1037     9     8     0.9238
   10  6.0157e+09    15.1361    10     9     1.0134
   11  5.9166e+09    15.1881    11    10     1.1018
   12  5.3517e+09    15.5052    12    11     1.1894
   13  5.3443e+09    15.5096    13    12     1.2761
   14  5.1046e+09    15.6563    14    13     1.3621
   15  4.9710e+09    15.7414    15    14     1.4474
   16  4.9616e+09    15.7476    16    15     1.5322
   17  4.8839e+09    15.7984    17    16     1.6165
   18  4.4552e+09    16.0968    18    17     1.7003
   19  3.9494e+09    16.4942    19    18     1.7838
   20  3.7084e+09    16.7046    20    19     1.8669
   21  3.5401e+09    16.8610    21    20     1.9496
   22  3.4177e+09    16.9802    22    21     2.0321
   23  3.3673e+09    17.0307    23    22     2.1143
   24  2.3722e+09    18.2524    24    23     2.1963
   25  2.2901e+09    18.3787    25    24     2.2781
   26  2.1851e+09    18.5478    26    25     2.3597
   27  2.1846e+09    18.5485    27    26     2.4411
   28  2.1758e+09    18.5632    28    27     2.5223
   29  2.1316e+09    18.6375    29    28     2.6034
   30  2.1280e+09    18.6436    30    29     2.6844
   31  2.1260e+09    18.6470    31    30     2.7652
   32  2.1237e+09    18.6510    32    31     2.8459
   33  2.1120e+09    18.6711    33    32     2.9266
   34  2.0918e+09    18.7060    34    33     3.0071
   35  2.0399e+09    18.7974    35    34     3.0876
   36  2.0273e+09    18.8201    36    35     3.1680
   37  2.0247e+09    18.8247    37    36     3.2483
   38  1.9226e+09    19.0144    38    37     3.3285
   39  1.9125e+09    19.0338    39    38     3.4087
   40  1.9028e+09    19.0525    40    39     3.4889
   41  1.9005e+09    19.0569    41    40     3.5689
   42  1.7358e+09    19.3931    42    41     3.6490
   43  1.7291e+09    19.4074    43    42     3.7290
   44  3.2027e+08    26.4437    44    43     3.8089
   45  3.1837e+08    26.4712    45    44     3.8889
   46  3.1592e+08    26.5070    46    45     3.9688
   47  3.1121e+08    26.5768    47    46     4.0486
   48  3.0991e+08    26.5962    48    47     4.1285
   49  3.0298e+08    26.7015    49    48     4.2083
   50  2.9866e+08    26.7684    50    49     4.2881
   51  2.9489e+08    26.8278    51    50     4.3678
   52  2.7138e+08    27.2181    52    51     4.4476
   53  2.7116e+08    27.2221    53    52     4.5273
   54  2.7088e+08    27.2269    54    53     4.6070
   55  2.3406e+08    27.9230    55    54     4.6867
   56  2.3288e+08    27.9473    56    55     4.7664
   57  2.2797e+08    28.0500    57    56     4.8460
   58  2.2778e+08    28.0540    58    57     4.9257
   59  2.2287e+08    28.1591    59    58     5.0053
   60  1.8437e+08    29.0861    60    59     5.0849
   61  1.7572e+08    29.3241    61    60     5.1646
   62  1.6379e+08    29.6750    62    61     5.2442
   63  1.5088e+08    30.0884    63    62     5.3238
   64  1.4847e+08    30.1698    64    63     5.4033
   65  1.4763e+08    30.1984    65    64     5.4829
   66  1.4748e+08    30.2036    66    65     5.5625
   67  1.4654e+08    30.2360    67    66     5.6421
   68  1.4645e+08    30.2393    68    67     5.7216
   69  1.4312e+08    30.3563    69    68     5.8012
   70  1.4287e+08    30.3652    70    69     5.8807
   71  1.4255e+08    30.3764    71    70     5.9602
   72  1.4144e+08    30.4161    72    71     6.0398
   73  1.3744e+08    30.5627    73    72     6.1193
   74  1.3738e+08    30.5651    74    73     6.1988
   75  1.3614e+08    30.6112    75    74     6.2783
   76  1.3585e+08    30.6221    76    75     6.3579
   77  1.3494e+08    30.6567    77    76     6.4374
   78  1.3490e+08    30.6581    78    77     6.5169
