#indx Mass S step-number desc_indx 
    0  1.0000e+10    13.6042     0    -1     0.0134
    1  7.1294e+09    14.6111     1     0     0.1326
    2  7.0610e+09    14.6405     2     1     0.2441
    3  7.0419e+09    14.6488     3     2     0.3500
    4  6.5589e+09    14.8672     4     3     0.4519
    5  6.5519e+09    14.8705     5     4     0.5506
    6  5.6567e+09    15.3295     6     5     0.6467
    7  5.5937e+09    15.3649     7     6     0.7407
    8  4.4982e+09    16.0654     8     7     0.8330
    9  4.4978e+09    16.0657     9     8     0.9238
   10  4.4751e+09    16.0822    10     9     1.0134
   11  4.4710e+09    16.0853    11    10     1.1018
   12  4.4264e+09    16.1180    12    11     1.1894
   13  4.0728e+09    16.3921    13    12     1.2761
   14  3.8839e+09    16.5500    14    13     1.3621
   15  3.8244e+09    16.6015    15    14     1.4474
   16  3.2065e+09    17.1978    16    15     1.5322
   17  3.1870e+09    17.2187    17    16     1.6165
   18  3.1658e+09    17.2417    18    17     1.7003
   19  3.1462e+09    17.2630    19    18     1.7838
   20  3.0876e+09    17.3276    20    19     1.8669
   21  2.9508e+09    17.4842    21    20     1.9496
   22  2.8757e+09    17.5738    22    21     2.0321
   23  2.8257e+09    17.6348    23    22     2.1143
   24  2.8155e+09    17.6475    24    23     2.1963
   25  2.6591e+09    17.8477    25    24     2.2781
   26  2.6471e+09    17.8636    26    25     2.3597
   27  2.6444e+09    17.8671    27    26     2.4411
   28  2.6376e+09    17.8763    28    27     2.5223
   29  2.6347e+09    17.8801    29    28     2.6034
   30  2.6286e+09    17.8883    30    29     2.6844
   31  2.5970e+09    17.9310    31    30     2.7652
   32  2.5846e+09    17.9478    32    31     2.8459
   33  2.0420e+09    18.7937    33    32     2.9266
   34  1.9689e+09    18.9270    34    33     3.0071
   35  1.9646e+09    18.9350    35    34     3.0876
   36  1.6995e+09    19.4719    36    35     3.1680
   37  1.6521e+09    19.5780    37    36     3.2483
   38  1.4800e+09    19.9941    38    37     3.3285
   39  1.4775e+09    20.0004    39    38     3.4087
   40  1.4756e+09    20.0053    40    39     3.4889
   41  1.4750e+09    20.0069    41    40     3.5689
   42  1.4471e+09    20.0798    42    41     3.6490
   43  1.3927e+09    20.2267    43    42     3.7290
   44  1.3906e+09    20.2324    44    43     3.8089
   45  1.3813e+09    20.2581    45    44     3.8889
   46  1.1913e+09    20.8328    46    45     3.9688
   47  1.1769e+09    20.8806    47    46     4.0486
   48  1.0381e+09    21.3776    48    47     4.1285
   49  1.0116e+09    21.4810    49    48     4.2083
   50  9.9974e+08    21.5284    50    49     4.2881
   51  9.8374e+08    21.5932    51    50     4.3678
   52  9.8321e+08    21.5954    52    51     4.4476
   53  9.8039e+08    21.6070    53    52     4.5273
   54  9.3889e+08    21.7815    54    53     4.6070
   55  9.3323e+08    21.8059    55    54     4.6867
   56  9.2897e+08    21.8245    56    55     4.7664
   57  8.6711e+08    22.1050    57    56     4.8460
   58  8.6102e+08    22.1338    58    57     4.9257
   59  7.7520e+08    22.5663    59    58     5.0053
   60  7.7459e+08    22.5695    60    59     5.0849
   61  6.4042e+08    23.3681    61    60     5.1646
   62  6.3676e+08    23.3925    62    61     5.2442
   63  6.3661e+08    23.3935    63    62     5.3238
   64  6.0001e+08    23.6463    64    63     5.4033
   65  5.9889e+08    23.6543    65    64     5.4829
   66  5.5248e+08    24.0018    66    65     5.5625
   67  5.5192e+08    24.0061    67    66     5.6421
   68  5.2255e+08    24.2437    68    67     5.7216
   69  5.1949e+08    24.2693    69    68     5.8012
   70  4.9689e+08    24.4639    70    69     5.8807
   71  4.7203e+08    24.6898    71    70     5.9602
   72  4.6859e+08    24.7221    72    71     6.0398
   73  4.6843e+08    24.7236    73    72     6.1193
   74  4.6521e+08    24.7540    74    73     6.1988
   75  4.4642e+08    24.9369    75    74     6.2783
   76  4.4050e+08    24.9963    76    75     6.3579
   77  4.2070e+08    25.2017    77    76     6.4374
   78  4.2060e+08    25.2027    78    77     6.5169
   79  3.9698e+08    25.4625    79    78     6.5964
   80  3.9053e+08    25.5364    80    79     6.6759
   81  3.9037e+08    25.5382    81    80     6.7554
   82  3.9026e+08    25.5395    82    81     6.8349
   83  3.7282e+08    25.7468    83    82     6.9143
   84  3.6905e+08    25.7930    84    83     6.9938
   85  3.6066e+08    25.8978    85    84     7.0733
   86  3.5934e+08    25.9145    86    85     7.1528
   87  3.5909e+08    25.9176    87    86     7.2323
   88  3.5733e+08    25.9401    88    87     7.3117
   89  3.5486e+08    25.9718    89    88     7.3912
   90  3.5479e+08    25.9727    90    89     7.4707
   91  2.6234e+08    27.3784    91    90     7.5502
   92  2.6219e+08    27.3813    92    91     7.6296
   93  2.5900e+08    27.4392    93    92     7.7091
   94  2.5846e+08    27.4492    94    93     7.7885
   95  2.5080e+08    27.5923    95    94     7.8680
   96  2.4882e+08    27.6302    96    95     7.9475
   97  2.4621e+08    27.6806    97    96     8.0269
   98  2.3987e+08    27.8053    98    97     8.1064
   99  2.3926e+08    27.8175    99    98     8.1858
  100  2.3918e+08    27.8192   100    99     8.2653
