#indx Mass S step-number desc_indx 
    0  1.0000e+10    13.6042     0    -1     0.0134
    1  9.8362e+09    13.6521     1     0     0.1326
    2  9.8116e+09    13.6594     2     1     0.2441
    3  9.4733e+09    13.7618     3     2     0.3500
    4  9.1312e+09    13.8696     4     3     0.4519
    5  9.0980e+09    13.8803     5     4     0.5506
    6  9.0250e+09    13.9041     6     5     0.6467
    7  8.7894e+09    13.9821     7     6     0.7407
    8  8.7536e+09    13.9942     8     7     0.8330
    9  8.7316e+09    14.0017     9     8     0.9238
   10  8.4965e+09    14.0826    10     9     1.0134
   11  7.1760e+09    14.5912    11    10     1.1018
   12  6.5040e+09    14.8932    12    11     1.1894
   13  6.3426e+09    14.9711    13    12     1.2761
   14  6.3297e+09    14.9774    14    13     1.3621
   15  5.1432e+09    15.6321    15    14     1.4474
   16  5.1347e+09    15.6374    16    15     1.5322
   17  5.0199e+09    15.7100    17    16     1.6165
   18  4.5148e+09    16.0534    18    17     1.7003
   19  4.5137e+09    16.0542    19    18     1.7838
   20  4.2241e+09    16.2717    20    19     1.8669
   21  4.1921e+09    16.2967    21    20     1.9496
   22  4.1643e+09    16.3186    22    21     2.0321
   23  4.1547e+09    16.3263    23    22     2.1143
   24  4.1394e+09    16.3385    24    23     2.1963
   25  2.3186e+09    18.3343    25    24     2.2781
   26  1.9845e+09    18.8980    26    25     2.3597
   27  1.8653e+09    19.1259    27    26     2.4411
   28  1.8591e+09    19.1383    28    27     2.5223
   29  1.8512e+09    19.1540    29    28     2.6034
   30  1.7399e+09    19.3842    30    29     2.6844
   31  1.7296e+09    19.4063    31    30     2.7652
   32  1.7268e+09    19.4124    32    31     2.8459
   33  1.6708e+09    19.5356    33    32     2.9266
   34  1.6157e+09    19.6618    34    33     3.0071
   35  1.6021e+09    19.6934    35    34     3.0876
   36  1.5659e+09    19.7797    36    35     3.1680
   37  1.5578e+09    19.7993    37    36     3.2483
   38  1.5542e+09    19.8082    38    37     3.3285
   39  1.5500e+09    19.8183    39    38     3.4087
   40  1.5486e+09    19.8219    40    39     3.4889
   41  1.5420e+09    19.8380    41    40     3.5689
   42  1.5349e+09    19.8555    42    41     3.6490
   43  1.5341e+09    19.8575    43    42     3.7290
   44  1.5196e+09    19.8937    44    43     3.8089
   45  1.5073e+09    19.9245    45    44     3.8889
   46  1.3553e+09    20.3313    46    45     3.9688
   47  1.3501e+09    20.3462    47    46     4.0486
   48  1.3312e+09    20.4005    48    47     4.1285
   49  1.3058e+09    20.4751    49    48     4.2083
   50  1.2522e+09    20.6379    50    49     4.2881
   51  1.2515e+09    20.6402    51    50     4.3678
   52  1.2297e+09    20.7086    52    51     4.4476
   53  1.2213e+09    20.7356    53    52     4.5273
   54  1.2188e+09    20.7435    54    53     4.6070
   55  1.2103e+09    20.7708    55    54     4.6867
   56  1.1983e+09    20.8099    56    55     4.7664
   57  9.8012e+08    21.6081    57    56     4.8460
   58  9.6391e+08    21.6752    58    57     4.9257
   59  9.6239e+08    21.6816    59    58     5.0053
   60  9.5711e+08    21.7038    60    59     5.0849
   61  9.5668e+08    21.7056    61    60     5.1646
   62  9.4671e+08    21.7479    62    61     5.2442
   63  9.2270e+08    21.8519    63    62     5.3238
   64  8.6721e+08    22.1045    64    63     5.4033
   65  8.1952e+08    22.3365    65    64     5.4829
   66  8.1875e+08    22.3404    66    65     5.5625
   67  8.0959e+08    22.3868    67    66     5.6421
   68  6.9029e+08    23.0510    68    67     5.7216
   69  6.7393e+08    23.1521    69    68     5.8012
   70  6.7386e+08    23.1526    70    69     5.8807
   71  6.7377e+08    23.1531    71    70     5.9602
   72  6.3842e+08    23.3815    72    71     6.0398
   73  6.3687e+08    23.3918    73    72     6.1193
   74  6.1542e+08    23.5378    74    73     6.1988
   75  6.0736e+08    23.5941    75    74     6.2783
   76  6.0692e+08    23.5972    76    75     6.3579
   77  6.0408e+08    23.6173    77    76     6.4374
   78  6.0023e+08    23.6447    78    77     6.5169
   79  5.6163e+08    23.9307    79    78     6.5964
   80  5.3683e+08    24.1263    80    79     6.6759
   81  5.3290e+08    24.1583    81    80     6.7554
   82  5.3162e+08    24.1687    82    81     6.8349
   83  5.1897e+08    24.2737    83    82     6.9143
   84  5.1667e+08    24.2930    84    83     6.9938
   85  5.0932e+08    24.3557    85    84     7.0733
   86  5.0818e+08    24.3655    86    85     7.1528
   87  5.0759e+08    24.3705    87    86     7.2323
   88  3.2759e+08    26.3392    88    87     7.3117
   89  2.7417e+08    27.1699    89    88     7.3912
   90  2.7202e+08    27.2071    90    89     7.4707
   91  2.5476e+08    27.5177    91    90     7.5502
   92  2.5465e+08    27.5198    92    91     7.6296
   93  2.2192e+08    28.1797    93    92     7.7091
   94  2.1046e+08    28.4369    94    93     7.7885
   95  2.1018e+08    28.4435    95    94     7.8680
   96  2.0839e+08    28.4852    96    95     7.9475
   97  2.0154e+08    28.6484    97    96     8.0269
   98  1.9961e+08    28.6955    98    97     8.1064
   99  1.9957e+08    28.6963    99    98     8.1858
  100  1.9936e+08    28.7016   100    99     8.2653
