#indx Mass S step-number desc_indx 
    0  1.0000e+10    13.6042     0    -1     0.0134
    1  9.9891e+09    13.6073     1     0     0.1326
    2  9.0420e+09    13.8985     2     1     0.2441
    3  9.0393e+09    13.8994     3     2     0.3500
    4  8.9305e+09    13.9351     4     3     0.4519
    5  8.8014e+09    13.9781     5     4     0.5506
    6  8.6271e+09    14.0374     6     5     0.6467
    7  8.4589e+09    14.0958     7     6     0.7407
    8  7.4494e+09    14.4775     8     7     0.8330
    9  7.4363e+09    14.4829     9     8     0.9238
   10  6.6413e+09    14.8287    10     9     1.0134
   11  5.0407e+09    15.6967    11    10     1.1018
   12  4.9393e+09    15.7620    12    11     1.1894
   13  4.7256e+09    15.9049    13    12     1.2761
   14  3.4934e+09    16.9060    14    13     1.3621
   15  3.4873e+09    16.9119    15    14     1.4474
   16  3.3931e+09    17.0047    16    15     1.5322
   17  3.3038e+09    17.0955    17    16     1.6165
   18  3.2994e+09    17.1001    18    17     1.7003
   19  3.2636e+09    17.1374    19    18     1.7838
   20  3.1828e+09    17.2232    20    19     1.8669
   21  3.1285e+09    17.2823    21    20     1.9496
   22  2.6056e+09    17.9192    22    21     2.0321
   23  2.5482e+09    17.9980    23    22     2.1143
   24  2.5276e+09    18.0267    24    23     2.1963
   25  2.4986e+09    18.0677    25    24     2.2781
   26  2.4279e+09    18.1697    26    25     2.3597
   27  2.3466e+09    18.2913    27    26     2.4411
   28  2.1983e+09    18.5259    28    27     2.5223
   29  2.1869e+09    18.5448    29    28     2.6034
   30  2.1844e+09    18.5488    30    29     2.6844
   31  2.1800e+09    18.5561    31    30     2.7652
   32  2.1779e+09    18.5596    32    31     2.8459
   33  2.1767e+09    18.5616    33    32     2.9266
   34  1.9850e+09    18.8971    34    33     3.0071
   35  1.8203e+09    19.2162    35    34     3.0876
   36  1.7047e+09    19.4604    36    35     3.1680
   37  1.3514e+09    20.3426    37    36     3.2483
   38  3.9254e+08    25.5132    38    37     3.3285
   39  3.9081e+08    25.5332    39    38     3.4087
   40  3.5336e+08    25.9912    40    39     3.4889
   41  3.5304e+08    25.9953    41    40     3.5689
   42  3.5242e+08    26.0034    42    41     3.6490
   43  2.7515e+08    27.1532    43    42     3.7290
   44  2.6937e+08    27.2533    44    43     3.8089
   45  2.6100e+08    27.4028    45    44     3.8889
   46  2.5563e+08    27.5015    46    45     3.9688
   47  2.3252e+08    27.9548    47    46     4.0486
   48  2.2810e+08    28.0472    48    47     4.1285
   49  2.2748e+08    28.0604    49    48     4.2083
   50  2.2731e+08    28.0638    50    49     4.2881
   51  2.2725e+08    28.0651    51    50     4.3678
   52  2.2669e+08    28.0771    52    51     4.4476
   53  2.2640e+08    28.0831    53    52     4.5273
   54  2.2630e+08    28.0853    54    53     4.6070
   55  2.2148e+08    28.1894    55    54     4.6867
   56  2.2085e+08    28.2032    56    55     4.7664
   57  2.0309e+08    28.6109    57    56     4.8460
   58  1.8214e+08    29.1462    58    57     4.9257
   59  1.8142e+08    29.1658    59    58     5.0053
   60  1.6880e+08    29.5242    60    59     5.0849
   61  1.6522e+08    29.6314    61    60     5.1646
   62  1.6233e+08    29.7199    62    61     5.2442
   63  1.5183e+08    30.0566    63    62     5.3238
   64  1.4844e+08    30.1708    64    63     5.4033
   65  1.4805e+08    30.1840    65    64     5.4829
   66  1.3631e+08    30.6051    66    65     5.5625
   67  1.3563e+08    30.6306    67    66     5.6421
   68  1.3492e+08    30.6575    68    67     5.7216
   69  1.3476e+08    30.6633    69    68     5.8012
   70  1.3447e+08    30.6746    70    69     5.8807
   71  1.3347e+08    30.7127    71    70     5.9602
   72  1.3307e+08    30.7282    72    71     6.0398
   73  1.3303e+08    30.7296    73    72     6.1193
   74  1.3294e+08    30.7333    74    73     6.1988
   75  1.3293e+08    30.7335    75    74     6.2783
   76  1.3289e+08    30.7353    76    75     6.3579
   77  1.3213e+08    30.7647    77    76     6.4374
   78  1.3122e+08    30.8001    78    77     6.5169
   79  1.2572e+08    31.0206    79    78     6.5964
   80  1.2374e+08    31.1027    80    79     6.6759
   81  1.2333e+08    31.1199    81    80     6.7554
   82  1.2253e+08    31.1536    82    81     6.8349
   83  1.1413e+08    31.5227    83    82     6.9143
   84  1.1404e+08    31.5271    84    83     6.9938
   85  1.1338e+08    31.5574    85    84     7.0733
   86  1.1319e+08    31.5659    86    85     7.1528
