#indx Mass S step-number desc_indx 
    0  1.0000e+10    13.6042     0    -1     0.0134
    1  9.7867e+09    13.6668     1     0     0.1326
    2  9.7346e+09    13.6824     2     1     0.2441
    3  9.6544e+09    13.7065     3     2     0.3500
    4  9.6049e+09    13.7215     4     3     0.4519
    5  9.5701e+09    13.7321     5     4     0.5506
    6  9.5507e+09    13.7380     6     5     0.6467
    7  9.5421e+09    13.7406     7     6     0.7407
    8  9.4403e+09    13.7720     8     7     0.8330
    9  9.3342e+09    13.8051     9     8     0.9238
   10  9.3337e+09    13.8052    10     9     1.0134
   11  9.2725e+09    13.8245    11    10     1.1018
   12  9.2557e+09    13.8299    12    11     1.1894
   13  9.1708e+09    13.8569    13    12     1.2761
   14  8.1099e+09    14.2216    14    13     1.3621
   15  8.0661e+09    14.2378    15    14     1.4474
   16  7.1674e+09    14.5949    16    15     1.5322
   17  6.1366e+09    15.0739    17    16     1.6165
   18  6.1193e+09    15.0827    18    17     1.7003
   19  6.1164e+09    15.0842    19    18     1.7838
   20  6.0985e+09    15.0933    20    19     1.8669
   21  5.8720e+09    15.2119    21    20     1.9496
   22  4.2090e+09    16.2834    22    21     2.0321
   23  4.2044e+09    16.2870    23    22     2.1143
   24  4.1373e+09    16.3401    24    23     2.1963
   25  4.0473e+09    16.4130    25    24     2.2781
   26  3.9452e+09    16.4978    26    25     2.3597
   27  3.9430e+09    16.4996    27    26     2.4411
   28  3.9363e+09    16.5052    28    27     2.5223
   29  3.9275e+09    16.5127    29    28     2.6034
   30  3.9015e+09    16.5349    30    29     2.6844
   31  3.8939e+09    16.5414    31    30     2.7652
   32  3.6552e+09    16.7532    32    31     2.8459
   33  3.6116e+09    16.7936    33    32     2.9266
   34  3.5263e+09    16.8742    34    33     3.0071
   35  3.4889e+09    16.9103    35    34     3.0876
   36  3.4817e+09    16.9173    36    35     3.1680
   37  3.3709e+09    17.0271    37    36     3.2483
   38  3.2756e+09    17.1249    38    37     3.3285
   39  3.2432e+09    17.1589    39    38     3.4087
   40  3.2220e+09    17.1812    40    39     3.4889
   41  1.7815e+09    19.2961    41    40     3.5689
   42  1.7769e+09    19.3058    42    41     3.6490
   43  1.7150e+09    19.4379    43    42     3.7290
   44  1.7062e+09    19.4573    44    43     3.8089
   45  1.7040e+09    19.4620    45    44     3.8889
   46  1.7034e+09    19.4634    46    45     3.9688
   47  1.4418e+09    20.0939    47    46     4.0486
   48  1.4322e+09    20.1193    48    47     4.1285
   49  1.3799e+09    20.2620    49    48     4.2083
   50  1.3717e+09    20.2851    50    49     4.2881
   51  1.2953e+09    20.5066    51    50     4.3678
   52  9.8583e+08    21.5847    52    51     4.4476
   53  9.8341e+08    21.5946    53    52     4.5273
   54  9.8271e+08    21.5975    54    53     4.6070
   55  9.8134e+08    21.6031    55    54     4.6867
   56  9.6973e+08    21.6510    56    55     4.7664
   57  9.5664e+08    21.7058    57    56     4.8460
   58  5.8175e+08    23.7789    58    57     4.9257
   59  5.8133e+08    23.7820    59    58     5.0053
   60  5.7649e+08    23.8181    60    59     5.0849
   61  5.6290e+08    23.9209    61    60     5.1646
   62  5.4701e+08    24.0448    62    61     5.2442
   63  5.4555e+08    24.0564    63    62     5.3238
   64  5.1729e+08    24.2878    64    63     5.4033
   65  5.1686e+08    24.2914    65    64     5.4829
   66  5.0902e+08    24.3582    66    65     5.5625
   67  5.0688e+08    24.3766    67    66     5.6421
   68  4.7895e+08    24.6256    68    67     5.7216
   69  4.7870e+08    24.6278    69    68     5.8012
   70  4.3217e+08    25.0814    70    69     5.8807
   71  4.2430e+08    25.1635    71    70     5.9602
   72  4.2352e+08    25.1718    72    71     6.0398
   73  3.9266e+08    25.5119    73    72     6.1193
   74  3.7199e+08    25.7569    74    73     6.1988
   75  1.1734e+08    31.3784    75    74     6.2783
   76  1.1707e+08    31.3900    76    75     6.3579
   77  1.1146e+08    31.6465    77    76     6.4374
   78  1.1118e+08    31.6596    78    77     6.5169
   79  1.1036e+08    31.6985    79    78     6.5964
   80  1.1015e+08    31.7086    80    79     6.6759
   81  1.0833e+08    31.7956    81    80     6.7554
   82  1.0138e+08    32.1452    82    81     6.8349
