#indx Mass S step-number desc_indx 
    0  1.0000e+10    13.6042     0    -1     0.0134
    1  8.9995e+09    13.9124     1     0     0.1326
    2  8.9221e+09    13.9379     2     1     0.2441
    3  8.6335e+09    14.0351     3     2     0.3500
    4  8.6002e+09    14.0466     4     3     0.4519
    5  8.4682e+09    14.0926     5     4     0.5506
    6  8.2364e+09    14.1753     6     5     0.6467
    7  8.1053e+09    14.2233     7     6     0.7407
    8  8.0858e+09    14.2305     8     7     0.8330
    9  7.9705e+09    14.2735     9     8     0.9238
   10  7.9606e+09    14.2773    10     9     1.0134
   11  7.7954e+09    14.3403    11    10     1.1018
   12  7.7678e+09    14.3510    12    11     1.1894
   13  7.6998e+09    14.3775    13    12     1.2761
   14  5.9769e+09    15.1563    14    13     1.3621
   15  5.9571e+09    15.1667    15    14     1.4474
   16  5.6941e+09    15.3087    16    15     1.5322
   17  5.6885e+09    15.3118    17    16     1.6165
   18  5.6743e+09    15.3197    18    17     1.7003
   19  5.1883e+09    15.6042    19    18     1.7838
   20  4.7905e+09    15.8608    20    19     1.8669
   21  4.7330e+09    15.8999    21    20     1.9496
   22  4.7062e+09    15.9183    22    21     2.0321
   23  4.6821e+09    15.9349    23    22     2.1143
   24  4.6816e+09    15.9353    24    23     2.1963
   25  3.5185e+09    16.8817    25    24     2.2781
   26  8.9582e+08    21.9720    26    25     2.3597
   27  8.0733e+08    22.3983    27    26     2.4411
   28  8.0432e+08    22.4137    28    27     2.5223
   29  7.6029e+08    22.6469    29    28     2.6034
   30  7.4897e+08    22.7094    30    29     2.6844
   31  7.3814e+08    22.7701    31    30     2.7652
   32  7.3630e+08    22.7805    32    31     2.8459
   33  7.3207e+08    22.8046    33    32     2.9266
   34  6.1848e+08    23.5167    34    33     3.0071
   35  6.0018e+08    23.6451    35    34     3.0876
   36  5.9891e+08    23.6541    36    35     3.1680
   37  5.9529e+08    23.6801    37    36     3.2483
   38  5.9478e+08    23.6838    38    37     3.3285
   39  2.8348e+08    27.0127    39    38     3.4087
   40  2.8167e+08    27.0429    40    39     3.4889
   41  2.8102e+08    27.0536    41    40     3.5689
   42  2.5496e+08    27.5141    42    41     3.6490
   43  2.5205e+08    27.5687    43    42     3.7290
   44  2.4863e+08    27.6338    44    43     3.8089
