#indx Mass S step-number desc_indx 
    0  1.0000e+10    13.6042     0    -1     0.0134
    1  3.3800e+09    17.0179     1     0     0.1326
    2  2.8492e+09    17.6060     2     1     0.2441
    3  2.5508e+09    17.9943     3     2     0.3500
    4  2.5491e+09    17.9967     4     3     0.4519
    5  2.5429e+09    18.0053     5     4     0.5506
    6  2.5006e+09    18.0649     6     5     0.6467
    7  2.4755e+09    18.1006     7     6     0.7407
    8  2.4742e+09    18.1025     8     7     0.8330
    9  2.3646e+09    18.2639     9     8     0.9238
   10  2.3468e+09    18.2909    10     9     1.0134
   11  2.3418e+09    18.2986    11    10     1.1018
   12  2.3222e+09    18.3287    12    11     1.1894
   13  2.2640e+09    18.4198    13    12     1.2761
   14  2.2627e+09    18.4220    14    13     1.3621
   15  2.0147e+09    18.8429    15    14     1.4474
   16  2.0014e+09    18.8671    16    15     1.5322
   17  1.9962e+09    18.8765    17    16     1.6165
   18  1.9941e+09    18.8804    18    17     1.7003
   19  1.9919e+09    18.8845    19    18     1.7838
   20  1.9311e+09    18.9981    20    19     1.8669
   21  1.7665e+09    19.3276    21    20     1.9496
   22  1.6551e+09    19.5711    22    21     2.0321
   23  1.6495e+09    19.5838    23    22     2.1143
   24  1.6063e+09    19.6838    24    23     2.1963
   25  1.6041e+09    19.6889    25    24     2.2781
   26  1.5957e+09    19.7086    26    25     2.3597
   27  1.5486e+09    19.8219    27    26     2.4411
   28  1.5102e+09    19.9172    28    27     2.5223
   29  1.4646e+09    20.0339    29    28     2.6034
   30  1.4611e+09    20.0431    30    29     2.6844
   31  1.4441e+09    20.0876    31    30     2.7652
   32  1.4404e+09    20.0974    32    31     2.8459
   33  1.4387e+09    20.1019    33    32     2.9266
   34  1.4365e+09    20.1078    34    33     3.0071
   35  1.4019e+09    20.2013    35    34     3.0876
   36  1.3943e+09    20.2223    36    35     3.1680
   37  1.3760e+09    20.2731    37    36     3.2483
   38  1.2984e+09    20.4973    38    37     3.3285
   39  1.2901e+09    20.5220    39    38     3.4087
   40  1.2734e+09    20.5725    40    39     3.4889
   41  1.2546e+09    20.6305    41    40     3.5689
   42  1.0586e+09    21.2997    42    41     3.6490
   43  1.0405e+09    21.3684    43    42     3.7290
   44  9.9774e+08    21.5365    44    43     3.8089
   45  9.9763e+08    21.5369    45    44     3.8889
   46  9.9598e+08    21.5435    46    45     3.9688
   47  4.7963e+08    24.6193    47    46     4.0486
   48  4.7573e+08    24.6553    48    47     4.1285
   49  4.6953e+08    24.7132    49    48     4.2083
   50  4.6562e+08    24.7501    50    49     4.2881
   51  4.6452e+08    24.7607    51    50     4.3678
   52  4.6331e+08    24.7722    52    51     4.4476
   53  4.6103e+08    24.7940    53    52     4.5273
   54  4.5215e+08    24.8802    54    53     4.6070
   55  4.5169e+08    24.8848    55    54     4.6867
   56  4.3771e+08    25.0246    56    55     4.7664
   57  4.1506e+08    25.2621    57    56     4.8460
   58  4.1089e+08    25.3074    58    57     4.9257
   59  4.1027e+08    25.3142    59    58     5.0053
   60  3.9934e+08    25.4357    60    59     5.0849
   61  3.9444e+08    25.4915    61    60     5.1646
   62  3.5363e+08    25.9877    62    61     5.2442
   63  3.5346e+08    25.9899    63    62     5.3238
   64  3.5309e+08    25.9946    64    63     5.4033
   65  3.4885e+08    26.0501    65    64     5.4829
   66  3.4865e+08    26.0527    66    65     5.5625
   67  3.4310e+08    26.1262    67    66     5.6421
   68  1.9242e+08    28.8755    68    67     5.7216
   69  1.8797e+08    28.9906    69    68     5.8012
   70  1.7947e+08    29.2193    70    69     5.8807
   71  1.7784e+08    29.2646    71    70     5.9602
   72  1.7777e+08    29.2666    72    71     6.0398
   73  1.7673e+08    29.2958    73    72     6.1193
   74  1.6989e+08    29.4922    74    73     6.1988
   75  1.6975e+08    29.4965    75    74     6.2783
   76  1.6865e+08    29.5288    76    75     6.3579
   77  1.6599e+08    29.6082    77    76     6.4374
   78  1.6592e+08    29.6102    78    77     6.5169
   79  1.1189e+08    31.6264    79    78     6.5964
   80  1.0886e+08    31.7703    80    79     6.6759
   81  1.0568e+08    31.9258    81    80     6.7554
   82  1.0517e+08    31.9517    82    81     6.8349
   83  1.0507e+08    31.9565    83    82     6.9143
   84  1.0398e+08    32.0114    84    83     6.9938
