#indx Mass S step-number desc_indx 
    0  1.0000e+10    13.6042     0    -1     0.0134
    1  8.4627e+09    14.0945     1     0     0.1326
    2  8.3789e+09    14.1241     2     1     0.2441
    3  8.3065e+09    14.1500     3     2     0.3500
    4  8.2800e+09    14.1595     4     3     0.4519
    5  8.1984e+09    14.1891     5     4     0.5506
    6  6.7045e+09    14.7995     6     5     0.6467
    7  6.6760e+09    14.8126     7     6     0.7407
    8  6.6476e+09    14.8258     8     7     0.8330
    9  5.8337e+09    15.2325     9     8     0.9238
   10  5.3727e+09    15.4928    10     9     1.0134
   11  5.3692e+09    15.4949    11    10     1.1018
   12  5.0498e+09    15.6909    12    11     1.1894
   13  4.9947e+09    15.7262    13    12     1.2761
   14  3.3518e+09    17.0464    14    13     1.3621
   15  3.3113e+09    17.0879    15    14     1.4474
   16  3.1785e+09    17.2279    16    15     1.5322
   17  3.1695e+09    17.2376    17    16     1.6165
   18  3.0407e+09    17.3804    18    17     1.7003
   19  3.0339e+09    17.3881    19    18     1.7838
   20  2.5277e+09    18.0266    20    19     1.8669
   21  2.5049e+09    18.0586    21    20     1.9496
   22  1.0549e+09    21.3136    22    21     2.0321
   23  1.0372e+09    21.3812    23    22     2.1143
   24  9.1981e+08    21.8646    24    23     2.1963
   25  9.1909e+08    21.8678    25    24     2.2781
   26  9.1556e+08    21.8834    26    25     2.3597
   27  9.1416e+08    21.8897    27    26     2.4411
   28  8.9554e+08    21.9733    28    27     2.5223
   29  8.9522e+08    21.9748    29    28     2.6034
   30  8.0886e+08    22.3905    30    29     2.6844
   31  8.0473e+08    22.4116    31    30     2.7652
   32  8.0353e+08    22.4178    32    31     2.8459
   33  6.6112e+08    23.2333    33    32     2.9266
   34  6.4662e+08    23.3273    34    33     3.0071
   35  6.4176e+08    23.3593    35    34     3.0876
   36  6.2893e+08    23.4451    36    35     3.1680
   37  6.2158e+08    23.4953    37    36     3.2483
   38  6.0918e+08    23.5813    38    37     3.3285
   39  6.0749e+08    23.5932    39    38     3.4087
   40  6.0306e+08    23.6245    40    39     3.4889
   41  5.8620e+08    23.7462    41    40     3.5689
   42  5.8513e+08    23.7540    42    41     3.6490
   43  5.8484e+08    23.7562    43    42     3.7290
   44  5.8448e+08    23.7588    44    43     3.8089
   45  5.7779e+08    23.8083    45    44     3.8889
   46  5.7529e+08    23.8270    46    45     3.9688
   47  5.7518e+08    23.8279    47    46     4.0486
   48  5.7439e+08    23.8338    48    47     4.1285
   49  5.6857e+08    23.8777    49    48     4.2083
   50  5.6768e+08    23.8844    50    49     4.2881
   51  5.6475e+08    23.9068    51    50     4.3678
   52  4.9719e+08    24.4612    52    51     4.4476
   53  4.9540e+08    24.4771    53    52     4.5273
   54  4.7349e+08    24.6761    54    53     4.6070
   55  4.6961e+08    24.7125    55    54     4.6867
   56  4.3508e+08    25.0515    56    55     4.7664
   57  4.3300e+08    25.0728    57    56     4.8460
   58  4.3201e+08    25.0831    58    57     4.9257
   59  4.1367e+08    25.2772    59    58     5.0053
   60  4.1181e+08    25.2975    60    59     5.0849
   61  4.1006e+08    25.3166    61    60     5.1646
   62  4.0930e+08    25.3249    62    61     5.2442
   63  4.0827e+08    25.3362    63    62     5.3238
   64  4.0771e+08    25.3424    64    63     5.4033
   65  4.0757e+08    25.3440    65    64     5.4829
   66  3.7013e+08    25.7797    66    65     5.5625
   67  3.6643e+08    25.8254    67    66     5.6421
   68  3.6461e+08    25.8481    68    67     5.7216
   69  3.6256e+08    25.8738    69    68     5.8012
   70  3.4846e+08    26.0552    70    69     5.8807
   71  3.4832e+08    26.0570    71    70     5.9602
   72  3.3817e+08    26.1927    72    71     6.0398
   73  3.2787e+08    26.3352    73    72     6.1193
   74  3.2340e+08    26.3987    74    73     6.1988
   75  3.1556e+08    26.5123    75    74     6.2783
   76  3.1553e+08    26.5128    76    75     6.3579
   77  3.1533e+08    26.5157    77    76     6.4374
   78  3.1336e+08    26.5448    78    77     6.5169
   79  3.1270e+08    26.5545    79    78     6.5964
   80  3.0780e+08    26.6279    80    79     6.6759
   81  3.0709e+08    26.6387    81    80     6.7554
   82  3.0227e+08    26.7124    82    81     6.8349
   83  2.9459e+08    26.8326    83    82     6.9143
   84  1.8266e+08    29.1320    84    83     6.9938
   85  1.2032e+08    31.2477    85    84     7.0733
   86  1.1545e+08    31.4628    86    85     7.1528
   87  1.1499e+08    31.4835    87    86     7.2323
   88  1.1438e+08    31.5114    88    87     7.3117
   89  1.1288e+08    31.5803    89    88     7.3912
   90  1.0770e+08    31.8266    90    89     7.4707
