#indx Mass S step-number desc_indx 
    0  1.0000e+10    13.6042     0    -1     0.0134
    1  9.8305e+09    13.6538     1     0     0.1326
    2  9.6942e+09    13.6945     2     1     0.2441
    3  9.3116e+09    13.8122     3     2     0.3500
    4  9.2887e+09    13.8194     4     3     0.4519
    5  9.2249e+09    13.8396     5     4     0.5506
    6  9.1548e+09    13.8620     6     5     0.6467
    7  8.8493e+09    13.9621     7     6     0.7407
    8  8.7842e+09    13.9839     8     7     0.8330
    9  8.6972e+09    14.0134     9     8     0.9238
   10  7.9857e+09    14.2678    10     9     1.0134
   11  7.8895e+09    14.3042    11    10     1.1018
   12  7.6070e+09    14.4142    12    11     1.1894
   13  7.4215e+09    14.4889    13    12     1.2761
   14  7.4113e+09    14.4931    14    13     1.3621
   15  6.7890e+09    14.7609    15    14     1.4474
   16  6.7288e+09    14.7883    16    15     1.5322
   17  6.0223e+09    15.1326    17    16     1.6165
   18  5.2035e+09    15.5948    18    17     1.7003
   19  5.1352e+09    15.6371    19    18     1.7838
   20  5.0837e+09    15.6695    20    19     1.8669
   21  5.0656e+09    15.6808    21    20     1.9496
   22  5.0004e+09    15.7224    22    21     2.0321
   23  4.9936e+09    15.7269    23    22     2.1143
   24  4.9866e+09    15.7314    24    23     2.1963
   25  4.9803e+09    15.7354    25    24     2.2781
   26  4.8591e+09    15.8148    26    25     2.3597
   27  4.8392e+09    15.8281    27    26     2.4411
   28  3.4866e+09    16.9126    28    27     2.5223
   29  2.0188e+09    18.8354    29    28     2.6034
   30  1.8984e+09    19.0610    30    29     2.6844
   31  1.8964e+09    19.0650    31    30     2.7652
   32  1.8899e+09    19.0775    32    31     2.8459
   33  1.8880e+09    19.0813    33    32     2.9266
   34  1.8800e+09    19.0970    34    33     3.0071
   35  1.6206e+09    19.6502    35    34     3.0876
   36  1.6204e+09    19.6508    36    35     3.1680
   37  1.5884e+09    19.7258    37    36     3.2483
   38  1.5054e+09    19.9292    38    37     3.3285
   39  1.1794e+09    20.8724    39    38     3.4087
   40  1.1213e+09    21.0713    40    39     3.4889
   41  1.0335e+09    21.3954    41    40     3.5689
   42  1.0283e+09    21.4157    42    41     3.6490
   43  1.0044e+09    21.5098    43    42     3.7290
   44  9.7914e+08    21.6121    44    43     3.8089
   45  9.7588e+08    21.6255    45    44     3.8889
   46  9.6825e+08    21.6571    46    45     3.9688
   47  9.5682e+08    21.7050    47    46     4.0486
   48  9.5592e+08    21.7088    48    47     4.1285
   49  9.4716e+08    21.7460    49    48     4.2083
   50  9.4027e+08    21.7755    50    49     4.2881
   51  9.3847e+08    21.7833    51    50     4.3678
   52  9.2325e+08    21.8495    52    51     4.4476
   53  7.8466e+08    22.5160    53    52     4.5273
   54  7.7138e+08    22.5868    54    53     4.6070
   55  7.6839e+08    22.6029    55    54     4.6867
   56  7.6300e+08    22.6322    56    55     4.7664
   57  7.5862e+08    22.6561    57    56     4.8460
   58  7.4950e+08    22.7064    58    57     4.9257
   59  7.3406e+08    22.7932    59    58     5.0053
   60  7.2733e+08    22.8317    60    59     5.0849
   61  6.9266e+08    23.0366    61    60     5.1646
   62  4.9990e+08    24.4374    62    61     5.2442
   63  4.9238e+08    24.5039    63    62     5.3238
   64  3.9927e+08    25.4365    64    63     5.4033
   65  3.9663e+08    25.4664    65    64     5.4829
   66  3.9188e+08    25.5208    66    65     5.5625
   67  3.9094e+08    25.5317    67    66     5.6421
   68  3.8984e+08    25.5444    68    67     5.7216
   69  3.0754e+08    26.6320    69    68     5.8012
   70  3.0626e+08    26.6513    70    69     5.8807
   71  2.9842e+08    26.7722    71    70     5.9602
   72  2.4908e+08    27.6251    72    71     6.0398
   73  2.4538e+08    27.6967    73    72     6.1193
   74  2.4428e+08    27.7182    74    73     6.1988
   75  2.4320e+08    27.7394    75    74     6.2783
   76  2.4267e+08    27.7498    76    75     6.3579
   77  2.4116e+08    27.7797    77    76     6.4374
   78  2.2682e+08    28.0742    78    77     6.5169
   79  2.2532e+08    28.1064    79    78     6.5964
   80  2.2485e+08    28.1164    80    79     6.6759
   81  2.2010e+08    28.2197    81    80     6.7554
   82  2.1834e+08    28.2584    82    81     6.8349
   83  2.1730e+08    28.2818    83    82     6.9143
   84  2.1701e+08    28.2882    84    83     6.9938
   85  2.1656e+08    28.2983    85    84     7.0733
   86  1.8069e+08    29.1858    86    85     7.1528
   87  1.8046e+08    29.1922    87    86     7.2323
   88  1.7882e+08    29.2374    88    87     7.3117
   89  1.7688e+08    29.2915    89    88     7.3912
   90  1.7673e+08    29.2959    90    89     7.4707
   91  1.6842e+08    29.5357    91    90     7.5502
   92  1.6813e+08    29.5441    92    91     7.6296
   93  1.6683e+08    29.5828    93    92     7.7091
   94  1.6633e+08    29.5980    94    93     7.7885
   95  1.6595e+08    29.6095    95    94     7.8680
   96  1.6532e+08    29.6284    96    95     7.9475
   97  1.6355e+08    29.6824    97    96     8.0269
   98  1.5982e+08    29.7981    98    97     8.1064
   99  1.5023e+08    30.1103    99    98     8.1858
  100  1.4908e+08    30.1489   100    99     8.2653
