#indx Mass S step-number desc_indx 
    0  1.0000e+10    13.6042     0    -1     0.0134
    1  9.9751e+09    13.6114     1     0     0.1326
    2  9.8432e+09    13.6501     2     1     0.2441
    3  9.8098e+09    13.6600     3     2     0.3500
    4  9.6855e+09    13.6971     4     3     0.4519
    5  9.6283e+09    13.7144     5     4     0.5506
    6  9.6035e+09    13.7219     6     5     0.6467
    7  9.5406e+09    13.7411     7     6     0.7407
    8  7.5967e+09    14.4183     8     7     0.8330
    9  7.4873e+09    14.4621     9     8     0.9238
   10  7.1371e+09    14.6078    10     9     1.0134
   11  7.1321e+09    14.6099    11    10     1.1018
   12  6.2740e+09    15.0049    12    11     1.1894
   13  6.2151e+09    15.0343    13    12     1.2761
   14  6.1597e+09    15.0622    14    13     1.3621
   15  5.8859e+09    15.2044    15    14     1.4474
   16  5.8650e+09    15.2156    16    15     1.5322
   17  5.8003e+09    15.2505    17    16     1.6165
   18  5.7379e+09    15.2845    18    17     1.7003
   19  5.7185e+09    15.2952    19    18     1.7838
   20  5.6000e+09    15.3614    20    19     1.8669
   21  5.4665e+09    15.4378    21    20     1.9496
   22  5.1373e+09    15.6358    22    21     2.0321
   23  4.7807e+09    15.8674    23    22     2.1143
   24  4.7376e+09    15.8967    24    23     2.1963
   25  4.7259e+09    15.9048    25    24     2.2781
   26  4.5261e+09    16.0453    26    25     2.3597
   27  4.5186e+09    16.0507    27    26     2.4411
   28  4.3598e+09    16.1677    28    27     2.5223
   29  3.5492e+09    16.8524    29    28     2.6034
   30  3.5374e+09    16.8636    30    29     2.6844
   31  3.4953e+09    16.9041    31    30     2.7652
   32  3.0069e+09    17.4190    32    31     2.8459
   33  2.3670e+09    18.2603    33    32     2.9266
   34  2.3305e+09    18.3159    34    33     3.0071
   35  2.3148e+09    18.3402    35    34     3.0876
   36  2.3114e+09    18.3455    36    35     3.1680
   37  2.3079e+09    18.3509    37    36     3.2483
   38  2.3076e+09    18.3514    38    37     3.3285
   39  2.2984e+09    18.3656    39    38     3.4087
   40  2.2662e+09    18.4163    40    39     3.4889
   41  2.2620e+09    18.4230    41    40     3.5689
   42  2.0456e+09    18.7873    42    41     3.6490
   43  2.0338e+09    18.8083    43    42     3.7290
   44  1.8725e+09    19.1117    44    43     3.8089
   45  3.8742e+08    25.5726    45    44     3.8889
   46  3.8396e+08    25.6131    46    45     3.9688
   47  3.7621e+08    25.7057    47    46     4.0486
   48  3.6676e+08    25.8213    48    47     4.1285
   49  3.6547e+08    25.8374    49    48     4.2083
   50  3.6496e+08    25.8438    50    49     4.2881
   51  3.6079e+08    25.8961    51    50     4.3678
   52  3.6039e+08    25.9012    52    51     4.4476
   53  3.6029e+08    25.9025    53    52     4.5273
   54  3.5070e+08    26.0257    54    53     4.6070
   55  3.4877e+08    26.0511    55    54     4.6867
   56  3.3622e+08    26.2194    56    55     4.7664
   57  3.3612e+08    26.2207    57    56     4.8460
   58  3.3596e+08    26.2229    58    57     4.9257
   59  3.3268e+08    26.2681    59    58     5.0053
   60  3.3067e+08    26.2959    60    59     5.0849
   61  3.3033e+08    26.3007    61    60     5.1646
   62  3.2456e+08    26.3821    62    61     5.2442
   63  3.2425e+08    26.3866    63    62     5.3238
   64  3.1673e+08    26.4951    64    63     5.4033
   65  3.1400e+08    26.5353    65    64     5.4829
   66  2.9124e+08    26.8860    66    65     5.5625
   67  2.8752e+08    26.9463    67    66     5.6421
   68  2.8596e+08    26.9719    68    67     5.7216
   69  2.6024e+08    27.4166    69    68     5.8012
   70  2.4919e+08    27.6231    70    69     5.8807
   71  2.3104e+08    27.9855    71    70     5.9602
   72  2.2967e+08    28.0140    72    71     6.0398
   73  2.2589e+08    28.0942    73    72     6.1193
   74  2.2231e+08    28.1713    74    73     6.1988
   75  2.2082e+08    28.2038    75    74     6.2783
   76  2.1833e+08    28.2587    76    75     6.3579
   77  2.1526e+08    28.3274    77    76     6.4374
   78  2.1457e+08    28.3430    78    77     6.5169
   79  2.1366e+08    28.3636    79    78     6.5964
   80  2.1344e+08    28.3686    80    79     6.6759
   81  1.9747e+08    28.7483    81    80     6.7554
   82  1.9374e+08    28.8418    82    81     6.8349
   83  1.8697e+08    29.0169    83    82     6.9143
   84  1.8682e+08    29.0208    84    83     6.9938
   85  1.7845e+08    29.2478    85    84     7.0733
   86  1.7748e+08    29.2748    86    85     7.1528
   87  1.7642e+08    29.3044    87    86     7.2323
   88  1.7402e+08    29.3724    88    87     7.3117
   89  1.7268e+08    29.4110    89    88     7.3912
   90  1.7243e+08    29.4183    90    89     7.4707
   91  1.7237e+08    29.4200    91    90     7.5502
   92  1.7184e+08    29.4354    92    91     7.6296
   93  1.6556e+08    29.6211    93    92     7.7091
   94  1.6360e+08    29.6809    94    93     7.7885
   95  1.5637e+08    29.9080    95    94     7.8680
   96  1.5291e+08    30.0208    96    95     7.9475
   97  1.5123e+08    30.0767    97    96     8.0269
   98  1.4683e+08    30.2261    98    97     8.1064
   99  1.4593e+08    30.2573    99    98     8.1858
  100  1.4545e+08    30.2740   100    99     8.2653
