#indx Mass S step-number desc_indx 
    0  1.0000e+10    13.6042     0    -1     0.0134
    1  9.9177e+09    13.6282     1     0     0.1326
    2  9.7904e+09    13.6657     2     1     0.2441
    3  9.6634e+09    13.7037     3     2     0.3500
    4  9.6189e+09    13.7172     4     3     0.4519
    5  9.6167e+09    13.7179     5     4     0.5506
    6  9.5012e+09    13.7532     6     5     0.6467
    7  9.3807e+09    13.7905     7     6     0.7407
    8  8.7748e+09    13.9870     8     7     0.8330
    9  7.5727e+09    14.4278     9     8     0.9238
   10  7.4790e+09    14.4655    10     9     1.0134
   11  7.2430e+09    14.5629    11    10     1.1018
   12  7.2274e+09    14.5695    12    11     1.1894
   13  7.2098e+09    14.5769    13    12     1.2761
   14  7.1561e+09    14.5997    14    13     1.3621
   15  6.9152e+09    14.7044    15    14     1.4474
   16  6.9145e+09    14.7047    16    15     1.5322
   17  6.5373e+09    14.8774    17    16     1.6165
   18  6.2475e+09    15.0181    18    17     1.7003
   19  6.1994e+09    15.0421    19    18     1.7838
   20  3.2376e+09    17.1647    20    19     1.8669
   21  2.8764e+09    17.5729    21    20     1.9496
   22  2.8668e+09    17.5845    22    21     2.0321
   23  2.8652e+09    17.5864    23    22     2.1143
   24  2.8577e+09    17.5957    24    23     2.1963
   25  2.8382e+09    17.6194    25    24     2.2781
   26  2.8022e+09    17.6639    26    25     2.3597
   27  2.7911e+09    17.6778    27    26     2.4411
   28  2.6068e+09    17.9177    28    27     2.5223
   29  2.5114e+09    18.0495    29    28     2.6034
   30  2.4937e+09    18.0745    30    29     2.6844
   31  2.0585e+09    18.7643    31    30     2.7652
   32  1.9965e+09    18.8760    32    31     2.8459
   33  1.9025e+09    19.0530    33    32     2.9266
   34  1.8798e+09    19.0974    34    33     3.0071
   35  1.8479e+09    19.1605    35    34     3.0876
   36  1.8253e+09    19.2060    36    35     3.1680
   37  1.8058e+09    19.2459    37    36     3.2483
   38  1.6159e+09    19.6613    38    37     3.3285
   39  1.6145e+09    19.6644    39    38     3.4087
   40  1.6133e+09    19.6672    40    39     3.4889
   41  1.6037e+09    19.6898    41    40     3.5689
   42  1.5950e+09    19.7102    42    41     3.6490
   43  1.5869e+09    19.7294    43    42     3.7290
   44  1.5651e+09    19.7817    44    43     3.8089
   45  1.5467e+09    19.8264    45    44     3.8889
   46  1.5335e+09    19.8591    46    45     3.9688
   47  1.5317e+09    19.8633    47    46     4.0486
   48  1.5305e+09    19.8663    48    47     4.1285
   49  1.5171e+09    19.8997    49    48     4.2083
   50  1.4991e+09    19.9452    50    49     4.2881
   51  1.4936e+09    19.9592    51    50     4.3678
   52  1.4810e+09    19.9913    52    51     4.4476
   53  1.4573e+09    20.0529    53    52     4.5273
   54  1.4425e+09    20.0919    54    53     4.6070
   55  1.4419e+09    20.0936    55    54     4.6867
   56  1.4264e+09    20.1348    56    55     4.7664
   57  1.4242e+09    20.1407    57    56     4.8460
   58  1.4228e+09    20.1445    58    57     4.9257
   59  1.0751e+09    21.2382    59    58     5.0053
   60  1.0694e+09    21.2591    60    59     5.0849
   61  1.0656e+09    21.2734    61    60     5.1646
   62  1.0622e+09    21.2863    62    61     5.2442
   63  1.0612e+09    21.2898    63    62     5.3238
   64  5.3867e+08    24.1115    64    63     5.4033
   65  5.0867e+08    24.3612    65    64     5.4829
   66  4.9334e+08    24.4954    66    65     5.5625
   67  4.8671e+08    24.5548    67    66     5.6421
   68  4.7155e+08    24.6943    68    67     5.7216
   69  3.8614e+08    25.5876    69    68     5.8012
   70  3.6846e+08    25.8002    70    69     5.8807
   71  3.6744e+08    25.8129    71    70     5.9602
   72  3.6734e+08    25.8141    72    71     6.0398
   73  3.6706e+08    25.8176    73    72     6.1193
   74  3.6636e+08    25.8262    74    73     6.1988
   75  3.6033e+08    25.9020    75    74     6.2783
   76  3.5826e+08    25.9282    76    75     6.3579
   77  3.5605e+08    25.9565    77    76     6.4374
   78  3.5003e+08    26.0346    78    77     6.5169
   79  3.4653e+08    26.0806    79    78     6.5964
   80  3.4489e+08    26.1023    80    79     6.6759
   81  3.4260e+08    26.1330    81    80     6.7554
   82  3.4136e+08    26.1496    82    81     6.8349
   83  3.4120e+08    26.1517    83    82     6.9143
   84  3.4074e+08    26.1579    84    83     6.9938
   85  3.3368e+08    26.2543    85    84     7.0733
   86  3.2961e+08    26.3108    86    85     7.1528
   87  3.0621e+08    26.6521    87    86     7.2323
   88  2.9235e+08    26.8682    88    87     7.3117
   89  2.5706e+08    27.4751    89    88     7.3912
   90  2.2440e+08    28.1261    90    89     7.4707
   91  2.2397e+08    28.1353    91    90     7.5502
   92  2.1404e+08    28.3550    92    91     7.6296
   93  2.0272e+08    28.6198    93    92     7.7091
   94  1.9332e+08    28.8524    94    93     7.7885
   95  1.9322e+08    28.8551    95    94     7.8680
   96  1.9300e+08    28.8606    96    95     7.9475
   97  1.9238e+08    28.8765    97    96     8.0269
   98  1.8934e+08    28.9547    98    97     8.1064
   99  1.7201e+08    29.4305    99    98     8.1858
  100  1.7168e+08    29.4401   100    99     8.2653
