#indx Mass S step-number desc_indx 
    0  1.0000e+10    13.6042     0    -1     0.0134
    1  9.9691e+09    13.6132     1     0     0.1326
    2  9.7057e+09    13.6910     2     1     0.2441
    3  9.6237e+09    13.7158     3     2     0.3500
    4  9.5457e+09    13.7395     4     3     0.4519
    5  7.7796e+09    14.3464     5     4     0.5506
    6  7.6935e+09    14.3800     6     5     0.6467
    7  7.6800e+09    14.3853     7     6     0.7407
    8  7.4951e+09    14.4590     8     7     0.8330
    9  7.2462e+09    14.5615     9     8     0.9238
   10  7.1200e+09    14.6151    10     9     1.0134
   11  7.1176e+09    14.6162    11    10     1.1018
   12  6.2264e+09    15.0286    12    11     1.1894
   13  6.1175e+09    15.0836    13    12     1.2761
   14  5.8452e+09    15.2263    14    13     1.3621
   15  5.7970e+09    15.2523    15    14     1.4474
   16  5.7960e+09    15.2528    16    15     1.5322
   17  5.7392e+09    15.2838    17    16     1.6165
   18  5.3456e+09    15.5089    18    17     1.7003
   19  5.2911e+09    15.5416    19    18     1.7838
   20  5.2572e+09    15.5620    20    19     1.8669
   21  4.8320e+09    15.8329    21    20     1.9496
   22  3.7971e+09    16.6254    22    21     2.0321
   23  3.2195e+09    17.1839    23    22     2.1143
   24  3.1434e+09    17.2660    24    23     2.1963
   25  3.0141e+09    17.4108    25    24     2.2781
   26  2.8817e+09    17.5665    26    25     2.3597
   27  2.8761e+09    17.5732    27    26     2.4411
   28  2.8035e+09    17.6623    28    27     2.5223
   29  2.7624e+09    17.7140    29    28     2.6034
   30  2.7503e+09    17.7294    30    29     2.6844
   31  2.7207e+09    17.7672    31    30     2.7652
   32  2.6671e+09    17.8371    32    31     2.8459
   33  2.6062e+09    17.9185    33    32     2.9266
   34  2.5724e+09    17.9646    34    33     3.0071
   35  2.5680e+09    17.9706    35    34     3.0876
   36  2.5601e+09    17.9815    36    35     3.1680
   37  2.5411e+09    18.0078    37    36     3.2483
   38  2.3804e+09    18.2401    38    37     3.3285
   39  2.3509e+09    18.2847    39    38     3.4087
   40  2.3186e+09    18.3343    40    39     3.4889
   41  2.2972e+09    18.3675    41    40     3.5689
   42  2.2879e+09    18.3820    42    41     3.6490
   43  2.2735e+09    18.4048    43    42     3.7290
   44  2.2546e+09    18.4347    44    43     3.8089
   45  2.2411e+09    18.4564    45    44     3.8889
   46  2.2374e+09    18.4624    46    45     3.9688
   47  1.9730e+09    18.9194    47    46     4.0486
   48  1.3022e+09    20.4858    48    47     4.1285
   49  1.3019e+09    20.4869    49    48     4.2083
   50  1.2969e+09    20.5017    50    49     4.2881
   51  9.4087e+08    21.7729    51    50     4.3678
   52  6.0413e+08    23.6169    52    51     4.4476
   53  5.7295e+08    23.8446    53    52     4.5273
   54  5.2860e+08    24.1935    54    53     4.6070
   55  5.2723e+08    24.2048    55    54     4.6867
   56  5.2714e+08    24.2055    56    55     4.7664
   57  5.2571e+08    24.2174    57    56     4.8460
   58  5.2342e+08    24.2364    58    57     4.9257
   59  5.2334e+08    24.2371    59    58     5.0053
   60  5.2132e+08    24.2539    60    59     5.0849
   61  5.1517e+08    24.3057    61    60     5.1646
   62  4.1478e+08    25.2652    62    61     5.2442
   63  4.1390e+08    25.2747    63    62     5.3238
   64  3.8773e+08    25.5690    64    63     5.4033
   65  3.8732e+08    25.5738    65    64     5.4829
   66  3.8252e+08    25.6302    66    65     5.5625
   67  3.7928e+08    25.6688    67    66     5.6421
   68  3.7894e+08    25.6729    68    67     5.7216
   69  3.7820e+08    25.6818    69    68     5.8012
   70  3.7662e+08    25.7008    70    69     5.8807
   71  3.7434e+08    25.7283    71    70     5.9602
   72  3.7387e+08    25.7339    72    71     6.0398
   73  3.7154e+08    25.7624    73    72     6.1193
   74  3.7134e+08    25.7648    74    73     6.1988
   75  3.7007e+08    25.7804    75    74     6.2783
   76  3.4018e+08    26.1654    76    75     6.3579
   77  3.3956e+08    26.1738    77    76     6.4374
   78  3.1566e+08    26.5108    78    77     6.5169
   79  3.1156e+08    26.5716    79    78     6.5964
   80  3.0682e+08    26.6428    80    79     6.6759
   81  3.0628e+08    26.6510    81    80     6.7554
   82  3.0617e+08    26.6526    82    81     6.8349
   83  2.9782e+08    26.7816    83    82     6.9143
   84  2.9695e+08    26.7953    84    83     6.9938
   85  2.9203e+08    26.8734    85    84     7.0733
   86  2.8997e+08    26.9065    86    85     7.1528
   87  2.7466e+08    27.1615    87    86     7.2323
   88  2.5450e+08    27.5227    88    87     7.3117
   89  2.5415e+08    27.5293    89    88     7.3912
   90  2.5315e+08    27.5480    90    89     7.4707
   91  2.5144e+08    27.5803    91    90     7.5502
   92  1.6139e+08    29.7490    92    91     7.6296
   93  1.1890e+08    31.3096    93    92     7.7091
   94  1.1874e+08    31.3163    94    93     7.7885
   95  1.1834e+08    31.3340    95    94     7.8680
   96  1.1830e+08    31.3357    96    95     7.9475
   97  1.1829e+08    31.3361    97    96     8.0269
   98  1.0509e+08    31.9557    98    97     8.1064
   99  1.0496e+08    31.9623    99    98     8.1858
