#indx Mass S step-number desc_indx 
    0  1.0000e+10    13.6042     0    -1     0.0134
    1  9.8783e+09    13.6398     1     0     0.1326
    2  9.8736e+09    13.6411     2     1     0.2441
    3  9.4460e+09    13.7702     3     2     0.3500
    4  8.6700e+09    14.0227     4     3     0.4519
    5  8.5661e+09    14.0584     5     4     0.5506
    6  8.5259e+09    14.0724     6     5     0.6467
    7  8.4420e+09    14.1018     7     6     0.7407
    8  8.2566e+09    14.1680     8     7     0.8330
    9  8.0033e+09    14.2612     9     8     0.9238
   10  7.8678e+09    14.3125    10     9     1.0134
   11  7.7590e+09    14.3544    11    10     1.1018
   12  7.6423e+09    14.4002    12    11     1.1894
   13  7.1320e+09    14.6100    13    12     1.2761
   14  7.0997e+09    14.6239    14    13     1.3621
   15  7.0976e+09    14.6248    15    14     1.4474
   16  6.9885e+09    14.6721    16    15     1.5322
   17  6.9694e+09    14.6805    17    16     1.6165
   18  6.9453e+09    14.6911    18    17     1.7003
   19  5.9034e+09    15.1951    19    18     1.7838
   20  5.7419e+09    15.2823    20    19     1.8669
   21  5.7126e+09    15.2985    21    20     1.9496
   22  5.7083e+09    15.3008    22    21     2.0321
   23  5.7041e+09    15.3032    23    22     2.1143
   24  5.3451e+09    15.5092    24    23     2.1963
   25  5.3384e+09    15.5131    25    24     2.2781
   26  4.4785e+09    16.0798    26    25     2.3597
   27  4.0996e+09    16.3704    27    26     2.4411
   28  4.0948e+09    16.3743    28    27     2.5223
   29  4.0787e+09    16.3873    29    28     2.6034
   30  4.0635e+09    16.3996    30    29     2.6844
   31  3.4840e+09    16.9150    31    30     2.7652
   32  3.0524e+09    17.3672    32    31     2.8459
   33  2.9582e+09    17.4755    33    32     2.9266
   34  2.2045e+09    18.5158    34    33     3.0071
   35  2.1272e+09    18.6449    35    34     3.0876
   36  1.9334e+09    18.9938    36    35     3.1680
   37  1.9306e+09    18.9991    37    36     3.2483
   38  1.9254e+09    19.0091    38    37     3.3285
   39  1.9243e+09    19.0112    39    38     3.4087
   40  1.9190e+09    19.0213    40    39     3.4889
   41  1.8790e+09    19.0989    41    40     3.5689
   42  1.8577e+09    19.1409    42    41     3.6490
   43  1.8442e+09    19.1680    43    42     3.7290
   44  1.8433e+09    19.1697    44    43     3.8089
   45  1.8269e+09    19.2029    45    44     3.8889
   46  1.8163e+09    19.2244    46    45     3.9688
   47  1.8103e+09    19.2367    47    46     4.0486
   48  1.2414e+09    20.6719    48    47     4.1285
   49  1.2222e+09    20.7327    49    48     4.2083
   50  1.2180e+09    20.7462    50    49     4.2881
   51  1.2135e+09    20.7605    51    50     4.3678
   52  1.2038e+09    20.7919    52    51     4.4476
   53  9.6400e+08    21.6749    53    52     4.5273
   54  9.5611e+08    21.7080    54    53     4.6070
   55  9.4347e+08    21.7618    55    54     4.6867
   56  9.4302e+08    21.7637    56    55     4.7664
   57  9.2508e+08    21.8415    57    56     4.8460
   58  9.1992e+08    21.8642    58    57     4.9257
   59  8.8917e+08    22.0024    59    58     5.0053
   60  8.8896e+08    22.0034    60    59     5.0849
   61  7.6582e+08    22.6168    61    60     5.1646
   62  7.4788e+08    22.7155    62    61     5.2442
   63  7.2730e+08    22.8319    63    62     5.3238
   64  7.1554e+08    22.9001    64    63     5.4033
   65  7.1394e+08    22.9095    65    64     5.4829
   66  7.1221e+08    22.9197    66    65     5.5625
   67  7.0940e+08    22.9363    67    66     5.6421
   68  7.0156e+08    22.9829    68    67     5.7216
   69  6.9667e+08    23.0123    69    68     5.8012
   70  6.9120e+08    23.0455    70    69     5.8807
   71  6.9032e+08    23.0509    71    70     5.9602
   72  6.8620e+08    23.0760    72    71     6.0398
   73  6.7850e+08    23.1236    73    72     6.1193
   74  6.2830e+08    23.4494    74    73     6.1988
   75  6.2046e+08    23.5030    75    74     6.2783
   76  6.1691e+08    23.5275    76    75     6.3579
   77  5.9857e+08    23.6566    77    76     6.4374
   78  5.9592e+08    23.6756    78    77     6.5169
   79  5.9553e+08    23.6784    79    78     6.5964
   80  5.8946e+08    23.7223    80    79     6.6759
   81  5.8885e+08    23.7268    81    80     6.7554
   82  5.8328e+08    23.7677    82    81     6.8349
   83  5.6531e+08    23.9025    83    82     6.9143
   84  5.5919e+08    23.9495    84    83     6.9938
   85  5.4224e+08    24.0828    85    84     7.0733
   86  5.1282e+08    24.3258    86    85     7.1528
   87  5.1021e+08    24.3481    87    86     7.2323
   88  4.6713e+08    24.7358    88    87     7.3117
   89  4.6636e+08    24.7432    89    88     7.3912
   90  4.6572e+08    24.7492    90    89     7.4707
   91  3.9890e+08    25.4407    91    90     7.5502
   92  3.9860e+08    25.4440    92    91     7.6296
   93  3.9355e+08    25.5017    93    92     7.7091
   94  3.8989e+08    25.5438    94    93     7.7885
   95  3.2979e+08    26.3082    95    94     7.8680
   96  3.2911e+08    26.3178    96    95     7.9475
   97  3.1980e+08    26.4505    97    96     8.0269
   98  3.0428e+08    26.6815    98    97     8.1064
   99  3.0282e+08    26.7039    99    98     8.1858
  100  2.9867e+08    26.7683   100    99     8.2653
