#indx Mass S step-number desc_indx 
    0  1.0000e+10    13.6042     0    -1     0.0134
    1  9.9688e+09    13.6133     1     0     0.1326
    2  9.9062e+09    13.6316     2     1     0.2441
    3  9.1570e+09    13.8613     3     2     0.3500
    4  8.4747e+09    14.0903     4     3     0.4519
    5  8.4693e+09    14.0922     5     4     0.5506
    6  7.5813e+09    14.4244     6     5     0.6467
    7  7.5757e+09    14.4266     7     6     0.7407
    8  7.5004e+09    14.4568     8     7     0.8330
    9  7.4745e+09    14.4673     9     8     0.9238
   10  5.0799e+09    15.6718    10     9     1.0134
   11  5.0501e+09    15.6907    11    10     1.1018
   12  4.7758e+09    15.8707    12    11     1.1894
   13  4.4856e+09    16.0746    13    12     1.2761
   14  4.2341e+09    16.2638    14    13     1.3621
   15  4.2148e+09    16.2789    15    14     1.4474
   16  4.1810e+09    16.3055    16    15     1.5322
   17  3.6747e+09    16.7352    17    16     1.6165
   18  3.2195e+09    17.1840    18    17     1.7003
   19  2.9901e+09    17.4384    19    18     1.7838
   20  2.9676e+09    17.4646    20    19     1.8669
   21  2.9594e+09    17.4742    21    20     1.9496
   22  2.9544e+09    17.4800    22    21     2.0321
   23  2.8033e+09    17.6626    23    22     2.1143
   24  2.7836e+09    17.6873    24    23     2.1963
   25  2.7683e+09    17.7066    25    24     2.2781
   26  2.7489e+09    17.7312    26    25     2.3597
   27  2.7235e+09    17.7636    27    26     2.4411
   28  2.6933e+09    17.8028    28    27     2.5223
   29  2.6810e+09    17.8189    29    28     2.6034
   30  2.6614e+09    17.8447    30    29     2.6844
   31  2.6580e+09    17.8492    31    30     2.7652
   32  2.1849e+09    18.5480    32    31     2.8459
   33  2.1412e+09    18.6211    33    32     2.9266
   34  2.1137e+09    18.6681    34    33     3.0071
   35  2.1088e+09    18.6765    35    34     3.0876
   36  2.0776e+09    18.7308    36    35     3.1680
   37  2.0470e+09    18.7847    37    36     3.2483
   38  2.0403e+09    18.7967    38    37     3.3285
   39  1.8718e+09    19.1130    39    38     3.4087
   40  1.8481e+09    19.1602    40    39     3.4889
   41  1.8213e+09    19.2143    41    40     3.5689
   42  1.8053e+09    19.2469    42    41     3.6490
   43  1.6712e+09    19.5349    43    42     3.7290
   44  1.6668e+09    19.5447    44    43     3.8089
   45  1.6591e+09    19.5621    45    44     3.8889
   46  1.3161e+09    20.4447    46    45     3.9688
   47  1.2918e+09    20.5168    47    46     4.0486
   48  1.2902e+09    20.5218    48    47     4.1285
   49  1.2758e+09    20.5652    49    48     4.2083
   50  1.2006e+09    20.8026    50    49     4.2881
   51  1.1991e+09    20.8073    51    50     4.3678
   52  1.1743e+09    20.8895    52    51     4.4476
   53  1.1716e+09    20.8985    53    52     4.5273
   54  1.1687e+09    20.9080    54    53     4.6070
   55  1.1587e+09    20.9420    55    54     4.6867
   56  1.1570e+09    20.9476    56    55     4.7664
   57  1.1469e+09    20.9822    57    56     4.8460
   58  1.1329e+09    21.0306    58    57     4.9257
   59  1.1300e+09    21.0408    59    58     5.0053
   60  1.0406e+09    21.3681    60    59     5.0849
   61  1.0059e+09    21.5037    61    60     5.1646
   62  7.0469e+08    22.9642    62    61     5.2442
   63  7.0038e+08    22.9900    63    62     5.3238
   64  4.6580e+08    24.7484    64    63     5.4033
   65  4.6544e+08    24.7519    65    64     5.4829
   66  4.1969e+08    25.2125    66    65     5.5625
   67  4.1893e+08    25.2206    67    66     5.6421
   68  4.1890e+08    25.2208    68    67     5.7216
   69  4.1284e+08    25.2862    69    68     5.8012
   70  4.0727e+08    25.3473    70    69     5.8807
   71  3.6740e+08    25.8133    71    70     5.9602
   72  3.6553e+08    25.8366    72    71     6.0398
   73  3.6542e+08    25.8380    73    72     6.1193
   74  3.5879e+08    25.9215    74    73     6.1988
   75  3.5813e+08    25.9299    75    74     6.2783
   76  3.5666e+08    25.9487    76    75     6.3579
   77  3.2829e+08    26.3294    77    76     6.4374
   78  3.2707e+08    26.3466    78    77     6.5169
   79  3.2440e+08    26.3844    79    78     6.5964
   80  3.2421e+08    26.3871    80    79     6.6759
   81  3.2367e+08    26.3949    81    80     6.7554
   82  3.2348e+08    26.3975    82    81     6.8349
   83  3.2077e+08    26.4364    83    82     6.9143
   84  3.2075e+08    26.4368    84    83     6.9938
   85  3.2031e+08    26.4431    85    84     7.0733
   86  3.0848e+08    26.6178    86    85     7.1528
   87  3.0381e+08    26.6886    87    86     7.2323
   88  3.0358e+08    26.6923    88    87     7.3117
   89  2.9974e+08    26.7516    89    88     7.3912
   90  2.9551e+08    26.8180    90    89     7.4707
   91  2.9548e+08    26.8185    91    90     7.5502
   92  2.9435e+08    26.8364    92    91     7.6296
   93  2.9401e+08    26.8418    93    92     7.7091
   94  2.9385e+08    26.8443    94    93     7.7885
   95  2.9308e+08    26.8566    95    94     7.8680
   96  2.9094e+08    26.8909    96    95     7.9475
   97  2.2922e+08    28.0236    97    96     8.0269
   98  1.8355e+08    29.1082    98    97     8.1064
   99  1.8290e+08    29.1256    99    98     8.1858
  100  1.7997e+08    29.2056   100    99     8.2653
