#indx Mass S step-number desc_indx 
    0  1.0000e+10    13.6042     0    -1     0.0134
    1  9.9829e+09    13.6091     1     0     0.1326
    2  9.1068e+09    13.8775     2     1     0.2441
    3  8.7697e+09    13.9888     3     2     0.3500
    4  7.2197e+09    14.5727     4     3     0.4519
    5  6.5475e+09    14.8726     5     4     0.5506
    6  6.1479e+09    15.0682     6     5     0.6467
    7  5.8355e+09    15.2315     7     6     0.7407
    8  5.8030e+09    15.2490     8     7     0.8330
    9  5.7431e+09    15.2817     9     8     0.9238
   10  5.7257e+09    15.2912    10     9     1.0134
   11  5.5434e+09    15.3935    11    10     1.1018
   12  4.9944e+09    15.7264    12    11     1.1894
   13  4.9471e+09    15.7570    13    12     1.2761
   14  4.9368e+09    15.7637    14    13     1.3621
   15  4.8997e+09    15.7880    15    14     1.4474
   16  4.8948e+09    15.7912    16    15     1.5322
   17  4.8613e+09    15.8134    17    16     1.6165
   18  4.7624e+09    15.8799    18    17     1.7003
   19  4.7543e+09    15.8853    19    18     1.7838
   20  4.2490e+09    16.2522    20    19     1.8669
   21  4.2110e+09    16.2819    21    20     1.9496
   22  4.1191e+09    16.3547    22    21     2.0321
   23  4.1011e+09    16.3692    23    22     2.1143
   24  4.0443e+09    16.4154    24    23     2.1963
   25  4.0050e+09    16.4478    25    24     2.2781
   26  3.7735e+09    16.6462    26    25     2.3597
   27  3.7616e+09    16.6569    27    26     2.4411
   28  3.6222e+09    16.7837    28    27     2.5223
   29  3.6043e+09    16.8004    29    28     2.6034
   30  3.5724e+09    16.8304    30    29     2.6844
   31  3.5481e+09    16.8534    31    30     2.7652
   32  3.5463e+09    16.8551    32    31     2.8459
   33  3.4996e+09    16.8999    33    32     2.9266
   34  3.4741e+09    16.9247    34    33     3.0071
   35  3.4668e+09    16.9318    35    34     3.0876
   36  2.7291e+09    17.7565    36    35     3.1680
   37  2.7217e+09    17.7660    37    36     3.2483
   38  2.6697e+09    17.8338    38    37     3.3285
   39  2.6641e+09    17.8412    39    38     3.4087
   40  2.5938e+09    17.9353    40    39     3.4889
   41  2.5658e+09    17.9737    41    40     3.5689
   42  2.5465e+09    18.0004    42    41     3.6490
   43  2.4688e+09    18.1102    43    42     3.7290
   44  2.4532e+09    18.1328    44    43     3.8089
   45  2.4449e+09    18.1448    45    44     3.8889
   46  1.8789e+09    19.0990    46    45     3.9688
   47  1.8229e+09    19.2109    47    46     4.0486
   48  1.7951e+09    19.2680    48    47     4.1285
   49  1.6979e+09    19.4754    49    48     4.2083
   50  1.6669e+09    19.5444    50    49     4.2881
   51  1.6636e+09    19.5518    51    50     4.3678
   52  1.6601e+09    19.5597    52    51     4.4476
   53  1.6513e+09    19.5796    53    52     4.5273
   54  1.6468e+09    19.5900    54    53     4.6070
   55  1.6362e+09    19.6142    55    54     4.6867
   56  1.6077e+09    19.6803    56    55     4.7664
   57  1.6067e+09    19.6827    57    56     4.8460
   58  1.5196e+09    19.8935    58    57     4.9257
   59  1.4948e+09    19.9560    59    58     5.0053
   60  1.4819e+09    19.9891    60    59     5.0849
   61  1.4799e+09    19.9941    61    60     5.1646
   62  1.4567e+09    20.0546    62    61     5.2442
   63  1.4126e+09    20.1721    63    62     5.3238
   64  1.3684e+09    20.2942    64    63     5.4033
   65  1.3518e+09    20.3414    65    64     5.4829
   66  1.3411e+09    20.3719    66    65     5.5625
   67  1.3397e+09    20.3761    67    66     5.6421
   68  1.3103e+09    20.4619    68    67     5.7216
   69  1.3099e+09    20.4631    69    68     5.8012
   70  1.3036e+09    20.4816    70    69     5.8807
   71  1.2851e+09    20.5371    71    70     5.9602
   72  1.2771e+09    20.5615    72    71     6.0398
   73  1.2764e+09    20.5636    73    72     6.1193
   74  1.2620e+09    20.6076    74    73     6.1988
   75  1.2610e+09    20.6107    75    74     6.2783
   76  1.2576e+09    20.6211    76    75     6.3579
   77  1.2380e+09    20.6824    77    76     6.4374
   78  1.2336e+09    20.6962    78    77     6.5169
   79  1.2039e+09    20.7915    79    78     6.5964
   80  1.1971e+09    20.8138    80    79     6.6759
   81  1.1945e+09    20.8225    81    80     6.7554
   82  1.1902e+09    20.8365    82    81     6.8349
   83  1.1683e+09    20.9094    83    82     6.9143
   84  1.1665e+09    20.9155    84    83     6.9938
   85  1.1101e+09    21.1111    85    84     7.0733
   86  1.1012e+09    21.1429    86    85     7.1528
   87  1.0513e+09    21.3271    87    86     7.2323
   88  9.1443e+08    21.8884    88    87     7.3117
   89  9.1110e+08    21.9033    89    88     7.3912
   90  9.1053e+08    21.9058    90    89     7.4707
   91  8.3492e+08    22.2600    91    90     7.5502
   92  7.8322e+08    22.5236    92    91     7.6296
   93  3.5144e+08    26.0161    93    92     7.7091
   94  3.4873e+08    26.0516    94    93     7.7885
   95  3.4798e+08    26.0614    95    94     7.8680
   96  3.3995e+08    26.1686    96    95     7.9475
   97  3.3899e+08    26.1816    97    96     8.0269
   98  2.1948e+08    28.2332    98    97     8.1064
   99  2.1910e+08    28.2417    99    98     8.1858
  100  2.1909e+08    28.2418   100    99     8.2653
