#indx Mass S step-number desc_indx 
    0  1.0000e+10    13.6042     0    -1     0.0134
    1  8.4856e+09    14.0865     1     0     0.1326
    2  7.8848e+09    14.3060     2     1     0.2441
    3  7.8778e+09    14.3087     3     2     0.3500
    4  7.8552e+09    14.3174     4     3     0.4519
    5  7.8417e+09    14.3225     5     4     0.5506
    6  7.5508e+09    14.4366     6     5     0.6467
    7  7.4694e+09    14.4694     7     6     0.7407
    8  7.3798e+09    14.5060     8     7     0.8330
    9  7.0240e+09    14.6566     9     8     0.9238
   10  6.8585e+09    14.7297    10     9     1.0134
   11  6.7085e+09    14.7976    11    10     1.1018
   12  6.0432e+09    15.1218    12    11     1.1894
   13  4.8385e+09    15.8285    13    12     1.2761
   14  4.8038e+09    15.8519    14    13     1.3621
   15  4.7498e+09    15.8884    15    14     1.4474
   16  4.6859e+09    15.9323    16    15     1.5322
   17  4.6766e+09    15.9388    17    16     1.6165
   18  4.5617e+09    16.0197    18    17     1.7003
   19  4.5505e+09    16.0277    19    18     1.7838
   20  4.5457e+09    16.0311    20    19     1.8669
   21  4.5381e+09    16.0366    21    20     1.9496
   22  4.1932e+09    16.2959    22    21     2.0321
   23  4.1826e+09    16.3042    23    22     2.1143
   24  4.1078e+09    16.3638    24    23     2.1963
   25  4.0249e+09    16.4313    25    24     2.2781
   26  3.8764e+09    16.5564    26    25     2.3597
   27  3.7158e+09    16.6979    27    26     2.4411
   28  3.7107e+09    16.7025    28    27     2.5223
   29  2.9593e+09    17.4743    29    28     2.6034
   30  2.4600e+09    18.1229    30    29     2.6844
   31  2.4503e+09    18.1370    31    30     2.7652
   32  2.4478e+09    18.1406    32    31     2.8459
   33  2.4180e+09    18.1842    33    32     2.9266
   34  2.3519e+09    18.2832    34    33     3.0071
   35  2.3164e+09    18.3377    35    34     3.0876
   36  2.2575e+09    18.4302    36    35     3.1680
   37  2.2433e+09    18.4529    37    36     3.2483
   38  2.2353e+09    18.4657    38    37     3.3285
   39  2.1396e+09    18.6239    39    38     3.4087
   40  2.1020e+09    18.6882    40    39     3.4889
   41  2.0644e+09    18.7539    41    40     3.5689
   42  2.0619e+09    18.7583    42    41     3.6490
   43  2.0289e+09    18.8172    43    42     3.7290
   44  2.0196e+09    18.8339    44    43     3.8089
   45  2.0091e+09    18.8531    45    44     3.8889
   46  1.8804e+09    19.0961    46    45     3.9688
   47  1.8275e+09    19.2017    47    46     4.0486
   48  1.8258e+09    19.2051    48    47     4.1285
   49  1.6446e+09    19.5949    49    48     4.2083
   50  1.6435e+09    19.5974    50    49     4.2881
   51  1.5988e+09    19.7012    51    50     4.3678
   52  1.5959e+09    19.7082    52    51     4.4476
   53  1.5773e+09    19.7524    53    52     4.5273
   54  1.5264e+09    19.8766    54    53     4.6070
   55  1.5183e+09    19.8969    55    54     4.6867
   56  1.4743e+09    20.0087    56    55     4.7664
   57  1.4652e+09    20.0323    57    56     4.8460
   58  1.4522e+09    20.0665    58    57     4.9257
   59  1.4229e+09    20.1442    59    58     5.0053
   60  1.3964e+09    20.2164    60    59     5.0849
   61  1.3475e+09    20.3537    61    60     5.1646
   62  1.2604e+09    20.6125    62    61     5.2442
   63  1.2578e+09    20.6205    63    62     5.3238
   64  1.2564e+09    20.6250    64    63     5.4033
   65  7.8631e+08    22.5073    65    64     5.4829
   66  7.6181e+08    22.6386    66    65     5.5625
   67  7.1195e+08    22.9212    67    66     5.6421
   68  6.6498e+08    23.2086    68    67     5.7216
   69  6.5234e+08    23.2899    69    68     5.8012
   70  6.0730e+08    23.5946    70    69     5.8807
   71  6.0645e+08    23.6006    71    70     5.9602
   72  6.0548e+08    23.6074    72    71     6.0398
   73  6.0515e+08    23.6097    73    72     6.1193
   74  6.0309e+08    23.6244    74    73     6.1988
   75  6.0278e+08    23.6265    75    74     6.2783
   76  6.0254e+08    23.6282    76    75     6.3579
   77  5.9384e+08    23.6906    77    76     6.4374
   78  5.8908e+08    23.7252    78    77     6.5169
   79  5.4651e+08    24.0488    79    78     6.5964
   80  5.4158e+08    24.0881    80    79     6.6759
   81  5.3069e+08    24.1763    81    80     6.7554
   82  5.2815e+08    24.1973    82    81     6.8349
   83  4.8849e+08    24.5388    83    82     6.9143
   84  4.8485e+08    24.5716    84    83     6.9938
   85  4.8063e+08    24.6101    85    84     7.0733
   86  4.1400e+08    25.2736    86    85     7.1528
   87  4.1395e+08    25.2741    87    86     7.2323
   88  3.5828e+08    25.9280    88    87     7.3117
   89  3.5627e+08    25.9537    89    88     7.3912
   90  3.5514e+08    25.9682    90    89     7.4707
   91  3.4674e+08    26.0779    91    90     7.5502
   92  3.4468e+08    26.1051    92    91     7.6296
   93  3.4436e+08    26.1094    93    92     7.7091
   94  3.4432e+08    26.1099    94    93     7.7885
   95  3.4401e+08    26.1140    95    94     7.8680
   96  3.4259e+08    26.1330    96    95     7.9475
   97  3.4248e+08    26.1346    97    96     8.0269
   98  3.4220e+08    26.1383    98    97     8.1064
   99  3.2518e+08    26.3733    99    98     8.1858
  100  3.1915e+08    26.4599   100    99     8.2653
