#indx Mass S step-number desc_indx 
    0  1.0000e+10    13.6042     0    -1     0.0134
    1  9.9768e+09    13.6109     1     0     0.1326
    2  9.9728e+09    13.6121     2     1     0.2441
    3  9.9390e+09    13.6219     3     2     0.3500
    4  9.9176e+09    13.6282     4     3     0.4519
    5  8.2972e+09    14.1533     5     4     0.5506
    6  7.2976e+09    14.5400     6     5     0.6467
    7  7.2898e+09    14.5433     7     6     0.7407
    8  7.2784e+09    14.5480     8     7     0.8330
    9  7.1295e+09    14.6111     9     8     0.9238
   10  7.0514e+09    14.6447    10     9     1.0134
   11  7.0441e+09    14.6479    11    10     1.1018
   12  7.0024e+09    14.6660    12    11     1.1894
   13  6.7036e+09    14.7999    13    12     1.2761
   14  6.5409e+09    14.8757    14    13     1.3621
   15  6.5187e+09    14.8862    15    14     1.4474
   16  5.3889e+09    15.4832    16    15     1.5322
   17  5.3875e+09    15.4840    17    16     1.6165
   18  5.2911e+09    15.5416    18    17     1.7003
   19  5.2152e+09    15.5876    19    18     1.7838
   20  5.1404e+09    15.6339    20    19     1.8669
   21  5.1276e+09    15.6419    21    20     1.9496
   22  4.4192e+09    16.1233    22    21     2.0321
   23  4.4158e+09    16.1259    23    22     2.1143
   24  4.4026e+09    16.1356    24    23     2.1963
   25  4.1520e+09    16.3284    25    24     2.2781
   26  4.0969e+09    16.3726    26    25     2.3597
   27  3.6770e+09    16.7331    27    26     2.4411
   28  3.6741e+09    16.7358    28    27     2.5223
   29  2.0864e+09    18.7154    29    28     2.6034
   30  2.0816e+09    18.7238    30    29     2.6844
   31  2.0725e+09    18.7397    31    30     2.7652
   32  2.0573e+09    18.7665    32    31     2.8459
   33  2.0428e+09    18.7923    33    32     2.9266
   34  2.0396e+09    18.7979    34    33     3.0071
   35  2.0199e+09    18.8333    35    34     3.0876
   36  1.8709e+09    19.1149    36    35     3.1680
   37  1.8488e+09    19.1587    37    36     3.2483
   38  1.6305e+09    19.6274    38    37     3.3285
   39  1.4320e+09    20.1200    39    38     3.4087
   40  1.4171e+09    20.1600    40    39     3.4889
   41  1.3845e+09    20.2494    41    40     3.5689
   42  8.5085e+08    22.1824    42    41     3.6490
   43  8.3619e+08    22.2537    43    42     3.7290
   44  8.3314e+08    22.2687    44    43     3.8089
   45  8.2887e+08    22.2898    45    44     3.8889
   46  7.4888e+08    22.7099    46    45     3.9688
   47  7.3426e+08    22.7921    47    46     4.0486
   48  6.9484e+08    23.0234    48    47     4.1285
   49  6.9438e+08    23.0262    49    48     4.2083
   50  6.8361e+08    23.0920    50    49     4.2881
   51  6.8085e+08    23.1090    51    50     4.3678
   52  6.7472e+08    23.1472    52    51     4.4476
   53  6.7330e+08    23.1561    53    52     4.5273
   54  6.7275e+08    23.1595    54    53     4.6070
   55  6.6732e+08    23.1938    55    54     4.6867
   56  6.6648e+08    23.1991    56    55     4.7664
   57  3.5323e+08    25.9929    57    56     4.8460
   58  3.5102e+08    26.0217    58    57     4.9257
   59  3.1120e+08    26.5770    59    58     5.0053
   60  2.9645e+08    26.8031    60    59     5.0849
   61  2.9567e+08    26.8154    61    60     5.1646
   62  2.9504e+08    26.8254    62    61     5.2442
   63  2.9285e+08    26.8603    63    62     5.3238
   64  2.9254e+08    26.8652    64    63     5.4033
   65  2.9171e+08    26.8785    65    64     5.4829
   66  2.8216e+08    27.0346    66    65     5.5625
   67  2.2629e+08    28.0856    67    66     5.6421
   68  2.2227e+08    28.1722    68    67     5.7216
   69  2.2004e+08    28.2210    69    68     5.8012
   70  2.1939e+08    28.2353    70    69     5.8807
   71  2.1523e+08    28.3281    71    70     5.9602
   72  2.1441e+08    28.3466    72    71     6.0398
   73  2.1394e+08    28.3573    73    72     6.1193
   74  2.1297e+08    28.3793    74    73     6.1988
   75  2.1163e+08    28.4099    75    74     6.2783
   76  2.1023e+08    28.4424    76    75     6.3579
   77  1.9886e+08    28.7139    77    76     6.4374
   78  1.9653e+08    28.7715    78    77     6.5169
   79  1.9507e+08    28.8082    79    78     6.5964
   80  1.9452e+08    28.8221    80    79     6.6759
   81  1.7126e+08    29.4522    81    80     6.7554
   82  1.6222e+08    29.7233    82    81     6.8349
   83  1.6130e+08    29.7518    83    82     6.9143
   84  1.4602e+08    30.2542    84    83     6.9938
   85  1.4597e+08    30.2558    85    84     7.0733
   86  1.4535e+08    30.2775    86    85     7.1528
   87  1.4456e+08    30.3053    87    86     7.2323
   88  1.4441e+08    30.3105    88    87     7.3117
   89  1.4363e+08    30.3379    89    88     7.3912
   90  1.4259e+08    30.3750    90    89     7.4707
   91  1.4226e+08    30.3868    91    90     7.5502
   92  1.3676e+08    30.5880    92    91     7.6296
   93  1.3653e+08    30.5965    93    92     7.7091
   94  1.3170e+08    30.7812    94    93     7.7885
   95  1.2407e+08    31.0890    95    94     7.8680
   96  1.2398e+08    31.0926    96    95     7.9475
   97  1.2390e+08    31.0958    97    96     8.0269
   98  1.2288e+08    31.1389    98    97     8.1064
   99  1.2187e+08    31.1815    99    98     8.1858
  100  1.2175e+08    31.1865   100    99     8.2653
