#indx Mass S step-number desc_indx 
    0  1.0000e+10    13.6042     0    -1     0.0134
    1  9.5874e+09    13.7268     1     0     0.1326
    2  9.5138e+09    13.7493     2     1     0.2441
    3  9.4464e+09    13.7701     3     2     0.3500
    4  9.3691e+09    13.7941     4     3     0.4519
    5  9.3181e+09    13.8101     5     4     0.5506
    6  9.1454e+09    13.8650     6     5     0.6467
    7  9.0643e+09    13.8913     7     6     0.7407
    8  9.0464e+09    13.8971     8     7     0.8330
    9  7.0253e+09    14.6560     9     8     0.9238
   10  6.7008e+09    14.8012    10     9     1.0134
   11  6.6076e+09    14.8444    11    10     1.1018
   12  6.4828e+09    14.9033    12    11     1.1894
   13  6.4753e+09    14.9069    13    12     1.2761
   14  6.1917e+09    15.0460    14    13     1.3621
   15  4.7427e+09    15.8932    15    14     1.4474
   16  4.7368e+09    15.8973    16    15     1.5322
   17  4.6820e+09    15.9351    17    16     1.6165
   18  4.6644e+09    15.9473    18    17     1.7003
   19  4.5139e+09    16.0540    19    18     1.7838
   20  4.4675e+09    16.0878    20    19     1.8669
   21  4.4482e+09    16.1019    21    20     1.9496
   22  4.3922e+09    16.1434    22    21     2.0321
   23  4.3282e+09    16.1916    23    22     2.1143
   24  4.0934e+09    16.3754    24    23     2.1963
   25  4.0583e+09    16.4039    25    24     2.2781
   26  3.3105e+09    17.0886    26    25     2.3597
   27  3.2995e+09    17.1001    27    26     2.4411
   28  3.1613e+09    17.2465    28    27     2.5223
   29  3.1540e+09    17.2544    29    28     2.6034
   30  2.0128e+09    18.8463    30    29     2.6844
   31  1.9013e+09    19.0553    31    30     2.7652
   32  1.7249e+09    19.4164    32    31     2.8459
   33  1.7111e+09    19.4464    33    32     2.9266
   34  1.5419e+09    19.8383    34    33     3.0071
   35  1.1821e+09    20.8635    35    34     3.0876
   36  1.1808e+09    20.8676    36    35     3.1680
   37  1.1371e+09    21.0161    37    36     3.2483
   38  1.1145e+09    21.0955    38    37     3.3285
   39  1.1131e+09    21.1004    39    38     3.4087
   40  1.0814e+09    21.2150    40    39     3.4889
   41  1.0796e+09    21.2214    41    40     3.5689
   42  1.0754e+09    21.2370    42    41     3.6490
   43  1.0748e+09    21.2393    43    42     3.7290
   44  1.0597e+09    21.2957    44    43     3.8089
   45  1.0367e+09    21.3829    45    44     3.8889
   46  1.0312e+09    21.4042    46    45     3.9688
   47  1.0301e+09    21.4085    47    46     4.0486
   48  1.0208e+09    21.4449    48    47     4.1285
   49  9.7510e+08    21.6288    49    48     4.2083
   50  9.7463e+08    21.6307    50    49     4.2881
   51  8.9927e+08    21.9564    51    50     4.3678
   52  8.9058e+08    21.9960    52    51     4.4476
   53  8.3551e+08    22.2571    53    52     4.5273
   54  8.3432e+08    22.2629    54    53     4.6070
   55  8.2945e+08    22.2870    55    54     4.6867
   56  8.2480e+08    22.3101    56    55     4.7664
   57  7.5037e+08    22.7016    57    56     4.8460
   58  7.4227e+08    22.7468    58    57     4.9257
   59  7.4182e+08    22.7493    59    58     5.0053
   60  7.2741e+08    22.8313    60    59     5.0849
   61  6.5849e+08    23.2501    61    60     5.1646
   62  6.5841e+08    23.2506    62    61     5.2442
   63  6.5053e+08    23.3017    63    62     5.3238
   64  6.3335e+08    23.4153    64    63     5.4033
   65  6.2896e+08    23.4449    65    64     5.4829
   66  6.2862e+08    23.4473    66    65     5.5625
   67  6.2854e+08    23.4478    67    66     5.6421
   68  6.1771e+08    23.5220    68    67     5.7216
   69  6.1171e+08    23.5636    69    68     5.8012
   70  6.0962e+08    23.5783    70    69     5.8807
   71  6.0457e+08    23.6138    71    70     5.9602
   72  5.2507e+08    24.2227    72    71     6.0398
   73  5.2221e+08    24.2465    73    72     6.1193
   74  5.1863e+08    24.2766    74    73     6.1988
   75  4.3130e+08    25.0904    75    74     6.2783
   76  4.0362e+08    25.3877    76    75     6.3579
   77  4.0266e+08    25.3984    77    76     6.4374
   78  3.9802e+08    25.4507    78    77     6.5169
   79  3.9691e+08    25.4633    79    78     6.5964
   80  3.9683e+08    25.4641    80    79     6.6759
   81  3.9444e+08    25.4915    81    80     6.7554
   82  3.9230e+08    25.5160    82    81     6.8349
   83  3.7610e+08    25.7070    83    82     6.9143
   84  3.7515e+08    25.7184    84    83     6.9938
   85  3.7500e+08    25.7203    85    84     7.0733
   86  3.7482e+08    25.7224    86    85     7.1528
   87  3.6905e+08    25.7930    87    86     7.2323
   88  3.3782e+08    26.1974    88    87     7.3117
   89  3.3777e+08    26.1982    89    88     7.3912
   90  3.3648e+08    26.2158    90    89     7.4707
   91  3.2271e+08    26.4086    91    90     7.5502
   92  2.9530e+08    26.8213    92    91     7.6296
   93  2.9096e+08    26.8906    93    92     7.7091
   94  2.9018e+08    26.9031    94    93     7.7885
   95  2.8946e+08    26.9148    95    94     7.8680
   96  2.8336e+08    27.0147    96    95     7.9475
   97  2.6091e+08    27.4045    97    96     8.0269
   98  2.5461e+08    27.5206    98    97     8.1064
   99  2.5362e+08    27.5392    99    98     8.1858
  100  2.5172e+08    27.5749   100    99     8.2653
