#indx Mass S step-number desc_indx 
    0  1.0000e+10    13.6042     0    -1     0.0134
    1  9.9679e+09    13.6135     1     0     0.1326
    2  9.3919e+09    13.7870     2     1     0.2441
    3  8.7661e+09    13.9900     3     2     0.3500
    4  8.7588e+09    13.9925     4     3     0.4519
    5  8.0947e+09    14.2272     5     4     0.5506
    6  7.5477e+09    14.4378     6     5     0.6467
    7  7.4250e+09    14.4875     7     6     0.7407
    8  7.4239e+09    14.4879     8     7     0.8330
    9  7.2712e+09    14.5511     9     8     0.9238
   10  7.1945e+09    14.5834    10     9     1.0134
   11  7.1654e+09    14.5957    11    10     1.1018
   12  7.1478e+09    14.6032    12    11     1.1894
   13  6.0321e+09    15.1276    13    12     1.2761
   14  5.8842e+09    15.2054    14    13     1.3621
   15  4.3859e+09    16.1481    15    14     1.4474
   16  4.0886e+09    16.3793    16    15     1.5322
   17  3.5121e+09    16.8879    17    16     1.6165
   18  3.5088e+09    16.8911    18    17     1.7003
   19  3.5027e+09    16.8969    19    18     1.7838
   20  3.3804e+09    17.0175    20    19     1.8669
   21  3.3305e+09    17.0682    21    20     1.9496
   22  2.9642e+09    17.4685    22    21     2.0321
   23  2.9403e+09    17.4965    23    22     2.1143
   24  2.9355e+09    17.5022    24    23     2.1963
   25  2.8491e+09    17.6061    25    24     2.2781
   26  2.5285e+09    18.0255    26    25     2.3597
   27  2.4084e+08    27.7861    27    26     2.4411
   28  2.3790e+08    27.8448    28    27     2.5223
   29  2.3581e+08    27.8873    29    28     2.6034
   30  2.3031e+08    28.0007    30    29     2.6844
   31  2.2887e+08    28.0308    31    30     2.7652
   32  2.2743e+08    28.0614    32    31     2.8459
   33  1.9773e+08    28.7419    33    32     2.9266
   34  1.7806e+08    29.2586    34    33     3.0071
   35  1.7740e+08    29.2770    35    34     3.0876
   36  1.7452e+08    29.3584    36    35     3.1680
   37  1.7336e+08    29.3915    37    36     3.2483
   38  1.7205e+08    29.4291    38    37     3.3285
   39  1.7068e+08    29.4690    39    38     3.4087
   40  1.7014e+08    29.4849    40    39     3.4889
   41  1.6211e+08    29.7267    41    40     3.5689
   42  1.5758e+08    29.8691    42    41     3.6490
   43  1.5743e+08    29.8738    43    42     3.7290
   44  1.5589e+08    29.9234    44    43     3.8089
   45  1.5327e+08    30.0089    45    44     3.8889
   46  1.5292e+08    30.0205    46    45     3.9688
   47  1.5283e+08    30.0234    47    46     4.0486
   48  1.5228e+08    30.0416    48    47     4.1285
   49  1.5207e+08    30.0487    49    48     4.2083
   50  1.5142e+08    30.0702    50    49     4.2881
   51  1.4981e+08    30.1244    51    50     4.3678
   52  1.4824e+08    30.1778    52    51     4.4476
   53  1.4807e+08    30.1834    53    52     4.5273
   54  1.4774e+08    30.1948    54    53     4.6070
   55  1.4772e+08    30.1956    55    54     4.6867
   56  1.4633e+08    30.2434    56    55     4.7664
   57  1.4616e+08    30.2494    57    56     4.8460
   58  1.2470e+08    31.0626    58    57     4.9257
   59  1.2451e+08    31.0707    59    58     5.0053
   60  1.2427e+08    31.0805    60    59     5.0849
   61  1.2060e+08    31.2358    61    60     5.1646
   62  1.2022e+08    31.2523    62    61     5.2442
   63  1.1964e+08    31.2772    63    62     5.3238
