#indx Mass S step-number desc_indx 
    0  1.0000e+10    13.6042     0    -1     0.0134
    1  7.1484e+09    14.6030     1     0     0.1326
    2  6.7375e+09    14.7844     2     1     0.2441
    3  6.6832e+09    14.8093     3     2     0.3500
    4  6.5169e+09    14.8871     4     3     0.4519
    5  5.8727e+09    15.2115     5     4     0.5506
    6  5.7724e+09    15.2657     6     5     0.6467
    7  5.6880e+09    15.3121     7     6     0.7407
    8  5.6626e+09    15.3262     8     7     0.8330
    9  5.6404e+09    15.3387     9     8     0.9238
   10  5.6202e+09    15.3499    10     9     1.0134
   11  5.6156e+09    15.3526    11    10     1.1018
   12  5.6140e+09    15.3534    12    11     1.1894
   13  5.4306e+09    15.4587    13    12     1.2761
   14  5.4214e+09    15.4641    14    13     1.3621
   15  5.4075e+09    15.4723    15    14     1.4474
   16  5.4050e+09    15.4737    16    15     1.5322
   17  5.2965e+09    15.5383    17    16     1.6165
   18  5.2800e+09    15.5483    18    17     1.7003
   19  5.2541e+09    15.5640    19    18     1.7838
   20  5.2463e+09    15.5687    20    19     1.8669
   21  5.1774e+09    15.6109    21    20     1.9496
   22  5.1681e+09    15.6166    22    21     2.0321
   23  5.1275e+09    15.6420    23    22     2.1143
   24  3.7536e+09    16.6640    24    23     2.1963
   25  3.7351e+09    16.6806    25    24     2.2781
   26  3.7020e+09    16.7104    26    25     2.3597
   27  3.6968e+09    16.7152    27    26     2.4411
   28  3.6941e+09    16.7176    28    27     2.5223
   29  3.6704e+09    16.7392    29    28     2.6034
   30  3.6601e+09    16.7487    30    29     2.6844
   31  3.5469e+09    16.8545    31    30     2.7652
   32  3.4963e+09    16.9031    32    31     2.8459
   33  3.4712e+09    16.9275    33    32     2.9266
   34  3.3769e+09    17.0210    34    33     3.0071
   35  2.9540e+09    17.4805    35    34     3.0876
   36  2.9401e+09    17.4968    36    35     3.1680
   37  2.8400e+09    17.6173    37    36     3.2483
   38  2.8373e+09    17.6206    38    37     3.3285
   39  2.8211e+09    17.6406    39    38     3.4087
   40  2.7991e+09    17.6679    40    39     3.4889
   41  2.7842e+09    17.6866    41    40     3.5689
   42  2.7788e+09    17.6933    42    41     3.6490
   43  2.7697e+09    17.7048    43    42     3.7290
   44  2.7111e+09    17.7797    44    43     3.8089
   45  2.6513e+09    17.8581    45    44     3.8889
   46  2.6459e+09    17.8652    46    45     3.9688
   47  2.4674e+09    18.1122    47    46     4.0486
   48  2.3928e+09    18.2216    48    47     4.1285
   49  2.3654e+09    18.2627    49    48     4.2083
   50  2.3615e+09    18.2686    50    49     4.2881
   51  1.9815e+09    18.9037    51    50     4.3678
   52  1.9599e+09    18.9438    52    51     4.4476
   53  1.9518e+09    18.9590    53    52     4.5273
   54  1.9205e+09    19.0185    54    53     4.6070
   55  1.9110e+09    19.0367    55    54     4.6867
   56  1.9099e+09    19.0388    56    55     4.7664
   57  1.8910e+09    19.0754    57    56     4.8460
   58  1.8582e+09    19.1400    58    57     4.9257
   59  1.8534e+09    19.1495    59    58     5.0053
   60  1.7814e+09    19.2964    60    59     5.0849
   61  1.7767e+09    19.3063    61    60     5.1646
   62  1.7766e+09    19.3064    62    61     5.2442
   63  1.7474e+09    19.3682    63    62     5.3238
   64  1.7361e+09    19.3922    64    63     5.4033
   65  7.7618e+08    22.5611    65    64     5.4829
   66  7.7614e+08    22.5613    66    65     5.5625
   67  7.7477e+08    22.5686    67    66     5.6421
   68  7.6887e+08    22.6003    68    67     5.7216
   69  7.6843e+08    22.6027    69    68     5.8012
   70  7.6741e+08    22.6082    70    69     5.8807
   71  7.6317e+08    22.6312    71    70     5.9602
   72  7.6104e+08    22.6428    72    71     6.0398
   73  7.6035e+08    22.6466    73    72     6.1193
   74  7.5705e+08    22.6647    74    73     6.1988
   75  7.5296e+08    22.6873    75    74     6.2783
   76  7.4792e+08    22.7152    76    75     6.3579
   77  7.4200e+08    22.7484    77    76     6.4374
   78  7.4161e+08    22.7505    78    77     6.5169
   79  7.3654e+08    22.7792    79    78     6.5964
   80  7.2503e+08    22.8450    80    79     6.6759
   81  6.7637e+08    23.1369    81    80     6.7554
   82  6.7388e+08    23.1524    82    81     6.8349
   83  6.4162e+08    23.3602    83    82     6.9143
   84  6.4015e+08    23.3699    84    83     6.9938
   85  5.1744e+08    24.2865    85    84     7.0733
   86  4.9798e+08    24.4542    86    85     7.1528
   87  4.9659e+08    24.4665    87    86     7.2323
   88  4.9557e+08    24.4756    88    87     7.3117
   89  4.7458e+08    24.6660    89    88     7.3912
   90  4.3229e+08    25.0801    90    89     7.4707
   91  4.2803e+08    25.1244    91    90     7.5502
   92  4.2390e+08    25.1678    92    91     7.6296
   93  3.9829e+08    25.4476    93    92     7.7091
   94  3.8379e+08    25.6152    94    93     7.7885
   95  3.8348e+08    25.6188    95    94     7.8680
   96  3.7224e+08    25.7538    96    95     7.9475
   97  3.6606e+08    25.8300    97    96     8.0269
   98  3.6442e+08    25.8505    98    97     8.1064
   99  3.6349e+08    25.8621    99    98     8.1858
  100  3.6297e+08    25.8687   100    99     8.2653
