#indx Mass S step-number desc_indx 
    0  1.0000e+10    13.6042     0    -1     0.0134
    1  9.5352e+09    13.7427     1     0     0.1326
    2  9.2460e+09    13.8329     2     1     0.2441
    3  9.1186e+09    13.8737     3     2     0.3500
    4  8.3088e+09    14.1492     4     3     0.4519
    5  8.2939e+09    14.1545     5     4     0.5506
    6  8.2730e+09    14.1620     6     5     0.6467
    7  8.2051e+09    14.1867     7     6     0.7407
    8  4.6981e+09    15.9239     8     7     0.8330
    9  4.6564e+09    15.9528     9     8     0.9238
   10  4.6307e+09    15.9708    10     9     1.0134
   11  4.6265e+09    15.9738    11    10     1.1018
   12  4.4575e+09    16.0951    12    11     1.1894
   13  4.2905e+09    16.2203    13    12     1.2761
   14  4.1441e+09    16.3347    14    13     1.3621
   15  3.7453e+09    16.6714    15    14     1.4474
   16  3.7093e+09    16.7038    16    15     1.5322
   17  3.6996e+09    16.7126    17    16     1.6165
   18  3.6833e+09    16.7274    18    17     1.7003
   19  3.5999e+09    16.8045    19    18     1.7838
   20  3.4871e+09    16.9120    20    19     1.8669
   21  2.4045e+09    18.2043    21    20     1.9496
   22  2.3710e+09    18.2543    22    21     2.0321
   23  2.3262e+09    18.3225    23    22     2.1143
   24  2.1845e+09    18.5487    24    23     2.1963
   25  2.1758e+09    18.5632    25    24     2.2781
   26  1.7745e+09    19.3109    26    25     2.3597
   27  1.7665e+09    19.3277    27    26     2.4411
   28  1.7657e+09    19.3294    28    27     2.5223
   29  1.7648e+09    19.3311    29    28     2.6034
   30  1.7520e+09    19.3584    30    29     2.6844
   31  1.7470e+09    19.3690    31    30     2.7652
   32  1.6520e+09    19.5781    32    31     2.8459
   33  1.6508e+09    19.5809    33    32     2.9266
   34  1.6230e+09    19.6448    34    33     3.0071
   35  1.6041e+09    19.6889    35    34     3.0876
   36  1.4870e+09    19.9760    36    35     3.1680
   37  1.4500e+09    20.0722    37    36     3.2483
   38  1.4459e+09    20.0829    38    37     3.3285
   39  1.2468e+09    20.6549    39    38     3.4087
   40  1.1512e+09    20.9673    40    39     3.4889
   41  1.1361e+09    21.0197    41    40     3.5689
   42  1.1324e+09    21.0324    42    41     3.6490
   43  1.1214e+09    21.0711    43    42     3.7290
   44  1.1036e+09    21.1342    44    43     3.8089
   45  1.1036e+09    21.1344    45    44     3.8889
   46  1.1005e+09    21.1453    46    45     3.9688
   47  1.0939e+09    21.1694    47    46     4.0486
   48  1.0477e+09    21.3408    48    47     4.1285
   49  1.0463e+09    21.3461    49    48     4.2083
   50  1.0192e+09    21.4511    50    49     4.2881
   51  1.0145e+09    21.4695    51    50     4.3678
   52  9.0980e+08    21.9091    52    51     4.4476
   53  9.0826e+08    21.9160    53    52     4.5273
   54  8.7924e+08    22.0482    54    53     4.6070
   55  8.4518e+08    22.2098    55    54     4.6867
   56  8.2783e+08    22.2950    56    55     4.7664
   57  8.2560e+08    22.3061    57    56     4.8460
   58  8.0992e+08    22.3851    58    57     4.9257
   59  7.8437e+08    22.5176    59    58     5.0053
   60  7.8041e+08    22.5386    60    59     5.0849
   61  7.7278e+08    22.5793    61    60     5.1646
   62  7.7033e+08    22.5925    62    61     5.2442
   63  7.6927e+08    22.5982    63    62     5.3238
   64  7.6356e+08    22.6291    64    63     5.4033
   65  7.6309e+08    22.6317    65    64     5.4829
   66  7.5817e+08    22.6585    66    65     5.5625
   67  7.4196e+08    22.7486    67    66     5.6421
   68  3.5145e+08    26.0160    68    67     5.7216
   69  3.5069e+08    26.0259    69    68     5.8012
   70  3.5063e+08    26.0267    70    69     5.8807
   71  3.4028e+08    26.1641    71    70     5.9602
   72  3.3977e+08    26.1710    72    71     6.0398
   73  3.3870e+08    26.1856    73    72     6.1193
   74  3.3488e+08    26.2377    74    73     6.1988
   75  3.3465e+08    26.2410    75    74     6.2783
   76  3.2243e+08    26.4125    76    75     6.3579
   77  3.2041e+08    26.4417    77    76     6.4374
   78  3.1961e+08    26.4532    78    77     6.5169
   79  3.0796e+08    26.6256    79    78     6.5964
   80  3.0679e+08    26.6432    80    79     6.6759
   81  3.0401e+08    26.6857    81    80     6.7554
   82  3.0261e+08    26.7072    82    81     6.8349
   83  3.0043e+08    26.7408    83    82     6.9143
   84  2.9944e+08    26.7562    84    83     6.9938
   85  2.9705e+08    26.7936    85    84     7.0733
   86  2.9681e+08    26.7975    86    85     7.1528
   87  2.9679e+08    26.7978    87    86     7.2323
   88  2.8924e+08    26.9184    88    87     7.3117
   89  2.7223e+08    27.2034    89    88     7.3912
   90  2.7102e+08    27.2245    90    89     7.4707
   91  2.5909e+08    27.4376    91    90     7.5502
   92  2.5636e+08    27.4880    92    91     7.6296
   93  2.5623e+08    27.4903    93    92     7.7091
   94  2.5527e+08    27.5082    94    93     7.7885
   95  2.5449e+08    27.5229    95    94     7.8680
   96  2.5372e+08    27.5373    96    95     7.9475
   97  1.9115e+08    28.9080    97    96     8.0269
   98  1.8107e+08    29.1754    98    97     8.1064
   99  1.7938e+08    29.2219    99    98     8.1858
  100  1.7662e+08    29.2990   100    99     8.2653
