#indx Mass S step-number desc_indx 
    0  1.0000e+10    13.6042     0    -1     0.0134
    1  9.8251e+09    13.6554     1     0     0.1326
    2  9.1613e+09    13.8599     2     1     0.2441
    3  9.1508e+09    13.8633     3     2     0.3500
    4  7.5739e+09    14.4273     4     3     0.4519
    5  7.0559e+09    14.6428     5     4     0.5506
    6  7.0543e+09    14.6434     6     5     0.6467
    7  6.8810e+09    14.7196     7     6     0.7407
    8  6.8629e+09    14.7277     8     7     0.8330
    9  6.7084e+09    14.7977     9     8     0.9238
   10  6.5988e+09    14.8485    10     9     1.0134
   11  6.5493e+09    14.8717    11    10     1.1018
   12  6.5197e+09    14.8858    12    11     1.1894
   13  6.3874e+09    14.9492    13    12     1.2761
   14  6.3628e+09    14.9612    14    13     1.3621
   15  6.3381e+09    14.9733    15    14     1.4474
   16  6.3298e+09    14.9774    16    15     1.5322
   17  6.2982e+09    14.9929    17    16     1.6165
   18  6.2591e+09    15.0123    18    17     1.7003
   19  6.2547e+09    15.0145    19    18     1.7838
   20  6.1978e+09    15.0429    20    19     1.8669
   21  6.0707e+09    15.1076    21    20     1.9496
   22  6.0593e+09    15.1135    22    21     2.0321
   23  5.4728e+09    15.4341    23    22     2.1143
   24  5.2685e+09    15.5552    24    23     2.1963
   25  5.1528e+09    15.6262    25    24     2.2781
   26  4.3758e+09    16.1557    26    25     2.3597
   27  4.1977e+09    16.2923    27    26     2.4411
   28  4.1510e+09    16.3292    28    27     2.5223
   29  4.1302e+09    16.3458    29    28     2.6034
   30  4.1143e+09    16.3585    30    29     2.6844
   31  4.1079e+09    16.3637    31    30     2.7652
   32  4.0989e+09    16.3709    32    31     2.8459
   33  4.0811e+09    16.3854    33    32     2.9266
   34  4.0013e+09    16.4508    34    33     3.0071
   35  3.9655e+09    16.4807    35    34     3.0876
   36  3.5259e+09    16.8746    36    35     3.1680
   37  3.4903e+09    16.9089    37    36     3.2483
   38  3.4362e+09    16.9619    38    37     3.3285
   39  3.4243e+09    16.9737    39    38     3.4087
   40  3.3897e+09    17.0082    40    39     3.4889
   41  2.0153e+09    18.8418    41    40     3.5689
   42  1.9079e+09    19.0427    42    41     3.6490
   43  1.8935e+09    19.0706    43    42     3.7290
   44  1.8578e+09    19.1408    44    43     3.8089
   45  1.7690e+09    19.3223    45    44     3.8889
   46  1.1562e+09    20.9505    46    45     3.9688
   47  1.1516e+09    20.9662    47    46     4.0486
   48  1.1500e+09    20.9716    48    47     4.1285
   49  1.1365e+09    21.0181    49    48     4.2083
   50  1.1244e+09    21.0606    50    49     4.2881
   51  1.1130e+09    21.1007    51    50     4.3678
   52  1.0655e+09    21.2738    52    51     4.4476
   53  1.0648e+09    21.2764    53    52     4.5273
   54  1.0560e+09    21.3096    54    53     4.6070
   55  1.0559e+09    21.3099    55    54     4.6867
   56  1.0557e+09    21.3108    56    55     4.7664
   57  1.0540e+09    21.3172    57    56     4.8460
   58  1.0231e+09    21.4360    58    57     4.9257
   59  1.0230e+09    21.4364    59    58     5.0053
   60  9.8934e+08    21.5704    60    59     5.0849
   61  8.6961e+08    22.0932    61    60     5.1646
   62  8.4037e+08    22.2333    62    61     5.2442
   63  7.9296e+08    22.4725    63    62     5.3238
   64  7.8667e+08    22.5054    64    63     5.4033
   65  7.8382e+08    22.5205    65    64     5.4829
   66  7.4748e+08    22.7177    66    65     5.5625
   67  7.4673e+08    22.7219    67    66     5.6421
   68  7.4353e+08    22.7398    68    67     5.7216
   69  7.2675e+08    22.8351    69    68     5.8012
   70  6.9160e+08    23.0430    70    69     5.8807
   71  6.8912e+08    23.0582    71    70     5.9602
   72  6.6517e+08    23.2074    72    71     6.0398
   73  6.6117e+08    23.2329    73    72     6.1193
   74  6.4949e+08    23.3085    74    73     6.1988
   75  6.3222e+08    23.4230    75    74     6.2783
   76  6.2034e+08    23.5038    76    75     6.3579
   77  6.1951e+08    23.5096    77    76     6.4374
   78  6.1919e+08    23.5117    78    77     6.5169
   79  6.1130e+08    23.5665    79    78     6.5964
   80  6.1087e+08    23.5695    80    79     6.6759
   81  6.0882e+08    23.5838    81    80     6.7554
   82  5.7542e+08    23.8261    82    81     6.8349
   83  5.7275e+08    23.8461    83    82     6.9143
   84  5.7201e+08    23.8517    84    83     6.9938
   85  5.6807e+08    23.8814    85    84     7.0733
   86  5.6103e+08    23.9353    86    85     7.1528
   87  5.6041e+08    23.9400    87    86     7.2323
   88  5.5467e+08    23.9846    88    87     7.3117
   89  5.5244e+08    24.0020    89    88     7.3912
   90  5.3559e+08    24.1364    90    89     7.4707
   91  5.3397e+08    24.1496    91    90     7.5502
   92  5.3391e+08    24.1501    92    91     7.6296
   93  5.3024e+08    24.1801    93    92     7.7091
   94  5.1127e+08    24.3389    94    93     7.7885
   95  4.8925e+08    24.5319    95    94     7.8680
   96  4.8601e+08    24.5611    96    95     7.9475
   97  4.4581e+08    24.9430    97    96     8.0269
   98  4.4195e+08    24.9817    98    97     8.1064
   99  4.4163e+08    24.9849    99    98     8.1858
  100  4.4109e+08    24.9903   100    99     8.2653
