#indx Mass S step-number desc_indx 
    0  1.0000e+10    13.6042     0    -1     0.0134
    1  9.9966e+09    13.6052     1     0     0.1326
    2  9.8836e+09    13.6382     2     1     0.2441
    3  9.7407e+09    13.6805     3     2     0.3500
    4  9.4697e+09    13.7629     4     3     0.4519
    5  9.3765e+09    13.7918     5     4     0.5506
    6  9.3297e+09    13.8065     6     5     0.6467
    7  9.2767e+09    13.8232     7     6     0.7407
    8  9.2528e+09    13.8308     8     7     0.8330
    9  9.1721e+09    13.8565     9     8     0.9238
   10  9.1531e+09    13.8626    10     9     1.0134
   11  9.0770e+09    13.8871    11    10     1.1018
   12  8.7620e+09    13.9914    12    11     1.1894
   13  8.7377e+09    13.9996    13    12     1.2761
   14  8.5051e+09    14.0796    14    13     1.3621
   15  8.4361e+09    14.1039    15    14     1.4474
   16  8.1488e+09    14.2073    16    15     1.5322
   17  8.1259e+09    14.2157    17    16     1.6165
   18  8.0906e+09    14.2287    18    17     1.7003
   19  7.9950e+09    14.2643    19    18     1.7838
   20  7.8313e+09    14.3265    20    19     1.8669
   21  6.1069e+09    15.0890    21    20     1.9496
   22  5.9476e+09    15.1717    22    21     2.0321
   23  5.7650e+09    15.2697    23    22     2.1143
   24  5.7494e+09    15.2782    24    23     2.1963
   25  5.7421e+09    15.2822    25    24     2.2781
   26  5.7070e+09    15.3015    26    25     2.3597
   27  5.7018e+09    15.3044    27    26     2.4411
   28  5.6913e+09    15.3103    28    27     2.5223
   29  5.0394e+09    15.6975    29    28     2.6034
   30  4.9007e+09    15.7873    30    29     2.6844
   31  4.0355e+09    16.4226    31    30     2.7652
   32  3.9689e+09    16.4778    32    31     2.8459
   33  3.9331e+09    16.5080    33    32     2.9266
   34  3.8325e+09    16.5944    34    33     3.0071
   35  3.6998e+09    16.7124    35    34     3.0876
   36  3.5982e+09    16.8061    36    35     3.1680
   37  3.5882e+09    16.8155    37    36     3.2483
   38  3.5756e+09    16.8273    38    37     3.3285
   39  3.5719e+09    16.8308    39    38     3.4087
   40  3.4794e+09    16.9195    40    39     3.4889
   41  3.4156e+09    16.9823    41    40     3.5689
   42  3.3959e+09    17.0020    42    41     3.6490
   43  2.6419e+09    17.8705    43    42     3.7290
   44  2.6104e+09    17.9128    44    43     3.8089
   45  2.4938e+09    18.0745    45    44     3.8889
   46  2.4771e+09    18.0983    46    45     3.9688
   47  2.1523e+09    18.6025    47    46     4.0486
   48  2.1295e+09    18.6411    48    47     4.1285
   49  2.0385e+09    18.7999    49    48     4.2083
   50  2.0272e+09    18.8202    50    49     4.2881
   51  2.0165e+09    18.8397    51    50     4.3678
   52  2.0070e+09    18.8568    52    51     4.4476
   53  2.0057e+09    18.8593    53    52     4.5273
   54  1.9887e+09    18.8904    54    53     4.6070
   55  1.8236e+09    19.2095    55    54     4.6867
   56  1.8193e+09    19.2182    56    55     4.7664
   57  1.8105e+09    19.2363    57    56     4.8460
   58  1.8010e+09    19.2559    58    57     4.9257
   59  1.7321e+09    19.4009    59    58     5.0053
   60  1.7006e+09    19.4695    60    59     5.0849
   61  1.6297e+09    19.6293    61    60     5.1646
   62  1.6271e+09    19.6353    62    61     5.2442
   63  1.5710e+09    19.7674    63    62     5.3238
   64  1.5693e+09    19.7716    64    63     5.4033
   65  1.5637e+09    19.7851    65    64     5.4829
   66  1.4826e+09    19.9872    66    65     5.5625
   67  1.4506e+09    20.0706    67    66     5.6421
   68  1.3784e+09    20.2663    68    67     5.7216
   69  1.3749e+09    20.2759    69    68     5.8012
   70  1.3685e+09    20.2940    70    69     5.8807
   71  1.3378e+09    20.3816    71    70     5.9602
   72  1.3078e+09    20.4692    72    71     6.0398
   73  1.3059e+09    20.4748    73    72     6.1193
   74  7.5974e+08    22.6499    74    73     6.1988
   75  7.3993e+08    22.7600    75    74     6.2783
   76  6.6645e+08    23.1993    76    75     6.3579
   77  6.6630e+08    23.2002    77    76     6.4374
   78  6.4490e+08    23.3386    78    77     6.5169
   79  6.2743e+08    23.4554    79    78     6.5964
   80  6.2697e+08    23.4585    80    79     6.6759
   81  6.2594e+08    23.4655    81    80     6.7554
   82  6.1783e+08    23.5211    82    81     6.8349
   83  6.0039e+08    23.6436    83    82     6.9143
   84  5.8196e+08    23.7774    84    83     6.9938
   85  5.7679e+08    23.8158    85    84     7.0733
   86  5.7545e+08    23.8259    86    85     7.1528
   87  4.6447e+08    24.7611    87    86     7.2323
   88  4.5316e+08    24.8703    88    87     7.3117
   89  4.4950e+08    24.9064    89    88     7.3912
   90  4.4893e+08    24.9120    90    89     7.4707
   91  4.0647e+08    25.3561    91    90     7.5502
   92  4.0084e+08    25.4189    92    91     7.6296
   93  3.9962e+08    25.4326    93    92     7.7091
   94  3.9772e+08    25.4540    94    93     7.7885
   95  3.9293e+08    25.5088    95    94     7.8680
   96  3.9214e+08    25.5178    96    95     7.9475
   97  3.5418e+08    25.9805    97    96     8.0269
   98  3.0100e+08    26.7321    98    97     8.1064
   99  3.0083e+08    26.7346    99    98     8.1858
  100  2.9688e+08    26.7963   100    99     8.2653
