#indx Mass S step-number desc_indx 
    0  1.0000e+10    13.6042     0    -1     0.0134
    1  8.1514e+09    14.2063     1     0     0.1326
    2  7.8076e+09    14.3356     2     1     0.2441
    3  7.5340e+09    14.4433     3     2     0.3500
    4  2.5312e+09    18.0217     4     3     0.4519
    5  2.5079e+09    18.0544     5     4     0.5506
    6  2.3700e+09    18.2558     6     5     0.6467
    7  2.3655e+09    18.2626     7     6     0.7407
    8  2.3585e+09    18.2732     8     7     0.8330
    9  2.3308e+09    18.3154     9     8     0.9238
   10  2.3304e+09    18.3161    10     9     1.0134
   11  2.3293e+09    18.3179    11    10     1.1018
   12  2.3249e+09    18.3245    12    11     1.1894
   13  2.1295e+09    18.6410    13    12     1.2761
   14  2.1016e+09    18.6890    14    13     1.3621
   15  2.0895e+09    18.7099    15    14     1.4474
   16  2.0201e+09    18.8330    16    15     1.5322
   17  2.0047e+09    18.8611    17    16     1.6165
   18  1.9130e+09    19.0328    18    17     1.7003
   19  1.9041e+09    19.0499    19    18     1.7838
   20  1.7643e+09    19.3322    20    19     1.8669
   21  1.6406e+09    19.6041    21    20     1.9496
   22  1.1800e+09    20.8702    22    21     2.0321
   23  1.0478e+09    21.3405    23    22     2.1143
   24  1.0412e+09    21.3659    24    23     2.1963
   25  1.0255e+09    21.4266    25    24     2.2781
   26  9.8963e+08    21.5692    26    25     2.3597
   27  9.6680e+08    21.6632    27    26     2.4411
   28  9.4917e+08    21.7374    28    27     2.5223
   29  9.4605e+08    21.7507    29    28     2.6034
   30  9.4297e+08    21.7639    30    29     2.6844
   31  8.2481e+08    22.3100    31    30     2.7652
   32  8.2147e+08    22.3268    32    31     2.8459
   33  8.1964e+08    22.3359    33    32     2.9266
   34  8.0819e+08    22.3939    34    33     3.0071
   35  8.0018e+08    22.4350    35    34     3.0876
   36  7.7824e+08    22.5501    36    35     3.1680
   37  7.2226e+08    22.8610    37    36     3.2483
   38  7.2025e+08    22.8727    38    37     3.3285
   39  7.1508e+08    22.9028    39    38     3.4087
   40  7.1275e+08    22.9165    40    39     3.4889
   41  6.6126e+08    23.2323    41    40     3.5689
   42  6.6079e+08    23.2353    42    41     3.6490
   43  2.8764e+08    26.9443    43    42     3.7290
   44  2.8447e+08    26.9963    44    43     3.8089
   45  2.7139e+08    27.2179    45    44     3.8889
   46  2.6718e+08    27.2918    46    45     3.9688
   47  2.6477e+08    27.3348    47    46     4.0486
   48  2.6229e+08    27.3793    48    47     4.1285
   49  2.5344e+08    27.5426    49    48     4.2083
   50  2.5326e+08    27.5458    50    49     4.2881
   51  2.5285e+08    27.5536    51    50     4.3678
   52  2.3729e+08    27.8572    52    51     4.4476
   53  2.3522e+08    27.8994    53    52     4.5273
   54  2.3365e+08    27.9316    54    53     4.6070
   55  2.3324e+08    27.9398    55    54     4.6867
   56  2.2838e+08    28.0413    56    55     4.7664
   57  2.2812e+08    28.0468    57    56     4.8460
   58  2.2637e+08    28.0839    58    57     4.9257
   59  2.2618e+08    28.0878    59    58     5.0053
   60  2.2551e+08    28.1022    60    59     5.0849
   61  2.2051e+08    28.2105    61    60     5.1646
   62  2.1988e+08    28.2244    62    61     5.2442
   63  2.1875e+08    28.2494    63    62     5.3238
   64  2.1792e+08    28.2679    64    63     5.4033
   65  2.1641e+08    28.3015    65    64     5.4829
   66  2.1576e+08    28.3161    66    65     5.5625
   67  1.8698e+08    29.0166    67    66     5.6421
   68  1.8561e+08    29.0528    68    67     5.7216
   69  1.8520e+08    29.0638    69    68     5.8012
   70  1.8510e+08    29.0665    70    69     5.8807
   71  1.8111e+08    29.1744    71    70     5.9602
   72  1.7436e+08    29.3629    72    71     6.0398
   73  1.6962e+08    29.5002    73    72     6.1193
   74  1.6889e+08    29.5217    74    73     6.1988
   75  1.6875e+08    29.5258    75    74     6.2783
   76  1.6780e+08    29.5541    76    75     6.3579
   77  1.6762e+08    29.5592    77    76     6.4374
   78  1.6487e+08    29.6420    78    77     6.5169
   79  1.6433e+08    29.6585    79    78     6.5964
   80  1.3558e+08    30.6325    80    79     6.6759
   81  1.3529e+08    30.6434    81    80     6.7554
   82  1.3398e+08    30.6932    82    81     6.8349
   83  1.3345e+08    30.7137    83    82     6.9143
   84  1.2455e+08    31.0690    84    83     6.9938
   85  1.2443e+08    31.0740    85    84     7.0733
   86  1.2439e+08    31.0756    86    85     7.1528
   87  1.2438e+08    31.0762    87    86     7.2323
   88  1.1243e+08    31.6011    88    87     7.3117
   89  1.1139e+08    31.6499    89    88     7.3912
   90  1.0451e+08    31.9847    90    89     7.4707
   91  1.0315e+08    32.0537    91    90     7.5502
   92  1.0300e+08    32.0617    92    91     7.6296
   93  1.0281e+08    32.0711    93    92     7.7091
   94  1.0254e+08    32.0850    94    93     7.7885
   95  1.0241e+08    32.0920    95    94     7.8680
   96  1.0236e+08    32.0943    96    95     7.9475
   97  1.0208e+08    32.1091    97    96     8.0269
   98  1.0197e+08    32.1145    98    97     8.1064
