#indx Mass S step-number desc_indx 
    0  1.0000e+10    13.6042     0    -1     0.0134
    1  9.9426e+09    13.6209     1     0     0.1326
    2  9.8856e+09    13.6376     2     1     0.2441
    3  7.6506e+09    14.3969     3     2     0.3500
    4  7.4720e+09    14.4683     4     3     0.4519
    5  7.2279e+09    14.5693     5     4     0.5506
    6  7.1749e+09    14.5917     6     5     0.6467
    7  7.1134e+09    14.6179     7     6     0.7407
    8  7.0238e+09    14.6567     8     7     0.8330
    9  6.8459e+09    14.7353     9     8     0.9238
   10  6.4690e+09    14.9099    10     9     1.0134
   11  6.2385e+09    15.0225    11    10     1.1018
   12  6.2180e+09    15.0328    12    11     1.1894
   13  6.2130e+09    15.0353    13    12     1.2761
   14  5.2471e+09    15.5682    14    13     1.3621
   15  4.3897e+09    16.1453    15    14     1.4474
   16  4.1122e+09    16.3602    16    15     1.5322
   17  4.0865e+09    16.3810    17    16     1.6165
   18  4.0747e+09    16.3905    18    17     1.7003
   19  4.0113e+09    16.4426    19    18     1.7838
   20  3.9861e+09    16.4634    20    19     1.8669
   21  3.8370e+09    16.5904    21    20     1.9496
   22  3.1526e+09    17.2559    22    21     2.0321
   23  3.1513e+09    17.2574    23    22     2.1143
   24  2.5304e+09    18.0227    24    23     2.1963
   25  2.4922e+09    18.0768    25    24     2.2781
   26  2.4700e+09    18.1085    26    25     2.3597
   27  2.4261e+09    18.1723    27    26     2.4411
   28  2.3431e+09    18.2966    28    27     2.5223
   29  2.1857e+09    18.5467    29    28     2.6034
   30  1.9473e+09    18.9674    30    29     2.6844
   31  1.9428e+09    18.9760    31    30     2.7652
   32  1.9233e+09    19.0130    32    31     2.8459
   33  1.9102e+09    19.0381    33    32     2.9266
   34  1.9022e+09    19.0536    34    33     3.0071
   35  1.8945e+09    19.0686    35    34     3.0876
   36  1.8873e+09    19.0826    36    35     3.1680
   37  1.8680e+09    19.1205    37    36     3.2483
   38  1.8657e+09    19.1251    38    37     3.3285
   39  1.8367e+09    19.1831    39    38     3.4087
   40  1.8353e+09    19.1857    40    39     3.4889
   41  1.8313e+09    19.1940    41    40     3.5689
   42  1.8256e+09    19.2056    42    41     3.6490
   43  1.4956e+09    19.9541    43    42     3.7290
   44  1.4813e+09    19.9906    44    43     3.8089
   45  1.3156e+09    20.4461    45    44     3.8889
   46  1.2930e+09    20.5133    46    45     3.9688
   47  1.2843e+09    20.5395    47    46     4.0486
   48  1.2293e+09    20.7100    48    47     4.1285
   49  1.1921e+09    20.8304    49    48     4.2083
   50  1.1504e+09    20.9701    50    49     4.2881
   51  1.1470e+09    20.9819    51    50     4.3678
   52  1.1457e+09    20.9864    52    51     4.4476
   53  1.1440e+09    20.9924    53    52     4.5273
   54  9.7119e+08    21.6449    54    53     4.6070
   55  9.6097e+08    21.6875    55    54     4.6867
   56  9.5894e+08    21.6961    56    55     4.7664
   57  9.3422e+08    21.8017    57    56     4.8460
   58  9.3216e+08    21.8106    58    57     4.9257
   59  9.1341e+08    21.8930    59    58     5.0053
   60  9.1043e+08    21.9062    60    59     5.0849
   61  9.0089e+08    21.9491    61    60     5.1646
   62  8.8471e+08    22.0229    62    61     5.2442
   63  5.1051e+08    24.3455    63    62     5.3238
   64  5.0662e+08    24.3789    64    63     5.4033
   65  5.0463e+08    24.3962    65    64     5.4829
   66  4.5844e+08    24.8190    66    65     5.5625
   67  4.5433e+08    24.8589    67    66     5.6421
   68  4.5368e+08    24.8653    68    67     5.7216
   69  4.4665e+08    24.9346    69    68     5.8012
   70  4.2320e+08    25.1751    70    69     5.8807
   71  3.8406e+08    25.6120    71    70     5.9602
   72  3.8347e+08    25.6190    72    71     6.0398
   73  3.8306e+08    25.6238    73    72     6.1193
   74  3.8270e+08    25.6280    74    73     6.1988
   75  3.8186e+08    25.6381    75    74     6.2783
   76  3.6284e+08    25.8703    76    75     6.3579
   77  3.1064e+08    26.5853    77    76     6.4374
   78  3.1019e+08    26.5920    78    77     6.5169
   79  2.9169e+08    26.8788    79    78     6.5964
   80  2.9162e+08    26.8800    80    79     6.6759
   81  2.9053e+08    26.8974    81    80     6.7554
   82  2.7676e+08    27.1256    82    81     6.8349
   83  2.7669e+08    27.1268    83    82     6.9143
   84  2.7509e+08    27.1542    84    83     6.9938
   85  2.5970e+08    27.4264    85    84     7.0733
   86  2.4991e+08    27.6092    86    85     7.1528
   87  2.4958e+08    27.6156    87    86     7.2323
   88  2.4913e+08    27.6241    88    87     7.3117
   89  2.4733e+08    27.6588    89    88     7.3912
   90  2.4662e+08    27.6726    90    89     7.4707
   91  2.4634e+08    27.6780    91    90     7.5502
   92  2.4624e+08    27.6800    92    91     7.6296
   93  2.3593e+08    27.8848    93    92     7.7091
   94  2.2377e+08    28.1396    94    93     7.7885
   95  2.2365e+08    28.1423    95    94     7.8680
