#indx Mass S step-number desc_indx 
    0  1.0000e+10    13.6042     0    -1     0.0134
    1  9.5863e+09    13.7271     1     0     0.1326
    2  9.5191e+09    13.7477     2     1     0.2441
    3  9.3760e+09    13.7920     3     2     0.3500
    4  9.3516e+09    13.7996     4     3     0.4519
    5  8.3354e+09    14.1396     5     4     0.5506
    6  8.2472e+09    14.1714     6     5     0.6467
    7  8.2350e+09    14.1758     7     6     0.7407
    8  7.4748e+09    14.4672     8     7     0.8330
    9  7.4543e+09    14.4755     9     8     0.9238
   10  7.4505e+09    14.4771    10     9     1.0134
   11  6.8546e+09    14.7314    11    10     1.1018
   12  6.6588e+09    14.8206    12    11     1.1894
   13  6.6508e+09    14.8243    13    12     1.2761
   14  6.6344e+09    14.8319    14    13     1.3621
   15  6.6195e+09    14.8388    15    14     1.4474
   16  6.6022e+09    14.8469    16    15     1.5322
   17  6.5708e+09    14.8616    17    16     1.6165
   18  6.5553e+09    14.8689    18    17     1.7003
   19  6.4288e+09    14.9293    19    18     1.7838
   20  6.3950e+09    14.9455    20    19     1.8669
   21  6.3254e+09    14.9795    21    20     1.9496
   22  5.9977e+09    15.1454    22    21     2.0321
   23  5.7540e+09    15.2757    23    22     2.1143
   24  5.1945e+09    15.6004    24    23     2.1963
   25  5.0674e+09    15.6797    25    24     2.2781
   26  5.0631e+09    15.6824    26    25     2.3597
   27  5.0370e+09    15.6991    27    26     2.4411
   28  4.9871e+09    15.7311    28    27     2.5223
   29  4.6994e+09    15.9230    29    28     2.6034
   30  2.7718e+09    17.7022    30    29     2.6844
   31  2.7346e+09    17.7494    31    30     2.7652
   32  2.7112e+09    17.7796    32    31     2.8459
   33  2.6864e+09    17.8117    33    32     2.9266
   34  2.6840e+09    17.8149    34    33     3.0071
   35  2.6815e+09    17.8183    35    34     3.0876
   36  2.5994e+09    17.9277    36    35     3.1680
   37  2.5685e+09    17.9699    37    36     3.2483
   38  2.2170e+09    18.4953    38    37     3.3285
   39  1.8837e+09    19.0896    39    38     3.4087
   40  1.8032e+09    19.2513    40    39     3.4889
   41  1.8028e+09    19.2521    41    40     3.5689
   42  1.5611e+09    19.7915    42    41     3.6490
   43  1.5580e+09    19.7989    43    42     3.7290
   44  1.5535e+09    19.8100    44    43     3.8089
   45  1.3891e+09    20.2366    45    44     3.8889
   46  1.3832e+09    20.2529    46    45     3.9688
   47  1.2048e+09    20.7889    47    46     4.0486
   48  1.2033e+09    20.7936    48    47     4.1285
   49  1.2016e+09    20.7991    49    48     4.2083
   50  1.1878e+09    20.8444    50    49     4.2881
   51  1.1762e+09    20.8831    51    50     4.3678
   52  3.9584e+08    25.4754    52    51     4.4476
   53  3.9578e+08    25.4761    53    52     4.5273
   54  3.8445e+08    25.6074    54    53     4.6070
   55  3.8196e+08    25.6369    55    54     4.6867
   56  3.7758e+08    25.6892    56    55     4.7664
   57  3.7481e+08    25.7225    57    56     4.8460
   58  3.4716e+08    26.0723    58    57     4.9257
   59  3.4603e+08    26.0873    59    58     5.0053
   60  3.4349e+08    26.1211    60    59     5.0849
   61  3.3875e+08    26.1849    61    60     5.1646
   62  2.8507e+08    26.9865    62    61     5.2442
   63  2.8481e+08    26.9908    63    62     5.3238
   64  2.8227e+08    27.0328    64    63     5.4033
   65  2.5041e+08    27.5997    65    64     5.4829
   66  2.4984e+08    27.6106    66    65     5.5625
   67  2.4952e+08    27.6168    67    66     5.6421
   68  2.4522e+08    27.6998    68    67     5.7216
   69  2.4519e+08    27.7004    69    68     5.8012
   70  2.4383e+08    27.7270    70    69     5.8807
   71  2.4234e+08    27.7562    71    70     5.9602
   72  2.4232e+08    27.7566    72    71     6.0398
   73  2.4158e+08    27.7714    73    72     6.1193
   74  2.2993e+08    28.0087    74    73     6.1988
   75  2.2861e+08    28.0363    75    74     6.2783
   76  2.2684e+08    28.0739    76    75     6.3579
   77  2.1841e+08    28.2569    77    76     6.4374
   78  2.1753e+08    28.2765    78    77     6.5169
   79  2.1667e+08    28.2957    79    78     6.5964
   80  2.1663e+08    28.2966    80    79     6.6759
   81  2.1633e+08    28.3034    81    80     6.7554
   82  2.1576e+08    28.3161    82    81     6.8349
   83  2.1571e+08    28.3173    83    82     6.9143
   84  2.0408e+08    28.5871    84    83     6.9938
   85  1.8667e+08    29.0249    85    84     7.0733
   86  1.8619e+08    29.0377    86    85     7.1528
   87  1.5783e+08    29.8610    87    86     7.2323
   88  1.5777e+08    29.8630    88    87     7.3117
   89  1.5676e+08    29.8954    89    88     7.3912
   90  1.5155e+08    30.0659    90    89     7.4707
   91  1.5122e+08    30.0771    91    90     7.5502
   92  1.5116e+08    30.0788    92    91     7.6296
   93  1.5106e+08    30.0824    93    92     7.7091
   94  1.5074e+08    30.0929    94    93     7.7885
   95  1.5065e+08    30.0960    95    94     7.8680
   96  1.3060e+08    30.8242    96    95     7.9475
   97  1.2663e+08    30.9833    97    96     8.0269
   98  1.2661e+08    30.9844    98    97     8.1064
   99  1.2090e+08    31.2230    99    98     8.1858
  100  1.1231e+08    31.6070   100    99     8.2653
