#indx Mass S step-number desc_indx 
    0  1.0000e+10    13.6042     0    -1     0.0134
    1  9.9830e+09    13.6091     1     0     0.1326
    2  9.3326e+09    13.8056     2     1     0.2441
    3  9.2872e+09    13.8199     3     2     0.3500
    4  9.0568e+09    13.8937     4     3     0.4519
    5  8.7230e+09    14.0046     5     4     0.5506
    6  8.1302e+09    14.2141     6     5     0.6467
    7  8.0698e+09    14.2364     7     6     0.7407
    8  8.0262e+09    14.2526     8     7     0.8330
    9  7.6712e+09    14.3888     9     8     0.9238
   10  7.3722e+09    14.5091    10     9     1.0134
   11  7.3537e+09    14.5168    11    10     1.1018
   12  6.9776e+09    14.6769    12    11     1.1894
   13  6.9481e+09    14.6899    13    12     1.2761
   14  6.8078e+09    14.7525    14    13     1.3621
   15  6.6728e+09    14.8141    15    14     1.4474
   16  6.6551e+09    14.8223    16    15     1.5322
   17  6.6216e+09    14.8379    17    16     1.6165
   18  6.4409e+09    14.9234    18    17     1.7003
   19  6.2308e+09    15.0264    19    18     1.7838
   20  6.1675e+09    15.0582    20    19     1.8669
   21  6.1184e+09    15.0831    21    20     1.9496
   22  6.0940e+09    15.0956    22    21     2.0321
   23  5.9617e+09    15.1643    23    22     2.1143
   24  5.7503e+09    15.2778    24    23     2.1963
   25  5.6777e+09    15.3178    25    24     2.2781
   26  5.5768e+09    15.3745    26    25     2.3597
   27  5.4917e+09    15.4232    27    26     2.4411
   28  5.4212e+09    15.4642    28    27     2.5223
   29  5.4081e+09    15.4719    29    28     2.6034
   30  5.3450e+09    15.5092    30    29     2.6844
   31  5.3320e+09    15.5170    31    30     2.7652
   32  4.6320e+09    15.9699    32    31     2.8459
   33  4.5516e+09    16.0269    33    32     2.9266
   34  4.4447e+09    16.1045    34    33     3.0071
   35  4.1625e+09    16.3201    35    34     3.0876
   36  2.7206e+09    17.7674    36    35     3.1680
   37  2.5214e+09    18.0354    37    36     3.2483
   38  2.5178e+09    18.0405    38    37     3.3285
   39  2.4987e+09    18.0675    39    38     3.4087
   40  2.0677e+09    18.7480    40    39     3.4889
   41  2.0403e+09    18.7968    41    40     3.5689
   42  2.0196e+09    18.8340    42    41     3.6490
   43  1.9591e+09    18.9454    43    42     3.7290
   44  1.9373e+09    18.9864    44    43     3.8089
   45  1.9303e+09    18.9996    45    44     3.8889
   46  1.9005e+09    19.0569    46    45     3.9688
   47  1.8978e+09    19.0622    47    46     4.0486
   48  1.8949e+09    19.0678    48    47     4.1285
   49  1.8186e+09    19.2198    49    48     4.2083
   50  1.7967e+09    19.2646    50    49     4.2881
   51  1.7821e+09    19.2949    51    50     4.3678
   52  1.7816e+09    19.2960    52    51     4.4476
   53  1.7136e+09    19.4410    53    52     4.5273
   54  1.7087e+09    19.4518    54    53     4.6070
   55  1.7077e+09    19.4538    55    54     4.6867
   56  1.6891e+09    19.4949    56    55     4.7664
   57  1.6817e+09    19.5114    57    56     4.8460
   58  1.6792e+09    19.5169    58    57     4.9257
   59  1.6589e+09    19.5624    59    58     5.0053
   60  1.6470e+09    19.5896    60    59     5.0849
   61  1.6466e+09    19.5903    61    60     5.1646
   62  1.6435e+09    19.5974    62    61     5.2442
   63  1.6392e+09    19.6073    63    62     5.3238
   64  1.6328e+09    19.6222    64    63     5.4033
   65  1.6223e+09    19.6464    65    64     5.4829
   66  1.5891e+09    19.7242    66    65     5.5625
   67  1.5865e+09    19.7305    67    66     5.6421
   68  1.5838e+09    19.7368    68    67     5.7216
   69  1.5778e+09    19.7513    69    68     5.8012
   70  1.5735e+09    19.7615    70    69     5.8807
   71  1.1145e+09    21.0953    71    70     5.9602
   72  1.1120e+09    21.1041    72    71     6.0398
   73  1.1118e+09    21.1051    73    72     6.1193
   74  1.0834e+09    21.2078    74    73     6.1988
   75  1.0466e+09    21.3451    75    74     6.2783
   76  1.0190e+09    21.4521    76    75     6.3579
   77  9.3232e+08    21.8099    77    76     6.4374
   78  9.2973e+08    21.8212    78    77     6.5169
   79  9.2145e+08    21.8574    79    78     6.5964
   80  9.2121e+08    21.8585    80    79     6.6759
   81  8.4393e+08    22.2159    81    80     6.7554
   82  8.2901e+08    22.2891    82    81     6.8349
   83  8.1609e+08    22.3538    83    82     6.9143
   84  8.0938e+08    22.3879    84    83     6.9938
   85  8.0514e+08    22.4095    85    84     7.0733
   86  8.0267e+08    22.4222    86    85     7.1528
   87  7.5479e+08    22.6771    87    86     7.2323
   88  6.6489e+08    23.2092    88    87     7.3117
   89  6.4893e+08    23.3121    89    88     7.3912
   90  6.4659e+08    23.3274    90    89     7.4707
   91  6.3660e+08    23.3936    91    90     7.5502
   92  6.3352e+08    23.4142    92    91     7.6296
   93  3.9400e+08    25.4964    93    92     7.7091
   94  3.9050e+08    25.5368    94    93     7.7885
   95  3.7171e+08    25.7603    95    94     7.8680
   96  3.6761e+08    25.8107    96    95     7.9475
   97  3.6716e+08    25.8163    97    96     8.0269
   98  3.6607e+08    25.8299    98    97     8.1064
   99  3.4264e+08    26.1323    99    98     8.1858
  100  3.4038e+08    26.1628   100    99     8.2653
