#indx Mass S step-number desc_indx 
    0  1.0000e+10    13.6042     0    -1     0.0134
    1  9.9826e+09    13.6092     1     0     0.1326
    2  9.9758e+09    13.6112     2     1     0.2441
    3  9.5238e+09    13.7462     3     2     0.3500
    4  9.4952e+09    13.7550     4     3     0.4519
    5  9.4727e+09    13.7619     5     4     0.5506
    6  9.3409e+09    13.8030     6     5     0.6467
    7  9.2947e+09    13.8175     7     6     0.7407
    8  9.2521e+09    13.8310     8     7     0.8330
    9  9.1950e+09    13.8492     9     8     0.9238
   10  8.5311e+09    14.0706    10     9     1.0134
   11  8.4428e+09    14.1015    11    10     1.1018
   12  8.4422e+09    14.1017    12    11     1.1894
   13  8.3967e+09    14.1178    13    12     1.2761
   14  8.3342e+09    14.1401    14    13     1.3621
   15  7.8765e+09    14.3092    15    14     1.4474
   16  7.7854e+09    14.3442    16    15     1.5322
   17  7.7705e+09    14.3500    17    16     1.6165
   18  7.7334e+09    14.3644    18    17     1.7003
   19  7.6570e+09    14.3943    19    18     1.7838
   20  7.1048e+09    14.6216    20    19     1.8669
   21  7.1025e+09    14.6226    21    20     1.9496
   22  7.1004e+09    14.6235    22    21     2.0321
   23  7.0536e+09    14.6437    23    22     2.1143
   24  6.7501e+09    14.7786    24    23     2.1963
   25  6.7250e+09    14.7901    25    24     2.2781
   26  6.5327e+09    14.8796    26    25     2.3597
   27  6.5226e+09    14.8844    27    26     2.4411
   28  6.5175e+09    14.8868    28    27     2.5223
   29  6.4861e+09    14.9017    29    28     2.6034
   30  6.4313e+09    14.9280    30    29     2.6844
   31  5.3024e+09    15.5348    31    30     2.7652
   32  5.0471e+09    15.6926    32    31     2.8459
   33  5.0461e+09    15.6933    33    32     2.9266
   34  5.0380e+09    15.6984    34    33     3.0071
   35  5.0359e+09    15.6997    35    34     3.0876
   36  5.0310e+09    15.7029    36    35     3.1680
   37  5.0270e+09    15.7054    37    36     3.2483
   38  5.0247e+09    15.7069    38    37     3.3285
   39  4.7816e+09    15.8669    39    38     3.4087
   40  4.7397e+09    15.8953    40    39     3.4889
   41  3.9806e+09    16.4681    41    40     3.5689
   42  3.9388e+09    16.5032    42    41     3.6490
   43  3.9336e+09    16.5076    43    42     3.7290
   44  3.9051e+09    16.5318    44    43     3.8089
   45  3.7844e+09    16.6366    45    44     3.8889
   46  3.7825e+09    16.6383    46    45     3.9688
   47  3.7265e+09    16.6883    47    46     4.0486
   48  3.6930e+09    16.7186    48    47     4.1285
   49  3.6821e+09    16.7285    49    48     4.2083
   50  3.6730e+09    16.7368    50    49     4.2881
   51  3.5633e+09    16.8390    51    50     4.3678
   52  3.5536e+09    16.8482    52    51     4.4476
   53  3.5459e+09    16.8555    53    52     4.5273
   54  3.5269e+09    16.8736    54    53     4.6070
   55  3.4061e+09    16.9918    55    54     4.6867
   56  3.3714e+09    17.0266    56    55     4.7664
   57  3.3689e+09    17.0291    57    56     4.8460
   58  3.3351e+09    17.0634    58    57     4.9257
   59  3.3157e+09    17.0833    59    58     5.0053
   60  3.2403e+09    17.1619    60    59     5.0849
   61  3.2352e+09    17.1673    61    60     5.1646
   62  2.7839e+09    17.6869    62    61     5.2442
   63  2.6902e+09    17.8068    63    62     5.3238
   64  2.6899e+09    17.8072    64    63     5.4033
   65  2.6871e+09    17.8109    65    64     5.4829
   66  2.6735e+09    17.8287    66    65     5.5625
   67  2.6550e+09    17.8532    67    66     5.6421
   68  2.1742e+09    18.5659    68    67     5.7216
   69  2.0017e+09    18.8665    69    68     5.8012
   70  1.9802e+09    18.9061    70    69     5.8807
   71  1.9738e+09    18.9180    71    70     5.9602
   72  1.9471e+09    18.9679    72    71     6.0398
   73  1.9291e+09    19.0020    73    72     6.1193
   74  1.9283e+09    19.0035    74    73     6.1988
   75  1.9234e+09    19.0130    75    74     6.2783
   76  1.9200e+09    19.0193    76    75     6.3579
   77  1.9157e+09    19.0276    77    76     6.4374
   78  1.8932e+09    19.0712    78    77     6.5169
   79  1.6800e+09    19.5150    79    78     6.5964
   80  1.6388e+09    19.6082    80    79     6.6759
   81  1.6354e+09    19.6162    81    80     6.7554
   82  1.5608e+09    19.7923    82    81     6.8349
   83  1.5580e+09    19.7991    83    82     6.9143
   84  1.5575e+09    19.8001    84    83     6.9938
   85  1.5391e+09    19.8451    85    84     7.0733
   86  1.5271e+09    19.8747    86    85     7.1528
   87  1.5222e+09    19.8872    87    86     7.2323
   88  1.4817e+09    19.9897    88    87     7.3117
   89  1.1990e+09    20.8075    89    88     7.3912
   90  1.0652e+09    21.2749    90    89     7.4707
   91  1.0639e+09    21.2797    91    90     7.5502
   92  9.7905e+08    21.6125    92    91     7.6296
   93  9.5812e+08    21.6995    93    92     7.7091
   94  9.4841e+08    21.7407    94    93     7.7885
   95  9.3742e+08    21.7878    95    94     7.8680
   96  8.6750e+08    22.1031    96    95     7.9475
   97  8.6202e+08    22.1290    97    96     8.0269
   98  8.5372e+08    22.1686    98    97     8.1064
   99  8.2757e+08    22.2963    99    98     8.1858
  100  8.2469e+08    22.3106   100    99     8.2653
