#indx Mass S step-number desc_indx 
    0  1.0000e+13     2.0577     0    -1     0.0134
    1  9.3538e+12     2.1068     1     0     0.1326
    2  9.2083e+12     2.1184     2     1     0.2441
    3  6.0621e+12     2.4474     3     2     0.3500
    4  4.6597e+12     2.6731     4     3     0.4519
    5  4.2440e+12     2.7569     5     4     0.5506
    6  4.1501e+12     2.7773     6     5     0.6467
    7  3.0769e+12     3.0603     7     6     0.7407
    8  2.8680e+12     3.1298     8     7     0.8330
    9  2.8198e+12     3.1467     9     8     0.9238
   10  2.7952e+12     3.1555    10     9     1.0134
   11  2.7034e+12     3.1891    11    10     1.1018
   12  2.6212e+12     3.2205    12    11     1.1894
   13  2.6192e+12     3.2212    13    12     1.2761
   14  2.5882e+12     3.2334    14    13     1.3621
   15  2.4211e+12     3.3020    15    14     1.4474
   16  1.8941e+12     3.5640    16    15     1.5322
   17  1.8931e+12     3.5645    17    16     1.6165
   18  1.6147e+12     3.7423    18    17     1.7003
   19  1.5526e+12     3.7871    19    18     1.7838
   20  1.5461e+12     3.7919    20    19     1.8669
   21  1.5044e+12     3.8234    21    20     1.9496
   22  1.4847e+12     3.8387    22    21     2.0321
   23  1.4267e+12     3.8851    23    22     2.1143
   24  1.4196e+12     3.8909    24    23     2.1963
   25  1.3665e+12     3.9357    25    24     2.2781
   26  1.3201e+12     3.9766    26    25     2.3597
   27  1.1889e+12     4.1026    27    26     2.4411
   28  1.1800e+12     4.1118    28    27     2.5223
   29  1.1700e+12     4.1222    29    28     2.6034
   30  1.0417e+12     4.2659    30    29     2.6844
   31  1.0342e+12     4.2749    31    30     2.7652
   32  8.6285e+11     4.5066    32    31     2.8459
   33  8.3099e+11     4.5559    33    32     2.9266
   34  8.1122e+11     4.5876    34    33     3.0071
   35  7.7300e+11     4.6517    35    34     3.0876
   36  7.6150e+11     4.6717    36    35     3.1680
   37  7.5985e+11     4.6746    37    36     3.2483
   38  7.5296e+11     4.6868    38    37     3.3285
   39  7.4481e+11     4.7015    39    38     3.4087
   40  7.4164e+11     4.7072    40    39     3.4889
   41  7.3086e+11     4.7269    41    40     3.5689
   42  6.6643e+11     4.8528    42    41     3.6490
   43  6.6111e+11     4.8638    43    42     3.7290
   44  4.4645e+11     5.4276    44    43     3.8089
   45  4.4570e+11     5.4301    45    44     3.8889
   46  4.3446e+11     5.4684    46    45     3.9688
   47  4.2500e+11     5.5016    47    46     4.0486
   48  4.2259e+11     5.5101    48    47     4.1285
   49  4.1910e+11     5.5227    49    48     4.2083
   50  4.1576e+11     5.5348    50    49     4.2881
   51  4.1069e+11     5.5534    51    50     4.3678
   52  3.9753e+11     5.6031    52    51     4.4476
   53  3.7977e+11     5.6733    53    52     4.5273
   54  3.7730e+11     5.6834    54    53     4.6070
   55  3.7640e+11     5.6871    55    54     4.6867
   56  3.5985e+11     5.7568    56    55     4.7664
   57  3.5820e+11     5.7640    57    56     4.8460
   58  3.5367e+11     5.7839    58    57     4.9257
   59  3.2152e+11     5.9345    59    58     5.0053
   60  3.1562e+11     5.9640    60    59     5.0849
   61  2.9633e+11     6.0656    61    60     5.1646
   62  2.9497e+11     6.0730    62    61     5.2442
   63  2.8860e+11     6.1085    63    62     5.3238
   64  2.7620e+11     6.1804    64    63     5.4033
   65  2.7158e+11     6.2081    65    64     5.4829
   66  2.7030e+11     6.2159    66    65     5.5625
   67  2.5698e+11     6.2996    67    66     5.6421
   68  2.5679e+11     6.3009    68    67     5.7216
   69  2.5050e+11     6.3423    69    68     5.8012
   70  2.4203e+11     6.4000    70    69     5.8807
   71  1.8872e+11     6.8292    71    70     5.9602
   72  1.7982e+11     6.9150    72    71     6.0398
   73  1.7097e+11     7.0053    73    72     6.1193
   74  1.6944e+11     7.0215    74    73     6.1988
   75  1.4580e+11     7.2961    75    74     6.2783
   76  1.4036e+11     7.3667    76    75     6.3579
   77  1.3105e+11     7.4955    77    76     6.4374
   78  1.1587e+11     7.7307    78    77     6.5169
   79  7.8240e+10     8.5168    79    78     6.5964
   80  7.7220e+10     8.5440    80    79     6.6759
   81  6.7827e+10     8.8164    81    80     6.7554
   82  6.7707e+10     8.8202    82    81     6.8349
   83  6.6383e+10     8.8622    83    82     6.9143
   84  5.0918e+10     9.4409    84    83     6.9938
   85  8.6329e+09    14.0354    85    84     7.0733
   86  8.4179e+09    14.1103    86    85     7.1528
   87  8.1315e+09    14.2137    87    86     7.2323
   88  7.9616e+09    14.2769    88    87     7.3117
   89  7.9235e+09    14.2913    89    88     7.3912
   90  7.6208e+09    14.4087    90    89     7.4707
   91  7.4845e+09    14.4633    91    90     7.5502
   92  7.4174e+09    14.4906    92    91     7.6296
   93  7.4149e+09    14.4916    93    92     7.7091
   94  7.3333e+09    14.5252    94    93     7.7885
   95  7.1975e+09    14.5821    95    94     7.8680
   96  5.7123e+09    15.2986    96    95     7.9475
   97  5.6847e+09    15.3139    97    96     8.0269
   98  5.6557e+09    15.3301    98    97     8.1064
   99  5.6477e+09    15.3346    99    98     8.1858
  100  5.4887e+09    15.4250   100    99     8.2653
