#indx Mass S step-number desc_indx 
    0  1.0000e+13     2.0577     0    -1     0.0134
    1  4.1411e+12     2.7793     1     0     0.1326
    2  4.0283e+12     2.8045     2     1     0.2441
    3  3.9701e+12     2.8179     3     2     0.3500
    4  3.8919e+12     2.8363     4     3     0.4519
    5  3.8616e+12     2.8436     5     4     0.5506
    6  3.7621e+12     2.8679     6     5     0.6467
    7  3.7378e+12     2.8739     7     6     0.7407
    8  3.6249e+12     2.9027     8     7     0.8330
    9  3.2345e+12     3.0116     9     8     0.9238
   10  3.1526e+12     3.0366    10     9     1.0134
   11  2.2275e+12     3.3893    11    10     1.1018
   12  2.1791e+12     3.4126    12    11     1.1894
   13  2.1119e+12     3.4460    13    12     1.2761
   14  2.0816e+12     3.4615    14    13     1.3621
   15  1.9945e+12     3.5076    15    14     1.4474
   16  1.9005e+12     3.5603    16    15     1.5322
   17  1.8897e+12     3.5665    17    16     1.6165
   18  1.8624e+12     3.5826    18    17     1.7003
   19  1.8456e+12     3.5925    19    18     1.7838
   20  1.8193e+12     3.6084    20    19     1.8669
   21  1.7915e+12     3.6254    21    20     1.9496
   22  1.1452e+12     4.1484    22    21     2.0321
   23  1.1433e+12     4.1504    23    22     2.1143
   24  1.1324e+12     4.1622    24    23     2.1963
   25  1.1113e+12     4.1854    25    24     2.2781
   26  1.0264e+12     4.2844    26    25     2.3597
   27  1.0226e+12     4.2890    27    26     2.4411
   28  9.7639e+11     4.3475    28    27     2.5223
   29  9.6218e+11     4.3662    29    28     2.6034
   30  9.5620e+11     4.3741    30    29     2.6844
   31  9.1209e+11     4.4347    31    30     2.7652
   32  9.0572e+11     4.4437    32    31     2.8459
   33  9.0230e+11     4.4486    33    32     2.9266
   34  8.3466e+11     4.5501    34    33     3.0071
   35  8.3119e+11     4.5555    35    34     3.0876
   36  8.2190e+11     4.5703    36    35     3.1680
   37  7.9751e+11     4.6101    37    36     3.2483
   38  7.8395e+11     4.6329    38    37     3.3285
   39  6.8214e+11     4.8208    39    38     3.4087
   40  6.7559e+11     4.8340    40    39     3.4889
   41  6.1982e+11     4.9534    41    40     3.5689
   42  6.0814e+11     4.9800    42    41     3.6490
   43  5.6600e+11     5.0815    43    42     3.7290
   44  4.8343e+11     5.3097    44    43     3.8089
   45  4.8211e+11     5.3137    45    44     3.8889
   46  4.5216e+11     5.4087    46    45     3.9688
   47  4.2947e+11     5.4858    47    46     4.0486
   48  4.1846e+11     5.5250    48    47     4.1285
   49  3.6703e+11     5.7261    49    48     4.2083
   50  3.6297e+11     5.7434    50    49     4.2881
   51  2.9791e+11     6.0570    51    50     4.3678
   52  2.8189e+11     6.1469    52    51     4.4476
   53  2.6783e+11     6.2311    53    52     4.5273
   54  2.6215e+11     6.2666    54    53     4.6070
   55  2.5987e+11     6.2810    55    54     4.6867
   56  2.5899e+11     6.2867    56    55     4.7664
   57  2.5875e+11     6.2882    57    56     4.8460
   58  1.5292e+11     7.2081    58    57     4.9257
   59  1.5233e+11     7.2152    59    58     5.0053
   60  1.5139e+11     7.2265    60    59     5.0849
   61  7.4502e+10     8.6186    61    60     5.1646
   62  7.3937e+10     8.6345    62    61     5.2442
   63  7.3811e+10     8.6381    63    62     5.3238
   64  7.2106e+10     8.6871    64    63     5.4033
   65  6.9804e+10     8.7555    65    64     5.4829
   66  6.9759e+10     8.7569    66    65     5.5625
   67  6.8722e+10     8.7886    67    66     5.6421
   68  6.4907e+10     8.9103    68    67     5.7216
   69  6.4307e+10     8.9302    69    68     5.8012
   70  6.4155e+10     8.9352    70    69     5.8807
   71  6.4045e+10     8.9389    71    70     5.9602
   72  6.2224e+10     9.0010    72    71     6.0398
   73  6.2035e+10     9.0075    73    72     6.1193
   74  6.1045e+10     9.0423    74    73     6.1988
   75  5.8376e+10     9.1394    75    74     6.2783
   76  5.7756e+10     9.1626    76    75     6.3579
   77  5.6513e+10     9.2103    77    76     6.4374
   78  5.6206e+10     9.2222    78    77     6.5169
   79  3.2734e+10    10.4646    79    78     6.5964
   80  3.0727e+10    10.6175    80    79     6.6759
   81  2.3507e+10    11.2824    81    80     6.7554
   82  2.2913e+10    11.3475    82    81     6.8349
   83  2.1954e+10    11.4567    83    82     6.9143
   84  2.1382e+10    11.5246    84    83     6.9938
   85  9.2508e+09    13.8314    85    84     7.0733
   86  9.2498e+09    13.8317    86    85     7.1528
   87  9.1449e+09    13.8652    87    86     7.2323
   88  8.8936e+09    13.9473    88    87     7.3117
   89  8.8060e+09    13.9766    89    88     7.3912
   90  7.4146e+09    14.4917    90    89     7.4707
   91  7.3913e+09    14.5013    91    90     7.5502
   92  7.3564e+09    14.5157    92    91     7.6296
   93  6.9605e+09    14.6844    93    92     7.7091
   94  6.7301e+09    14.7878    94    93     7.7885
   95  6.7168e+09    14.7939    95    94     7.8680
   96  6.7042e+09    14.7996    96    95     7.9475
   97  6.6677e+09    14.8165    97    96     8.0269
   98  6.5560e+09    14.8686    98    97     8.1064
   99  6.2377e+09    15.0230    99    98     8.1858
  100  4.3606e+09    16.1671   100    99     8.2653
