#indx Mass S step-number desc_indx 
    0  1.0000e+13     2.0577     0    -1     0.0134
    1  9.6529e+12     2.0835     1     0     0.1326
    2  9.3241e+12     2.1091     2     1     0.2441
    3  8.0939e+12     2.2162     3     2     0.3500
    4  7.9191e+12     2.2330     4     3     0.4519
    5  7.7278e+12     2.2520     5     4     0.5506
    6  7.1214e+12     2.3164     6     5     0.6467
    7  5.5367e+12     2.5235     7     6     0.7407
    8  5.3579e+12     2.5515     8     7     0.8330
    9  5.2590e+12     2.5675     9     8     0.9238
   10  5.1124e+12     2.5919    10     9     1.0134
   11  5.0301e+12     2.6060    11    10     1.1018
   12  4.9821e+12     2.6143    12    11     1.1894
   13  4.9448e+12     2.6209    13    12     1.2761
   14  4.8568e+12     2.6366    14    13     1.3621
   15  4.7487e+12     2.6564    15    14     1.4474
   16  4.6681e+12     2.6715    16    15     1.5322
   17  3.4415e+12     2.9520    17    16     1.6165
   18  3.3994e+12     2.9637    18    17     1.7003
   19  3.3506e+12     2.9776    19    18     1.7838
   20  3.1117e+12     3.0493    20    19     1.8669
   21  2.9025e+12     3.1179    21    20     1.9496
   22  2.7999e+12     3.1538    22    21     2.0321
   23  2.7863e+12     3.1587    23    22     2.1143
   24  2.7663e+12     3.1660    24    23     2.1963
   25  2.2098e+12     3.3978    25    24     2.2781
   26  2.2003e+12     3.4023    26    25     2.3597
   27  2.1833e+12     3.4105    27    26     2.4411
   28  2.0029e+12     3.5031    28    27     2.5223
   29  1.9845e+12     3.5131    29    28     2.6034
   30  1.9542e+12     3.5298    30    29     2.6844
   31  1.5519e+12     3.7876    31    30     2.7652
   32  1.5479e+12     3.7906    32    31     2.8459
   33  1.5093e+12     3.8197    33    32     2.9266
   34  9.8255e+11     4.3395    34    33     3.0071
   35  9.6290e+11     4.3652    35    34     3.0876
   36  9.3273e+11     4.4059    36    35     3.1680
   37  9.2680e+11     4.4141    37    36     3.2483
   38  9.2312e+11     4.4192    38    37     3.3285
   39  8.7884e+11     4.4827    39    38     3.4087
   40  6.6534e+11     4.8551    40    39     3.4889
   41  6.6155e+11     4.8629    41    40     3.5689
   42  6.5068e+11     4.8858    42    41     3.6490
   43  6.3823e+11     4.9126    43    42     3.7290
   44  5.8589e+11     5.0325    44    43     3.8089
   45  5.7795e+11     5.0518    45    44     3.8889
   46  5.5529e+11     5.1088    46    45     3.9688
   47  5.5065e+11     5.1208    47    46     4.0486
   48  5.4756e+11     5.1288    48    47     4.1285
   49  5.2790e+11     5.1814    49    48     4.2083
   50  5.2227e+11     5.1970    50    49     4.2881
   51  5.1107e+11     5.2284    51    50     4.3678
   52  4.0482e+11     5.5753    52    51     4.4476
   53  3.6761e+11     5.7237    53    52     4.5273
   54  3.6423e+11     5.7380    54    53     4.6070
   55  3.6249e+11     5.7455    55    54     4.6867
   56  3.5773e+11     5.7661    56    55     4.7664
   57  3.5519e+11     5.7772    57    56     4.8460
   58  3.5373e+11     5.7837    58    57     4.9257
   59  3.5288e+11     5.7874    59    58     5.0053
   60  3.4394e+11     5.8277    60    59     5.0849
   61  3.2484e+11     5.9181    61    60     5.1646
   62  2.6434e+11     6.2528    62    61     5.2442
   63  1.7878e+11     6.9253    63    62     5.3238
   64  1.7607e+11     6.9526    64    63     5.4033
   65  1.6604e+11     7.0581    65    64     5.4829
   66  1.6420e+11     7.0782    66    65     5.5625
   67  1.6163e+11     7.1068    67    66     5.6421
   68  1.5854e+11     7.1421    68    67     5.7216
   69  1.5735e+11     7.1558    69    68     5.8012
   70  1.5021e+11     7.2409    70    69     5.8807
   71  1.4760e+11     7.2734    71    70     5.9602
   72  1.4745e+11     7.2752    72    71     6.0398
   73  1.4106e+11     7.3574    73    72     6.1193
   74  1.3476e+11     7.4430    74    73     6.1988
   75  1.3276e+11     7.4712    75    74     6.2783
   76  1.3219e+11     7.4792    76    75     6.3579
   77  1.2452e+11     7.5925    77    76     6.4374
   78  1.2429e+11     7.5961    78    77     6.5169
   79  1.2301e+11     7.6159    79    78     6.5964
   80  9.0909e+10     8.2099    80    79     6.6759
   81  9.0567e+10     8.2175    81    80     6.7554
   82  8.0115e+10     8.4678    82    81     6.8349
   83  7.9832e+10     8.4751    83    82     6.9143
   84  6.7183e+10     8.8367    84    83     6.9938
   85  6.6625e+10     8.8544    85    84     7.0733
   86  6.6426e+10     8.8608    86    85     7.1528
   87  6.6070e+10     8.8723    87    86     7.2323
   88  6.5862e+10     8.8790    88    87     7.3117
   89  6.2706e+10     8.9843    89    88     7.3912
   90  6.1283e+10     9.0339    90    89     7.4707
   91  6.1112e+10     9.0399    91    90     7.5502
   92  6.0435e+10     9.0640    92    91     7.6296
   93  6.0151e+10     9.0742    93    92     7.7091
   94  5.9515e+10     9.0973    94    93     7.7885
   95  5.8299e+10     9.1422    95    94     7.8680
   96  4.7032e+10     9.6193    96    95     7.9475
   97  4.5518e+10     9.6935    97    96     8.0269
   98  4.4229e+10     9.7590    98    97     8.1064
   99  4.1088e+10     9.9285    99    98     8.1858
  100  3.1962e+10    10.5221   100    99     8.2653
