#indx Mass S step-number desc_indx 
    0  1.0000e+13     2.0577     0    -1     0.0134
    1  6.9694e+12     2.3337     1     0     0.1326
    2  6.9148e+12     2.3400     2     1     0.2441
    3  6.8921e+12     2.3426     3     2     0.3500
    4  6.7605e+12     2.3581     4     3     0.4519
    5  6.5321e+12     2.3860     5     4     0.5506
    6  6.1895e+12     2.4302     6     5     0.6467
    7  5.5796e+12     2.5169     7     6     0.7407
    8  5.5251e+12     2.5253     8     7     0.8330
    9  5.1657e+12     2.5829     9     8     0.9238
   10  4.7779e+12     2.6510    10     9     1.0134
   11  4.7091e+12     2.6638    11    10     1.1018
   12  3.4032e+12     2.9627    12    11     1.1894
   13  3.3981e+12     2.9641    13    12     1.2761
   14  3.3444e+12     2.9794    14    13     1.3621
   15  2.4069e+12     3.3081    15    14     1.4474
   16  1.7594e+12     3.6456    16    15     1.5322
   17  1.7365e+12     3.6603    17    16     1.6165
   18  1.7258e+12     3.6672    18    17     1.7003
   19  1.6242e+12     3.7356    19    18     1.7838
   20  1.5682e+12     3.7757    20    19     1.8669
   21  1.5249e+12     3.8078    21    20     1.9496
   22  1.4411e+12     3.8734    22    21     2.0321
   23  1.4155e+12     3.8943    23    22     2.1143
   24  1.3689e+12     3.9336    24    23     2.1963
   25  1.3494e+12     3.9506    25    24     2.2781
   26  1.3435e+12     3.9558    26    25     2.3597
   27  1.3062e+12     3.9893    27    26     2.4411
   28  1.2854e+12     4.0085    28    27     2.5223
   29  1.2837e+12     4.0100    29    28     2.6034
   30  1.1456e+12     4.1480    30    29     2.6844
   31  1.1302e+12     4.1645    31    30     2.7652
   32  9.4962e+11     4.3829    32    31     2.8459
   33  9.3585e+11     4.4016    33    32     2.9266
   34  8.4113e+11     4.5399    34    33     3.0071
   35  8.3856e+11     4.5440    35    34     3.0876
   36  7.7366e+11     4.6505    36    35     3.1680
   37  7.3636e+11     4.7168    37    36     3.2483
   38  4.1873e+11     5.5240    38    37     3.3285
   39  3.7114e+11     5.7088    39    38     3.4087
   40  3.6896e+11     5.7179    40    39     3.4889
   41  3.6835e+11     5.7205    41    40     3.5689
   42  3.3603e+11     5.8644    42    41     3.6490
   43  3.3171e+11     5.8849    43    42     3.7290
   44  3.2847e+11     5.9005    44    43     3.8089
   45  2.5938e+11     6.2842    45    44     3.8889
   46  2.5919e+11     6.2854    46    45     3.9688
   47  2.5698e+11     6.2996    47    46     4.0486
   48  2.5672e+11     6.3013    48    47     4.1285
   49  2.5662e+11     6.3020    49    48     4.2083
   50  1.7919e+11     6.9211    50    49     4.2881
   51  1.7726e+11     6.9405    51    50     4.3678
   52  1.6639e+11     7.0543    52    51     4.4476
   53  1.6618e+11     7.0565    53    52     4.5273
   54  1.3231e+11     7.4775    54    53     4.6070
   55  1.3205e+11     7.4812    55    54     4.6867
   56  1.2936e+11     7.5201    56    55     4.7664
   57  1.2816e+11     7.5378    57    56     4.8460
   58  1.2720e+11     7.5520    58    57     4.9257
   59  1.2389e+11     7.6022    59    58     5.0053
   60  1.2298e+11     7.6164    60    59     5.0849
   61  1.2205e+11     7.6309    61    60     5.1646
   62  1.2179e+11     7.6349    62    61     5.2442
   63  1.2000e+11     7.6634    63    62     5.3238
   64  1.1755e+11     7.7030    64    63     5.4033
   65  1.0730e+11     7.8803    65    64     5.4829
   66  9.3936e+10     8.1440    66    65     5.5625
   67  9.0697e+10     8.2146    67    66     5.6421
   68  8.2657e+10     8.4035    68    67     5.7216
   69  7.8493e+10     8.5101    69    68     5.8012
   70  2.5113e+10    11.1157    70    69     5.8807
   71  2.4936e+10    11.1334    71    70     5.9602
   72  2.4145e+10    11.2146    72    71     6.0398
   73  2.1716e+10    11.4847    73    72     6.1193
   74  2.1673e+10    11.4898    74    73     6.1988
   75  2.1592e+10    11.4995    75    74     6.2783
   76  2.1570e+10    11.5021    76    75     6.3579
   77  2.1477e+10    11.5131    77    76     6.4374
   78  2.0638e+10    11.6161    78    77     6.5169
   79  2.0535e+10    11.6291    79    78     6.5964
   80  2.0357e+10    11.6517    80    79     6.6759
   81  2.0018e+10    11.6953    81    80     6.7554
   82  1.9411e+10    11.7757    82    81     6.8349
   83  1.9323e+10    11.7875    83    82     6.9143
   84  1.9267e+10    11.7952    84    83     6.9938
   85  1.9263e+10    11.7957    85    84     7.0733
   86  1.9123e+10    11.8148    86    85     7.1528
   87  1.8722e+10    11.8705    87    86     7.2323
   88  1.8611e+10    11.8862    88    87     7.3117
   89  1.7929e+10    11.9848    89    88     7.3912
   90  1.7191e+10    12.0966    90    89     7.4707
   91  1.6532e+10    12.2011    91    90     7.5502
   92  1.6312e+10    12.2371    92    91     7.6296
   93  1.6097e+10    12.2727    93    92     7.7091
   94  1.6007e+10    12.2878    94    93     7.7885
   95  1.5866e+10    12.3117    95    94     7.8680
   96  1.5724e+10    12.3360    96    95     7.9475
   97  1.5411e+10    12.3905    97    96     8.0269
   98  1.5329e+10    12.4049    98    97     8.1064
   99  1.5205e+10    12.4270    99    98     8.1858
  100  1.5141e+10    12.4384   100    99     8.2653
