#indx Mass S step-number desc_indx 
    0  1.0000e+13     2.0577     0    -1     0.0134
    1  9.1354e+12     2.1244     1     0     0.1326
    2  8.0522e+12     2.2201     2     1     0.2441
    3  7.0113e+12     2.3289     3     2     0.3500
    4  6.7522e+12     2.3591     4     3     0.4519
    5  5.5906e+12     2.5153     5     4     0.5506
    6  5.5466e+12     2.5220     6     5     0.6467
    7  4.6203e+12     2.6807     7     6     0.7407
    8  4.4120e+12     2.7219     8     7     0.8330
    9  4.2724e+12     2.7509     9     8     0.9238
   10  4.2473e+12     2.7562    10     9     1.0134
   11  4.1657e+12     2.7739    11    10     1.1018
   12  3.9424e+12     2.8244    12    11     1.1894
   13  3.9270e+12     2.8280    13    12     1.2761
   14  3.3163e+12     2.9875    14    13     1.3621
   15  3.2397e+12     3.0101    15    14     1.4474
   16  3.0589e+12     3.0661    16    15     1.5322
   17  2.9305e+12     3.1084    17    16     1.6165
   18  2.6357e+12     3.2148    18    17     1.7003
   19  2.6092e+12     3.2251    19    18     1.7838
   20  2.4565e+12     3.2870    20    19     1.8669
   21  2.3628e+12     3.3274    21    20     1.9496
   22  2.0193e+12     3.4943    22    21     2.0321
   23  2.0014e+12     3.5039    23    22     2.1143
   24  1.9536e+12     3.5302    24    23     2.1963
   25  1.8485e+12     3.5908    25    24     2.2781
   26  1.8080e+12     3.6153    26    25     2.3597
   27  1.7787e+12     3.6334    27    26     2.4411
   28  1.7732e+12     3.6369    28    27     2.5223
   29  1.7608e+12     3.6447    29    28     2.6034
   30  1.6729e+12     3.7022    30    29     2.6844
   31  1.6656e+12     3.7071    31    30     2.7652
   32  1.6492e+12     3.7183    32    31     2.8459
   33  1.6101e+12     3.7456    33    32     2.9266
   34  1.5632e+12     3.7793    34    33     3.0071
   35  1.5302e+12     3.8038    35    34     3.0876
   36  1.3646e+12     3.9373    36    35     3.1680
   37  1.3627e+12     3.9390    37    36     3.2483
   38  1.3088e+12     3.9869    38    37     3.3285
   39  1.1815e+12     4.1102    39    38     3.4087
   40  1.1655e+12     4.1269    40    39     3.4889
   41  1.1311e+12     4.1636    41    40     3.5689
   42  9.7675e+11     4.3470    42    41     3.6490
   43  9.6302e+11     4.3650    43    42     3.7290
   44  9.3146e+11     4.4076    44    43     3.8089
   45  9.0493e+11     4.4448    45    44     3.8889
   46  7.7793e+11     4.6432    46    45     3.9688
   47  7.6665e+11     4.6627    47    46     4.0486
   48  7.6235e+11     4.6702    48    47     4.1285
   49  7.4139e+11     4.7076    49    48     4.2083
   50  7.3232e+11     4.7242    50    49     4.2881
   51  7.2396e+11     4.7398    51    50     4.3678
   52  5.1488e+11     5.2176    52    51     4.4476
   53  3.8530e+11     5.6510    53    52     4.5273
   54  3.7165e+11     5.7067    54    53     4.6070
   55  3.0710e+11     6.0080    55    54     4.6867
   56  2.4527e+11     6.3776    56    55     4.7664
   57  2.4076e+11     6.4089    57    56     4.8460
   58  2.3326e+11     6.4624    58    57     4.9257
   59  2.2798e+11     6.5014    59    58     5.0053
   60  2.0188e+11     6.7110    60    59     5.0849
   61  1.9992e+11     6.7279    61    60     5.1646
   62  1.7084e+11     7.0067    62    61     5.2442
   63  1.4571e+11     7.2972    63    62     5.3238
   64  1.4507e+11     7.3053    64    63     5.4033
   65  1.4444e+11     7.3135    65    64     5.4829
   66  1.2145e+11     7.6403    66    65     5.5625
   67  1.1875e+11     7.6834    67    66     5.6421
   68  1.1691e+11     7.7135    68    67     5.7216
   69  1.1477e+11     7.7493    69    68     5.8012
   70  1.1139e+11     7.8073    70    69     5.8807
   71  1.0736e+11     7.8792    71    70     5.9602
   72  1.0653e+11     7.8945    72    71     6.0398
   73  1.0586e+11     7.9068    73    72     6.1193
   74  1.0514e+11     7.9201    74    73     6.1988
   75  1.0339e+11     7.9531    75    74     6.2783
   76  1.0156e+11     7.9884    76    75     6.3579
   77  6.9077e+10     8.7777    77    76     6.4374
   78  6.7392e+10     8.8301    78    77     6.5169
   79  6.5504e+10     8.8907    79    78     6.5964
   80  6.2836e+10     8.9799    80    79     6.6759
   81  6.2800e+10     8.9811    81    80     6.7554
   82  5.8846e+10     9.1219    82    81     6.8349
   83  5.6734e+10     9.2017    83    82     6.9143
   84  5.6566e+10     9.2083    84    83     6.9938
   85  5.5902e+10     9.2341    85    84     7.0733
   86  4.9883e+10     9.4868    86    85     7.1528
   87  4.6709e+10     9.6349    87    86     7.2323
   88  4.6598e+10     9.6403    88    87     7.3117
   89  3.5456e+10    10.2739    89    88     7.3912
   90  2.3487e+10    11.2846    90    89     7.4707
   91  2.1888e+10    11.4645    91    90     7.5502
   92  2.1878e+10    11.4657    92    91     7.6296
   93  2.1775e+10    11.4777    93    92     7.7091
   94  2.1453e+10    11.5161    94    93     7.7885
   95  2.1441e+10    11.5175    95    94     7.8680
   96  2.1396e+10    11.5230    96    95     7.9475
   97  2.1380e+10    11.5249    97    96     8.0269
   98  2.1317e+10    11.5324    98    97     8.1064
   99  2.0761e+10    11.6007    99    98     8.1858
  100  2.0166e+10    11.6762   100    99     8.2653
