#indx Mass S step-number desc_indx 
    0  1.0000e+13     2.0577     0    -1     0.0134
    1  9.7431e+12     2.0767     1     0     0.1326
    2  9.0201e+12     2.1339     2     1     0.2441
    3  8.6719e+12     2.1635     3     2     0.3500
    4  8.3078e+12     2.1961     4     3     0.4519
    5  7.9467e+12     2.2303     5     4     0.5506
    6  7.7708e+12     2.2477     6     5     0.6467
    7  6.5929e+12     2.3785     7     6     0.7407
    8  5.9133e+12     2.4681     8     7     0.8330
    9  5.8624e+12     2.4753     9     8     0.9238
   10  5.5819e+12     2.5166    10     9     1.0134
   11  5.1897e+12     2.5789    11    10     1.1018
   12  5.1059e+12     2.5930    12    11     1.1894
   13  5.0761e+12     2.5981    13    12     1.2761
   14  4.9620e+12     2.6179    14    13     1.3621
   15  4.9061e+12     2.6277    15    14     1.4474
   16  4.7820e+12     2.6502    16    15     1.5322
   17  4.5460e+12     2.6951    17    16     1.6165
   18  4.3259e+12     2.7396    18    17     1.7003
   19  4.2864e+12     2.7479    19    18     1.7838
   20  4.2201e+12     2.7621    20    19     1.8669
   21  4.2115e+12     2.7639    21    20     1.9496
   22  4.0258e+12     2.8051    22    21     2.0321
   23  3.9877e+12     2.8139    23    22     2.1143
   24  2.7866e+12     3.1586    24    23     2.1963
   25  2.7555e+12     3.1699    25    24     2.2781
   26  2.7206e+12     3.1827    26    25     2.3597
   27  2.4597e+12     3.2856    27    26     2.4411
   28  2.4144e+12     3.3049    28    27     2.5223
   29  2.3544e+12     3.3311    29    28     2.6034
   30  9.8256e+11     4.3395    30    29     2.6844
   31  6.5189e+11     4.8832    31    30     2.7652
   32  6.0841e+11     4.9794    32    31     2.8459
   33  6.0252e+11     4.9930    33    32     2.9266
   34  3.4274e+11     5.8332    34    33     3.0071
   35  3.2818e+11     5.9018    35    34     3.0876
   36  3.2392e+11     5.9226    36    35     3.1680
   37  3.0155e+11     6.0374    37    36     3.2483
   38  2.9608e+11     6.0670    38    37     3.3285
   39  2.8714e+11     6.1168    39    38     3.4087
   40  2.8037e+11     6.1558    40    39     3.4889
   41  2.7580e+11     6.1827    41    40     3.5689
   42  2.7362e+11     6.1958    42    41     3.6490
   43  2.6308e+11     6.2607    43    42     3.7290
   44  2.6197e+11     6.2677    44    43     3.8089
   45  2.6006e+11     6.2799    45    44     3.8889
   46  2.5713e+11     6.2987    46    45     3.9688
   47  2.4883e+11     6.3535    47    46     4.0486
   48  2.4331e+11     6.3912    48    47     4.1285
   49  2.4316e+11     6.3922    49    48     4.2083
   50  2.3685e+11     6.4366    50    49     4.2881
   51  1.7313e+11     6.9828    51    50     4.3678
   52  1.6135e+11     7.1100    52    51     4.4476
   53  1.6106e+11     7.1133    53    52     4.5273
   54  1.5970e+11     7.1287    54    53     4.6070
   55  5.8718e+10     9.1266    55    54     4.6867
   56  5.8063e+10     9.1511    56    55     4.7664
   57  5.7419e+10     9.1755    57    56     4.8460
   58  5.6024e+10     9.2294    58    57     4.9257
   59  5.4834e+10     9.2766    59    58     5.0053
   60  5.4429e+10     9.2929    60    59     5.0849
   61  5.4363e+10     9.2956    61    60     5.1646
   62  5.1605e+10     9.4110    62    61     5.2442
   63  4.6070e+10     9.6661    63    62     5.3238
   64  4.5502e+10     9.6943    64    63     5.4033
   65  4.5334e+10     9.7027    65    64     5.4829
   66  3.9827e+10    10.0008    66    65     5.5625
   67  3.9191e+10    10.0383    67    66     5.6421
   68  3.7345e+10    10.1513    68    67     5.7216
   69  3.7241e+10    10.1578    69    68     5.8012
   70  3.6842e+10    10.1832    70    69     5.8807
   71  3.4387e+10    10.3466    71    70     5.9602
   72  3.4355e+10    10.3489    72    71     6.0398
   73  3.3283e+10    10.4247    73    72     6.1193
   74  3.2888e+10    10.4533    74    73     6.1988
   75  3.2756e+10    10.4630    75    74     6.2783
   76  3.1816e+10    10.5331    76    75     6.3579
   77  3.1537e+10    10.5544    77    76     6.4374
   78  2.9718e+10    10.6988    78    77     6.5169
   79  2.9605e+10    10.7081    79    78     6.5964
   80  2.9496e+10    10.7171    80    79     6.6759
   81  2.9236e+10    10.7388    81    80     6.7554
   82  2.7447e+10    10.8942    82    81     6.8349
   83  2.6646e+10    10.9676    83    82     6.9143
   84  2.5741e+10    11.0538    84    83     6.9938
   85  2.5499e+10    11.0774    85    84     7.0733
   86  2.5130e+10    11.1139    86    85     7.1528
   87  2.4965e+10    11.1305    87    86     7.2323
   88  2.4659e+10    11.1615    88    87     7.3117
   89  2.4613e+10    11.1662    89    88     7.3912
   90  2.4507e+10    11.1770    90    89     7.4707
   91  2.4474e+10    11.1805    91    90     7.5502
   92  2.4403e+10    11.1878    92    91     7.6296
   93  2.4391e+10    11.1890    93    92     7.7091
   94  2.4178e+10    11.2111    94    93     7.7885
   95  2.4092e+10    11.2202    95    94     7.8680
   96  1.5948e+10    12.2979    96    95     7.9475
   97  1.5895e+10    12.3068    97    96     8.0269
   98  2.1046e+09    18.6838    98    97     8.1064
   99  2.0587e+09    18.7639    99    98     8.1858
  100  2.0535e+09    18.7732   100    99     8.2653
