#indx Mass S step-number desc_indx 
    0  1.0000e+13     2.0577     0    -1     0.0134
    1  9.6741e+12     2.0819     1     0     0.1326
    2  9.6348e+12     2.0849     2     1     0.2441
    3  8.7725e+12     2.1548     3     2     0.3500
    4  8.3991e+12     2.1878     4     3     0.4519
    5  7.2500e+12     2.3022     5     4     0.5506
    6  7.0967e+12     2.3192     6     5     0.6467
    7  5.9332e+12     2.4653     7     6     0.7407
    8  5.8517e+12     2.4768     8     7     0.8330
    9  3.9330e+12     2.8266     9     8     0.9238
   10  3.9108e+12     2.8318    10     9     1.0134
   11  3.5501e+12     2.9224    11    10     1.1018
   12  3.3961e+12     2.9647    12    11     1.1894
   13  3.3005e+12     2.9921    13    12     1.2761
   14  3.1335e+12     3.0425    14    13     1.3621
   15  2.6944e+12     3.1925    15    14     1.4474
   16  2.6371e+12     3.2143    16    15     1.5322
   17  2.5713e+12     3.2400    17    16     1.6165
   18  2.5170e+12     3.2619    18    17     1.7003
   19  2.4532e+12     3.2884    19    18     1.7838
   20  2.4161e+12     3.3042    20    19     1.8669
   21  2.2745e+12     3.3673    21    20     1.9496
   22  2.2603e+12     3.3739    22    21     2.0321
   23  2.2345e+12     3.3860    23    22     2.1143
   24  2.2135e+12     3.3960    24    23     2.1963
   25  2.1996e+12     3.4027    25    24     2.2781
   26  2.1928e+12     3.4059    26    25     2.3597
   27  1.7713e+12     3.6381    27    26     2.4411
   28  1.6906e+12     3.6903    28    27     2.5223
   29  1.6849e+12     3.6941    29    28     2.6034
   30  1.4932e+12     3.8321    30    29     2.6844
   31  1.3806e+12     3.9236    31    30     2.7652
   32  1.2713e+12     4.0217    32    31     2.8459
   33  1.2074e+12     4.0838    33    32     2.9266
   34  1.1931e+12     4.0984    34    33     3.0071
   35  1.1477e+12     4.1457    35    34     3.0876
   36  1.1421e+12     4.1517    36    35     3.1680
   37  1.0405e+12     4.2673    37    36     3.2483
   38  1.0341e+12     4.2750    38    37     3.3285
   39  1.0307e+12     4.2791    39    38     3.4087
   40  1.0143e+12     4.2993    40    39     3.4889
   41  8.8378e+11     4.4754    41    40     3.5689
   42  8.8188e+11     4.4782    42    41     3.6490
   43  8.6478e+11     4.5037    43    42     3.7290
   44  5.3510e+11     5.1619    44    43     3.8089
   45  5.3176e+11     5.1709    45    44     3.8889
   46  5.2970e+11     5.1765    46    45     3.9688
   47  5.2410e+11     5.1919    47    46     4.0486
   48  5.1317e+11     5.2224    48    47     4.1285
   49  5.0561e+11     5.2440    49    48     4.2083
   50  2.1646e+11     6.5902    50    49     4.2881
   51  2.1596e+11     6.5941    51    50     4.3678
   52  2.1457e+11     6.6052    52    51     4.4476
   53  2.0977e+11     6.6444    53    52     4.5273
   54  2.0756e+11     6.6627    54    53     4.6070
   55  2.0710e+11     6.6666    55    54     4.6867
   56  2.0688e+11     6.6684    56    55     4.7664
   57  2.0615e+11     6.6745    57    56     4.8460
   58  2.0149e+11     6.7143    58    57     4.9257
   59  1.8844e+11     6.8319    59    58     5.0053
   60  1.8405e+11     6.8736    60    59     5.0849
   61  1.8304e+11     6.8834    61    60     5.1646
   62  1.8059e+11     6.9073    62    61     5.2442
   63  1.7335e+11     6.9804    63    62     5.3238
   64  1.7049e+11     7.0103    64    63     5.4033
   65  1.6377e+11     7.0830    65    64     5.4829
   66  6.9404e+10     8.7677    66    65     5.5625
   67  5.9261e+10     9.1066    67    66     5.6421
   68  5.9141e+10     9.1110    68    67     5.7216
   69  5.7388e+10     9.1766    69    68     5.8012
   70  4.7754e+10     9.5849    70    69     5.8807
   71  4.7293e+10     9.6068    71    70     5.9602
   72  4.7218e+10     9.6104    72    71     6.0398
   73  4.6290e+10     9.6553    73    72     6.1193
   74  4.6155e+10     9.6619    74    73     6.1988
   75  4.4495e+10     9.7453    75    74     6.2783
   76  4.4378e+10     9.7513    76    75     6.3579
   77  4.4350e+10     9.7528    77    76     6.4374
   78  4.2443e+10     9.8536    78    77     6.5169
   79  4.1476e+10     9.9067    79    78     6.5964
   80  4.1443e+10     9.9085    80    79     6.6759
   81  3.9752e+10    10.0052    81    80     6.7554
   82  3.7574e+10    10.1369    82    81     6.8349
   83  3.6654e+10    10.1953    83    82     6.9143
   84  3.6396e+10    10.2119    84    83     6.9938
   85  2.3745e+10    11.2569    85    84     7.0733
   86  2.3696e+10    11.2621    86    85     7.1528
   87  1.8563e+10    11.8930    87    86     7.2323
   88  1.8341e+10    11.9247    88    87     7.3117
   89  1.8335e+10    11.9256    89    88     7.3912
   90  1.8030e+10    11.9699    90    89     7.4707
   91  1.6941e+10    12.1356    91    90     7.5502
   92  1.5699e+10    12.3403    92    91     7.6296
   93  1.5669e+10    12.3454    93    92     7.7091
   94  1.5394e+10    12.3935    94    93     7.7885
   95  1.5370e+10    12.3978    95    94     7.8680
   96  1.5352e+10    12.4010    96    95     7.9475
   97  1.5298e+10    12.4105    97    96     8.0269
   98  1.5243e+10    12.4202    98    97     8.1064
   99  1.5231e+10    12.4224    99    98     8.1858
  100  1.4865e+10    12.4886   100    99     8.2653
