#indx Mass S step-number desc_indx 
    0  1.0000e+13     2.0577     0    -1     0.0134
    1  8.8554e+12     2.1477     1     0     0.1326
    2  8.8147e+12     2.1512     2     1     0.2441
    3  8.6355e+12     2.1667     3     2     0.3500
    4  8.3475e+12     2.1925     4     3     0.4519
    5  8.3049e+12     2.1964     5     4     0.5506
    6  8.1995e+12     2.2062     6     5     0.6467
    7  7.8353e+12     2.2413     7     6     0.7407
    8  5.8280e+12     2.4802     8     7     0.8330
    9  5.6956e+12     2.4995     9     8     0.9238
   10  5.6219e+12     2.5106    10     9     1.0134
   11  5.4462e+12     2.5375    11    10     1.1018
   12  4.8613e+12     2.6358    12    11     1.1894
   13  4.6731e+12     2.6706    13    12     1.2761
   14  4.6403e+12     2.6768    14    13     1.3621
   15  4.6169e+12     2.6813    15    14     1.4474
   16  4.4846e+12     2.7073    16    15     1.5322
   17  4.4161e+12     2.7211    17    16     1.6165
   18  2.2805e+12     3.3645    18    17     1.7003
   19  2.2699e+12     3.3694    19    18     1.7838
   20  2.2262e+12     3.3899    20    19     1.8669
   21  2.1176e+12     3.4431    21    20     1.9496
   22  2.0142e+12     3.4970    22    21     2.0321
   23  1.3650e+12     3.9370    23    22     2.1143
   24  1.1623e+12     4.1302    24    23     2.1963
   25  1.0593e+12     4.2448    25    24     2.2781
   26  1.0449e+12     4.2620    26    25     2.3597
   27  8.3134e+11     4.5553    27    26     2.4411
   28  8.2605e+11     4.5637    28    27     2.5223
   29  8.0036e+11     4.6054    29    28     2.6034
   30  7.8409e+11     4.6327    30    29     2.6844
   31  7.2550e+11     4.7369    31    30     2.7652
   32  6.8290e+11     4.8193    32    31     2.8459
   33  5.2375e+11     5.1928    33    32     2.9266
   34  5.1905e+11     5.2059    34    33     3.0071
   35  5.1042e+11     5.2302    35    34     3.0876
   36  5.0673e+11     5.2408    36    35     3.1680
   37  4.9622e+11     5.2714    37    36     3.2483
   38  4.9116e+11     5.2864    38    37     3.3285
   39  4.8913e+11     5.2925    39    38     3.4087
   40  4.8339e+11     5.3098    40    39     3.4889
   41  4.7619e+11     5.3319    41    40     3.5689
   42  4.2912e+11     5.4870    42    41     3.6490
   43  4.0838e+11     5.5620    43    42     3.7290
   44  3.6862e+11     5.7194    44    43     3.8089
   45  3.5501e+11     5.7780    45    44     3.8889
   46  3.5467e+11     5.7795    46    45     3.9688
   47  3.3806e+11     5.8549    47    46     4.0486
   48  3.0481e+11     6.0200    48    47     4.1285
   49  2.8905e+11     6.1060    49    48     4.2083
   50  2.2539e+11     6.5208    50    49     4.2881
   51  2.2475e+11     6.5257    51    50     4.3678
   52  2.2096e+11     6.5548    52    51     4.4476
   53  1.9329e+11     6.7871    53    52     4.5273
   54  1.6788e+11     7.0382    54    53     4.6070
   55  1.5444e+11     7.1900    55    54     4.6867
   56  1.5397e+11     7.1955    56    55     4.7664
   57  1.5141e+11     7.2263    57    56     4.8460
   58  1.4446e+11     7.3132    58    57     4.9257
   59  1.4097e+11     7.3586    59    58     5.0053
   60  1.2287e+11     7.6180    60    59     5.0849
   61  1.2156e+11     7.6386    61    60     5.1646
   62  1.1968e+11     7.6684    62    61     5.2442
   63  1.1719e+11     7.7089    63    62     5.3238
   64  1.1572e+11     7.7333    64    63     5.4033
   65  1.0365e+11     7.9483    65    64     5.4829
   66  3.6840e+10    10.1833    66    65     5.5625
   67  3.2435e+10    10.4866    67    66     5.6421
   68  3.2380e+10    10.4908    68    67     5.7216
   69  3.0412e+10    10.6425    69    68     5.8012
   70  2.9677e+10    10.7022    70    69     5.8807
   71  2.9655e+10    10.7040    71    70     5.9602
   72  2.9635e+10    10.7056    72    71     6.0398
   73  2.8511e+10    10.8004    73    72     6.1193
   74  2.7953e+10    10.8491    74    73     6.1988
   75  1.4290e+10    12.5966    75    74     6.2783
   76  1.3479e+10    12.7577    76    75     6.3579
   77  1.3436e+10    12.7667    77    76     6.4374
   78  1.0459e+10    13.4745    78    77     6.5169
   79  1.0268e+10    13.5277    79    78     6.5964
   80  1.0011e+10    13.6010    80    79     6.6759
   81  9.7159e+09    13.6880    81    80     6.7554
   82  9.6278e+09    13.7145    82    81     6.8349
   83  9.5926e+09    13.7252    83    82     6.9143
   84  9.3765e+09    13.7918    84    83     6.9938
   85  9.2927e+09    13.8181    85    84     7.0733
   86  9.1599e+09    13.8604    86    85     7.1528
   87  8.6420e+09    14.0322    87    86     7.2323
   88  8.4253e+09    14.1077    88    87     7.3117
   89  8.2271e+09    14.1787    89    88     7.3912
   90  8.0268e+09    14.2524    90    89     7.4707
   91  7.9514e+09    14.2807    91    90     7.5502
   92  7.9134e+09    14.2952    92    91     7.6296
   93  7.6533e+09    14.3958    93    92     7.7091
   94  7.6451e+09    14.3991    94    93     7.7885
   95  6.9417e+09    14.6927    95    94     7.8680
   96  6.2616e+09    15.0111    96    95     7.9475
   97  6.1665e+09    15.0587    97    96     8.0269
   98  5.8864e+09    15.2042    98    97     8.1064
   99  5.7861e+09    15.2582    99    98     8.1858
  100  5.3953e+09    15.4794   100    99     8.2653
