#indx Mass S step-number desc_indx 
    0  1.0000e+13     2.0577     0    -1     0.0134
    1  9.9346e+12     2.0624     1     0     0.1326
    2  9.6427e+12     2.0843     2     1     0.2441
    3  8.7782e+12     2.1543     3     2     0.3500
    4  8.6476e+12     2.1656     4     3     0.4519
    5  8.6166e+12     2.1683     5     4     0.5506
    6  4.4632e+12     2.7115     6     5     0.6467
    7  4.4257e+12     2.7191     7     6     0.7407
    8  4.2763e+12     2.7500     8     7     0.8330
    9  4.1563e+12     2.7759     9     8     0.9238
   10  4.1248e+12     2.7829    10     9     1.0134
   11  4.1038e+12     2.7875    11    10     1.1018
   12  3.9278e+12     2.8278    12    11     1.1894
   13  3.1532e+12     3.0364    13    12     1.2761
   14  3.1288e+12     3.0440    14    13     1.3621
   15  3.1202e+12     3.0466    15    14     1.4474
   16  2.9142e+12     3.1139    16    15     1.5322
   17  2.8596e+12     3.1327    17    16     1.6165
   18  2.8507e+12     3.1358    18    17     1.7003
   19  2.7207e+12     3.1827    19    18     1.7838
   20  2.6968e+12     3.1916    20    19     1.8669
   21  2.6233e+12     3.2196    21    20     1.9496
   22  2.5041e+12     3.2672    22    21     2.0321
   23  2.4877e+12     3.2740    23    22     2.1143
   24  2.4268e+12     3.2996    24    23     2.1963
   25  2.4083e+12     3.3076    25    24     2.2781
   26  2.3129e+12     3.3497    26    25     2.3597
   27  2.2904e+12     3.3600    27    26     2.4411
   28  2.2757e+12     3.3668    28    27     2.5223
   29  2.2177e+12     3.3940    29    28     2.6034
   30  2.1967e+12     3.4040    30    29     2.6844
   31  1.9039e+12     3.5583    31    30     2.7652
   32  1.7297e+12     3.6647    32    31     2.8459
   33  1.6887e+12     3.6916    33    32     2.9266
   34  1.6537e+12     3.7152    34    33     3.0071
   35  1.6389e+12     3.7254    35    34     3.0876
   36  1.5947e+12     3.7565    36    35     3.1680
   37  1.4481e+12     3.8677    37    36     3.2483
   38  1.3834e+12     3.9212    38    37     3.3285
   39  7.8313e+11     4.6343    39    38     3.4087
   40  5.2131e+11     5.1996    40    39     3.4889
   41  4.1294e+11     5.5451    41    40     3.5689
   42  4.1040e+11     5.5545    42    41     3.6490
   43  3.6437e+11     5.7374    43    42     3.7290
   44  3.4334e+11     5.8304    44    43     3.8089
   45  3.4064e+11     5.8429    45    44     3.8889
   46  3.4009e+11     5.8454    46    45     3.9688
   47  2.7466e+11     6.1895    47    46     4.0486
   48  2.7265e+11     6.2016    48    47     4.1285
   49  2.7081e+11     6.2128    49    48     4.2083
   50  2.6765e+11     6.2322    50    49     4.2881
   51  2.6653e+11     6.2391    51    50     4.3678
   52  2.6574e+11     6.2440    52    51     4.4476
   53  2.5522e+11     6.3111    53    52     4.5273
   54  2.4870e+11     6.3544    54    53     4.6070
   55  2.3643e+11     6.4396    55    54     4.6867
   56  2.2876e+11     6.4955    56    55     4.7664
   57  2.2801e+11     6.5011    57    56     4.8460
   58  2.2538e+11     6.5209    58    57     4.9257
   59  8.2912e+10     8.3972    59    58     5.0053
   60  7.5855e+10     8.5811    60    59     5.0849
   61  7.5066e+10     8.6029    61    60     5.1646
   62  6.4280e+10     8.9311    62    61     5.2442
   63  6.3353e+10     8.9623    63    62     5.3238
   64  6.0827e+10     9.0500    64    63     5.4033
   65  5.7115e+10     9.1871    65    64     5.4829
   66  5.6421e+10     9.2139    66    65     5.5625
   67  5.5753e+10     9.2400    67    66     5.6421
   68  5.5660e+10     9.2437    68    67     5.7216
   69  5.1801e+10     9.4026    69    68     5.8012
   70  5.0991e+10     9.4377    70    69     5.8807
   71  5.0757e+10     9.4480    71    70     5.9602
   72  5.0401e+10     9.4637    72    71     6.0398
   73  4.9244e+10     9.5157    73    72     6.1193
   74  4.8491e+10     9.5503    74    73     6.1988
   75  4.5945e+10     9.6723    75    74     6.2783
   76  4.5914e+10     9.6738    76    75     6.3579
   77  4.3567e+10     9.7935    77    76     6.4374
   78  4.3479e+10     9.7982    78    77     6.5169
   79  4.1531e+10     9.9036    79    78     6.5964
   80  4.1086e+10     9.9286    80    79     6.6759
   81  3.6302e+10    10.2180    81    80     6.7554
   82  3.4218e+10    10.3584    82    81     6.8349
   83  3.3971e+10    10.3757    83    82     6.9143
   84  3.2878e+10    10.4540    84    83     6.9938
   85  3.2629e+10    10.4723    85    84     7.0733
   86  3.2608e+10    10.4739    86    85     7.1528
   87  3.1028e+10    10.5938    87    86     7.2323
   88  3.0150e+10    10.6635    88    87     7.3117
   89  2.9690e+10    10.7011    89    88     7.3912
   90  2.9498e+10    10.7169    90    89     7.4707
   91  2.9041e+10    10.7551    91    90     7.5502
   92  2.8404e+10    10.8096    92    91     7.6296
   93  2.7996e+10    10.8452    93    92     7.7091
   94  2.5175e+10    11.1095    94    93     7.7885
   95  2.5169e+10    11.1101    95    94     7.8680
   96  2.5160e+10    11.1110    96    95     7.9475
   97  2.4615e+10    11.1660    97    96     8.0269
   98  2.4512e+10    11.1766    98    97     8.1064
   99  2.4018e+10    11.2280    99    98     8.1858
  100  2.3838e+10    11.2470   100    99     8.2653
