#indx Mass S step-number desc_indx 
    0  1.0000e+13     2.0577     0    -1     0.0134
    1  9.5363e+12     2.0925     1     0     0.1326
    2  8.4810e+12     2.1804     2     1     0.2441
    3  8.4578e+12     2.1825     3     2     0.3500
    4  8.3439e+12     2.1928     4     3     0.4519
    5  8.0487e+12     2.2205     5     4     0.5506
    6  7.3762e+12     2.2886     6     5     0.6467
    7  3.2083e+12     3.0195     7     6     0.7407
    8  3.0686e+12     3.0629     8     7     0.8330
    9  2.6413e+12     3.2127     9     8     0.9238
   10  2.3028e+12     3.3543    10     9     1.0134
   11  2.2903e+12     3.3600    11    10     1.1018
   12  2.2362e+12     3.3852    12    11     1.1894
   13  1.5654e+12     3.7777    13    12     1.2761
   14  1.5338e+12     3.8011    14    13     1.3621
   15  1.3944e+12     3.9119    15    14     1.4474
   16  1.3230e+12     3.9740    16    15     1.5322
   17  1.2802e+12     4.0133    17    16     1.6165
   18  1.2215e+12     4.0698    18    17     1.7003
   19  1.2092e+12     4.0820    19    18     1.7838
   20  1.1615e+12     4.1311    20    19     1.8669
   21  1.1177e+12     4.1783    21    20     1.9496
   22  1.0031e+12     4.3134    22    21     2.0321
   23  9.9013e+11     4.3298    23    22     2.1143
   24  9.5169e+11     4.3801    24    23     2.1963
   25  7.9306e+11     4.6176    25    24     2.2781
   26  6.7521e+11     4.8348    26    25     2.3597
   27  6.6597e+11     4.8537    27    26     2.4411
   28  6.3013e+11     4.9303    28    27     2.5223
   29  6.2467e+11     4.9425    29    28     2.6034
   30  5.7045e+11     5.0704    30    29     2.6844
   31  5.0759e+11     5.2383    31    30     2.7652
   32  4.8646e+11     5.3005    32    31     2.8459
   33  3.6106e+11     5.7516    33    32     2.9266
   34  3.5556e+11     5.7756    34    33     3.0071
   35  3.4108e+11     5.8408    35    34     3.0876
   36  3.4049e+11     5.8436    36    35     3.1680
   37  2.0783e+11     6.6604    37    36     3.2483
   38  1.8426e+11     6.8715    38    37     3.3285
   39  1.5931e+11     7.1332    39    38     3.4087
   40  1.5763e+11     7.1525    40    39     3.4889
   41  1.5497e+11     7.1836    41    40     3.5689
   42  1.4796e+11     7.2689    42    41     3.6490
   43  1.4532e+11     7.3021    43    42     3.7290
   44  1.4389e+11     7.3205    44    43     3.8089
   45  1.4101e+11     7.3581    45    44     3.8889
   46  1.4053e+11     7.3645    46    45     3.9688
   47  1.3602e+11     7.4254    47    46     4.0486
   48  1.3580e+11     7.4285    48    47     4.1285
   49  1.2442e+11     7.5941    49    48     4.2083
   50  1.2308e+11     7.6147    50    49     4.2881
   51  1.2097e+11     7.6479    51    50     4.3678
   52  1.2075e+11     7.6514    52    51     4.4476
   53  1.1709e+11     7.7106    53    52     4.5273
   54  1.1208e+11     7.7951    54    53     4.6070
   55  1.1182e+11     7.7997    55    54     4.6867
   56  1.0971e+11     7.8368    56    55     4.7664
   57  1.0662e+11     7.8927    57    56     4.8460
   58  9.9204e+10     8.0350    58    57     4.9257
   59  9.6210e+10     8.0961    59    58     5.0053
   60  9.4106e+10     8.1403    60    59     5.0849
   61  9.2846e+10     8.1674    61    60     5.1646
   62  9.2126e+10     8.1831    62    61     5.2442
   63  9.0851e+10     8.2111    63    62     5.3238
   64  8.9476e+10     8.2420    64    63     5.4033
   65  8.0867e+10     8.4485    65    64     5.4829
   66  7.8741e+10     8.5035    66    65     5.5625
   67  7.8306e+10     8.5150    67    66     5.6421
   68  7.7846e+10     8.5272    68    67     5.7216
   69  4.6895e+10     9.6259    69    68     5.8012
   70  4.5564e+10     9.6912    70    69     5.8807
   71  4.4685e+10     9.7356    71    70     5.9602
   72  4.3969e+10     9.7725    72    71     6.0398
   73  4.2936e+10     9.8270    73    72     6.1193
   74  4.2283e+10     9.8623    74    73     6.1988
   75  4.2142e+10     9.8700    75    74     6.2783
   76  3.4432e+10    10.3435    76    75     6.3579
   77  3.4103e+10    10.3664    77    76     6.4374
   78  3.0145e+10    10.6640    78    77     6.5169
   79  2.9608e+10    10.7079    79    78     6.5964
   80  2.8812e+10    10.7746    80    79     6.6759
   81  1.9204e+10    11.8038    81    80     6.7554
   82  1.8622e+10    11.8846    82    81     6.8349
   83  1.8541e+10    11.8960    83    82     6.9143
   84  1.3326e+10    12.7893    84    83     6.9938
   85  1.3307e+10    12.7933    85    84     7.0733
   86  1.3008e+10    12.8566    86    85     7.1528
   87  1.2624e+10    12.9401    87    86     7.2323
   88  1.2589e+10    12.9480    88    87     7.3117
   89  4.9665e+09    15.7444    89    88     7.3912
   90  4.9653e+09    15.7452    90    89     7.4707
   91  4.9214e+09    15.7738    91    90     7.5502
   92  4.6646e+09    15.9471    92    91     7.6296
   93  3.2745e+09    17.1261    93    92     7.7091
   94  3.2706e+09    17.1301    94    93     7.7885
   95  3.1414e+09    17.2682    95    94     7.8680
   96  3.0440e+09    17.3766    96    95     7.9475
   97  3.0404e+09    17.3807    97    96     8.0269
   98  3.0389e+09    17.3825    98    97     8.1064
   99  3.0104e+09    17.4150    99    98     8.1858
  100  2.7303e+09    17.7549   100    99     8.2653
