#indx Mass S step-number desc_indx 
    0  1.0000e+13     2.0577     0    -1     0.0134
    1  8.0453e+12     2.2208     1     0     0.1326
    2  7.6693e+12     2.2580     2     1     0.2441
    3  7.4376e+12     2.2820     3     2     0.3500
    4  5.7365e+12     2.4935     4     3     0.4519
    5  4.6960e+12     2.6663     5     4     0.5506
    6  4.6040e+12     2.6838     6     5     0.6467
    7  4.5303e+12     2.6982     7     6     0.7407
    8  4.4539e+12     2.7134     8     7     0.8330
    9  4.4280e+12     2.7186     9     8     0.9238
   10  4.3167e+12     2.7416    10     9     1.0134
   11  4.2671e+12     2.7520    11    10     1.1018
   12  3.8538e+12     2.8455    12    11     1.1894
   13  3.8471e+12     2.8471    13    12     1.2761
   14  3.6778e+12     2.8891    14    13     1.3621
   15  3.6068e+12     2.9075    15    14     1.4474
   16  3.5978e+12     2.9098    16    15     1.5322
   17  3.5383e+12     2.9256    17    16     1.6165
   18  3.4991e+12     2.9362    18    17     1.7003
   19  3.4882e+12     2.9391    19    18     1.7838
   20  3.4319e+12     2.9546    20    19     1.8669
   21  3.2472e+12     3.0078    21    20     1.9496
   22  3.0988e+12     3.0534    22    21     2.0321
   23  2.6638e+12     3.2040    23    22     2.1143
   24  2.6241e+12     3.2193    24    23     2.1963
   25  2.5665e+12     3.2420    25    24     2.2781
   26  2.5202e+12     3.2607    26    25     2.3597
   27  2.3556e+12     3.3306    27    26     2.4411
   28  2.3282e+12     3.3428    28    27     2.5223
   29  1.8610e+12     3.5833    29    28     2.6034
   30  1.7928e+12     3.6247    30    29     2.6844
   31  1.7865e+12     3.6286    31    30     2.7652
   32  1.6755e+12     3.7004    32    31     2.8459
   33  1.3552e+12     3.9456    33    32     2.9266
   34  1.3504e+12     3.9497    34    33     3.0071
   35  1.3413e+12     3.9577    35    34     3.0876
   36  1.3100e+12     3.9858    36    35     3.1680
   37  1.3078e+12     3.9878    37    36     3.2483
   38  1.2926e+12     4.0018    38    37     3.3285
   39  1.2852e+12     4.0086    39    38     3.4087
   40  1.0656e+12     4.2375    40    39     3.4889
   41  1.0571e+12     4.2475    41    40     3.5689
   42  1.0062e+12     4.3095    42    41     3.6490
   43  9.7943e+11     4.3435    43    42     3.7290
   44  9.3659e+11     4.4006    44    43     3.8089
   45  9.1681e+11     4.4280    45    44     3.8889
   46  8.4083e+11     4.5404    46    45     3.9688
   47  8.3800e+11     4.5448    47    46     4.0486
   48  4.9768e+11     5.2671    48    47     4.1285
   49  4.9419e+11     5.2774    49    48     4.2083
   50  4.8055e+11     5.3185    50    49     4.2881
   51  4.7468e+11     5.3366    51    50     4.3678
   52  4.4889e+11     5.4195    52    51     4.4476
   53  4.1051e+11     5.5541    53    52     4.5273
   54  4.0706e+11     5.5669    54    53     4.6070
   55  4.0297e+11     5.5823    55    54     4.6867
   56  3.8165e+11     5.6656    56    55     4.7664
   57  2.8636e+11     6.1212    57    56     4.8460
   58  2.7446e+11     6.1907    58    57     4.9257
   59  2.7324e+11     6.1981    59    58     5.0053
   60  2.5400e+11     6.3191    60    59     5.0849
   61  2.5101e+11     6.3389    61    60     5.1646
   62  2.4811e+11     6.3583    62    61     5.2442
   63  2.3323e+11     6.4626    63    62     5.3238
   64  2.3055e+11     6.4823    64    63     5.4033
   65  2.2679e+11     6.5103    65    64     5.4829
   66  2.1378e+11     6.6116    66    65     5.5625
   67  1.9797e+11     6.7451    67    66     5.6421
   68  1.9646e+11     6.7586    68    67     5.7216
   69  1.9426e+11     6.7782    69    68     5.8012
   70  1.8335e+11     6.8803    70    69     5.8807
   71  1.8148e+11     6.8986    71    70     5.9602
   72  1.8091e+11     6.9042    72    71     6.0398
   73  1.7904e+11     6.9227    73    72     6.1193
   74  1.5672e+11     7.1631    74    73     6.1988
   75  1.5587e+11     7.1731    75    74     6.2783
   76  1.4980e+11     7.2461    76    75     6.3579
   77  1.3415e+11     7.4515    77    76     6.4374
   78  1.3324e+11     7.4643    78    77     6.5169
   79  1.2622e+11     7.5667    79    78     6.5964
   80  1.2604e+11     7.5695    80    79     6.6759
   81  1.2417e+11     7.5979    81    80     6.7554
   82  1.2034e+11     7.6578    82    81     6.8349
   83  1.1722e+11     7.7085    83    82     6.9143
   84  1.1448e+11     7.7541    84    83     6.9938
   85  1.1249e+11     7.7881    85    84     7.0733
   86  1.1177e+11     7.8006    86    85     7.1528
   87  1.1147e+11     7.8058    87    86     7.2323
   88  1.1054e+11     7.8222    88    87     7.3117
   89  9.6603e+10     8.0879    89    88     7.3912
   90  9.3273e+10     8.1582    90    89     7.4707
   91  9.3105e+10     8.1618    91    90     7.5502
   92  9.0319e+10     8.2230    92    91     7.6296
   93  8.2649e+10     8.4037    93    92     7.7091
   94  8.0798e+10     8.4503    94    93     7.7885
   95  8.0274e+10     8.4637    95    94     7.8680
   96  8.0210e+10     8.4653    96    95     7.9475
   97  7.7747e+10     8.5299    97    96     8.0269
   98  7.5640e+10     8.5870    98    97     8.1064
   99  7.3996e+10     8.6329    99    98     8.1858
  100  7.3818e+10     8.6379   100    99     8.2653
