#indx Mass S step-number desc_indx 
    0  1.0000e+13     2.0577     0    -1     0.0134
    1  9.0951e+12     2.1277     1     0     0.1326
    2  6.9721e+12     2.3334     2     1     0.2441
    3  6.7692e+12     2.3571     3     2     0.3500
    4  6.2150e+12     2.4268     4     3     0.4519
    5  6.1128e+12     2.4405     5     4     0.5506
    6  5.5588e+12     2.5201     6     5     0.6467
    7  5.1021e+12     2.5936     7     6     0.7407
    8  4.9883e+12     2.6132     8     7     0.8330
    9  4.4078e+12     2.7227     9     8     0.9238
   10  4.3833e+12     2.7277    10     9     1.0134
   11  4.3685e+12     2.7308    11    10     1.1018
   12  4.3552e+12     2.7335    12    11     1.1894
   13  4.2782e+12     2.7496    13    12     1.2761
   14  4.1722e+12     2.7724    14    13     1.3621
   15  3.9224e+12     2.8291    15    14     1.4474
   16  3.9203e+12     2.8296    16    15     1.5322
   17  3.8686e+12     2.8419    17    16     1.6165
   18  3.2362e+12     3.0111    18    17     1.7003
   19  3.1446e+12     3.0390    19    18     1.7838
   20  3.1198e+12     3.0468    20    19     1.8669
   21  3.0706e+12     3.0623    21    20     1.9496
   22  1.6944e+12     3.6878    22    21     2.0321
   23  1.6576e+12     3.7126    23    22     2.1143
   24  1.4907e+12     3.8340    24    23     2.1963
   25  1.4273e+12     3.8846    25    24     2.2781
   26  1.3576e+12     3.9434    26    25     2.3597
   27  1.3527e+12     3.9477    27    26     2.4411
   28  1.3003e+12     3.9946    28    27     2.5223
   29  1.2210e+12     4.0703    29    28     2.6034
   30  1.1897e+12     4.1018    30    29     2.6844
   31  1.1390e+12     4.1551    31    30     2.7652
   32  1.1324e+12     4.1622    32    31     2.8459
   33  1.0956e+12     4.2030    33    32     2.9266
   34  9.3151e+11     4.4076    34    33     3.0071
   35  9.1042e+11     4.4370    35    34     3.0876
   36  8.9864e+11     4.4538    36    35     3.1680
   37  8.8682e+11     4.4710    37    36     3.2483
   38  8.6843e+11     4.4982    38    37     3.3285
   39  8.6094e+11     4.5095    39    38     3.4087
   40  7.6270e+11     4.6696    40    39     3.4889
   41  7.4999e+11     4.6922    41    40     3.5689
   42  7.3749e+11     4.7148    42    41     3.6490
   43  6.4975e+11     4.8878    43    42     3.7290
   44  6.3882e+11     4.9113    44    43     3.8089
   45  6.2313e+11     4.9459    45    44     3.8889
   46  6.1487e+11     4.9646    46    45     3.9688
   47  5.9849e+11     5.0025    47    46     4.0486
   48  5.7325e+11     5.0634    48    47     4.1285
   49  5.4703e+11     5.1302    49    48     4.2083
   50  5.0775e+11     5.2379    50    49     4.2881
   51  4.9487e+11     5.2754    51    50     4.3678
   52  4.7819e+11     5.3257    52    51     4.4476
   53  4.7322e+11     5.3411    53    52     4.5273
   54  4.6181e+11     5.3773    54    53     4.6070
   55  4.6133e+11     5.3788    55    54     4.6867
   56  4.5270e+11     5.4069    56    55     4.7664
   57  4.2122e+11     5.5150    57    56     4.8460
   58  3.3514e+11     5.8686    58    57     4.9257
   59  3.0495e+11     6.0193    59    58     5.0053
   60  3.0434e+11     6.0225    60    59     5.0849
   61  2.9038e+11     6.0986    61    60     5.1646
   62  2.4658e+11     6.3687    62    61     5.2442
   63  2.0853e+11     6.6546    63    62     5.3238
   64  1.8323e+11     6.8815    64    63     5.4033
   65  1.6080e+11     7.1162    65    64     5.4829
   66  1.3781e+11     7.4010    66    65     5.5625
   67  1.3706e+11     7.4112    67    66     5.6421
   68  1.2639e+11     7.5642    68    67     5.7216
   69  1.1523e+11     7.7415    69    68     5.8012
   70  1.1505e+11     7.7445    70    69     5.8807
   71  1.0367e+11     7.9479    71    70     5.9602
   72  9.4478e+10     8.1324    72    71     6.0398
   73  9.2225e+10     8.1809    73    72     6.1193
   74  9.2196e+10     8.1815    74    73     6.1988
   75  8.9471e+10     8.2421    75    74     6.2783
   76  8.8043e+10     8.2747    76    75     6.3579
   77  8.7466e+10     8.2880    77    76     6.4374
   78  8.7106e+10     8.2964    78    77     6.5169
   79  7.0697e+10     8.7287    79    78     6.5964
   80  6.8270e+10     8.8026    80    79     6.6759
   81  4.8420e+10     9.5536    81    80     6.7554
   82  4.4235e+10     9.7587    82    81     6.8349
   83  3.6785e+10    10.1868    83    82     6.9143
   84  3.6726e+10    10.1906    84    83     6.9938
   85  3.6622e+10    10.1973    85    84     7.0733
   86  3.4924e+10    10.3098    86    85     7.1528
   87  3.4196e+10    10.3599    87    86     7.2323
   88  2.9644e+10    10.7049    88    87     7.3117
   89  2.9295e+10    10.7338    89    88     7.3912
   90  2.9217e+10    10.7403    90    89     7.4707
   91  2.8072e+10    10.8386    91    90     7.5502
   92  2.4279e+10    11.2006    92    91     7.6296
   93  2.4822e+09    18.0910    93    92     7.7091
   94  2.4412e+09    18.1501    94    93     7.7885
   95  2.4115e+09    18.1938    95    94     7.8680
   96  2.3387e+09    18.3034    96    95     7.9475
   97  2.3181e+09    18.3351    97    96     8.0269
   98  2.2974e+09    18.3673    98    97     8.1064
   99  1.9543e+09    18.9544    99    98     8.1858
  100  1.7282e+09    19.4094   100    99     8.2653
