#indx Mass S step-number desc_indx 
    0  1.0000e+13     2.0577     0    -1     0.0134
    1  9.6847e+12     2.0811     1     0     0.1326
    2  7.5510e+12     2.2701     2     1     0.2441
    3  7.3842e+12     2.2877     3     2     0.3500
    4  7.2874e+12     2.2981     4     3     0.4519
    5  5.9887e+12     2.4575     5     4     0.5506
    6  5.7159e+12     2.4966     6     5     0.6467
    7  5.6365e+12     2.5084     7     6     0.7407
    8  5.3227e+12     2.5571     8     7     0.8330
    9  5.2905e+12     2.5623     9     8     0.9238
   10  4.7345e+12     2.6591    10     9     1.0134
   11  4.5021e+12     2.7038    11    10     1.1018
   12  4.1367e+12     2.7802    12    11     1.1894
   13  3.4877e+12     2.9393    13    12     1.2761
   14  2.9062e+12     3.1166    14    13     1.3621
   15  2.7372e+12     3.1766    15    14     1.4474
   16  2.6601e+12     3.2055    16    15     1.5322
   17  2.5990e+12     3.2291    17    16     1.6165
   18  2.5431e+12     3.2514    18    17     1.7003
   19  2.5267e+12     3.2580    19    18     1.7838
   20  2.4741e+12     3.2796    20    19     1.8669
   21  2.4454e+12     3.2917    21    20     1.9496
   22  2.3934e+12     3.3140    22    21     2.0321
   23  2.2507e+12     3.3784    23    22     2.1143
   24  2.2000e+12     3.4024    24    23     2.1963
   25  2.1428e+12     3.4305    25    24     2.2781
   26  2.1148e+12     3.4445    26    25     2.3597
   27  1.9293e+12     3.5438    27    26     2.4411
   28  1.9265e+12     3.5454    28    27     2.5223
   29  1.6507e+12     3.7173    29    28     2.6034
   30  1.6282e+12     3.7328    30    29     2.6844
   31  1.6023e+12     3.7511    31    30     2.7652
   32  1.5872e+12     3.7619    32    31     2.8459
   33  1.5649e+12     3.7781    33    32     2.9266
   34  1.5452e+12     3.7926    34    33     3.0071
   35  1.4717e+12     3.8489    35    34     3.0876
   36  1.4247e+12     3.8867    36    35     3.1680
   37  1.3882e+12     3.9171    37    36     3.2483
   38  1.3652e+12     3.9369    38    37     3.3285
   39  1.2227e+12     4.0686    39    38     3.4087
   40  1.2054e+12     4.0858    40    39     3.4889
   41  1.1991e+12     4.0923    41    40     3.5689
   42  1.1954e+12     4.0960    42    41     3.6490
   43  1.1942e+12     4.0973    43    42     3.7290
   44  1.0863e+12     4.2135    44    43     3.8089
   45  1.0663e+12     4.2366    45    44     3.8889
   46  1.0563e+12     4.2484    46    45     3.9688
   47  9.7693e+11     4.3468    47    46     4.0486
   48  9.7534e+11     4.3489    48    47     4.1285
   49  9.7052e+11     4.3552    49    48     4.2083
   50  9.1045e+11     4.4370    50    49     4.2881
   51  8.9510e+11     4.4589    51    50     4.3678
   52  7.5050e+11     4.6912    52    51     4.4476
   53  7.3230e+11     4.7243    53    52     4.5273
   54  7.3074e+11     4.7272    54    53     4.6070
   55  7.0378e+11     4.7781    55    54     4.6867
   56  6.9723e+11     4.7909    56    55     4.7664
   57  4.8100e+11     5.3171    57    56     4.8460
   58  4.7452e+11     5.3371    58    57     4.9257
   59  4.7350e+11     5.3403    59    58     5.0053
   60  4.4929e+11     5.4182    60    59     5.0849
   61  4.4282e+11     5.4398    61    60     5.1646
   62  4.3210e+11     5.4766    62    61     5.2442
   63  3.6631e+11     5.7292    63    62     5.3238
   64  3.3099e+11     5.8883    64    63     5.4033
   65  3.1450e+11     5.9698    65    64     5.4829
   66  3.1089e+11     5.9882    66    65     5.5625
   67  2.2543e+11     6.5206    67    66     5.6421
   68  2.2212e+11     6.5459    68    67     5.7216
   69  1.7429e+11     6.9708    69    68     5.8012
   70  1.7250e+11     6.9892    70    69     5.8807
   71  1.6469e+11     7.0728    71    70     5.9602
   72  1.6012e+11     7.1239    72    71     6.0398
   73  1.5664e+11     7.1641    73    72     6.1193
   74  1.5359e+11     7.2001    74    73     6.1988
   75  1.5053e+11     7.2370    75    74     6.2783
   76  1.4717e+11     7.2787    76    75     6.3579
   77  1.4494e+11     7.3070    77    76     6.4374
   78  1.2680e+11     7.5580    78    77     6.5169
   79  1.2622e+11     7.5667    79    78     6.5964
   80  1.1431e+11     7.7570    80    79     6.6759
   81  1.1366e+11     7.7680    81    80     6.7554
   82  1.1193e+11     7.7978    82    81     6.8349
   83  1.0799e+11     7.8676    83    82     6.9143
   84  1.0627e+11     7.8991    84    83     6.9938
   85  1.0621e+11     7.9002    85    84     7.0733
   86  1.0061e+11     8.0071    86    85     7.1528
   87  1.0048e+11     8.0097    87    86     7.2323
   88  9.8907e+10     8.0410    88    87     7.3117
   89  9.8587e+10     8.0474    89    88     7.3912
   90  9.6287e+10     8.0945    90    89     7.4707
   91  7.1158e+10     8.7150    91    90     7.5502
   92  7.0552e+10     8.7330    92    91     7.6296
   93  4.8452e+10     9.5522    93    92     7.7091
   94  4.5131e+10     9.7130    94    93     7.7885
   95  4.3647e+10     9.7893    95    94     7.8680
   96  4.2599e+10     9.8451    96    95     7.9475
   97  4.1752e+10     9.8914    97    96     8.0269
   98  4.0921e+10     9.9379    98    97     8.1064
   99  4.0040e+10     9.9884    99    98     8.1858
  100  3.9649e+10    10.0112   100    99     8.2653
