#indx Mass S step-number desc_indx 
    0  1.0000e+13     2.0577     0    -1     0.0134
    1  9.2765e+12     2.1129     1     0     0.1326
    2  8.7277e+12     2.1586     2     1     0.2441
    3  8.0923e+12     2.2163     3     2     0.3500
    4  7.1672e+12     2.3113     4     3     0.4519
    5  7.0724e+12     2.3219     5     4     0.5506
    6  6.9251e+12     2.3388     6     5     0.6467
    7  5.4077e+12     2.5436     7     6     0.7407
    8  3.0538e+12     3.0677     8     7     0.8330
    9  2.9217e+12     3.1114     9     8     0.9238
   10  2.8753e+12     3.1273    10     9     1.0134
   11  2.8114e+12     3.1497    11    10     1.1018
   12  2.6670e+12     3.2029    12    11     1.1894
   13  2.5814e+12     3.2360    13    12     1.2761
   14  2.5645e+12     3.2428    14    13     1.3621
   15  2.4212e+12     3.3020    15    14     1.4474
   16  2.2472e+12     3.3800    16    15     1.5322
   17  2.0032e+12     3.5029    17    16     1.6165
   18  1.9716e+12     3.5202    18    17     1.7003
   19  1.6569e+12     3.7130    19    18     1.7838
   20  1.6257e+12     3.7346    20    19     1.8669
   21  1.5971e+12     3.7547    21    20     1.9496
   22  1.3984e+12     3.9085    22    21     2.0321
   23  1.3829e+12     3.9217    23    22     2.1143
   24  1.3606e+12     3.9408    24    23     2.1963
   25  1.3388e+12     3.9600    25    24     2.2781
   26  1.3309e+12     3.9669    26    25     2.3597
   27  9.6584e+11     4.3613    27    26     2.4411
   28  9.3168e+11     4.4073    28    27     2.5223
   29  9.0194e+11     4.4491    29    28     2.6034
   30  8.8296e+11     4.4766    30    29     2.6844
   31  8.7769e+11     4.4844    31    30     2.7652
   32  8.5486e+11     4.5187    32    31     2.8459
   33  8.5461e+11     4.5191    33    32     2.9266
   34  7.6232e+11     4.6703    34    33     3.0071
   35  7.3638e+11     4.7168    35    34     3.0876
   36  6.9354e+11     4.7981    36    35     3.1680
   37  5.6712e+11     5.0787    37    36     3.2483
   38  4.3938e+11     5.4515    38    37     3.3285
   39  3.1594e+11     5.9624    39    38     3.4087
   40  3.1033e+11     5.9912    40    39     3.4889
   41  2.9579e+11     6.0686    41    40     3.5689
   42  2.7913e+11     6.1631    42    41     3.6490
   43  2.7810e+11     6.1691    43    42     3.7290
   44  2.7300e+11     6.1995    44    43     3.8089
   45  2.7067e+11     6.2136    45    44     3.8889
   46  2.5556e+11     6.3089    46    45     3.9688
   47  2.5205e+11     6.3319    47    46     4.0486
   48  1.7702e+11     6.9430    48    47     4.1285
   49  1.6767e+11     7.0404    49    48     4.2083
   50  1.6726e+11     7.0448    50    49     4.2881
   51  1.6236e+11     7.0987    51    50     4.3678
   52  1.4392e+11     7.3202    52    51     4.4476
   53  1.4348e+11     7.3258    53    52     4.5273
   54  1.3800e+11     7.3984    54    53     4.6070
   55  1.3787e+11     7.4001    55    54     4.6867
   56  1.2142e+11     7.6408    56    55     4.7664
   57  1.1828e+11     7.6911    57    56     4.8460
   58  1.1700e+11     7.7121    58    57     4.9257
   59  1.1255e+11     7.7870    59    58     5.0053
   60  1.1237e+11     7.7901    60    59     5.0849
   61  1.1148e+11     7.8056    61    60     5.1646
   62  1.0268e+11     7.9668    62    61     5.2442
   63  5.1072e+10     9.4342    63    62     5.3238
   64  5.0121e+10     9.4762    64    63     5.4033
   65  4.8548e+10     9.5477    65    64     5.4829
   66  4.8244e+10     9.5618    66    65     5.5625
   67  4.6085e+10     9.6654    67    66     5.6421
   68  4.2952e+10     9.8262    68    67     5.7216
   69  4.2692e+10     9.8401    69    68     5.8012
   70  4.2293e+10     9.8617    70    69     5.8807
   71  4.2009e+10     9.8772    71    70     5.9602
   72  4.0116e+10     9.9840    72    71     6.0398
   73  4.0045e+10     9.9881    73    72     6.1193
   74  3.6920e+10    10.1782    74    73     6.1988
   75  3.6842e+10    10.1832    75    74     6.2783
   76  3.5312e+10    10.2835    76    75     6.3579
   77  3.5048e+10    10.3013    77    76     6.4374
   78  3.4622e+10    10.3304    78    77     6.5169
   79  2.6104e+10    11.0188    79    78     6.5964
   80  2.6099e+10    11.0192    80    79     6.6759
   81  2.6005e+10    11.0283    81    80     6.7554
   82  2.3940e+10    11.2362    82    81     6.8349
   83  2.3726e+10    11.2589    83    82     6.9143
   84  2.3304e+10    11.3044    84    83     6.9938
   85  2.2627e+10    11.3794    85    84     7.0733
   86  2.2621e+10    11.3801    86    85     7.1528
   87  1.6875e+10    12.1460    87    86     7.2323
   88  1.6589e+10    12.1918    88    87     7.3117
   89  1.6549e+10    12.1984    89    88     7.3912
   90  1.5549e+10    12.3664    90    89     7.4707
   91  1.4756e+10    12.5087    91    90     7.5502
   92  1.4562e+10    12.5450    92    91     7.6296
   93  1.4413e+10    12.5731    93    92     7.7091
   94  1.4318e+10    12.5913    94    93     7.7885
   95  1.4126e+10    12.6284    95    94     7.8680
   96  1.3843e+10    12.6842    96    95     7.9475
   97  1.2934e+10    12.8726    97    96     8.0269
   98  1.2890e+10    12.8819    98    97     8.1064
   99  1.2486e+10    12.9710    99    98     8.1858
  100  1.0466e+09    21.3452   100    99     8.2653
