#indx Mass S step-number desc_indx 
    0  1.0000e+13     2.0577     0    -1     0.0134
    1  9.4405e+12     2.0999     1     0     0.1326
    2  8.3468e+12     2.1925     2     1     0.2441
    3  8.0978e+12     2.2158     3     2     0.3500
    4  8.0876e+12     2.2168     4     3     0.4519
    5  7.8115e+12     2.2436     5     4     0.5506
    6  6.5766e+12     2.3805     6     5     0.6467
    7  6.3505e+12     2.4090     7     6     0.7407
    8  6.2018e+12     2.4285     8     7     0.8330
    9  5.1169e+12     2.5911     9     8     0.9238
   10  3.3062e+12     2.9904    10     9     1.0134
   11  2.4244e+12     3.3006    11    10     1.1018
   12  2.2777e+12     3.3658    12    11     1.1894
   13  2.0643e+12     3.4705    13    12     1.2761
   14  1.8626e+12     3.5824    14    13     1.3621
   15  1.8486e+12     3.5907    15    14     1.4474
   16  1.7342e+12     3.6617    16    15     1.5322
   17  1.6656e+12     3.7071    17    16     1.6165
   18  1.6413e+12     3.7237    18    17     1.7003
   19  1.5915e+12     3.7588    19    18     1.7838
   20  1.5123e+12     3.8174    20    19     1.8669
   21  1.4279e+12     3.8840    21    20     1.9496
   22  1.3781e+12     3.9257    22    21     2.0321
   23  1.3692e+12     3.9334    23    22     2.1143
   24  1.3547e+12     3.9459    24    23     2.1963
   25  1.3251e+12     3.9722    25    24     2.2781
   26  1.1597e+12     4.1330    26    25     2.3597
   27  1.1217e+12     4.1739    27    26     2.4411
   28  1.0817e+12     4.2188    28    27     2.5223
   29  1.0542e+12     4.2509    29    28     2.6034
   30  1.0407e+12     4.2670    30    29     2.6844
   31  1.0214e+12     4.2905    31    30     2.7652
   32  9.9780e+11     4.3200    32    31     2.8459
   33  9.8021e+11     4.3425    33    32     2.9266
   34  9.7430e+11     4.3502    34    33     3.0071
   35  7.8015e+11     4.6394    35    34     3.0876
   36  4.3587e+11     5.4636    36    35     3.1680
   37  4.3534e+11     5.4654    37    36     3.2483
   38  4.3046e+11     5.4823    38    37     3.3285
   39  2.7293e+11     6.1999    39    38     3.4087
   40  1.5279e+11     7.2096    40    39     3.4889
   41  1.3891e+11     7.3861    41    40     3.5689
   42  1.2142e+11     7.6408    42    41     3.6490
   43  1.2054e+11     7.6547    43    42     3.7290
   44  1.2046e+11     7.6560    44    43     3.8089
   45  1.1956e+11     7.6704    45    44     3.8889
   46  1.1823e+11     7.6919    46    45     3.9688
   47  1.1816e+11     7.6931    47    46     4.0486
   48  1.1697e+11     7.7125    48    47     4.1285
   49  1.1395e+11     7.7631    49    48     4.2083
   50  8.3907e+10     8.3727    50    49     4.2881
   51  8.3417e+10     8.3847    51    50     4.3678
   52  7.4806e+10     8.6101    52    51     4.4476
   53  7.4566e+10     8.6168    53    52     4.5273
   54  7.2633e+10     8.6718    54    53     4.6070
   55  7.1273e+10     8.7116    55    54     4.6867
   56  7.1077e+10     8.7174    56    55     4.7664
   57  7.0697e+10     8.7287    57    56     4.8460
   58  6.9975e+10     8.7504    58    57     4.9257
   59  6.8998e+10     8.7801    59    58     5.0053
   60  6.8748e+10     8.7878    60    59     5.0849
   61  6.7762e+10     8.8185    61    60     5.1646
   62  6.7645e+10     8.8221    62    61     5.2442
   63  6.7067e+10     8.8404    63    62     5.3238
   64  5.8705e+10     9.1271    64    63     5.4033
   65  5.8415e+10     9.1379    65    64     5.4829
   66  5.1974e+10     9.3952    66    65     5.5625
   67  5.0613e+10     9.4543    67    66     5.6421
   68  4.9104e+10     9.5221    68    67     5.7216
   69  4.8874e+10     9.5327    69    68     5.8012
   70  4.8817e+10     9.5353    70    69     5.8807
   71  4.6427e+10     9.6486    71    70     5.9602
   72  4.6093e+10     9.6650    72    71     6.0398
   73  4.4626e+10     9.7386    73    72     6.1193
   74  4.3946e+10     9.7737    74    73     6.1988
   75  4.0210e+10     9.9785    75    74     6.2783
   76  3.5723e+10    10.2561    76    75     6.3579
   77  3.5592e+10    10.2648    77    76     6.4374
   78  3.5270e+10    10.2863    78    77     6.5169
   79  3.4762e+10    10.3208    79    78     6.5964
   80  2.0449e+10    11.6399    80    79     6.6759
   81  1.3998e+10    12.6534    81    80     6.7554
   82  1.3953e+10    12.6623    82    81     6.8349
   83  1.3849e+10    12.6829    83    82     6.9143
   84  1.3835e+10    12.6857    84    83     6.9938
   85  1.3831e+10    12.6864    85    84     7.0733
   86  1.1732e+10    13.1466    86    85     7.1528
   87  1.1696e+10    13.1553    87    86     7.2323
   88  8.1365e+09    14.2118    88    87     7.3117
   89  8.0738e+09    14.2349    89    88     7.3912
   90  7.9704e+09    14.2736    90    89     7.4707
   91  7.8107e+09    14.3344    91    90     7.5502
   92  6.9182e+09    14.7031    92    91     7.6296
   93  6.8681e+09    14.7254    93    92     7.7091
   94  6.8367e+09    14.7394    94    93     7.7885
   95  6.7570e+09    14.7755    95    94     7.8680
   96  6.6402e+09    14.8292    96    95     7.9475
   97  6.6113e+09    14.8427    97    96     8.0269
   98  6.6081e+09    14.8441    98    97     8.1064
   99  6.5763e+09    14.8590    99    98     8.1858
  100  6.4613e+09    14.9136   100    99     8.2653
