#indx Mass S step-number desc_indx 
    0  1.0000e+13     2.0577     0    -1     0.0134
    1  9.7987e+12     2.0725     1     0     0.1326
    2  8.1331e+12     2.2124     2     1     0.2441
    3  7.5019e+12     2.2753     3     2     0.3500
    4  6.5711e+12     2.3812     4     3     0.4519
    5  6.4789e+12     2.3927     5     4     0.5506
    6  5.4062e+12     2.5438     6     5     0.6467
    7  5.0057e+12     2.6102     7     6     0.7407
    8  4.6615e+12     2.6728     8     7     0.8330
    9  4.2794e+12     2.7494     9     8     0.9238
   10  4.0918e+12     2.7902    10     9     1.0134
   11  4.0813e+12     2.7926    11    10     1.1018
   12  3.4176e+12     2.9586    12    11     1.1894
   13  3.3730e+12     2.9712    13    12     1.2761
   14  3.2180e+12     3.0166    14    13     1.3621
   15  3.2001e+12     3.0220    15    14     1.4474
   16  3.1738e+12     3.0300    16    15     1.5322
   17  2.9695e+12     3.0953    17    16     1.6165
   18  2.9474e+12     3.1027    18    17     1.7003
   19  2.9036e+12     3.1175    19    18     1.7838
   20  2.8778e+12     3.1264    20    19     1.8669
   21  2.8643e+12     3.1311    21    20     1.9496
   22  2.7533e+12     3.1707    22    21     2.0321
   23  2.3857e+12     3.3173    23    22     2.1143
   24  2.3667e+12     3.3257    24    23     2.1963
   25  2.1671e+12     3.4185    25    24     2.2781
   26  2.1484e+12     3.4277    26    25     2.3597
   27  2.0731e+12     3.4659    27    26     2.4411
   28  1.6066e+12     3.7480    28    27     2.5223
   29  1.3661e+12     3.9361    29    28     2.6034
   30  1.3551e+12     3.9456    30    29     2.6844
   31  1.1963e+12     4.0950    31    30     2.7652
   32  1.1366e+12     4.1576    32    31     2.8459
   33  1.1184e+12     4.1775    33    32     2.9266
   34  1.1148e+12     4.1815    34    33     3.0071
   35  6.1835e+11     4.9567    35    34     3.0876
   36  5.8890e+11     5.0253    36    35     3.1680
   37  5.8062e+11     5.0453    37    36     3.2483
   38  5.7158e+11     5.0676    38    37     3.3285
   39  5.6941e+11     5.0729    39    38     3.4087
   40  5.5196e+11     5.1173    40    39     3.4889
   41  5.4556e+11     5.1341    41    40     3.5689
   42  5.1738e+11     5.2106    42    41     3.6490
   43  5.1252e+11     5.2243    43    42     3.7290
   44  4.9218e+11     5.2834    44    43     3.8089
   45  3.7020e+11     5.7127    45    44     3.8889
   46  3.4727e+11     5.8126    46    45     3.9688
   47  2.7795e+11     6.1700    47    46     4.0486
   48  2.2492e+11     6.5245    48    47     4.1285
   49  1.9428e+11     6.7781    49    48     4.2083
   50  1.8380e+11     6.8760    50    49     4.2881
   51  1.8251e+11     6.8885    51    50     4.3678
   52  1.7318e+11     6.9822    52    51     4.4476
   53  1.7186e+11     6.9959    53    52     4.5273
   54  1.4054e+11     7.3644    54    53     4.6070
   55  1.3840e+11     7.3929    55    54     4.6867
   56  1.3736e+11     7.4071    56    55     4.7664
   57  7.1214e+10     8.7133    57    56     4.8460
   58  6.8047e+10     8.8095    58    57     4.9257
   59  6.7932e+10     8.8131    59    58     5.0053
   60  6.5888e+10     8.8782    60    59     5.0849
   61  6.5284e+10     8.8979    61    60     5.1646
   62  6.4932e+10     8.9094    62    61     5.2442
   63  6.4658e+10     8.9185    63    62     5.3238
   64  6.1176e+10     9.0376    64    63     5.4033
   65  6.0213e+10     9.0720    65    64     5.4829
   66  5.9857e+10     9.0849    66    65     5.5625
   67  5.9642e+10     9.0927    67    66     5.6421
   68  5.9171e+10     9.1099    68    67     5.7216
   69  5.8844e+10     9.1220    69    68     5.8012
   70  4.8451e+10     9.5522    70    69     5.8807
   71  4.6103e+10     9.6645    71    70     5.9602
   72  4.6083e+10     9.6655    72    71     6.0398
   73  4.2728e+10     9.8382    73    72     6.1193
   74  4.0824e+10     9.9434    74    73     6.1988
   75  4.0416e+10     9.9667    75    74     6.2783
   76  3.9915e+10     9.9956    76    75     6.3579
   77  3.9621e+10    10.0129    77    76     6.4374
   78  2.8989e+10    10.7596    78    77     6.5169
   79  2.7770e+10    10.8652    79    78     6.5964
   80  2.7481e+10    10.8911    80    79     6.6759
   81  2.6557e+10    10.9759    81    80     6.7554
   82  2.6434e+10    10.9875    82    81     6.8349
   83  2.5528e+10    11.0746    83    82     6.9143
   84  2.5494e+10    11.0778    84    83     6.9938
   85  2.4542e+10    11.1735    85    84     7.0733
   86  2.4466e+10    11.1813    86    85     7.1528
   87  2.4001e+10    11.2297    87    86     7.2323
   88  2.3875e+10    11.2430    88    87     7.3117
   89  2.3861e+10    11.2445    89    88     7.3912
   90  2.3499e+10    11.2833    90    89     7.4707
   91  2.3255e+10    11.3098    91    90     7.5502
   92  1.8547e+10    11.8952    92    91     7.6296
   93  1.8048e+10    11.9672    93    92     7.7091
   94  1.7760e+10    12.0099    94    93     7.7885
   95  1.6072e+10    12.2769    95    94     7.8680
   96  1.5735e+10    12.3342    96    95     7.9475
   97  1.2528e+10    12.9617    97    96     8.0269
   98  1.2497e+10    12.9686    98    97     8.1064
   99  1.2451e+10    12.9788    99    98     8.1858
  100  1.2265e+10    13.0212   100    99     8.2653
