#indx Mass S step-number desc_indx 
    0  1.0000e+13     2.0577     0    -1     0.0134
    1  9.7371e+12     2.0771     1     0     0.1326
    2  9.4542e+12     2.0989     2     1     0.2441
    3  8.2247e+12     2.2038     3     2     0.3500
    4  7.7207e+12     2.2528     4     3     0.4519
    5  7.2888e+12     2.2980     5     4     0.5506
    6  6.8517e+12     2.3473     6     5     0.6467
    7  6.8290e+12     2.3500     7     6     0.7407
    8  6.6670e+12     2.3694     8     7     0.8330
    9  6.0168e+12     2.4536     9     8     0.9238
   10  5.5615e+12     2.5197    10     9     1.0134
   11  5.4333e+12     2.5396    11    10     1.1018
   12  5.2890e+12     2.5626    12    11     1.1894
   13  5.2626e+12     2.5669    13    12     1.2761
   14  4.8202e+12     2.6432    14    13     1.3621
   15  4.6902e+12     2.6674    15    14     1.4474
   16  4.5938e+12     2.6858    16    15     1.5322
   17  4.5494e+12     2.6944    17    16     1.6165
   18  4.2303e+12     2.7599    18    17     1.7003
   19  4.0168e+12     2.8072    19    18     1.7838
   20  3.6070e+12     2.9074    20    19     1.8669
   21  3.5483e+12     2.9229    21    20     1.9496
   22  3.5406e+12     2.9250    22    21     2.0321
   23  3.1828e+12     3.0273    23    22     2.1143
   24  3.1651e+12     3.0327    24    23     2.1963
   25  3.1197e+12     3.0468    25    24     2.2781
   26  3.0962e+12     3.0542    26    25     2.3597
   27  3.0104e+12     3.0818    27    26     2.4411
   28  2.9337e+12     3.1073    28    27     2.5223
   29  2.8996e+12     3.1189    29    28     2.6034
   30  2.8662e+12     3.1304    30    29     2.6844
   31  2.7716e+12     3.1640    31    30     2.7652
   32  2.5186e+12     3.2613    32    31     2.8459
   33  2.3883e+12     3.3162    33    32     2.9266
   34  2.3790e+12     3.3203    34    33     3.0071
   35  2.2471e+12     3.3801    35    34     3.0876
   36  2.2459e+12     3.3806    36    35     3.1680
   37  2.1330e+12     3.4354    37    36     3.2483
   38  2.0465e+12     3.4798    38    37     3.3285
   39  2.0371e+12     3.4848    39    38     3.4087
   40  1.5800e+12     3.7671    40    39     3.4889
   41  1.5114e+12     3.8180    41    40     3.5689
   42  1.5042e+12     3.8236    42    41     3.6490
   43  1.4913e+12     3.8336    43    42     3.7290
   44  1.4383e+12     3.8756    44    43     3.8089
   45  1.4280e+12     3.8840    45    44     3.8889
   46  4.6838e+11     5.3563    46    45     3.9688
   47  4.4403e+11     5.4358    47    46     4.0486
   48  4.2724e+11     5.4936    48    47     4.1285
   49  3.7401e+11     5.6969    49    48     4.2083
   50  3.7085e+11     5.7100    50    49     4.2881
   51  3.4173e+11     5.8379    51    50     4.3678
   52  3.3077e+11     5.8894    52    51     4.4476
   53  3.2127e+11     5.9357    53    52     4.5273
   54  3.2117e+11     5.9362    54    53     4.6070
   55  3.1448e+11     5.9698    55    54     4.6867
   56  3.1292e+11     5.9778    56    55     4.7664
   57  2.9823e+11     6.0553    57    56     4.8460
   58  2.7733e+11     6.1737    58    57     4.9257
   59  2.7529e+11     6.1858    59    58     5.0053
   60  2.5603e+11     6.3058    60    59     5.0849
   61  2.3621e+11     6.4411    61    60     5.1646
   62  2.3084e+11     6.4801    62    61     5.2442
   63  2.1800e+11     6.5780    63    62     5.3238
   64  2.1738e+11     6.5829    64    63     5.4033
   65  2.1219e+11     6.6245    65    64     5.4829
   66  1.9292e+11     6.7904    66    65     5.5625
   67  1.9173e+11     6.8014    67    66     5.6421
   68  1.9077e+11     6.8101    68    67     5.7216
   69  1.0012e+11     8.0167    69    68     5.8012
   70  9.9709e+10     8.0250    70    69     5.8807
   71  6.0800e+10     9.0510    71    70     5.9602
   72  6.0627e+10     9.0571    72    71     6.0398
   73  5.8803e+10     9.1235    73    72     6.1193
   74  5.0396e+10     9.4640    74    73     6.1988
   75  4.9273e+10     9.5144    75    74     6.2783
   76  4.9255e+10     9.5152    76    75     6.3579
   77  4.4735e+10     9.7330    77    76     6.4374
   78  3.7102e+10    10.1666    78    77     6.5169
   79  3.6996e+10    10.1733    79    78     6.5964
   80  3.6427e+10    10.2100    80    79     6.6759
   81  3.6233e+10    10.2225    81    80     6.7554
   82  3.3866e+10    10.3831    82    81     6.8349
   83  3.2131e+10    10.5094    83    82     6.9143
   84  3.1058e+10    10.5915    84    83     6.9938
   85  2.8970e+10    10.7612    85    84     7.0733
   86  2.7828e+10    10.8601    86    85     7.1528
   87  2.7637e+10    10.8771    87    86     7.2323
   88  2.7556e+10    10.8843    88    87     7.3117
   89  2.6869e+10    10.9470    89    88     7.3912
   90  2.2591e+10    11.3836    90    89     7.4707
   91  1.8463e+10    11.9072    91    90     7.5502
   92  1.8286e+10    11.9327    92    91     7.6296
   93  1.8200e+10    11.9451    93    92     7.7091
   94  1.7227e+10    12.0908    94    93     7.7885
   95  1.6557e+10    12.1969    95    94     7.8680
   96  1.6467e+10    12.2116    96    95     7.9475
   97  1.6301e+10    12.2389    97    96     8.0269
   98  1.5932e+10    12.3005    98    97     8.1064
   99  1.5316e+10    12.4073    99    98     8.1858
  100  1.4684e+10    12.5220   100    99     8.2653
