#indx Mass S step-number desc_indx 
    0  1.0000e+13     2.0577     0    -1     0.0134
    1  9.1458e+12     2.1235     1     0     0.1326
    2  9.0714e+12     2.1296     2     1     0.2441
    3  4.2592e+12     2.7537     3     2     0.3500
    4  4.2065e+12     2.7650     4     3     0.4519
    5  3.8468e+12     2.8471     5     4     0.5506
    6  3.1596e+12     3.0344     6     5     0.6467
    7  2.7734e+12     3.1634     7     6     0.7407
    8  2.6349e+12     3.2151     8     7     0.8330
    9  2.4529e+12     3.2885     9     8     0.9238
   10  2.2807e+12     3.3644    10     9     1.0134
   11  2.1702e+12     3.4170    11    10     1.1018
   12  2.0968e+12     3.4537    12    11     1.1894
   13  2.0249e+12     3.4913    13    12     1.2761
   14  2.0076e+12     3.5005    14    13     1.3621
   15  1.8916e+12     3.5654    15    14     1.4474
   16  1.7993e+12     3.6206    16    15     1.5322
   17  1.5035e+12     3.8241    17    16     1.6165
   18  1.3918e+12     3.9141    18    17     1.7003
   19  1.3880e+12     3.9173    19    18     1.7838
   20  1.3717e+12     3.9312    20    19     1.8669
   21  1.2579e+12     4.0344    21    20     1.9496
   22  1.2400e+12     4.0516    22    21     2.0321
   23  1.2271e+12     4.0643    23    22     2.1143
   24  1.2140e+12     4.0773    24    23     2.1963
   25  1.1733e+12     4.1187    25    24     2.2781
   26  1.0982e+12     4.2000    26    25     2.3597
   27  1.0513e+12     4.2544    27    26     2.4411
   28  9.8088e+11     4.3417    28    27     2.5223
   29  9.6091e+11     4.3678    29    28     2.6034
   30  9.3821e+11     4.3984    30    29     2.6844
   31  9.1912e+11     4.4248    31    30     2.7652
   32  9.1137e+11     4.4357    32    31     2.8459
   33  9.0838e+11     4.4399    33    32     2.9266
   34  8.7765e+11     4.4845    34    33     3.0071
   35  8.7530e+11     4.4879    35    34     3.0876
   36  8.6857e+11     4.4980    36    35     3.1680
   37  8.5914e+11     4.5122    37    36     3.2483
   38  8.0315e+11     4.6008    38    37     3.3285
   39  7.8081e+11     4.6383    39    38     3.4087
   40  7.3808e+11     4.7137    40    39     3.4889
   41  7.3255e+11     4.7238    41    40     3.5689
   42  7.2795e+11     4.7323    42    41     3.6490
   43  6.3391e+11     4.9220    43    42     3.7290
   44  6.3278e+11     4.9245    44    43     3.8089
   45  6.2577e+11     4.9400    45    44     3.8889
   46  6.0995e+11     4.9758    46    45     3.9688
   47  6.0225e+11     4.9937    47    46     4.0486
   48  5.3147e+11     5.1717    48    47     4.1285
   49  4.8428e+11     5.3071    49    48     4.2083
   50  4.0343e+11     5.5806    50    49     4.2881
   51  3.8578e+11     5.6491    51    50     4.3678
   52  3.8392e+11     5.6565    52    51     4.4476
   53  3.0609e+11     6.0133    53    52     4.5273
   54  3.0544e+11     6.0167    54    53     4.6070
   55  2.4500e+11     6.3795    55    54     4.6867
   56  1.6136e+11     7.1099    56    55     4.7664
   57  1.4520e+11     7.3037    57    56     4.8460
   58  1.3851e+11     7.3915    58    57     4.9257
   59  1.3810e+11     7.3970    59    58     5.0053
   60  1.3159e+11     7.4878    60    59     5.0849
   61  1.2828e+11     7.5360    61    60     5.1646
   62  6.2949e+10     8.9760    62    61     5.2442
   63  6.2550e+10     8.9897    63    62     5.3238
   64  6.1820e+10     9.0150    64    63     5.4033
   65  6.1420e+10     9.0290    65    64     5.4829
   66  5.5900e+10     9.2342    66    65     5.5625
   67  5.3573e+10     9.3280    67    66     5.6421
   68  5.3408e+10     9.3348    68    67     5.7216
   69  5.3188e+10     9.3439    69    68     5.8012
   70  3.6023e+10    10.2363    70    69     5.8807
   71  3.4932e+10    10.3092    71    70     5.9602
   72  3.2247e+10    10.5007    72    71     6.0398
   73  3.1643e+10    10.5463    73    72     6.1193
   74  3.1252e+10    10.5764    74    73     6.1988
   75  2.8569e+10    10.7954    75    74     6.2783
   76  2.6953e+10    10.9392    76    75     6.3579
   77  2.6630e+10    10.9691    77    76     6.4374
   78  2.6020e+10    11.0268    78    77     6.5169
   79  2.4922e+10    11.1348    79    78     6.5964
   80  2.4626e+10    11.1649    80    79     6.6759
   81  2.3733e+10    11.2581    81    80     6.7554
   82  2.3726e+10    11.2589    82    81     6.8349
   83  2.3530e+10    11.2799    83    82     6.9143
   84  2.3425e+10    11.2912    84    83     6.9938
   85  2.2904e+10    11.3485    85    84     7.0733
   86  1.8770e+10    11.8637    86    85     7.1528
   87  1.8652e+10    11.8803    87    86     7.2323
   88  1.8414e+10    11.9141    88    87     7.3117
   89  1.8071e+10    11.9639    89    88     7.3912
   90  1.8042e+10    11.9682    90    89     7.4707
   91  1.7914e+10    11.9870    91    90     7.5502
   92  1.7906e+10    11.9881    92    91     7.6296
   93  1.7659e+10    12.0250    93    92     7.7091
   94  1.7435e+10    12.0589    94    93     7.7885
   95  1.6631e+10    12.1850    95    94     7.8680
   96  1.6542e+10    12.1994    96    95     7.9475
   97  1.6430e+10    12.2176    97    96     8.0269
   98  1.6409e+10    12.2210    98    97     8.1064
   99  1.5956e+10    12.2964    99    98     8.1858
  100  1.4964e+10    12.4705   100    99     8.2653
