#indx Mass S step-number desc_indx 
    0  1.0000e+13     2.0577     0    -1     0.0134
    1  9.2428e+12     2.1156     1     0     0.1326
    2  9.1337e+12     2.1245     2     1     0.2441
    3  6.7203e+12     2.3630     3     2     0.3500
    4  3.9454e+12     2.8237     4     3     0.4519
    5  3.8955e+12     2.8355     5     4     0.5506
    6  3.8912e+12     2.8365     6     5     0.6467
    7  3.8482e+12     2.8468     7     6     0.7407
    8  3.7632e+12     2.8676     8     7     0.8330
    9  3.3132e+12     2.9884     9     8     0.9238
   10  2.9914e+12     3.0880    10     9     1.0134
   11  2.0615e+12     3.4719    11    10     1.1018
   12  1.9965e+12     3.5066    12    11     1.1894
   13  1.9774e+12     3.5170    13    12     1.2761
   14  1.8318e+12     3.6008    14    13     1.3621
   15  1.7963e+12     3.6225    15    14     1.4474
   16  1.5322e+12     3.8023    16    15     1.5322
   17  1.0328e+12     4.2766    17    16     1.6165
   18  1.0205e+12     4.2917    18    17     1.7003
   19  9.8225e+11     4.3399    19    18     1.7838
   20  9.7412e+11     4.3505    20    19     1.8669
   21  9.6878e+11     4.3574    21    20     1.9496
   22  9.3783e+11     4.3989    22    21     2.0321
   23  9.1540e+11     4.4300    23    22     2.1143
   24  9.0844e+11     4.4398    24    23     2.1963
   25  7.4992e+11     4.6923    25    24     2.2781
   26  7.1739e+11     4.7521    26    25     2.3597
   27  7.1507e+11     4.7565    27    26     2.4411
   28  2.9992e+11     6.0461    28    27     2.5223
   29  2.2072e+11     6.5567    29    28     2.6034
   30  2.1973e+11     6.5644    30    29     2.6844
   31  2.1516e+11     6.6005    31    30     2.7652
   32  2.0955e+11     6.6462    32    31     2.8459
   33  2.0650e+11     6.6715    33    32     2.9266
   34  1.9663e+11     6.7570    34    33     3.0071
   35  1.9605e+11     6.7621    35    34     3.0876
   36  1.9092e+11     6.8088    36    35     3.1680
   37  1.7999e+11     6.9133    37    36     3.2483
   38  1.7385e+11     6.9753    38    37     3.3285
   39  1.7013e+11     7.0142    39    38     3.4087
   40  1.5872e+11     7.1400    40    39     3.4889
   41  1.3994e+11     7.3724    41    40     3.5689
   42  1.3977e+11     7.3745    42    41     3.6490
   43  1.2861e+11     7.5311    43    42     3.7290
   44  1.2168e+11     7.6367    44    43     3.8089
   45  1.2044e+11     7.6562    45    44     3.8889
   46  1.1618e+11     7.7256    46    45     3.9688
   47  1.1234e+11     7.7908    47    46     4.0486
   48  1.0740e+11     7.8785    48    47     4.1285
   49  9.4119e+10     8.1401    49    48     4.2083
   50  7.8569e+10     8.5080    50    49     4.2881
   51  7.2949e+10     8.6627    51    50     4.3678
   52  7.1530e+10     8.7040    52    51     4.4476
   53  7.1470e+10     8.7058    53    52     4.5273
   54  6.9527e+10     8.7639    54    53     4.6070
   55  6.8621e+10     8.7917    55    54     4.6867
   56  6.8183e+10     8.8053    56    55     4.7664
   57  6.7557e+10     8.8249    57    56     4.8460
   58  6.6845e+10     8.8474    58    57     4.9257
   59  6.6803e+10     8.8488    59    58     5.0053
   60  5.9158e+10     9.1104    60    59     5.0849
   61  5.8914e+10     9.1194    61    60     5.1646
   62  5.8856e+10     9.1215    62    61     5.2442
   63  5.8794e+10     9.1238    63    62     5.3238
   64  5.0603e+10     9.4547    64    63     5.4033
   65  3.0171e+10    10.6619    65    64     5.4829
   66  2.9372e+10    10.7275    66    65     5.5625
   67  2.8886e+10    10.7683    67    66     5.6421
   68  2.8712e+10    10.7831    68    67     5.7216
   69  2.7237e+10    10.9131    69    68     5.8012
   70  2.5872e+10    11.0411    70    69     5.8807
   71  2.4732e+10    11.1540    71    70     5.9602
   72  2.4126e+10    11.2166    72    71     6.0398
   73  2.3331e+10    11.3015    73    72     6.1193
   74  2.3281e+10    11.3070    74    73     6.1988
   75  2.1299e+10    11.5346    75    74     6.2783
   76  1.9535e+10    11.7591    76    75     6.3579
   77  1.8076e+10    11.9631    77    76     6.4374
   78  1.8058e+10    11.9657    78    77     6.5169
   79  1.7687e+10    12.0208    79    78     6.5964
   80  1.7231e+10    12.0904    80    79     6.6759
   81  8.3401e+09    14.1380    81    80     6.7554
   82  8.2465e+09    14.1716    82    81     6.8349
   83  8.0092e+09    14.2590    83    82     6.9143
   84  7.9208e+09    14.2923    84    83     6.9938
   85  7.9184e+09    14.2932    85    84     7.0733
   86  7.9019e+09    14.2995    86    85     7.1528
   87  7.8949e+09    14.3022    87    86     7.2323
   88  7.8818e+09    14.3072    88    87     7.3117
   89  6.6628e+09    14.8187    89    88     7.3912
   90  6.6360e+09    14.8311    90    89     7.4707
   91  6.3738e+09    14.9559    91    90     7.5502
   92  6.3475e+09    14.9687    92    91     7.6296
   93  6.0650e+09    15.1106    93    92     7.7091
   94  5.9393e+09    15.1761    94    93     7.7885
   95  5.8719e+09    15.2119    95    94     7.8680
   96  4.2818e+09    16.2270    96    95     7.9475
   97  4.1779e+09    16.3079    97    96     8.0269
   98  4.1707e+09    16.3136    98    97     8.1064
   99  4.1051e+09    16.3660    99    98     8.1858
  100  4.0946e+09    16.3745   100    99     8.2653
