#indx Mass S step-number desc_indx 
    0  1.0000e+13     2.0577     0    -1     0.0134
    1  9.9414e+12     2.0619     1     0     0.1326
    2  9.2614e+12     2.1141     2     1     0.2441
    3  8.2160e+12     2.2046     3     2     0.3500
    4  6.4470e+12     2.3967     4     3     0.4519
    5  6.4158e+12     2.4007     5     4     0.5506
    6  6.1665e+12     2.4332     6     5     0.6467
    7  5.2006e+12     2.5771     7     6     0.7407
    8  4.6694e+12     2.6713     8     7     0.8330
    9  4.5873e+12     2.6870     9     8     0.9238
   10  4.5471e+12     2.6949    10     9     1.0134
   11  4.5309e+12     2.6981    11    10     1.1018
   12  4.2749e+12     2.7503    12    11     1.1894
   13  3.8969e+12     2.8351    13    12     1.2761
   14  3.8243e+12     2.8526    14    13     1.3621
   15  2.1635e+12     3.4203    15    14     1.4474
   16  2.1085e+12     3.4477    16    15     1.5322
   17  2.0911e+12     3.4566    17    16     1.6165
   18  8.5429e+11     4.5196    18    17     1.7003
   19  8.1480e+11     4.5818    19    18     1.7838
   20  8.1109e+11     4.5878    20    19     1.8669
   21  7.2806e+11     4.7321    21    20     1.9496
   22  7.2632e+11     4.7354    22    21     2.0321
   23  6.7737e+11     4.8304    23    22     2.1143
   24  6.6733e+11     4.8509    24    23     2.1963
   25  6.0847e+11     4.9792    25    24     2.2781
   26  5.8943e+11     5.0240    26    25     2.3597
   27  5.7537e+11     5.0582    27    26     2.4411
   28  5.5091e+11     5.1201    28    27     2.5223
   29  5.4978e+11     5.1230    29    28     2.6034
   30  4.2815e+11     5.4904    30    29     2.6844
   31  4.2250e+11     5.5105    31    30     2.7652
   32  3.9066e+11     5.6297    32    31     2.8459
   33  3.2717e+11     5.9067    33    32     2.9266
   34  2.8046e+11     6.1553    34    33     3.0071
   35  2.7744e+11     6.1730    35    34     3.0876
   36  2.7706e+11     6.1753    36    35     3.1680
   37  2.7369e+11     6.1953    37    36     3.2483
   38  2.6417e+11     6.2538    38    37     3.3285
   39  2.5858e+11     6.2893    39    38     3.4087
   40  2.5744e+11     6.2967    40    39     3.4889
   41  2.5556e+11     6.3089    41    40     3.5689
   42  2.2220e+11     6.5452    42    41     3.6490
   43  1.2605e+11     7.5693    43    42     3.7290
   44  1.2362e+11     7.6064    44    43     3.8089
   45  1.2357e+11     7.6072    45    44     3.8889
   46  1.2284e+11     7.6186    46    45     3.9688
   47  1.2045e+11     7.6561    47    46     4.0486
   48  1.1962e+11     7.6695    48    47     4.1285
   49  1.1880e+11     7.6826    49    48     4.2083
   50  1.1807e+11     7.6945    50    49     4.2881
   51  1.1684e+11     7.7147    51    50     4.3678
   52  1.1484e+11     7.7481    52    51     4.4476
   53  1.0973e+11     7.8364    53    52     4.5273
   54  1.0877e+11     7.8536    54    53     4.6070
   55  7.5062e+10     8.6030    55    54     4.6867
   56  7.4178e+10     8.6277    56    55     4.7664
   57  7.2687e+10     8.6703    57    56     4.8460
   58  7.1923e+10     8.6925    58    57     4.9257
   59  6.8790e+10     8.7865    59    58     5.0053
   60  6.6996e+10     8.8426    60    59     5.0849
   61  6.0027e+10     9.0787    61    60     5.1646
   62  5.9906e+10     9.0831    62    61     5.2442
   63  5.8176e+10     9.1469    63    62     5.3238
   64  3.4217e+10    10.3585    64    63     5.4033
   65  3.3285e+10    10.4245    65    64     5.4829
   66  3.2639e+10    10.4716    66    65     5.5625
   67  3.1132e+10    10.5857    67    66     5.6421
   68  2.8677e+10    10.7861    68    67     5.7216
   69  2.7341e+10    10.9037    69    68     5.8012
   70  2.4738e+10    11.1535    70    69     5.8807
   71  1.8731e+10    11.8692    71    70     5.9602
   72  1.8668e+10    11.8781    72    71     6.0398
   73  1.8387e+10    11.9181    73    72     6.1193
   74  1.8245e+10    11.9386    74    73     6.1988
   75  1.8080e+10    11.9626    75    74     6.2783
   76  1.7662e+10    12.0246    76    75     6.3579
   77  1.4201e+10    12.6138    77    76     6.4374
   78  1.2692e+10    12.9252    78    77     6.5169
   79  1.1915e+10    13.1026    79    78     6.5964
   80  1.1897e+10    13.1069    80    79     6.6759
   81  1.1572e+10    13.1854    81    80     6.7554
   82  1.1382e+10    13.2324    82    81     6.8349
   83  1.1157e+10    13.2892    83    82     6.9143
   84  1.1106e+10    13.3023    84    83     6.9938
   85  1.0893e+10    13.3578    85    84     7.0733
   86  1.0754e+10    13.3946    86    85     7.1528
   87  1.0694e+10    13.4105    87    86     7.2323
   88  1.0628e+10    13.4282    88    87     7.3117
   89  1.0546e+10    13.4507    89    88     7.3912
   90  1.0441e+10    13.4793    90    89     7.4707
   91  1.0410e+10    13.4879    91    90     7.5502
   92  1.0109e+10    13.5728    92    91     7.6296
   93  1.0047e+10    13.5906    93    92     7.7091
   94  9.8925e+09    13.6356    94    93     7.7885
   95  9.6256e+09    13.7152    95    94     7.8680
   96  9.5501e+09    13.7382    96    95     7.9475
   97  9.4384e+09    13.7726    97    96     8.0269
   98  7.7681e+09    14.3509    98    97     8.1064
   99  4.8963e+09    15.7902    99    98     8.1858
  100  4.8314e+09    15.8333   100    99     8.2653
