#indx Mass S step-number desc_indx 
    0  1.0000e+13     2.0577     0    -1     0.0134
    1  5.4404e+12     2.5384     1     0     0.1326
    2  5.2149e+12     2.5747     2     1     0.2441
    3  4.2959e+12     2.7459     3     2     0.3500
    4  4.2736e+12     2.7506     4     3     0.4519
    5  4.1492e+12     2.7775     5     4     0.5506
    6  4.0922e+12     2.7901     6     5     0.6467
    7  4.0765e+12     2.7936     7     6     0.7407
    8  2.2424e+12     3.3823     8     7     0.8330
    9  2.1692e+12     3.4175     9     8     0.9238
   10  1.3114e+12     3.9845    10     9     1.0134
   11  1.0409e+12     4.2667    11    10     1.1018
   12  1.0341e+12     4.2750    12    11     1.1894
   13  9.4397e+11     4.3905    13    12     1.2761
   14  8.5400e+11     4.5201    14    13     1.3621
   15  8.2911e+11     4.5588    15    14     1.4474
   16  6.9876e+11     4.7879    16    15     1.5322
   17  6.9832e+11     4.7887    17    16     1.6165
   18  1.9637e+11     6.7593    18    17     1.7003
   19  1.7050e+11     7.0103    19    18     1.7838
   20  9.5038e+10     8.1206    20    19     1.8669
   21  9.4181e+10     8.1387    21    20     1.9496
   22  9.0625e+10     8.2162    22    21     2.0321
   23  6.6276e+10     8.8656    23    22     2.1143
   24  6.6092e+10     8.8716    24    23     2.1963
   25  6.5346e+10     8.8958    25    24     2.2781
   26  6.5071e+10     8.9048    26    25     2.3597
   27  5.1454e+10     9.4176    27    26     2.4411
   28  4.8650e+10     9.5430    28    27     2.5223
   29  4.6203e+10     9.6596    29    28     2.6034
   30  4.4798e+10     9.7298    30    29     2.6844
   31  4.4676e+10     9.7361    31    30     2.7652
   32  4.2271e+10     9.8629    32    31     2.8459
   33  4.2009e+10     9.8772    33    32     2.9266
   34  4.1964e+10     9.8797    34    33     3.0071
   35  4.0489e+10     9.9625    35    34     3.0876
   36  4.0208e+10     9.9786    36    35     3.1680
   37  3.9503e+10    10.0198    37    36     3.2483
   38  3.9024e+10    10.0482    38    37     3.3285
   39  3.7322e+10    10.1527    39    38     3.4087
   40  3.7317e+10    10.1530    40    39     3.4889
   41  3.5198e+10    10.2912    41    40     3.5689
   42  3.5158e+10    10.2939    42    41     3.6490
   43  3.4973e+10    10.3064    43    42     3.7290
   44  3.4756e+10    10.3212    44    43     3.8089
   45  3.2785e+10    10.4608    45    44     3.8889
   46  3.2256e+10    10.5000    46    45     3.9688
   47  3.0666e+10    10.6223    47    46     4.0486
   48  2.6676e+10    10.9649    48    47     4.1285
   49  2.6359e+10    10.9946    49    48     4.2083
   50  2.3711e+10    11.2605    50    49     4.2881
   51  2.3024e+10    11.3352    51    50     4.3678
   52  2.2904e+10    11.3484    52    51     4.4476
   53  2.2725e+10    11.3684    53    52     4.5273
   54  1.9601e+10    11.7502    54    53     4.6070
   55  1.7197e+10    12.0955    55    54     4.6867
   56  1.7140e+10    12.1045    56    55     4.7664
   57  1.5554e+10    12.3654    57    56     4.8460
   58  1.5277e+10    12.4143    58    57     4.9257
   59  1.4787e+10    12.5031    59    58     5.0053
   60  1.3343e+10    12.7860    60    59     5.0849
   61  1.2548e+10    12.9571    61    60     5.1646
   62  5.3061e+09    15.5325    62    61     5.2442
   63  3.7765e+09    16.6436    63    62     5.3238
   64  3.7416e+09    16.6747    64    63     5.4033
   65  3.7358e+09    16.6799    65    64     5.4829
   66  3.5831e+09    16.8203    66    65     5.5625
   67  3.5667e+09    16.8357    67    66     5.6421
   68  3.5645e+09    16.8378    68    67     5.7216
   69  3.5492e+09    16.8524    69    68     5.8012
   70  3.4427e+09    16.9555    70    69     5.8807
   71  3.2719e+09    17.1287    71    70     5.9602
   72  3.1270e+09    17.2840    72    71     6.0398
   73  3.1057e+09    17.3075    73    72     6.1193
   74  3.0759e+09    17.3407    74    73     6.1988
   75  2.7766e+09    17.6961    75    74     6.2783
   76  2.6575e+09    17.8498    76    75     6.3579
   77  2.6561e+09    17.8517    77    76     6.4374
   78  2.5369e+09    18.0137    78    77     6.5169
   79  2.5360e+09    18.0149    79    78     6.5964
   80  2.4793e+09    18.0952    80    79     6.6759
   81  2.4315e+09    18.1643    81    80     6.7554
   82  2.3181e+09    18.3351    82    81     6.8349
   83  2.3108e+09    18.3464    83    82     6.9143
   84  2.3087e+09    18.3497    84    83     6.9938
   85  2.2937e+09    18.3729    85    84     7.0733
   86  2.2739e+09    18.4042    86    85     7.1528
   87  2.1898e+09    18.5400    87    86     7.2323
   88  2.1477e+09    18.6102    88    87     7.3117
   89  2.1307e+09    18.6390    89    88     7.3912
   90  2.1088e+09    18.6764    90    89     7.4707
   91  2.0939e+09    18.7023    91    90     7.5502
   92  1.6967e+09    19.4780    92    91     7.6296
   93  1.5706e+09    19.7684    93    92     7.7091
   94  1.5386e+09    19.8464    94    93     7.7885
   95  1.5351e+09    19.8550    95    94     7.8680
   96  1.5299e+09    19.8679    96    95     7.9475
   97  1.5241e+09    19.8823    97    96     8.0269
   98  1.4813e+09    19.9907    98    97     8.1064
   99  1.4484e+09    20.0763    99    98     8.1858
  100  1.3639e+09    20.3071   100    99     8.2653
