#indx Mass S step-number desc_indx 
    0  1.0000e+13     2.0577     0    -1     0.0134
    1  9.6295e+12     2.0853     1     0     0.1326
    2  9.4652e+12     2.0980     2     1     0.2441
    3  8.9337e+12     2.1411     3     2     0.3500
    4  7.2588e+12     2.3013     4     3     0.4519
    5  6.9236e+12     2.3390     5     4     0.5506
    6  6.0017e+12     2.4557     6     5     0.6467
    7  5.8993e+12     2.4701     7     6     0.7407
    8  3.2018e+12     3.0215     8     7     0.8330
    9  2.9692e+12     3.0954     9     8     0.9238
   10  2.9021e+12     3.1180    10     9     1.0134
   11  2.6420e+12     3.2124    11    10     1.1018
   12  2.5693e+12     3.2409    12    11     1.1894
   13  2.5516e+12     3.2479    13    12     1.2761
   14  2.3875e+12     3.3165    14    13     1.3621
   15  2.3085e+12     3.3517    15    14     1.4474
   16  1.4068e+12     3.9015    16    15     1.5322
   17  1.0372e+12     4.2713    17    16     1.6165
   18  9.8177e+11     4.3405    18    17     1.7003
   19  9.7915e+11     4.3439    19    18     1.7838
   20  9.1960e+11     4.4241    20    19     1.8669
   21  8.6024e+11     4.5106    21    20     1.9496
   22  8.5144e+11     4.5240    22    21     2.0321
   23  8.3938e+11     4.5427    23    22     2.1143
   24  8.3881e+11     4.5436    24    23     2.1963
   25  7.6116e+11     4.6723    25    24     2.2781
   26  7.2368e+11     4.7403    26    25     2.3597
   27  7.1382e+11     4.7589    27    26     2.4411
   28  6.9574e+11     4.7938    28    27     2.5223
   29  6.7981e+11     4.8255    29    28     2.6034
   30  6.6916e+11     4.8472    30    29     2.6844
   31  6.6777e+11     4.8500    31    30     2.7652
   32  6.5419e+11     4.8784    32    31     2.8459
   33  6.0108e+11     4.9964    33    32     2.9266
   34  5.9933e+11     5.0005    34    33     3.0071
   35  5.8695e+11     5.0299    35    34     3.0876
   36  5.2486e+11     5.1898    36    35     3.1680
   37  5.2242e+11     5.1965    37    36     3.2483
   38  4.5879e+11     5.3870    38    37     3.3285
   39  4.3567e+11     5.4642    39    38     3.4087
   40  4.2645e+11     5.4964    40    39     3.4889
   41  4.2205e+11     5.5121    41    40     3.5689
   42  4.1144e+11     5.5506    42    41     3.6490
   43  4.0892e+11     5.5600    43    42     3.7290
   44  4.0065e+11     5.5911    44    43     3.8089
   45  3.9499e+11     5.6129    45    44     3.8889
   46  3.8978e+11     5.6332    46    45     3.9688
   47  3.8278e+11     5.6611    47    46     4.0486
   48  3.7978e+11     5.6732    48    47     4.1285
   49  3.6580e+11     5.7313    49    48     4.2083
   50  3.4737e+11     5.8121    50    49     4.2881
   51  3.2932e+11     5.8964    51    50     4.3678
   52  3.0168e+11     6.0367    52    51     4.4476
   53  2.9977e+11     6.0469    53    52     4.5273
   54  2.9726e+11     6.0605    54    53     4.6070
   55  2.9158e+11     6.0918    55    54     4.6867
   56  2.8934e+11     6.1043    56    55     4.7664
   57  2.8699e+11     6.1177    57    56     4.8460
   58  2.8231e+11     6.1445    58    57     4.9257
   59  2.5875e+11     6.2882    59    58     5.0053
   60  2.5606e+11     6.3056    60    59     5.0849
   61  2.4195e+11     6.4006    61    60     5.1646
   62  2.3666e+11     6.4380    62    61     5.2442
   63  2.3011e+11     6.4856    63    62     5.3238
   64  2.0218e+11     6.7084    64    63     5.4033
   65  1.9978e+11     6.7292    65    64     5.4829
   66  1.9094e+11     6.8086    66    65     5.5625
   67  1.8777e+11     6.8381    67    66     5.6421
   68  1.8730e+11     6.8425    68    67     5.7216
   69  1.7214e+11     6.9930    69    68     5.8012
   70  1.6930e+11     7.0229    70    69     5.8807
   71  1.6657e+11     7.0523    71    70     5.9602
   72  1.6527e+11     7.0665    72    71     6.0398
   73  1.6503e+11     7.0691    73    72     6.1193
   74  1.6032e+11     7.1217    74    73     6.1988
   75  1.5986e+11     7.1269    75    74     6.2783
   76  1.5974e+11     7.1282    76    75     6.3579
   77  1.5685e+11     7.1616    77    76     6.4374
   78  1.5607e+11     7.1707    78    77     6.5169
   79  1.5265e+11     7.2113    79    78     6.5964
   80  1.5207e+11     7.2183    80    79     6.6759
   81  1.4903e+11     7.2555    81    80     6.7554
   82  1.4829e+11     7.2647    82    81     6.8349
   83  1.4770e+11     7.2721    83    82     6.9143
   84  1.4616e+11     7.2915    84    83     6.9938
   85  1.4480e+11     7.3088    85    84     7.0733
   86  1.4082e+11     7.3606    86    85     7.1528
   87  1.3133e+11     7.4916    87    86     7.2323
   88  1.2747e+11     7.5480    88    87     7.3117
   89  1.2290e+11     7.6176    89    88     7.3912
   90  1.2252e+11     7.6236    90    89     7.4707
   91  1.1473e+11     7.7500    91    90     7.5502
   92  1.1072e+11     7.8189    92    91     7.6296
   93  1.0903e+11     7.8490    93    92     7.7091
   94  1.0885e+11     7.8522    94    93     7.7885
   95  1.0410e+11     7.9397    95    94     7.8680
   96  7.8279e+10     8.5157    96    95     7.9475
   97  7.3920e+10     8.6350    97    96     8.0269
   98  6.5660e+10     8.8856    98    97     8.1064
   99  6.5505e+10     8.8906    99    98     8.1858
  100  6.4296e+10     8.9305   100    99     8.2653
