#indx Mass S step-number desc_indx 
    0  1.0000e+13     2.0577     0    -1     0.0134
    1  9.4080e+12     2.1025     1     0     0.1326
    2  8.2815e+12     2.1985     2     1     0.2441
    3  8.1759e+12     2.2084     3     2     0.3500
    4  7.8542e+12     2.2394     4     3     0.4519
    5  7.2620e+12     2.3009     5     4     0.5506
    6  6.7916e+12     2.3544     6     5     0.6467
    7  6.1655e+12     2.4334     7     6     0.7407
    8  6.1473e+12     2.4358     8     7     0.8330
    9  4.3882e+12     2.7268     9     8     0.9238
   10  4.3568e+12     2.7332    10     9     1.0134
   11  3.2495e+12     3.0071    11    10     1.1018
   12  3.1399e+12     3.0405    12    11     1.1894
   13  2.4814e+12     3.2766    13    12     1.2761
   14  2.3365e+12     3.3391    14    13     1.3621
   15  2.3173e+12     3.3477    15    14     1.4474
   16  2.0395e+12     3.4835    16    15     1.5322
   17  2.0024e+12     3.5033    17    16     1.6165
   18  1.9360e+12     3.5400    18    17     1.7003
   19  1.8832e+12     3.5703    19    18     1.7838
   20  1.5308e+12     3.8033    20    19     1.8669
   21  1.5240e+12     3.8085    21    20     1.9496
   22  1.2176e+12     4.0737    22    21     2.0321
   23  1.2121e+12     4.0791    23    22     2.1143
   24  1.1827e+12     4.1090    24    23     2.1963
   25  1.0610e+12     4.2429    25    24     2.2781
   26  8.5444e+11     4.5194    26    25     2.3597
   27  8.4212e+11     4.5384    27    26     2.4411
   28  6.3436e+11     4.9210    28    27     2.5223
   29  6.3090e+11     4.9287    29    28     2.6034
   30  6.1619e+11     4.9616    30    29     2.6844
   31  5.9808e+11     5.0035    31    30     2.7652
   32  5.9626e+11     5.0077    32    31     2.8459
   33  5.9282e+11     5.0159    33    32     2.9266
   34  5.8300e+11     5.0395    34    33     3.0071
   35  5.8140e+11     5.0434    35    34     3.0876
   36  5.5995e+11     5.0968    36    35     3.1680
   37  5.4193e+11     5.1437    37    36     3.2483
   38  5.3678e+11     5.1574    38    37     3.3285
   39  5.3064e+11     5.1740    39    38     3.4087
   40  1.8493e+11     6.8651    40    39     3.4889
   41  1.7838e+11     6.9293    41    40     3.5689
   42  1.7182e+11     6.9964    42    41     3.6490
   43  1.7077e+11     7.0074    43    42     3.7290
   44  1.5774e+11     7.1512    44    43     3.8089
   45  1.5690e+11     7.1610    45    44     3.8889
   46  1.5342e+11     7.2021    46    45     3.9688
   47  1.4070e+11     7.3622    47    46     4.0486
   48  1.4020e+11     7.3689    48    47     4.1285
   49  1.3616e+11     7.4236    49    48     4.2083
   50  1.2785e+11     7.5424    50    49     4.2881
   51  1.2735e+11     7.5499    51    50     4.3678
   52  1.2271e+11     7.6205    52    51     4.4476
   53  1.2172e+11     7.6360    53    52     4.5273
   54  5.1676e+10     9.4080    54    53     4.6070
   55  4.6296e+10     9.6550    55    54     4.6867
   56  3.2337e+10    10.4940    56    55     4.7664
   57  3.1812e+10    10.5334    57    56     4.8460
   58  3.1635e+10    10.5469    58    57     4.9257
   59  2.6153e+10    11.0141    59    58     5.0053
   60  2.4239e+10    11.2048    60    59     5.0849
   61  2.2672e+10    11.3745    61    60     5.1646
   62  2.2549e+10    11.3883    62    61     5.2442
   63  2.2053e+10    11.4453    63    62     5.3238
   64  2.0825e+10    11.5927    64    63     5.4033
   65  2.0800e+10    11.5959    65    64     5.4829
   66  2.0331e+10    11.6550    66    65     5.5625
   67  1.8092e+10    11.9608    67    66     5.6421
   68  1.8080e+10    11.9626    68    67     5.7216
   69  1.7952e+10    11.9813    69    68     5.8012
   70  1.7801e+10    12.0037    70    69     5.8807
   71  1.7662e+10    12.0245    71    70     5.9602
   72  1.7189e+10    12.0968    72    71     6.0398
   73  1.6986e+10    12.1286    73    72     6.1193
   74  1.6919e+10    12.1391    74    73     6.1988
   75  1.6713e+10    12.1718    75    74     6.2783
   76  1.6704e+10    12.1733    76    75     6.3579
   77  1.6319e+10    12.2359    77    76     6.4374
   78  1.6223e+10    12.2518    78    77     6.5169
   79  1.5739e+10    12.3335    79    78     6.5964
   80  1.5563e+10    12.3639    80    79     6.6759
   81  1.5453e+10    12.3831    81    80     6.7554
   82  1.5342e+10    12.4027    82    81     6.8349
   83  1.4826e+10    12.4959    83    82     6.9143
   84  1.4605e+10    12.5368    84    83     6.9938
   85  1.4514e+10    12.5541    85    84     7.0733
   86  1.4223e+10    12.6096    86    85     7.1528
   87  1.3565e+10    12.7401    87    86     7.2323
   88  1.3504e+10    12.7527    88    87     7.3117
   89  1.3401e+10    12.7737    89    88     7.3912
   90  1.3241e+10    12.8072    90    89     7.4707
   91  1.2821e+10    12.8968    91    90     7.5502
   92  1.1638e+10    13.1692    92    91     7.6296
   93  1.1552e+10    13.1903    93    92     7.7091
   94  1.1098e+10    13.3044    94    93     7.7885
   95  1.1075e+10    13.3103    95    94     7.8680
   96  1.1008e+10    13.3275    96    95     7.9475
   97  1.0936e+10    13.3464    97    96     8.0269
   98  1.0870e+10    13.3638    98    97     8.1064
   99  1.0811e+10    13.3795    99    98     8.1858
  100  1.0763e+10    13.3921   100    99     8.2653
