#indx Mass S step-number desc_indx 
    0  1.0000e+13     2.0577     0    -1     0.0134
    1  9.6054e+12     2.0872     1     0     0.1326
    2  6.2308e+12     2.4247     2     1     0.2441
    3  6.2268e+12     2.4252     3     2     0.3500
    4  6.1039e+12     2.4417     4     3     0.4519
    5  6.0739e+12     2.4458     5     4     0.5506
    6  5.8673e+12     2.4746     6     5     0.6467
    7  4.8459e+12     2.6386     7     6     0.7407
    8  4.3020e+12     2.7446     8     7     0.8330
    9  4.1043e+12     2.7874     9     8     0.9238
   10  2.9343e+12     3.1071    10     9     1.0134
   11  2.8732e+12     3.1280    11    10     1.1018
   12  2.8089e+12     3.1506    12    11     1.1894
   13  2.7500e+12     3.1719    13    12     1.2761
   14  2.6096e+12     3.2250    14    13     1.3621
   15  2.3448e+12     3.3354    15    14     1.4474
   16  2.1937e+12     3.4055    16    15     1.5322
   17  2.0905e+12     3.4569    17    16     1.6165
   18  2.0634e+12     3.4710    18    17     1.7003
   19  1.8192e+12     3.6085    19    18     1.7838
   20  1.7915e+12     3.6255    20    19     1.8669
   21  1.7835e+12     3.6304    21    20     1.9496
   22  1.7662e+12     3.6413    22    21     2.0321
   23  1.7579e+12     3.6465    23    22     2.1143
   24  1.7426e+12     3.6563    24    23     2.1963
   25  1.6834e+12     3.6951    25    24     2.2781
   26  1.6569e+12     3.7130    26    25     2.3597
   27  1.1217e+12     4.1739    27    26     2.4411
   28  1.0334e+12     4.2758    28    27     2.5223
   29  1.0253e+12     4.2857    29    28     2.6034
   30  7.9600e+11     4.6127    30    29     2.6844
   31  7.4639e+11     4.6986    31    30     2.7652
   32  6.1309e+11     4.9686    32    31     2.8459
   33  6.0949e+11     4.9769    33    32     2.9266
   34  6.0664e+11     4.9835    34    33     3.0071
   35  6.0549e+11     4.9861    35    34     3.0876
   36  5.7878e+11     5.0498    36    35     3.1680
   37  5.3415e+11     5.1645    37    36     3.2483
   38  5.3133e+11     5.1721    38    37     3.3285
   39  5.2161e+11     5.1988    39    38     3.4087
   40  4.0860e+11     5.5612    40    39     3.4889
   41  3.9663e+11     5.6065    41    40     3.5689
   42  3.2188e+11     5.9327    42    41     3.6490
   43  3.0472e+11     6.0205    43    42     3.7290
   44  2.9625e+11     6.0660    44    43     3.8089
   45  2.8563e+11     6.1254    45    44     3.8889
   46  2.8505e+11     6.1287    46    45     3.9688
   47  2.8264e+11     6.1426    47    46     4.0486
   48  2.6003e+11     6.2800    48    47     4.1285
   49  2.5598e+11     6.3061    49    48     4.2083
   50  2.5283e+11     6.3268    50    49     4.2881
   51  2.2375e+11     6.5333    51    50     4.3678
   52  2.1985e+11     6.5635    52    51     4.4476
   53  1.8506e+11     6.8638    53    52     4.5273
   54  1.8457e+11     6.8686    54    53     4.6070
   55  1.3942e+11     7.3792    55    54     4.6867
   56  1.3747e+11     7.4057    56    55     4.7664
   57  1.3734e+11     7.4074    57    56     4.8460
   58  1.2391e+11     7.6019    58    57     4.9257
   59  1.2325e+11     7.6121    59    58     5.0053
   60  1.0794e+11     7.8686    60    59     5.0849
   61  1.0761e+11     7.8747    61    60     5.1646
   62  9.7912e+10     8.0611    62    61     5.2442
   63  9.6556e+10     8.0889    63    62     5.3238
   64  8.9266e+10     8.2467    64    63     5.4033
   65  8.1728e+10     8.4267    65    64     5.4829
   66  8.0390e+10     8.4607    66    65     5.5625
   67  8.0293e+10     8.4632    67    66     5.6421
   68  7.9049e+10     8.4955    68    67     5.7216
   69  7.3523e+10     8.6463    69    68     5.8012
   70  7.1535e+10     8.7038    70    69     5.8807
   71  6.6105e+10     8.8712    71    70     5.9602
   72  6.6050e+10     8.8729    72    71     6.0398
   73  6.0033e+10     9.0785    73    72     6.1193
   74  5.8139e+10     9.1482    74    73     6.1988
   75  5.8063e+10     9.1511    75    74     6.2783
   76  5.8006e+10     9.1532    76    75     6.3579
   77  5.3687e+10     9.3233    77    76     6.4374
   78  5.2570e+10     9.3698    78    77     6.5169
   79  5.0383e+10     9.4645    79    78     6.5964
   80  4.9949e+10     9.4839    80    79     6.6759
   81  4.9848e+10     9.4884    81    80     6.7554
   82  4.9295e+10     9.5134    82    81     6.8349
   83  4.8561e+10     9.5471    83    82     6.9143
   84  4.8529e+10     9.5486    84    83     6.9938
   85  3.2980e+10    10.4466    85    84     7.0733
   86  3.2923e+10    10.4508    86    85     7.1528
   87  3.2148e+10    10.5080    87    86     7.2323
   88  3.1983e+10    10.5205    88    87     7.3117
   89  3.0366e+10    10.6462    89    88     7.3912
   90  2.9876e+10    10.6859    90    89     7.4707
   91  2.9261e+10    10.7366    91    90     7.5502
   92  2.7960e+10    10.8484    92    91     7.6296
   93  2.7792e+10    10.8633    93    92     7.7091
   94  2.7763e+10    10.8659    94    93     7.7885
   95  2.7341e+10    10.9038    95    94     7.8680
   96  2.2098e+10    11.4400    96    95     7.9475
   97  1.7019e+10    12.1234    97    96     8.0269
   98  1.6909e+10    12.1407    98    97     8.1064
   99  1.6906e+10    12.1412    99    98     8.1858
  100  1.4919e+10    12.4788   100    99     8.2653
