#indx Mass S step-number desc_indx 
    0  1.0000e+13     2.0577     0    -1     0.0134
    1  9.9677e+12     2.0600     1     0     0.1326
    2  9.7198e+12     2.0785     2     1     0.2441
    3  9.6288e+12     2.0854     3     2     0.3500
    4  9.0609e+12     2.1305     4     3     0.4519
    5  8.0249e+12     2.2228     5     4     0.5506
    6  6.3577e+12     2.4081     6     5     0.6467
    7  6.3318e+12     2.4115     7     6     0.7407
    8  6.0047e+12     2.4553     8     7     0.8330
    9  5.6173e+12     2.5112     9     8     0.9238
   10  5.5234e+12     2.5255    10     9     1.0134
   11  5.3405e+12     2.5543    11    10     1.1018
   12  5.2632e+12     2.5668    12    11     1.1894
   13  4.7955e+12     2.6478    13    12     1.2761
   14  4.6126e+12     2.6821    14    13     1.3621
   15  4.5022e+12     2.7038    15    14     1.4474
   16  2.7161e+12     3.1844    16    15     1.5322
   17  2.6015e+12     3.2281    17    16     1.6165
   18  2.5504e+12     3.2484    18    17     1.7003
   19  2.4056e+12     3.3087    19    18     1.7838
   20  2.3705e+12     3.3240    20    19     1.8669
   21  1.2232e+12     4.0681    21    20     1.9496
   22  1.2186e+12     4.0726    22    21     2.0321
   23  1.1892e+12     4.1023    23    22     2.1143
   24  1.1264e+12     4.1687    24    23     2.1963
   25  1.0781e+12     4.2230    25    24     2.2781
   26  8.9076e+11     4.4652    26    25     2.3597
   27  8.8844e+11     4.4686    27    26     2.4411
   28  8.6973e+11     4.4963    28    27     2.5223
   29  6.1611e+11     4.9618    29    28     2.6034
   30  5.8895e+11     5.0251    30    29     2.6844
   31  5.7613e+11     5.0563    31    30     2.7652
   32  5.6525e+11     5.0834    32    31     2.8459
   33  5.3043e+11     5.1745    33    32     2.9266
   34  4.9201e+11     5.2839    34    33     3.0071
   35  4.8958e+11     5.2911    35    34     3.0876
   36  4.8387e+11     5.3083    36    35     3.1680
   37  4.1936e+11     5.5218    37    36     3.2483
   38  4.1840e+11     5.5252    38    37     3.3285
   39  4.1581e+11     5.5346    39    38     3.4087
   40  4.0630e+11     5.5698    40    39     3.4889
   41  4.0180e+11     5.5868    41    40     3.5689
   42  3.7783e+11     5.6812    42    41     3.6490
   43  3.4289e+11     5.8325    43    42     3.7290
   44  3.4091e+11     5.8416    44    43     3.8089
   45  3.3275e+11     5.8799    45    44     3.8889
   46  3.1605e+11     5.9619    46    45     3.9688
   47  3.1297e+11     5.9776    47    46     4.0486
   48  2.4637e+11     6.3701    48    47     4.1285
   49  2.3966e+11     6.4166    49    48     4.2083
   50  2.3483e+11     6.4511    50    49     4.2881
   51  2.3152e+11     6.4751    51    50     4.3678
   52  2.2543e+11     6.5206    52    51     4.4476
   53  2.2143e+11     6.5512    53    52     4.5273
   54  2.1929e+11     6.5679    54    53     4.6070
   55  1.7140e+11     7.0007    55    54     4.6867
   56  1.6640e+11     7.0541    56    55     4.7664
   57  1.6609e+11     7.0575    57    56     4.8460
   58  1.6556e+11     7.0633    58    57     4.9257
   59  1.3722e+11     7.4090    59    58     5.0053
   60  1.2346e+11     7.6089    60    59     5.0849
   61  1.1914e+11     7.6772    61    60     5.1646
   62  1.1838e+11     7.6894    62    61     5.2442
   63  1.1794e+11     7.6967    63    62     5.3238
   64  1.1770e+11     7.7005    64    63     5.4033
   65  1.0600e+11     7.9041    65    64     5.4829
   66  1.0545e+11     7.9145    66    65     5.5625
   67  1.0297e+11     7.9613    67    66     5.6421
   68  1.0279e+11     7.9648    68    67     5.7216
   69  1.0032e+11     8.0128    69    68     5.8012
   70  9.5339e+10     8.1142    70    69     5.8807
   71  9.1099e+10     8.2057    71    70     5.9602
   72  9.0368e+10     8.2219    72    71     6.0398
   73  8.9770e+10     8.2353    73    72     6.1193
   74  8.8535e+10     8.2634    74    73     6.1988
   75  8.7728e+10     8.2820    75    74     6.2783
   76  6.0663e+10     9.0559    76    75     6.3579
   77  5.7219e+10     9.1831    77    76     6.4374
   78  5.2820e+10     9.3593    78    77     6.5169
   79  4.6061e+10     9.6666    79    78     6.5964
   80  4.5822e+10     9.6784    80    79     6.6759
   81  3.5259e+10    10.2871    81    80     6.7554
   82  2.7218e+10    10.9149    82    81     6.8349
   83  2.6848e+10    10.9489    83    82     6.9143
   84  2.5602e+10    11.0673    84    83     6.9938
   85  2.4324e+10    11.1960    85    84     7.0733
   86  2.3854e+10    11.2453    86    85     7.1528
   87  1.9988e+10    11.6992    87    86     7.2323
   88  8.4333e+09    14.1049    88    87     7.3117
   89  8.3644e+09    14.1293    89    88     7.3912
   90  8.1996e+09    14.1887    90    89     7.4707
   91  6.9796e+09    14.6760    91    90     7.5502
   92  6.7788e+09    14.7655    92    91     7.6296
   93  6.2037e+09    15.0400    93    92     7.7091
   94  6.1246e+09    15.0800    94    93     7.7885
   95  6.0730e+09    15.1064    95    94     7.8680
   96  5.8508e+09    15.2232    96    95     7.9475
   97  5.8062e+09    15.2473    97    96     8.0269
   98  5.7620e+09    15.2713    98    97     8.1064
   99  5.6348e+09    15.3418    99    98     8.1858
  100  5.5043e+09    15.4159   100    99     8.2653
