#indx Mass S step-number desc_indx 
    0  1.0000e+13     2.0577     0    -1     0.0134
    1  7.7489e+12     2.2499     1     0     0.1326
    2  4.6170e+12     2.6813     2     1     0.2441
    3  4.4282e+12     2.7186     3     2     0.3500
    4  4.1065e+12     2.7869     4     3     0.4519
    5  3.9937e+12     2.8125     5     4     0.5506
    6  3.7588e+12     2.8687     6     5     0.6467
    7  3.6126e+12     2.9059     7     6     0.7407
    8  3.3649e+12     2.9735     8     7     0.8330
    9  1.5421e+12     3.7949     9     8     0.9238
   10  1.5371e+12     3.7986    10     9     1.0134
   11  1.5240e+12     3.8085    11    10     1.1018
   12  1.4984e+12     3.8280    12    11     1.1894
   13  1.4930e+12     3.8322    13    12     1.2761
   14  1.4306e+12     3.8818    14    13     1.3621
   15  1.4129e+12     3.8965    15    14     1.4474
   16  4.6515e+11     5.3666    16    15     1.5322
   17  3.7719e+11     5.6838    17    16     1.6165
   18  3.6371e+11     5.7402    18    17     1.7003
   19  3.6235e+11     5.7461    19    18     1.7838
   20  3.4062e+11     5.8430    20    19     1.8669
   21  2.9974e+11     6.0471    21    20     1.9496
   22  2.9756e+11     6.0589    22    21     2.0321
   23  2.8950e+11     6.1035    23    22     2.1143
   24  2.8808e+11     6.1115    24    23     2.1963
   25  2.8587e+11     6.1240    25    24     2.2781
   26  2.8181e+11     6.1474    26    25     2.3597
   27  2.7815e+11     6.1688    27    26     2.4411
   28  2.7423e+11     6.1921    28    27     2.5223
   29  1.9015e+11     6.8159    29    28     2.6034
   30  1.8438e+11     6.8704    30    29     2.6844
   31  1.8254e+11     6.8882    31    30     2.7652
   32  1.8188e+11     6.8947    32    31     2.8459
   33  1.7791e+11     6.9339    33    32     2.9266
   34  1.7712e+11     6.9419    34    33     3.0071
   35  1.7700e+11     6.9431    35    34     3.0876
   36  1.7483e+11     6.9652    36    35     3.1680
   37  1.7419e+11     6.9717    37    36     3.2483
   38  1.7303e+11     6.9838    38    37     3.3285
   39  1.6004e+11     7.1249    39    38     3.4087
   40  1.5819e+11     7.1461    40    39     3.4889
   41  1.5367e+11     7.1991    41    40     3.5689
   42  1.4979e+11     7.2461    42    41     3.6490
   43  1.4729e+11     7.2772    43    42     3.7290
   44  1.0942e+11     7.8421    44    43     3.8089
   45  1.0433e+11     7.9354    45    44     3.8889
   46  1.0239e+11     7.9724    46    45     3.9688
   47  9.8738e+10     8.0444    47    46     4.0486
   48  8.9088e+10     8.2508    48    47     4.1285
   49  8.8381e+10     8.2669    49    48     4.2083
   50  7.9970e+10     8.4715    50    49     4.2881
   51  7.9240e+10     8.4905    51    50     4.3678
   52  7.7927e+10     8.5251    52    51     4.4476
   53  3.8918e+10    10.0546    53    52     4.5273
   54  3.7384e+10    10.1489    54    53     4.6070
   55  3.6092e+10    10.2318    55    54     4.6867
   56  3.5642e+10    10.2615    56    55     4.7664
   57  3.5590e+10    10.2649    57    56     4.8460
   58  3.3814e+10    10.3868    58    57     4.9257
   59  3.3749e+10    10.3914    59    58     5.0053
   60  3.3219e+10    10.4293    60    59     5.0849
   61  3.3165e+10    10.4332    61    60     5.1646
   62  3.3039e+10    10.4423    62    61     5.2442
   63  3.2688e+10    10.4680    63    62     5.3238
   64  3.2330e+10    10.4945    64    63     5.4033
   65  3.2001e+10    10.5191    65    64     5.4829
   66  3.1568e+10    10.5520    66    65     5.5625
   67  2.8727e+10    10.7819    67    66     5.6421
   68  2.8306e+10    10.8181    68    67     5.7216
   69  2.6657e+10    10.9666    69    68     5.8012
   70  1.5565e+10    12.3636    70    69     5.8807
   71  1.5386e+10    12.3950    71    70     5.9602
   72  1.5173e+10    12.4329    72    71     6.0398
   73  1.2766e+10    12.9090    73    72     6.1193
   74  1.2747e+10    12.9132    74    73     6.1988
   75  1.2570e+10    12.9522    75    74     6.2783
   76  9.3092e+09    13.8129    76    75     6.3579
   77  9.2730e+09    13.8244    77    76     6.4374
   78  9.0184e+09    13.9062    78    77     6.5169
   79  8.9746e+09    13.9206    79    78     6.5964
   80  8.9320e+09    13.9346    80    79     6.6759
   81  8.7397e+09    13.9989    81    80     6.7554
   82  8.7165e+09    14.0068    82    81     6.8349
   83  8.6438e+09    14.0316    83    82     6.9143
   84  8.4410e+09    14.1021    84    83     6.9938
   85  8.4187e+09    14.1100    85    84     7.0733
   86  8.3897e+09    14.1203    86    85     7.1528
   87  8.2372e+09    14.1750    87    86     7.2323
   88  5.8269e+09    15.2361    88    87     7.3117
   89  5.8153e+09    15.2424    89    88     7.3912
   90  3.4920e+09    16.9073    90    89     7.4707
   91  3.4599e+09    16.9385    91    90     7.5502
   92  3.4409e+09    16.9573    92    91     7.6296
   93  3.4290e+09    16.9690    93    92     7.7091
   94  3.3794e+09    17.0185    94    93     7.7885
   95  3.3436e+09    17.0547    95    94     7.8680
   96  3.2966e+09    17.1031    96    95     7.9475
   97  3.2349e+09    17.1676    97    96     8.0269
   98  3.2300e+09    17.1728    98    97     8.1064
   99  3.1578e+09    17.2503    99    98     8.1858
  100  3.1497e+09    17.2591   100    99     8.2653
