#indx Mass S step-number desc_indx 
    0  1.0000e+13     2.0577     0    -1     0.0134
    1  9.8150e+12     2.0713     1     0     0.1326
    2  9.6483e+12     2.0839     2     1     0.2441
    3  8.8954e+12     2.1443     3     2     0.3500
    4  8.5533e+12     2.1739     4     3     0.4519
    5  5.4983e+12     2.5294     5     4     0.5506
    6  5.4401e+12     2.5385     6     5     0.6467
    7  5.2428e+12     2.5701     7     6     0.7407
    8  5.1316e+12     2.5886     8     7     0.8330
    9  4.2873e+12     2.7477     9     8     0.9238
   10  4.1671e+12     2.7736    10     9     1.0134
   11  4.1298e+12     2.7818    11    10     1.1018
   12  4.1139e+12     2.7853    12    11     1.1894
   13  2.6187e+12     3.2214    13    12     1.2761
   14  2.5789e+12     3.2370    14    13     1.3621
   15  1.3414e+12     3.9576    15    14     1.4474
   16  1.3132e+12     3.9829    16    15     1.5322
   17  1.2534e+12     4.0387    17    16     1.6165
   18  1.1730e+12     4.1191    18    17     1.7003
   19  1.1537e+12     4.1393    19    18     1.7838
   20  9.1451e+11     4.4312    20    19     1.8669
   21  8.5447e+11     4.5193    21    20     1.9496
   22  8.2923e+11     4.5587    22    21     2.0321
   23  8.2836e+11     4.5600    23    22     2.1143
   24  5.5790e+11     5.1020    24    23     2.1963
   25  5.4985e+11     5.1228    25    24     2.2781
   26  5.2962e+11     5.1767    26    25     2.3597
   27  5.2526e+11     5.1887    27    26     2.4411
   28  5.1966e+11     5.2042    28    27     2.5223
   29  5.0986e+11     5.2318    29    28     2.6034
   30  5.0523e+11     5.2451    30    29     2.6844
   31  3.3798e+11     5.8553    31    30     2.7652
   32  7.5212e+10     8.5988    32    31     2.8459
   33  7.5020e+10     8.6042    33    32     2.9266
   34  7.4787e+10     8.6106    34    33     3.0071
   35  7.4458e+10     8.6198    35    34     3.0876
   36  7.1791e+10     8.6963    36    35     3.1680
   37  7.0122e+10     8.7459    37    36     3.2483
   38  6.9712e+10     8.7583    38    37     3.3285
   39  6.9583e+10     8.7622    39    38     3.4087
   40  6.8898e+10     8.7832    40    39     3.4889
   41  6.6185e+10     8.8686    41    40     3.5689
   42  5.6986e+10     9.1920    42    41     3.6490
   43  5.6881e+10     9.1961    43    42     3.7290
   44  5.5953e+10     9.2321    44    43     3.8089
   45  5.5687e+10     9.2426    45    44     3.8889
   46  5.5051e+10     9.2679    46    45     3.9688
   47  5.4251e+10     9.3002    47    46     4.0486
   48  5.4038e+10     9.3088    48    47     4.1285
   49  5.3247e+10     9.3415    49    48     4.2083
   50  5.2502e+10     9.3727    50    49     4.2881
   51  5.1129e+10     9.4317    51    50     4.3678
   52  4.9887e+10     9.4866    52    51     4.4476
   53  4.4991e+10     9.7201    53    52     4.5273
   54  4.4617e+10     9.7391    54    53     4.6070
   55  4.0753e+10     9.9474    55    54     4.6867
   56  4.0395e+10     9.9678    56    55     4.7664
   57  4.0219e+10     9.9780    57    56     4.8460
   58  3.9188e+10    10.0385    58    57     4.9257
   59  3.9136e+10    10.0415    59    58     5.0053
   60  3.6010e+10    10.2371    60    59     5.0849
   61  3.4132e+10    10.3644    61    60     5.1646
   62  3.3975e+10    10.3754    62    61     5.2442
   63  3.3406e+10    10.4158    63    62     5.3238
   64  2.8628e+10    10.7903    64    63     5.4033
   65  2.6783e+10    10.9549    65    64     5.4829
   66  2.5582e+10    11.0692    66    65     5.5625
   67  2.1108e+10    11.5579    67    66     5.6421
   68  2.1081e+10    11.5612    68    67     5.7216
   69  1.9575e+10    11.7536    69    68     5.8012
   70  1.8086e+10    11.9617    70    69     5.8807
   71  1.8040e+10    11.9685    71    70     5.9602
   72  1.7969e+10    11.9789    72    71     6.0398
   73  1.7010e+10    12.1247    73    72     6.1193
   74  1.5693e+10    12.3415    74    73     6.1988
   75  1.5513e+10    12.3727    75    74     6.2783
   76  1.5439e+10    12.3855    76    75     6.3579
   77  1.5362e+10    12.3991    77    76     6.4374
   78  1.5049e+10    12.4550    78    77     6.5169
   79  1.2925e+10    12.8743    79    78     6.5964
   80  1.2346e+10    13.0027    80    79     6.6759
   81  5.2969e+09    15.5380    81    80     6.7554
   82  5.2180e+09    15.5860    82    81     6.8349
   83  5.2106e+09    15.5905    83    82     6.9143
   84  5.1714e+09    15.6146    84    83     6.9938
   85  5.0995e+09    15.6595    85    84     7.0733
   86  4.2827e+09    16.2263    86    85     7.1528
   87  3.9463e+09    16.4968    87    86     7.2323
   88  3.9082e+09    16.5291    88    87     7.3117
   89  3.8273e+09    16.5989    89    88     7.3912
   90  3.8203e+09    16.6050    90    89     7.4707
   91  3.1041e+09    17.3092    91    90     7.5502
   92  2.9366e+09    17.5010    92    91     7.6296
   93  2.8780e+09    17.5710    93    92     7.7091
   94  2.8609e+09    17.5917    94    93     7.7885
   95  2.8523e+09    17.6022    95    94     7.8680
   96  2.8445e+09    17.6117    96    95     7.9475
   97  2.8310e+09    17.6283    97    96     8.0269
   98  2.7212e+09    17.7667    98    97     8.1064
   99  2.5242e+09    18.0314    99    98     8.1858
  100  2.5132e+09    18.0469   100    99     8.2653
