#indx Mass S step-number desc_indx 
    0  1.0000e+13     2.0577     0    -1     0.0134
    1  9.4776e+12     2.0970     1     0     0.1326
    2  9.3974e+12     2.1033     2     1     0.2441
    3  8.9945e+12     2.1360     3     2     0.3500
    4  8.6587e+12     2.1646     4     3     0.4519
    5  7.9182e+12     2.2331     5     4     0.5506
    6  7.5606e+12     2.2691     6     5     0.6467
    7  7.4210e+12     2.2838     7     6     0.7407
    8  7.1726e+12     2.3107     8     7     0.8330
    9  5.1409e+12     2.5871     9     8     0.9238
   10  4.7103e+12     2.6636    10     9     1.0134
   11  4.6640e+12     2.6723    11    10     1.1018
   12  4.4180e+12     2.7207    12    11     1.1894
   13  4.1703e+12     2.7729    13    12     1.2761
   14  3.9039e+12     2.8335    14    13     1.3621
   15  3.8474e+12     2.8470    15    14     1.4474
   16  3.7719e+12     2.8654    16    15     1.5322
   17  2.9859e+12     3.0898    17    16     1.6165
   18  2.9299e+12     3.1086    18    17     1.7003
   19  2.8357e+12     3.1411    19    18     1.7838
   20  2.7572e+12     3.1693    20    19     1.8669
   21  2.6465e+12     3.2107    21    20     1.9496
   22  1.2953e+12     3.9993    22    21     2.0321
   23  1.2872e+12     4.0068    23    22     2.1143
   24  1.2832e+12     4.0105    24    23     2.1963
   25  1.1983e+12     4.0930    25    24     2.2781
   26  1.1653e+12     4.1270    26    25     2.3597
   27  8.8990e+11     4.4665    27    26     2.4411
   28  7.9566e+11     4.6132    28    27     2.5223
   29  7.8360e+11     4.6335    29    28     2.6034
   30  6.3103e+11     4.9284    30    29     2.6844
   31  6.2788e+11     4.9353    31    30     2.7652
   32  5.8862e+11     5.0259    32    31     2.8459
   33  5.8464e+11     5.0355    33    32     2.9266
   34  5.6747e+11     5.0778    34    33     3.0071
   35  5.6499e+11     5.0840    35    34     3.0876
   36  5.5374e+11     5.1127    36    35     3.1680
   37  5.4726e+11     5.1296    37    36     3.2483
   38  5.3637e+11     5.1585    38    37     3.3285
   39  5.3425e+11     5.1642    39    38     3.4087
   40  4.8491e+11     5.3052    40    39     3.4889
   41  4.8244e+11     5.3127    41    40     3.5689
   42  4.6468e+11     5.3681    42    41     3.6490
   43  4.3731e+11     5.4586    43    42     3.7290
   44  4.1456e+11     5.5392    44    43     3.8089
   45  4.0087e+11     5.5903    45    44     3.8889
   46  3.8516e+11     5.6516    46    45     3.9688
   47  3.6408e+11     5.7386    47    46     4.0486
   48  3.3147e+11     5.8860    48    47     4.1285
   49  3.1393e+11     5.9727    49    48     4.2083
   50  3.1109e+11     5.9872    50    49     4.2881
   51  2.9891e+11     6.0516    51    50     4.3678
   52  2.8368e+11     6.1366    52    51     4.4476
   53  2.5881e+11     6.2878    53    52     4.5273
   54  2.5815e+11     6.2921    54    53     4.6070
   55  2.3283e+11     6.4655    55    54     4.6867
   56  2.3113e+11     6.4780    56    55     4.7664
   57  2.0598e+11     6.6759    57    56     4.8460
   58  2.0303e+11     6.7010    58    57     4.9257
   59  1.3132e+11     7.4918    59    58     5.0053
   60  1.1822e+11     7.6921    60    59     5.0849
   61  1.1612e+11     7.7266    61    60     5.1646
   62  1.1276e+11     7.7834    62    61     5.2442
   63  1.0781e+11     7.8710    63    62     5.3238
   64  1.0751e+11     7.8765    64    63     5.4033
   65  9.8986e+10     8.0394    65    64     5.4829
   66  9.8896e+10     8.0412    66    65     5.5625
   67  7.2237e+10     8.6833    67    66     5.6421
   68  7.0903e+10     8.7226    68    67     5.7216
   69  7.0885e+10     8.7231    69    68     5.8012
   70  7.0799e+10     8.7256    70    69     5.8807
   71  7.0206e+10     8.7434    71    70     5.9602
   72  7.0081e+10     8.7471    72    71     6.0398
   73  7.0067e+10     8.7476    73    72     6.1193
   74  6.8704e+10     8.7891    74    73     6.1988
   75  6.6713e+10     8.8516    75    74     6.2783
   76  6.6638e+10     8.8540    76    75     6.3579
   77  6.5518e+10     8.8902    77    76     6.4374
   78  5.4633e+10     9.2847    78    77     6.5169
   79  5.3322e+10     9.3384    79    78     6.5964
   80  5.3274e+10     9.3404    80    79     6.6759
   81  5.1190e+10     9.4290    81    80     6.7554
   82  4.9954e+10     9.4836    82    81     6.8349
   83  4.8923e+10     9.5304    83    82     6.9143
   84  4.6113e+10     9.6640    84    83     6.9938
   85  4.5950e+10     9.6721    85    84     7.0733
   86  4.4355e+10     9.7525    86    85     7.1528
   87  3.8490e+10    10.0804    87    86     7.2323
   88  3.8236e+10    10.0959    88    87     7.3117
   89  3.8158e+10    10.1007    89    88     7.3912
   90  3.8067e+10    10.1063    90    89     7.4707
   91  3.1533e+10    10.5547    91    90     7.5502
   92  3.1269e+10    10.5750    92    91     7.6296
   93  3.1219e+10    10.5789    93    92     7.7091
   94  2.8434e+10    10.8070    94    93     7.7885
   95  8.2046e+09    14.1869    95    94     7.8680
   96  8.0152e+09    14.2568    96    95     7.9475
   97  7.8604e+09    14.3154    97    96     8.0269
   98  7.8039e+09    14.3371    98    97     8.1064
   99  7.7878e+09    14.3433    99    98     8.1858
  100  7.7114e+09    14.3730   100    99     8.2653
