#indx Mass S step-number desc_indx 
    0  1.0000e+13     2.0577     0    -1     0.0134
    1  9.7959e+12     2.0727     1     0     0.1326
    2  7.5334e+12     2.2720     2     1     0.2441
    3  7.4346e+12     2.2823     3     2     0.3500
    4  7.3767e+12     2.2885     4     3     0.4519
    5  7.2589e+12     2.3012     5     4     0.5506
    6  7.2086e+12     2.3068     6     5     0.6467
    7  6.3775e+12     2.4056     7     6     0.7407
    8  4.9211e+12     2.6251     8     7     0.8330
    9  4.8382e+12     2.6400     9     8     0.9238
   10  4.3770e+12     2.7290    10     9     1.0134
   11  3.9137e+12     2.8312    11    10     1.1018
   12  3.1933e+12     3.0241    12    11     1.1894
   13  2.8323e+12     3.1423    13    12     1.2761
   14  2.7711e+12     3.1642    14    13     1.3621
   15  2.7492e+12     3.1722    15    14     1.4474
   16  2.6943e+12     3.1925    16    15     1.5322
   17  2.2799e+12     3.3648    17    16     1.6165
   18  2.2675e+12     3.3705    18    17     1.7003
   19  2.0142e+12     3.4970    19    18     1.7838
   20  2.0126e+12     3.4978    20    19     1.8669
   21  2.0041e+12     3.5024    21    20     1.9496
   22  2.0014e+12     3.5039    22    21     2.0321
   23  1.5941e+12     3.7569    23    22     2.1143
   24  1.5707e+12     3.7738    24    23     2.1963
   25  1.2167e+12     4.0745    25    24     2.2781
   26  1.1933e+12     4.0981    26    25     2.3597
   27  1.1850e+12     4.1066    27    26     2.4411
   28  1.1785e+12     4.1134    28    27     2.5223
   29  1.1520e+12     4.1411    29    28     2.6034
   30  1.0901e+12     4.2092    30    29     2.6844
   31  9.9587e+11     4.3225    31    30     2.7652
   32  9.9406e+11     4.3248    32    31     2.8459
   33  9.9150e+11     4.3280    33    32     2.9266
   34  9.8811e+11     4.3324    34    33     3.0071
   35  7.6253e+11     4.6699    35    34     3.0876
   36  7.4100e+11     4.7084    36    35     3.1680
   37  6.0112e+11     4.9963    37    36     3.2483
   38  5.6238e+11     5.0906    38    37     3.3285
   39  5.6168e+11     5.0924    39    38     3.4087
   40  5.5912e+11     5.0989    40    39     3.4889
   41  5.5125e+11     5.1192    41    40     3.5689
   42  4.0550e+11     5.5728    42    41     3.6490
   43  3.9961e+11     5.5951    43    42     3.7290
   44  3.9323e+11     5.6197    44    43     3.8089
   45  3.9029e+11     5.6312    45    44     3.8889
   46  3.8496e+11     5.6524    46    45     3.9688
   47  3.8449e+11     5.6542    47    46     4.0486
   48  3.7413e+11     5.6964    48    47     4.1285
   49  3.1522e+11     5.9661    49    48     4.2083
   50  2.9960e+11     6.0479    50    49     4.2881
   51  2.8395e+11     6.1350    51    50     4.3678
   52  2.6848e+11     6.2271    52    51     4.4476
   53  2.4279e+11     6.3947    53    52     4.5273
   54  2.4219e+11     6.3989    54    53     4.6070
   55  2.3522e+11     6.4482    55    54     4.6867
   56  2.3467e+11     6.4522    56    55     4.7664
   57  2.2971e+11     6.4885    57    56     4.8460
   58  2.2318e+11     6.5377    58    57     4.9257
   59  2.2130e+11     6.5522    59    58     5.0053
   60  2.1676e+11     6.5878    60    59     5.0849
   61  2.0359e+11     6.6962    61    60     5.1646
   62  2.0320e+11     6.6996    62    61     5.2442
   63  2.0276e+11     6.7034    63    62     5.3238
   64  1.8348e+11     6.8791    64    63     5.4033
   65  1.2785e+11     7.5423    65    64     5.4829
   66  1.2623e+11     7.5666    66    65     5.5625
   67  1.2320e+11     7.6129    67    66     5.6421
   68  1.1953e+11     7.6708    68    67     5.7216
   69  1.1405e+11     7.7614    69    68     5.8012
   70  9.9372e+10     8.0317    70    69     5.8807
   71  9.2724e+10     8.1700    71    70     5.9602
   72  8.9074e+10     8.2511    72    71     6.0398
   73  8.7902e+10     8.2779    73    72     6.1193
   74  8.1533e+10     8.4316    74    73     6.1988
   75  7.2413e+10     8.6782    75    74     6.2783
   76  6.6689e+10     8.8524    76    75     6.3579
   77  6.4879e+10     8.9112    77    76     6.4374
   78  6.3944e+10     8.9423    78    77     6.5169
   79  6.1877e+10     9.0130    79    78     6.5964
   80  5.9537e+10     9.0965    80    79     6.6759
   81  2.3501e+10    11.2831    81    80     6.7554
   82  2.2992e+10    11.3387    82    81     6.8349
   83  2.2916e+10    11.3472    83    82     6.9143
   84  2.2782e+10    11.3620    84    83     6.9938
   85  2.2737e+10    11.3671    85    84     7.0733
   86  2.1857e+10    11.4681    86    85     7.1528
   87  2.1480e+10    11.5129    87    86     7.2323
   88  1.9758e+10    11.7294    88    87     7.3117
   89  1.9356e+10    11.7831    89    88     7.3912
   90  1.9167e+10    11.8087    90    89     7.4707
   91  1.9016e+10    11.8295    91    90     7.5502
   92  1.8988e+10    11.8334    92    91     7.6296
   93  1.8788e+10    11.8613    93    92     7.7091
   94  1.7550e+10    12.0415    94    93     7.7885
   95  1.6508e+10    12.2049    95    94     7.8680
   96  1.5316e+10    12.4072    96    95     7.9475
   97  1.5274e+10    12.4148    97    96     8.0269
   98  1.5253e+10    12.4186    98    97     8.1064
   99  1.5036e+10    12.4576    99    98     8.1858
  100  1.4699e+10    12.5193   100    99     8.2653
