#indx Mass S step-number desc_indx 
    0  1.0000e+13     2.0577     0    -1     0.0134
    1  9.8302e+12     2.0702     1     0     0.1326
    2  8.8603e+12     2.1473     2     1     0.2441
    3  8.8169e+12     2.1510     3     2     0.3500
    4  8.6605e+12     2.1645     4     3     0.4519
    5  8.5218e+12     2.1767     5     4     0.5506
    6  8.4421e+12     2.1839     6     5     0.6467
    7  7.8253e+12     2.2423     7     6     0.7407
    8  7.3643e+12     2.2898     8     7     0.8330
    9  6.5991e+12     2.3777     9     8     0.9238
   10  6.5193e+12     2.3876    10     9     1.0134
   11  5.3858e+12     2.5470    11    10     1.1018
   12  5.3216e+12     2.5573    12    11     1.1894
   13  5.2701e+12     2.5657    13    12     1.2761
   14  5.0874e+12     2.5961    14    13     1.3621
   15  5.0335e+12     2.6054    15    14     1.4474
   16  5.0224e+12     2.6073    16    15     1.5322
   17  5.0028e+12     2.6107    17    16     1.6165
   18  4.4578e+12     2.7126    18    17     1.7003
   19  4.2275e+12     2.7605    19    18     1.7838
   20  3.9346e+12     2.8262    20    19     1.8669
   21  3.9205e+12     2.8296    21    20     1.9496
   22  3.4726e+12     2.9434    22    21     2.0321
   23  3.4520e+12     2.9491    23    22     2.1143
   24  3.1922e+12     3.0244    24    23     2.1963
   25  3.1025e+12     3.0522    25    24     2.2781
   26  2.8872e+12     3.1232    26    25     2.3597
   27  2.8345e+12     3.1415    27    26     2.4411
   28  2.8223e+12     3.1459    28    27     2.5223
   29  2.5053e+12     3.2667    29    28     2.6034
   30  2.4696e+12     3.2815    30    29     2.6844
   31  2.4199e+12     3.3026    31    30     2.7652
   32  1.8608e+12     3.5835    32    31     2.8459
   33  1.8580e+12     3.5852    33    32     2.9266
   34  1.4482e+12     3.8676    34    33     3.0071
   35  7.8928e+11     4.6239    35    34     3.0876
   36  7.7400e+11     4.6500    36    35     3.1680
   37  4.6394e+11     5.3704    37    36     3.2483
   38  4.5454e+11     5.4009    38    37     3.3285
   39  4.5376e+11     5.4034    39    38     3.4087
   40  4.5149e+11     5.4109    40    39     3.4889
   41  4.5067e+11     5.4136    41    40     3.5689
   42  3.4394e+11     5.8277    42    41     3.6490
   43  3.2903e+11     5.8977    43    42     3.7290
   44  3.2023e+11     5.9409    44    43     3.8089
   45  3.1981e+11     5.9430    45    44     3.8889
   46  2.8396e+11     6.1350    46    45     3.9688
   47  2.8298e+11     6.1406    47    46     4.0486
   48  2.8258e+11     6.1430    48    47     4.1285
   49  2.7659e+11     6.1781    49    48     4.2083
   50  2.7600e+11     6.1816    50    49     4.2881
   51  2.5825e+11     6.2915    51    50     4.3678
   52  2.5464e+11     6.3149    52    51     4.4476
   53  2.4841e+11     6.3563    53    52     4.5273
   54  2.4350e+11     6.3898    54    53     4.6070
   55  2.3288e+11     6.4652    55    54     4.6867
   56  1.0381e+11     7.9452    56    55     4.7664
   57  1.0220e+11     7.9762    57    56     4.8460
   58  1.0084e+11     8.0026    58    57     4.9257
   59  1.0001e+11     8.0190    59    58     5.0053
   60  8.9592e+10     8.2393    60    59     5.0849
   61  8.2826e+10     8.3993    61    60     5.1646
   62  8.2605e+10     8.4048    62    61     5.2442
   63  7.7140e+10     8.5461    63    62     5.3238
   64  7.4315e+10     8.6239    64    63     5.4033
   65  7.3557e+10     8.6453    65    64     5.4829
   66  6.9825e+10     8.7549    66    65     5.5625
   67  6.9673e+10     8.7595    67    66     5.6421
   68  6.7001e+10     8.8425    68    67     5.7216
   69  6.6167e+10     8.8691    69    68     5.8012
   70  6.4304e+10     8.9302    70    69     5.8807
   71  6.2806e+10     8.9809    71    70     5.9602
   72  6.1726e+10     9.0183    72    71     6.0398
   73  6.0996e+10     9.0440    73    72     6.1193
   74  5.9880e+10     9.0840    74    73     6.1988
   75  5.9476e+10     9.0987    75    74     6.2783
   76  5.5752e+10     9.2400    76    75     6.3579
   77  5.5701e+10     9.2421    77    76     6.4374
   78  5.4970e+10     9.2711    78    77     6.5169
   79  5.1643e+10     9.4094    79    78     6.5964
   80  5.1555e+10     9.4132    80    79     6.6759
   81  5.0757e+10     9.4480    81    80     6.7554
   82  5.0346e+10     9.4662    82    81     6.8349
   83  4.9983e+10     9.4824    83    82     6.9143
   84  4.9713e+10     9.4945    84    83     6.9938
   85  4.7935e+10     9.5763    85    84     7.0733
   86  4.4446e+10     9.7478    86    85     7.1528
   87  4.1994e+10     9.8781    87    86     7.2323
   88  4.1773e+10     9.8902    88    87     7.3117
   89  4.1322e+10     9.9153    89    88     7.3912
   90  3.8119e+10    10.1031    90    89     7.4707
   91  3.7521e+10    10.1402    91    90     7.5502
   92  3.5494e+10    10.2713    92    91     7.6296
   93  2.6989e+10    10.9358    93    92     7.7091
   94  2.2683e+10    11.3732    94    93     7.7885
   95  2.1848e+10    11.4692    95    94     7.8680
   96  2.1426e+10    11.5194    96    95     7.9475
   97  2.1331e+10    11.5308    97    96     8.0269
   98  2.1205e+10    11.5461    98    97     8.1064
   99  2.0753e+10    11.6017    99    98     8.1858
  100  2.0694e+10    11.6091   100    99     8.2653
