#indx Mass S step-number desc_indx 
    0  1.0000e+13     2.0577     0    -1     0.0134
    1  9.0152e+12     2.1343     1     0     0.1326
    2  8.9716e+12     2.1379     2     1     0.2441
    3  8.6577e+12     2.1647     3     2     0.3500
    4  7.7989e+12     2.2449     4     3     0.4519
    5  6.9659e+12     2.3341     5     4     0.5506
    6  4.1668e+12     2.7736     6     5     0.6467
    7  3.6661e+12     2.8921     7     6     0.7407
    8  3.5815e+12     2.9141     8     7     0.8330
    9  3.5073e+12     2.9340     9     8     0.9238
   10  3.1547e+12     3.0359    10     9     1.0134
   11  3.1121e+12     3.0492    11    10     1.1018
   12  1.5838e+12     3.7643    12    11     1.1894
   13  1.3950e+12     3.9114    13    12     1.2761
   14  1.3608e+12     3.9407    14    13     1.3621
   15  1.3102e+12     3.9856    15    14     1.4474
   16  1.2698e+12     4.0231    16    15     1.5322
   17  1.2680e+12     4.0248    17    16     1.6165
   18  5.0847e+11     5.2358    18    17     1.7003
   19  4.6592e+11     5.3641    19    18     1.7838
   20  4.6565e+11     5.3650    20    19     1.8669
   21  4.5124e+11     5.4117    21    20     1.9496
   22  4.2011e+11     5.5191    22    21     2.0321
   23  4.1169e+11     5.5497    23    22     2.1143
   24  4.1155e+11     5.5502    24    23     2.1963
   25  4.0137e+11     5.5884    25    24     2.2781
   26  3.8226e+11     5.6632    26    25     2.3597
   27  3.7485e+11     5.6934    27    26     2.4411
   28  3.3235e+11     5.8818    28    27     2.5223
   29  3.2642e+11     5.9104    29    28     2.6034
   30  3.1528e+11     5.9658    30    29     2.6844
   31  3.1446e+11     5.9699    31    30     2.7652
   32  3.0202e+11     6.0348    32    31     2.8459
   33  3.0043e+11     6.0433    33    32     2.9266
   34  2.9911e+11     6.0505    34    33     3.0071
   35  2.9030e+11     6.0990    35    34     3.0876
   36  2.8679e+11     6.1188    36    35     3.1680
   37  2.8438e+11     6.1326    37    36     3.2483
   38  2.8046e+11     6.1552    38    37     3.3285
   39  2.5121e+11     6.3375    39    38     3.4087
   40  2.4947e+11     6.3492    40    39     3.4889
   41  2.3092e+11     6.4796    41    40     3.5689
   42  2.1675e+11     6.5879    42    41     3.6490
   43  2.0907e+11     6.6501    43    42     3.7290
   44  1.5452e+11     7.1889    44    43     3.8089
   45  1.5410e+11     7.1940    45    44     3.8889
   46  1.5318e+11     7.2049    46    45     3.9688
   47  1.4588e+11     7.2950    47    46     4.0486
   48  1.4366e+11     7.3235    48    47     4.1285
   49  1.3317e+11     7.4653    49    48     4.2083
   50  1.3292e+11     7.4689    50    49     4.2881
   51  1.3244e+11     7.4757    51    50     4.3678
   52  1.3110e+11     7.4949    52    51     4.4476
   53  1.2983e+11     7.5132    53    52     4.5273
   54  1.2927e+11     7.5214    54    53     4.6070
   55  1.2747e+11     7.5481    55    54     4.6867
   56  1.1688e+11     7.7140    56    55     4.7664
   57  1.1424e+11     7.7582    57    56     4.8460
   58  1.1405e+11     7.7613    58    57     4.9257
   59  1.1379e+11     7.7658    59    58     5.0053
   60  1.0459e+11     7.9305    60    59     5.0849
   61  1.0253e+11     7.9698    61    60     5.1646
   62  9.5007e+10     8.1212    62    61     5.2442
   63  9.4253e+10     8.1372    63    62     5.3238
   64  9.2312e+10     8.1790    64    63     5.4033
   65  9.2125e+10     8.1831    65    64     5.4829
   66  8.9019e+10     8.2523    66    65     5.5625
   67  7.4578e+10     8.6165    67    66     5.6421
   68  7.4231e+10     8.6262    68    67     5.7216
   69  7.2260e+10     8.6827    69    68     5.8012
   70  7.2049e+10     8.6888    70    69     5.8807
   71  7.1240e+10     8.7126    71    70     5.9602
   72  7.0044e+10     8.7483    72    71     6.0398
   73  6.8181e+10     8.8054    73    72     6.1193
   74  4.6740e+10     9.6334    74    73     6.1988
   75  4.6674e+10     9.6366    75    74     6.2783
   76  4.5525e+10     9.6932    76    75     6.3579
   77  3.8235e+10    10.0960    77    76     6.4374
   78  3.7668e+10    10.1310    78    77     6.5169
   79  3.5917e+10    10.2433    79    78     6.5964
   80  3.5894e+10    10.2448    80    79     6.6759
   81  3.5451e+10    10.2742    81    80     6.7554
   82  3.3424e+10    10.4146    82    81     6.8349
   83  3.2533e+10    10.4794    83    82     6.9143
   84  3.2532e+10    10.4795    84    83     6.9938
   85  3.0171e+10    10.6619    85    84     7.0733
   86  2.8789e+10    10.7766    86    85     7.1528
   87  2.8755e+10    10.7794    87    86     7.2323
   88  2.8195e+10    10.8278    88    87     7.3117
   89  2.7669e+10    10.8743    89    88     7.3912
   90  1.8808e+10    11.8585    90    89     7.4707
   91  1.8730e+10    11.8694    91    90     7.5502
   92  1.4197e+10    12.6145    92    91     7.6296
   93  1.4122e+10    12.6291    93    92     7.7091
   94  1.4115e+10    12.6305    94    93     7.7885
   95  1.1310e+10    13.2504    95    94     7.8680
   96  1.1301e+10    13.2528    96    95     7.9475
   97  1.0079e+10    13.5814    97    96     8.0269
   98  9.8106e+09    13.6597    98    97     8.1064
   99  9.7141e+09    13.6885    99    98     8.1858
  100  9.2302e+09    13.8379   100    99     8.2653
