#indx Mass S step-number desc_indx 
    0  1.0000e+12     4.3172     0    -1     0.0134
    1  9.9133e+11     4.3282     1     0     0.1326
    2  9.6438e+11     4.3632     2     1     0.2441
    3  9.5092e+11     4.3812     3     2     0.3500
    4  9.4446e+11     4.3899     4     3     0.4519
    5  9.3008e+11     4.4095     5     4     0.5506
    6  6.6612e+11     4.8534     6     5     0.6467
    7  6.4660e+11     4.8945     7     6     0.7407
    8  5.9430e+11     5.0124     8     7     0.8330
    9  5.9308e+11     5.0153     9     8     0.9238
   10  4.8688e+11     5.2992    10     9     1.0134
   11  4.7731e+11     5.3284    11    10     1.1018
   12  4.6836e+11     5.3564    12    11     1.1894
   13  4.3298e+11     5.4735    13    12     1.2761
   14  4.2938e+11     5.4861    14    13     1.3621
   15  4.1979e+11     5.5202    15    14     1.4474
   16  4.1063e+11     5.5536    16    15     1.5322
   17  4.0740e+11     5.5656    17    16     1.6165
   18  3.9169e+11     5.6257    18    17     1.7003
   19  3.7470e+11     5.6940    19    18     1.7838
   20  3.3858e+11     5.8524    20    19     1.8669
   21  3.0195e+11     6.0352    21    20     1.9496
   22  2.9648e+11     6.0648    22    21     2.0321
   23  2.9477e+11     6.0742    23    22     2.1143
   24  2.7418e+11     6.1924    24    23     2.1963
   25  2.7308e+11     6.1990    25    24     2.2781
   26  2.5694e+11     6.2999    26    25     2.3597
   27  1.9371e+11     6.7832    27    26     2.4411
   28  1.9232e+11     6.7960    28    27     2.5223
   29  1.8802e+11     6.8358    29    28     2.6034
   30  1.5221e+11     7.2167    30    29     2.6844
   31  1.1114e+11     7.8116    31    30     2.7652
   32  1.0814e+11     7.8650    32    31     2.8459
   33  1.0673e+11     7.8907    33    32     2.9266
   34  1.0638e+11     7.8972    34    33     3.0071
   35  1.0601e+11     7.9040    35    34     3.0876
   36  1.0597e+11     7.9046    36    35     3.1680
   37  1.0512e+11     7.9206    37    36     3.2483
   38  1.0252e+11     7.9699    38    37     3.3285
   39  1.0210e+11     7.9780    39    38     3.4087
   40  8.8462e+10     8.2651    40    39     3.4889
   41  8.7484e+10     8.2876    41    40     3.5689
   42  7.7637e+10     8.5328    42    41     3.6490
   43  1.5717e+10    12.3372    43    42     3.7290
   44  1.5476e+10    12.3791    44    43     3.8089
   45  1.4984e+10    12.4669    45    44     3.8889
   46  1.4407e+10    12.5743    46    45     3.9688
   47  1.4311e+10    12.5925    47    46     4.0486
   48  1.4270e+10    12.6005    48    47     4.1285
   49  1.3999e+10    12.6532    49    48     4.2083
   50  1.3966e+10    12.6597    50    49     4.2881
   51  1.3957e+10    12.6616    51    50     4.3678
   52  1.3393e+10    12.7754    52    51     4.4476
   53  1.3261e+10    12.8029    53    52     4.5273
   54  1.2563e+10    12.9538    54    53     4.6070
   55  1.2554e+10    12.9557    55    54     4.6867
   56  1.2541e+10    12.9587    56    55     4.7664
   57  1.2336e+10    13.0050    57    56     4.8460
   58  1.2205e+10    13.0349    58    57     4.9257
   59  1.2179e+10    13.0410    59    58     5.0053
   60  1.1844e+10    13.1196    60    59     5.0849
   61  1.1820e+10    13.1254    61    60     5.1646
   62  1.1402e+10    13.2273    62    61     5.2442
   63  1.1237e+10    13.2689    63    62     5.3238
   64  1.0145e+10    13.5626    64    63     5.4033
   65  9.9364e+09    13.6227    65    64     5.4829
   66  9.8417e+09    13.6505    66    65     5.5625
   67  8.6901e+09    14.0158    67    66     5.6421
   68  8.1712e+09    14.1991    68    67     5.7216
   69  7.3838e+09    14.5044    69    68     5.8012
   70  7.3098e+09    14.5350    70    69     5.8807
   71  7.1247e+09    14.6131    71    70     5.9602
   72  6.9510e+09    14.6886    72    71     6.0398
   73  6.8732e+09    14.7231    73    72     6.1193
   74  6.7502e+09    14.7786    74    73     6.1988
   75  6.6029e+09    14.8466    75    74     6.2783
   76  6.5652e+09    14.8643    76    75     6.3579
   77  6.5167e+09    14.8872    77    76     6.4374
   78  6.5035e+09    14.8935    78    77     6.5169
   79  5.8679e+09    15.2140    79    78     6.5964
   80  5.7024e+09    15.3041    80    79     6.6759
   81  5.4225e+09    15.4634    81    80     6.7554
   82  5.4139e+09    15.4685    82    81     6.8349
   83  5.0822e+09    15.6704    83    82     6.9143
   84  5.0361e+09    15.6996    84    83     6.9938
   85  4.9866e+09    15.7314    85    84     7.0733
   86  4.8830e+09    15.7990    86    85     7.1528
   87  4.8223e+09    15.8394    87    86     7.2323
   88  4.8092e+09    15.8482    88    87     7.3117
   89  4.8055e+09    15.8507    89    88     7.3912
   90  4.7796e+09    15.8682    90    89     7.4707
   91  4.5377e+09    16.0369    91    90     7.5502
   92  4.4549e+09    16.0970    92    91     7.6296
   93  4.1879e+09    16.3000    93    92     7.7091
   94  4.0541e+09    16.4074    94    93     7.7885
   95  3.9853e+09    16.4641    95    94     7.8680
   96  3.8227e+09    16.6030    96    95     7.9475
   97  3.7848e+09    16.6363    97    96     8.0269
   98  3.7635e+09    16.6552    98    97     8.1064
   99  3.7517e+09    16.6657    99    98     8.1858
  100  3.7475e+09    16.6694   100    99     8.2653
