#indx Mass S step-number desc_indx 
    0  1.0000e+12     4.3172     0    -1     0.0134
    1  9.9578e+11     4.3226     1     0     0.1326
    2  8.2972e+11     4.5579     2     1     0.2441
    3  6.3251e+11     4.9251     3     2     0.3500
    4  6.2626e+11     4.9389     4     3     0.4519
    5  5.8268e+11     5.0403     5     4     0.5506
    6  5.8123e+11     5.0438     6     5     0.6467
    7  4.4715e+11     5.4253     7     6     0.7407
    8  3.5272e+11     5.7881     8     7     0.8330
    9  3.2364e+11     5.9240     9     8     0.9238
   10  3.1979e+11     5.9431    10     9     1.0134
   11  3.1115e+11     5.9869    11    10     1.1018
   12  2.1903e+11     6.5699    12    11     1.1894
   13  2.0260e+11     6.7047    13    12     1.2761
   14  1.9409e+11     6.7798    14    13     1.3621
   15  1.9330e+11     6.7870    15    14     1.4474
   16  1.8828e+11     6.8334    16    15     1.5322
   17  1.8765e+11     6.8393    17    16     1.6165
   18  1.8394e+11     6.8747    18    17     1.7003
   19  1.8364e+11     6.8776    19    18     1.7838
   20  1.6366e+11     7.0842    20    19     1.8669
   21  1.6269e+11     7.0950    21    20     1.9496
   22  1.5511e+11     7.1820    22    21     2.0321
   23  1.5242e+11     7.2141    23    22     2.1143
   24  1.2070e+11     7.6522    24    23     2.1963
   25  1.1800e+11     7.6956    25    24     2.2781
   26  1.0182e+11     7.9834    26    25     2.3597
   27  9.7029e+10     8.0792    27    26     2.4411
   28  9.3598e+10     8.1512    28    27     2.5223
   29  8.4891e+10     8.3489    29    28     2.6034
   30  8.1774e+10     8.4256    30    29     2.6844
   31  7.8878e+10     8.4999    31    30     2.7652
   32  7.6712e+10     8.5577    32    31     2.8459
   33  2.4207e+10    11.2082    33    32     2.9266
   34  2.4191e+10    11.2098    34    33     3.0071
   35  2.3648e+10    11.2672    35    34     3.0876
   36  2.3260e+10    11.3092    36    35     3.1680
   37  2.3138e+10    11.3226    37    36     3.2483
   38  2.2922e+10    11.3465    38    37     3.3285
   39  2.2781e+10    11.3622    39    38     3.4087
   40  2.2311e+10    11.4155    40    39     3.4889
   41  2.2264e+10    11.4208    41    40     3.5689
   42  2.2175e+10    11.4311    42    41     3.6490
   43  2.0944e+10    11.5780    43    42     3.7290
   44  2.0606e+10    11.6201    44    43     3.8089
   45  2.0021e+10    11.6949    45    44     3.8889
   46  1.9931e+10    11.7067    46    45     3.9688
   47  1.9216e+10    11.8022    47    46     4.0486
   48  1.1553e+10    13.1901    48    47     4.1285
   49  1.0411e+10    13.4876    49    48     4.2083
   50  1.0410e+10    13.4879    50    49     4.2881
   51  1.0401e+10    13.4904    51    50     4.3678
   52  1.0061e+10    13.5864    52    51     4.4476
   53  1.0021e+10    13.5981    53    52     4.5273
   54  9.9870e+09    13.6079    54    53     4.6070
   55  7.4851e+09    14.4630    55    54     4.6867
   56  7.3237e+09    14.5292    56    55     4.7664
   57  7.1093e+09    14.6197    57    56     4.8460
   58  7.0995e+09    14.6239    58    57     4.9257
   59  6.9360e+09    14.6952    59    58     5.0053
   60  6.9152e+09    14.7044    60    59     5.0849
   61  6.8812e+09    14.7196    61    60     5.1646
   62  6.7162e+09    14.7941    62    61     5.2442
   63  6.6961e+09    14.8034    63    62     5.3238
   64  6.6931e+09    14.8047    64    63     5.4033
   65  6.6551e+09    14.8223    65    64     5.4829
   66  6.5190e+09    14.8861    66    65     5.5625
   67  6.4177e+09    14.9346    67    66     5.6421
   68  6.2142e+09    15.0347    68    67     5.7216
   69  6.2055e+09    15.0391    69    68     5.8012
   70  5.7648e+09    15.2698    70    69     5.8807
   71  5.7621e+09    15.2713    71    70     5.9602
   72  5.7444e+09    15.2809    72    71     6.0398
   73  5.7168e+09    15.2961    73    72     6.1193
   74  5.6156e+09    15.3525    74    73     6.1988
   75  5.5840e+09    15.3704    75    74     6.2783
   76  5.5733e+09    15.3765    76    75     6.3579
   77  5.4577e+09    15.4429    77    76     6.4374
   78  4.9738e+09    15.7397    78    77     6.5169
   79  4.9700e+09    15.7421    79    78     6.5964
   80  4.9265e+09    15.7704    80    79     6.6759
   81  4.1354e+09    16.3417    81    80     6.7554
   82  4.1311e+09    16.3451    82    81     6.8349
   83  4.1208e+09    16.3533    83    82     6.9143
   84  4.1073e+09    16.3642    84    83     6.9938
   85  4.1062e+09    16.3651    85    84     7.0733
   86  3.8780e+09    16.5550    86    85     7.1528
   87  3.8302e+09    16.5964    87    86     7.2323
   88  3.7927e+09    16.6293    88    87     7.3117
   89  3.7865e+09    16.6347    89    88     7.3912
   90  3.7371e+09    16.6788    90    89     7.4707
   91  3.7149e+09    16.6988    91    90     7.5502
   92  3.6337e+09    16.7730    92    91     7.6296
   93  3.3401e+09    17.0583    93    92     7.7091
   94  3.3118e+09    17.0873    94    93     7.7885
   95  2.7054e+09    17.7870    95    94     7.8680
   96  2.6603e+09    17.8462    96    95     7.9475
   97  2.6456e+09    17.8656    97    96     8.0269
   98  2.2846e+09    18.3872    98    97     8.1064
   99  2.0798e+09    18.7268    99    98     8.1858
  100  2.0778e+09    18.7304   100    99     8.2653
