#indx Mass S step-number desc_indx 
    0  1.0000e+12     4.3172     0    -1     0.0134
    1  9.8827e+11     4.3322     1     0     0.1326
    2  9.7766e+11     4.3459     2     1     0.2441
    3  9.2442e+11     4.4174     3     2     0.3500
    4  9.0063e+11     4.4510     4     3     0.4519
    5  6.3902e+11     4.9109     5     4     0.5506
    6  6.3471e+11     4.9203     6     5     0.6467
    7  6.1892e+11     4.9554     7     6     0.7407
    8  6.1019e+11     4.9753     8     7     0.8330
    9  5.3302e+11     5.1675     9     8     0.9238
   10  5.2278e+11     5.1955    10     9     1.0134
   11  5.1977e+11     5.2039    11    10     1.1018
   12  5.1855e+11     5.2073    12    11     1.1894
   13  3.5955e+11     5.7581    13    12     1.2761
   14  3.5585e+11     5.7743    14    13     1.3621
   15  2.0407e+11     6.6922    15    14     1.4474
   16  2.0102e+11     6.7184    16    15     1.5322
   17  1.9418e+11     6.7790    17    16     1.6165
   18  1.8466e+11     6.8678    18    17     1.7003
   19  1.8251e+11     6.8885    19    18     1.7838
   20  1.5088e+11     7.2328    20    19     1.8669
   21  1.4318e+11     7.3296    21    20     1.9496
   22  1.4004e+11     7.3710    22    21     2.0321
   23  1.3995e+11     7.3722    23    22     2.1143
   24  9.9705e+10     8.0250    24    23     2.1963
   25  9.8659e+10     8.0460    25    24     2.2781
   26  9.5879e+10     8.1030    26    25     2.3597
   27  9.5321e+10     8.1146    27    26     2.4411
   28  9.4591e+10     8.1300    28    27     2.5223
   29  9.3272e+10     8.1582    29    28     2.6034
   30  9.2667e+10     8.1713    30    29     2.6844
   31  6.5244e+10     8.8992    31    30     2.7652
   32  1.5423e+10    12.3884    32    31     2.8459
   33  1.5395e+10    12.3933    33    32     2.9266
   34  1.5361e+10    12.3993    34    33     3.0071
   35  1.5313e+10    12.4079    35    34     3.0876
   36  1.4871e+10    12.4875    36    35     3.1680
   37  1.4599e+10    12.5379    37    36     3.2483
   38  1.4536e+10    12.5497    38    37     3.3285
   39  1.4518e+10    12.5533    39    38     3.4087
   40  1.4410e+10    12.5737    40    39     3.4889
   41  1.3950e+10    12.6629    41    40     3.5689
   42  1.2258e+10    13.0228    42    41     3.6490
   43  1.2242e+10    13.0264    43    42     3.7290
   44  1.2086e+10    13.0625    44    43     3.8089
   45  1.2044e+10    13.0723    45    44     3.8889
   46  1.1938e+10    13.0972    46    45     3.9688
   47  1.1803e+10    13.1293    47    46     4.0486
   48  1.1770e+10    13.1374    48    47     4.1285
   49  1.1636e+10    13.1699    49    48     4.2083
   50  1.1509e+10    13.2009    50    49     4.2881
   51  1.1268e+10    13.2612    51    50     4.3678
   52  1.1049e+10    13.3172    52    51     4.4476
   53  1.0114e+10    13.5713    53    52     4.5273
   54  1.0050e+10    13.5898    54    53     4.6070
   55  9.3028e+09    13.8150    55    54     4.6867
   56  9.2401e+09    13.8348    56    55     4.7664
   57  9.2100e+09    13.8444    57    56     4.8460
   58  9.0189e+09    13.9061    58    57     4.9257
   59  9.0105e+09    13.9088    59    58     5.0053
   60  8.3930e+09    14.1191    60    59     5.0849
   61  8.0246e+09    14.2532    61    60     5.1646
   62  7.9970e+09    14.2636    62    61     5.2442
   63  7.8900e+09    14.3040    63    62     5.3238
   64  6.8861e+09    14.7173    64    63     5.4033
   65  6.5064e+09    14.8921    65    64     5.4829
   66  6.2608e+09    15.0115    66    65     5.5625
   67  5.2700e+09    15.5543    67    66     5.6421
   68  5.2651e+09    15.5573    68    67     5.7216
   69  4.9392e+09    15.7621    69    68     5.8012
   70  4.6119e+09    15.9841    70    69     5.8807
   71  4.6030e+09    15.9903    71    70     5.9602
   72  4.5892e+09    16.0001    72    71     6.0398
   73  4.3790e+09    16.1532    73    72     6.1193
   74  4.0824e+09    16.3843    74    73     6.1988
   75  4.0447e+09    16.4151    75    74     6.2783
   76  4.0299e+09    16.4273    76    75     6.3579
   77  4.0142e+09    16.4402    77    76     6.4374
   78  3.9467e+09    16.4965    78    77     6.5169
   79  3.4433e+09    16.9549    79    78     6.5964
   80  3.3107e+09    17.0885    80    79     6.6759
   81  1.4557e+09    20.0572    81    80     6.7554
   82  1.4376e+09    20.1049    82    81     6.8349
   83  1.4361e+09    20.1090    83    82     6.9143
   84  1.4273e+09    20.1324    84    83     6.9938
   85  1.4109e+09    20.1768    85    84     7.0733
   86  1.2025e+09    20.7962    86    85     7.1528
   87  1.1180e+09    21.0832    87    86     7.2323
   88  1.1091e+09    21.1148    88    87     7.3117
   89  1.0896e+09    21.1850    89    88     7.3912
   90  1.0880e+09    21.1906    90    89     7.4707
   91  8.9774e+08    21.9633    91    90     7.5502
   92  8.5480e+08    22.1634    92    91     7.6296
   93  8.4026e+08    22.2338    93    92     7.7091
   94  8.3619e+08    22.2537    94    93     7.7885
   95  8.3418e+08    22.2636    95    94     7.8680
   96  8.3237e+08    22.2725    96    95     7.9475
   97  8.2918e+08    22.2883    97    96     8.0269
   98  8.0098e+08    22.4309    98    97     8.1064
   99  7.4886e+08    22.7100    99    98     8.1858
  100  7.4622e+08    22.7247   100    99     8.2653
