#indx Mass S step-number desc_indx 
    0  1.0000e+12     4.3172     0    -1     0.0134
    1  9.8902e+11     4.3312     1     0     0.1326
    2  8.8071e+11     4.4799     2     1     0.2441
    3  8.7465e+11     4.4889     3     2     0.3500
    4  8.6756e+11     4.4995     4     3     0.4519
    5  8.5900e+11     4.5124     5     4     0.5506
    6  8.4878e+11     4.5281     6     5     0.6467
    7  8.0854e+11     4.5920     7     6     0.7407
    8  7.1387e+11     4.7588     8     7     0.8330
    9  7.0813e+11     4.7697     9     8     0.9238
   10  7.0474e+11     4.7763    10     9     1.0134
   11  7.0249e+11     4.7806    11    10     1.1018
   12  6.5308e+11     4.8807    12    11     1.1894
   13  6.2668e+11     4.9380    13    12     1.2761
   14  6.0230e+11     4.9936    14    13     1.3621
   15  5.9310e+11     5.0152    15    14     1.4474
   16  5.6935e+11     5.0731    16    15     1.5322
   17  5.5957e+11     5.0978    17    16     1.6165
   18  5.3487e+11     5.1625    18    17     1.7003
   19  5.2869e+11     5.1793    19    18     1.7838
   20  5.1505e+11     5.2171    20    19     1.8669
   21  5.0386e+11     5.2491    21    20     1.9496
   22  4.4335e+11     5.4380    22    21     2.0321
   23  4.1689e+11     5.5307    23    22     2.1143
   24  4.0269e+11     5.5833    24    23     2.1963
   25  3.7359e+11     5.6986    25    24     2.2781
   26  3.7260e+11     5.7027    26    25     2.3597
   27  3.6594e+11     5.7307    27    26     2.4411
   28  3.6372e+11     5.7402    28    27     2.5223
   29  3.6204e+11     5.7474    29    28     2.6034
   30  3.6061e+11     5.7535    30    29     2.6844
   31  3.5942e+11     5.7587    31    30     2.7652
   32  3.3035e+11     5.8914    32    31     2.8459
   33  3.3011e+11     5.8925    33    32     2.9266
   34  2.8737e+11     6.1155    34    33     3.0071
   35  2.7408e+11     6.1930    35    34     3.0876
   36  2.6265e+11     6.2634    36    35     3.1680
   37  2.5835e+11     6.2908    37    36     3.2483
   38  2.5356e+11     6.3220    38    37     3.3285
   39  2.5072e+11     6.3408    39    38     3.4087
   40  2.4579e+11     6.3741    40    39     3.4889
   41  2.2773e+11     6.5032    41    40     3.5689
   42  1.5662e+11     7.1643    42    41     3.6490
   43  1.4401e+11     7.3189    43    42     3.7290
   44  1.3888e+11     7.3865    44    43     3.8089
   45  1.1255e+11     7.7871    45    44     3.8889
   46  1.1173e+11     7.8013    46    45     3.9688
   47  1.0639e+11     7.8969    47    46     4.0486
   48  1.0481e+11     7.9263    48    47     4.1285
   49  1.0185e+11     7.9828    49    48     4.2083
   50  1.0029e+11     8.0135    50    49     4.2881
   51  8.4248e+10     8.3645    51    50     4.3678
   52  8.0536e+10     8.4570    52    51     4.4476
   53  7.9528e+10     8.4830    53    52     4.5273
   54  7.3727e+10     8.6405    54    53     4.6070
   55  5.6123e+10     9.2255    55    54     4.6867
   56  5.3609e+10     9.3265    56    55     4.7664
   57  5.2774e+10     9.3613    57    56     4.8460
   58  5.2718e+10     9.3636    58    57     4.9257
   59  5.2633e+10     9.3672    59    58     5.0053
   60  5.2271e+10     9.3825    60    59     5.0849
   61  4.9987e+10     9.4822    61    60     5.1646
   62  4.9917e+10     9.4853    62    61     5.2442
   63  4.9316e+10     9.5124    63    62     5.3238
   64  4.9094e+10     9.5226    64    63     5.4033
   65  4.5037e+10     9.7177    65    64     5.4829
   66  3.9664e+10    10.0103    66    65     5.5625
   67  3.6326e+10    10.2165    67    66     5.6421
   68  3.5665e+10    10.2599    68    67     5.7216
   69  3.2617e+10    10.4732    69    68     5.8012
   70  3.1479e+10    10.5589    70    69     5.8807
   71  2.3583e+10    11.2742    71    70     5.9602
   72  1.9024e+10    11.8284    72    71     6.0398
   73  1.8960e+10    11.8373    73    72     6.1193
   74  1.7498e+10    12.0494    74    73     6.1988
   75  1.7253e+10    12.0869    75    74     6.2783
   76  1.7038e+10    12.1204    76    75     6.3579
   77  1.6641e+10    12.1834    77    76     6.4374
   78  1.6293e+10    12.2402    78    77     6.5169
   79  1.5335e+10    12.4038    79    78     6.5964
   80  1.3811e+10    12.6904    80    79     6.6759
   81  1.3805e+10    12.6916    81    80     6.7554
   82  1.3248e+10    12.8057    82    81     6.8349
   83  1.3235e+10    12.8084    83    82     6.9143
   84  1.3211e+10    12.8135    84    83     6.9938
   85  1.2678e+10    12.9282    85    84     7.0733
   86  1.2642e+10    12.9363    86    85     7.1528
   87  1.2624e+10    12.9401    87    86     7.2323
   88  1.2440e+10    12.9813    88    87     7.3117
   89  1.2246e+10    13.0255    89    88     7.3912
   90  1.2129e+10    13.0525    90    89     7.4707
   91  1.0046e+10    13.5908    91    90     7.5502
   92  9.8584e+09    13.6456    92    91     7.6296
   93  9.7452e+09    13.6792    93    92     7.7091
   94  9.7136e+09    13.6886    94    93     7.7885
   95  9.6791e+09    13.6990    95    94     7.8680
   96  9.4109e+09    13.7811    96    95     7.9475
   97  9.3906e+09    13.7874    97    96     8.0269
   98  8.9199e+09    13.9386    98    97     8.1064
   99  8.8775e+09    13.9527    99    98     8.1858
  100  8.7505e+09    13.9953   100    99     8.2653
