#indx Mass S step-number desc_indx 
    0  1.0000e+12     4.3172     0    -1     0.0134
    1  9.8998e+11     4.3300     1     0     0.1326
    2  9.8575e+11     4.3354     2     1     0.2441
    3  9.5792e+11     4.3718     3     2     0.3500
    4  8.9223e+11     4.4631     4     3     0.4519
    5  8.8416e+11     4.4749     5     4     0.5506
    6  8.8089e+11     4.4797     6     5     0.6467
    7  8.2006e+11     4.5733     7     6     0.7407
    8  8.0770e+11     4.5933     8     7     0.8330
    9  8.0588e+11     4.5963     9     8     0.9238
   10  7.9554e+11     4.6134    10     9     1.0134
   11  7.7934e+11     4.6408    11    10     1.1018
   12  7.1731e+11     4.7523    12    11     1.1894
   13  6.9734e+11     4.7907    13    12     1.2761
   14  6.0752e+11     4.9814    14    13     1.3621
   15  5.9751e+11     5.0048    15    14     1.4474
   16  5.7535e+11     5.0582    16    15     1.5322
   17  5.0679e+11     5.2406    17    16     1.6165
   18  4.9846e+11     5.2648    18    17     1.7003
   19  4.9357e+11     5.2792    19    18     1.7838
   20  4.8692e+11     5.2991    20    19     1.8669
   21  4.0955e+11     5.5576    21    20     1.9496
   22  2.7894e+11     6.1642    22    21     2.0321
   23  2.7185e+11     6.2064    23    22     2.1143
   24  2.5887e+11     6.2874    24    23     2.1963
   25  2.5456e+11     6.3154    25    24     2.2781
   26  2.4483e+11     6.3807    26    25     2.3597
   27  2.3883e+11     6.4225    27    26     2.4411
   28  2.2795e+11     6.5016    28    27     2.5223
   29  1.2048e+11     7.6557    29    28     2.6034
   30  1.2027e+11     7.6591    30    29     2.6844
   31  1.1966e+11     7.6688    31    30     2.7652
   32  1.1842e+11     7.6889    32    31     2.8459
   33  1.1818e+11     7.6927    33    32     2.9266
   34  1.1488e+11     7.7474    34    33     3.0071
   35  1.1401e+11     7.7620    35    34     3.0876
   36  4.2778e+10     9.8355    36    35     3.1680
   37  3.6257e+10    10.2210    37    36     3.2483
   38  3.5349e+10    10.2811    38    37     3.3285
   39  3.5270e+10    10.2864    39    38     3.4087
   40  3.3719e+10    10.3935    40    39     3.4889
   41  3.0555e+10    10.6311    41    40     3.5689
   42  3.0415e+10    10.6423    42    41     3.6490
   43  2.9841e+10    10.6887    43    42     3.7290
   44  2.9751e+10    10.6961    44    43     3.8089
   45  2.9606e+10    10.7080    45    44     3.8889
   46  2.9326e+10    10.7312    46    45     3.9688
   47  2.9074e+10    10.7524    47    46     4.0486
   48  2.8800e+10    10.7756    48    47     4.1285
   49  2.1140e+10    11.5539    49    48     4.2083
   50  2.0680e+10    11.6109    50    49     4.2881
   51  2.0543e+10    11.6281    51    50     4.3678
   52  2.0497e+10    11.6340    52    51     4.4476
   53  2.0182e+10    11.6740    53    52     4.5273
   54  2.0126e+10    11.6814    54    53     4.6070
   55  2.0118e+10    11.6823    55    54     4.6867
   56  1.9951e+10    11.7040    56    55     4.7664
   57  1.9906e+10    11.7099    57    56     4.8460
   58  1.9820e+10    11.7213    58    57     4.9257
   59  1.8668e+10    11.8781    59    58     5.0053
   60  1.8521e+10    11.8989    60    59     5.0849
   61  1.8139e+10    11.9539    61    60     5.1646
   62  1.7810e+10    12.0024    62    61     5.2442
   63  1.7602e+10    12.0335    63    62     5.3238
   64  1.3674e+10    12.7181    64    63     5.4033
   65  1.3190e+10    12.8179    65    64     5.4829
   66  1.3014e+10    12.8552    66    65     5.5625
   67  1.2666e+10    12.9308    67    66     5.6421
   68  1.1666e+10    13.1625    68    67     5.7216
   69  1.1603e+10    13.1779    69    68     5.8012
   70  1.0708e+10    13.4068    70    69     5.8807
   71  1.0640e+10    13.4251    71    70     5.9602
   72  1.0513e+10    13.4597    72    71     6.0398
   73  5.5463e+09    15.3918    73    72     6.1193
   74  5.3758e+09    15.4909    74    73     6.1988
   75  5.2320e+09    15.5774    75    74     6.2783
   76  5.1846e+09    15.6065    76    75     6.3579
   77  5.1798e+09    15.6094    77    76     6.4374
   78  4.9742e+09    15.7394    78    77     6.5169
   79  4.9680e+09    15.7434    79    78     6.5964
   80  4.9102e+09    15.7811    80    79     6.6759
   81  4.9050e+09    15.7845    81    80     6.7554
   82  4.8924e+09    15.7928    82    81     6.8349
   83  4.8548e+09    15.8177    83    82     6.9143
   84  4.8162e+09    15.8435    84    83     6.9938
   85  4.7808e+09    15.8674    85    84     7.0733
   86  4.7332e+09    15.8998    86    85     7.1528
   87  4.3788e+09    16.1534    87    86     7.2323
   88  4.3312e+09    16.1893    88    87     7.3117
   89  4.1265e+09    16.3487    89    88     7.3912
   90  2.5097e+09    18.0519    90    89     7.4707
   91  2.4881e+09    18.0825    91    90     7.5502
   92  2.4621e+09    18.1199    92    91     7.6296
   93  2.1182e+09    18.6603    93    92     7.7091
   94  2.1161e+09    18.6640    94    93     7.7885
   95  2.0938e+09    18.7024    95    94     7.8680
   96  1.5962e+09    19.7073    96    95     7.9475
   97  1.5918e+09    19.7179    97    96     8.0269
   98  1.5569e+09    19.8017    98    97     8.1064
   99  1.5514e+09    19.8151    99    98     8.1858
  100  1.5460e+09    19.8281   100    99     8.2653
