#indx Mass S step-number desc_indx 
    0  1.0000e+12     4.3172     0    -1     0.0134
    1  9.9949e+11     4.3179     1     0     0.1326
    2  9.6098e+11     4.3677     2     1     0.2441
    3  9.4054e+11     4.3952     3     2     0.3500
    4  9.3251e+11     4.4062     4     3     0.4519
    5  9.1269e+11     4.4338     5     4     0.5506
    6  8.8887e+11     4.4680     6     5     0.6467
    7  8.1145e+11     4.5872     7     6     0.7407
    8  7.8230e+11     4.6357     8     7     0.8330
    9  7.7512e+11     4.6480     9     8     0.9238
   10  4.3882e+11     5.4534    10     9     1.0134
   11  4.3556e+11     5.4646    11    10     1.1018
   12  4.1924e+11     5.5222    12    11     1.1894
   13  4.1656e+11     5.5319    13    12     1.2761
   14  4.1150e+11     5.5504    14    13     1.3621
   15  4.0908e+11     5.5594    15    14     1.4474
   16  4.0638e+11     5.5695    16    15     1.5322
   17  3.6671e+11     5.7274    17    16     1.6165
   18  3.6231e+11     5.7462    18    17     1.7003
   19  3.4755e+11     5.8113    19    18     1.7838
   20  3.0910e+11     5.9975    20    19     1.8669
   21  3.0388e+11     6.0249    21    20     1.9496
   22  2.9835e+11     6.0546    22    21     2.0321
   23  2.8150e+11     6.1492    23    22     2.1143
   24  2.7883e+11     6.1648    24    23     2.1963
   25  2.1924e+11     6.5682    25    24     2.2781
   26  2.1715e+11     6.5847    26    25     2.3597
   27  1.8133e+11     6.9001    27    26     2.4411
   28  1.6686e+11     7.0491    28    27     2.5223
   29  1.6579e+11     7.0608    29    28     2.6034
   30  1.5742e+11     7.1549    30    29     2.6844
   31  1.5696e+11     7.1603    31    30     2.7652
   32  1.5560e+11     7.1763    32    31     2.8459
   33  1.5549e+11     7.1775    33    32     2.9266
   34  1.5326e+11     7.2040    34    33     3.0071
   35  1.3197e+11     7.4824    35    34     3.0876
   36  1.3185e+11     7.4840    36    35     3.1680
   37  1.3054e+11     7.5030    37    36     3.2483
   38  1.2985e+11     7.5130    38    37     3.3285
   39  1.2657e+11     7.5615    39    38     3.4087
   40  1.0776e+11     7.8718    40    39     3.4889
   41  9.9033e+10     8.0385    41    40     3.5689
   42  9.7613e+10     8.0672    42    41     3.6490
   43  9.6770e+10     8.0845    43    42     3.7290
   44  8.8275e+10     8.2693    44    43     3.8089
   45  1.1646e+10    13.1674    45    44     3.8889
   46  1.1370e+10    13.2353    46    45     3.9688
   47  1.1275e+10    13.2594    47    46     4.0486
   48  3.4403e+09    16.9578    48    47     4.1285
   49  3.3746e+09    17.0233    49    48     4.2083
   50  3.2637e+09    17.1373    50    49     4.2881
   51  3.1176e+09    17.2943    51    50     4.3678
   52  3.1102e+09    17.3025    52    51     4.4476
   53  3.0075e+09    17.4183    53    52     4.5273
   54  2.8893e+09    17.5574    54    53     4.6070
   55  2.8506e+09    17.6042    55    54     4.6867
   56  2.8504e+09    17.6045    56    55     4.7664
   57  2.8480e+09    17.6075    57    56     4.8460
   58  2.7758e+09    17.6970    58    57     4.9257
   59  2.7522e+09    17.7270    59    58     5.0053
   60  2.7508e+09    17.7287    60    59     5.0849
   61  2.7385e+09    17.7444    61    60     5.1646
   62  2.6640e+09    17.8412    62    61     5.2442
   63  2.6625e+09    17.8432    63    62     5.3238
   64  2.6422e+09    17.8702    64    63     5.4033
   65  2.6304e+09    17.8859    65    64     5.4829
   66  2.5745e+09    17.9617    66    65     5.5625
   67  2.3206e+09    18.3311    67    66     5.6421
   68  2.1518e+09    18.6034    68    67     5.7216
   69  2.0911e+09    18.7072    69    68     5.8012
   70  2.0862e+09    18.7157    70    69     5.8807
   71  2.0816e+09    18.7238    71    70     5.9602
   72  2.0290e+09    18.8170    72    71     6.0398
   73  2.0257e+09    18.8229    73    72     6.1193
   74  1.8786e+09    19.0998    74    73     6.1988
   75  1.8507e+09    19.1549    75    74     6.2783
   76  1.8238e+09    19.2091    76    75     6.3579
   77  1.8198e+09    19.2173    77    76     6.4374
   78  1.8040e+09    19.2496    78    77     6.5169
   79  1.8020e+09    19.2538    79    78     6.5964
   80  1.7910e+09    19.2763    80    79     6.6759
   81  1.7879e+09    19.2829    81    80     6.7554
   82  1.7864e+09    19.2859    82    81     6.8349
   83  1.6965e+09    19.4786    83    82     6.9143
   84  1.6512e+09    19.5799    84    83     6.9938
   85  1.6500e+09    19.5828    85    84     7.0733
   86  1.6461e+09    19.5915    86    85     7.1528
   87  1.6418e+09    19.6015    87    86     7.2323
   88  1.6341e+09    19.6191    88    87     7.3117
   89  1.5721e+09    19.7649    89    88     7.3912
   90  1.4662e+09    20.0297    90    89     7.4707
   91  1.4648e+09    20.0333    91    90     7.5502
   92  1.4636e+09    20.0364    92    91     7.6296
   93  1.4521e+09    20.0666    93    92     7.7091
   94  1.3782e+09    20.2669    94    93     7.7885
   95  1.3669e+09    20.2986    95    94     7.8680
   96  1.3599e+09    20.3183    96    95     7.9475
   97  1.3505e+09    20.3450    97    96     8.0269
   98  1.2895e+09    20.5240    98    97     8.1064
   99  1.2574e+09    20.6219    99    98     8.1858
  100  1.2237e+09    20.7278   100    99     8.2653
