#indx Mass S step-number desc_indx 
    0  1.0000e+12     4.3172     0    -1     0.0134
    1  9.7729e+11     4.3463     1     0     0.1326
    2  9.7160e+11     4.3537     2     1     0.2441
    3  9.6382e+11     4.3640     3     2     0.3500
    4  6.3253e+11     4.9251     4     3     0.4519
    5  6.0998e+11     4.9758     5     4     0.5506
    6  6.0464e+11     4.9881     6     5     0.6467
    7  5.8529e+11     5.0339     7     6     0.7407
    8  5.7288e+11     5.0643     8     7     0.8330
    9  5.5478e+11     5.1101     9     8     0.9238
   10  5.3783e+11     5.1546    10     9     1.0134
   11  5.3382e+11     5.1653    11    10     1.1018
   12  4.9115e+11     5.2864    12    11     1.1894
   13  4.5776e+11     5.3904    13    12     1.2761
   14  4.5717e+11     5.3923    14    13     1.3621
   15  4.4055e+11     5.4475    15    14     1.4474
   16  4.3783e+11     5.4568    16    15     1.5322
   17  4.0338e+11     5.5808    17    16     1.6165
   18  4.0034e+11     5.5923    18    17     1.7003
   19  3.9661e+11     5.6066    19    18     1.7838
   20  3.8662e+11     5.6457    20    19     1.8669
   21  3.6030e+11     5.7549    21    20     1.9496
   22  2.6173e+11     6.2692    22    21     2.0321
   23  2.5763e+11     6.2954    23    22     2.1143
   24  2.3029e+11     6.4842    24    23     2.1963
   25  2.1750e+11     6.5819    25    24     2.2781
   26  1.9942e+11     6.7324    26    25     2.3597
   27  1.9892e+11     6.7367    27    26     2.4411
   28  1.9413e+11     6.7794    28    27     2.5223
   29  1.8863e+11     6.8301    29    28     2.6034
   30  1.8453e+11     6.8690    30    29     2.6844
   31  1.7509e+11     6.9626    31    30     2.7652
   32  1.7330e+11     6.9810    32    31     2.8459
   33  1.6626e+11     7.0557    33    32     2.9266
   34  1.6485e+11     7.0711    34    33     3.0071
   35  1.6218e+11     7.1007    35    34     3.0876
   36  1.5725e+11     7.1569    36    35     3.1680
   37  1.4691e+11     7.2820    37    36     3.2483
   38  1.4085e+11     7.3602    38    37     3.3285
   39  1.1898e+11     7.6797    39    38     3.4087
   40  1.1477e+11     7.7493    40    39     3.4889
   41  1.0932e+11     7.8437    41    40     3.5689
   42  8.4918e+10     8.3483    42    41     3.6490
   43  8.3428e+10     8.3845    43    42     3.7290
   44  8.2468e+10     8.4082    44    43     3.8089
   45  7.9086e+10     8.4945    45    44     3.8889
   46  7.1424e+10     8.7071    46    45     3.9688
   47  6.8730e+10     8.7883    47    46     4.0486
   48  5.0658e+10     9.4523    48    47     4.1285
   49  4.7897e+10     9.5781    49    48     4.2083
   50  4.6645e+10     9.6380    50    49     4.2881
   51  4.4907e+10     9.7243    51    50     4.3678
   52  4.0607e+10     9.9557    52    51     4.4476
   53  4.0513e+10     9.9611    53    52     4.5273
   54  4.0362e+10     9.9698    54    53     4.6070
   55  3.9742e+10    10.0058    55    54     4.6867
   56  3.9676e+10    10.0096    56    55     4.7664
   57  3.9358e+10    10.0284    57    56     4.8460
   58  3.9242e+10    10.0352    58    57     4.9257
   59  3.8815e+10    10.0608    59    58     5.0053
   60  3.8757e+10    10.0643    60    59     5.0849
   61  3.8611e+10    10.0731    61    60     5.1646
   62  3.2146e+10    10.5082    62    61     5.2442
   63  3.2115e+10    10.5105    63    62     5.3238
   64  3.2082e+10    10.5130    64    63     5.4033
   65  2.1894e+10    11.4638    65    64     5.4829
   66  2.1889e+10    11.4643    66    65     5.5625
   67  2.1707e+10    11.4858    67    66     5.6421
   68  2.1180e+10    11.5491    68    67     5.7216
   69  2.0743e+10    11.6029    69    68     5.8012
   70  2.0612e+10    11.6193    70    69     5.8807
   71  2.0367e+10    11.6504    71    70     5.9602
   72  2.0261e+10    11.6640    72    71     6.0398
   73  1.9617e+10    11.7481    73    72     6.1193
   74  1.9183e+10    11.8067    74    73     6.1988
   75  1.9060e+10    11.8234    75    74     6.2783
   76  1.5003e+10    12.4635    76    75     6.3579
   77  1.4875e+10    12.4868    77    76     6.4374
   78  1.3296e+10    12.7956    78    77     6.5169
   79  1.3143e+10    12.8278    79    78     6.5964
   80  1.2850e+10    12.8907    80    79     6.6759
   81  1.2736e+10    12.9155    81    80     6.7554
   82  1.2410e+10    12.9882    82    81     6.8349
   83  1.1986e+10    13.0861    83    82     6.9143
   84  1.1537e+10    13.1940    84    83     6.9938
   85  9.8194e+09    13.6571    85    84     7.0733
   86  9.7093e+09    13.6899    86    85     7.1528
   87  9.4398e+09    13.7721    87    86     7.2323
   88  9.4157e+09    13.7796    88    87     7.3117
   89  9.4068e+09    13.7824    89    88     7.3912
   90  9.3063e+09    13.8139    90    89     7.4707
   91  9.1218e+09    13.8727    91    90     7.5502
   92  9.1046e+09    13.8782    92    91     7.6296
   93  4.3533e+09    16.1725    93    92     7.7091
   94  1.4147e+09    20.1666    94    93     7.7885
   95  1.4093e+09    20.1811    95    94     7.8680
   96  4.1446e+08    25.2686    96    95     7.9475
   97  3.7878e+08    25.6747    97    96     8.0269
   98  3.3542e+08    26.2303    98    97     8.1064
   99  3.1936e+08    26.4569    99    98     8.1858
  100  2.8925e+08    26.9181   100    99     8.2653
