#indx Mass S step-number desc_indx 
    0  1.0000e+12     4.3172     0    -1     0.0134
    1  9.4394e+11     4.3906     1     0     0.1326
    2  9.3604e+11     4.4013     2     1     0.2441
    3  8.8912e+11     4.4676     3     2     0.3500
    4  8.8593e+11     4.4723     4     3     0.4519
    5  8.8291e+11     4.4767     5     4     0.5506
    6  8.7324e+11     4.4910     6     5     0.6467
    7  8.5808e+11     4.5138     7     6     0.7407
    8  8.3969e+11     4.5422     8     7     0.8330
    9  8.0110e+11     4.6042     9     8     0.9238
   10  7.9968e+11     4.6066    10     9     1.0134
   11  6.9658e+11     4.7922    11    10     1.1018
   12  6.8632e+11     4.8124    12    11     1.1894
   13  6.7984e+11     4.8254    13    12     1.2761
   14  6.6164e+11     4.8627    14    13     1.3621
   15  6.3960e+11     4.9096    15    14     1.4474
   16  5.3090e+11     5.1733    16    15     1.5322
   17  5.2980e+11     5.1762    17    16     1.6165
   18  4.9826e+11     5.2654    18    17     1.7003
   19  4.9265e+11     5.2820    19    18     1.7838
   20  4.9203e+11     5.2838    20    19     1.8669
   21  4.5753e+11     5.3911    21    20     1.9496
   22  4.2276e+11     5.5096    22    21     2.0321
   23  4.1708e+11     5.5300    23    22     2.1143
   24  4.1114e+11     5.5518    24    23     2.1963
   25  3.8352e+11     5.6581    25    24     2.2781
   26  3.7468e+11     5.6941    26    25     2.3597
   27  3.6234e+11     5.7461    27    26     2.4411
   28  3.5866e+11     5.7620    28    27     2.5223
   29  3.5702e+11     5.7692    29    28     2.6034
   30  3.4916e+11     5.8040    30    29     2.6844
   31  3.4775e+11     5.8104    31    30     2.7652
   32  3.3380e+11     5.8749    32    31     2.8459
   33  3.2726e+11     5.9063    33    32     2.9266
   34  3.1980e+11     5.9430    34    33     3.0071
   35  3.0573e+11     6.0152    35    34     3.0876
   36  2.9928e+11     6.0496    36    35     3.1680
   37  2.8015e+11     6.1571    37    36     3.2483
   38  2.6708e+11     6.2357    38    37     3.3285
   39  2.6433e+11     6.2528    39    38     3.4087
   40  1.8623e+11     6.8527    40    39     3.4889
   41  1.8493e+11     6.8651    41    40     3.5689
   42  1.6087e+11     7.1154    42    41     3.6490
   43  1.5904e+11     7.1363    43    42     3.7290
   44  1.5693e+11     7.1607    44    43     3.8089
   45  1.5670e+11     7.1633    45    44     3.8889
   46  1.5423e+11     7.1924    46    45     3.9688
   47  1.5367e+11     7.1992    47    46     4.0486
   48  1.2981e+11     7.5135    48    47     4.1285
   49  1.2901e+11     7.5252    49    48     4.2083
   50  1.2460e+11     7.5914    50    49     4.2881
   51  1.2433e+11     7.5954    51    50     4.3678
   52  8.7554e+10     8.2860    52    51     4.4476
   53  8.6915e+10     8.3009    53    52     4.5273
   54  8.1662e+10     8.4284    54    53     4.6070
   55  8.1609e+10     8.4297    55    54     4.6867
   56  7.5632e+10     8.5872    56    55     4.7664
   57  7.2697e+10     8.6700    57    56     4.8460
   58  7.2526e+10     8.6749    58    57     4.9257
   59  7.1526e+10     8.7041    59    58     5.0053
   60  7.0695e+10     8.7288    60    59     5.0849
   61  6.9642e+10     8.7604    61    60     5.1646
   62  6.5926e+10     8.8769    62    61     5.2442
   63  6.5913e+10     8.8774    63    62     5.3238
   64  6.5127e+10     8.9030    64    63     5.4033
   65  5.5595e+10     9.2462    65    64     5.4829
   66  2.6360e+10    10.9945    66    65     5.5625
   67  2.5752e+10    11.0527    67    66     5.6421
   68  2.1485e+10    11.5122    68    67     5.7216
   69  2.1371e+10    11.5259    69    68     5.8012
   70  2.1239e+10    11.5419    70    69     5.8807
   71  2.0465e+10    11.6379    71    70     5.9602
   72  1.9604e+10    11.7498    72    71     6.0398
   73  1.9503e+10    11.7633    73    72     6.1193
   74  1.9379e+10    11.7799    74    73     6.1988
   75  1.9217e+10    11.8020    75    74     6.2783
   76  1.5569e+10    12.3629    76    75     6.3579
   77  1.5438e+10    12.3857    77    76     6.4374
   78  1.5093e+10    12.4471    78    77     6.5169
   79  1.4755e+10    12.5089    79    78     6.5964
   80  1.4712e+10    12.5170    80    79     6.6759
   81  1.4554e+10    12.5464    81    80     6.7554
   82  1.4125e+10    12.6285    82    81     6.8349
   83  1.3934e+10    12.6660    83    82     6.9143
   84  1.3930e+10    12.6667    84    83     6.9938
   85  1.3482e+10    12.7572    85    84     7.0733
   86  8.8321e+09    13.9678    86    85     7.1528
   87  8.8200e+09    13.9719    87    86     7.2323
   88  8.0460e+09    14.2453    88    87     7.3117
   89  7.8607e+09    14.3152    89    88     7.3912
   90  7.8270e+09    14.3282    90    89     7.4707
   91  7.8001e+09    14.3385    91    90     7.5502
   92  7.7993e+09    14.3388    92    91     7.6296
   93  7.7935e+09    14.3411    93    92     7.7091
   94  7.7270e+09    14.3669    94    93     7.7885
   95  7.4189e+09    14.4900    95    94     7.8680
   96  7.4063e+09    14.4951    96    95     7.9475
   97  7.3127e+09    14.5338    97    96     8.0269
   98  7.1178e+09    14.6161    98    97     8.1064
   99  7.0660e+09    14.6384    99    98     8.1858
  100  6.8144e+09    14.7495   100    99     8.2653
