#indx Mass S step-number desc_indx 
    0  1.0000e+12     4.3172     0    -1     0.0134
    1  9.2862e+11     4.4116     1     0     0.1326
    2  7.5083e+11     4.6907     2     1     0.2441
    3  7.1252e+11     4.7614     3     2     0.3500
    4  7.0012e+11     4.7852     4     3     0.4519
    5  6.9717e+11     4.7910     5     4     0.5506
    6  5.5721e+11     5.1038     6     5     0.6467
    7  5.5660e+11     5.1054     7     6     0.7407
    8  5.5051e+11     5.1211     8     7     0.8330
    9  5.3732e+11     5.1559     9     8     0.9238
   10  5.2244e+11     5.1965    10     9     1.0134
   11  5.2138e+11     5.1994    11    10     1.1018
   12  3.9423e+11     5.6158    12    11     1.1894
   13  3.8980e+11     5.6331    13    12     1.2761
   14  3.8769e+11     5.6415    14    13     1.3621
   15  3.8109e+11     5.6679    15    14     1.4474
   16  3.6158e+11     5.7494    16    15     1.5322
   17  3.6118e+11     5.7511    17    16     1.6165
   18  3.5704e+11     5.7691    18    17     1.7003
   19  2.8794e+11     6.1123    19    18     1.7838
   20  2.8253e+11     6.1432    20    19     1.8669
   21  2.6860e+11     6.2263    21    20     1.9496
   22  2.6737e+11     6.2339    22    21     2.0321
   23  2.6017e+11     6.2791    23    22     2.1143
   24  2.5971e+11     6.2821    24    23     2.1963
   25  2.5778e+11     6.2945    25    24     2.2781
   26  2.5774e+11     6.2947    26    25     2.3597
   27  2.4641e+11     6.3699    27    26     2.4411
   28  2.4370e+11     6.3884    28    27     2.5223
   29  2.4193e+11     6.4008    29    28     2.6034
   30  2.4015e+11     6.4132    30    29     2.6844
   31  2.2163e+11     6.5496    31    30     2.7652
   32  2.2038e+11     6.5593    32    31     2.8459
   33  2.1782e+11     6.5794    33    32     2.9266
   34  2.1064e+11     6.6371    34    33     3.0071
   35  2.1029e+11     6.6401    35    34     3.0876
   36  2.0919e+11     6.6492    36    35     3.1680
   37  2.0766e+11     6.6618    37    36     3.2483
   38  1.8068e+11     6.9064    38    37     3.3285
   39  1.7430e+11     6.9706    39    38     3.4087
   40  1.5726e+11     7.1569    40    39     3.4889
   41  1.5061e+11     7.2361    41    40     3.5689
   42  1.4294e+11     7.3328    42    41     3.6490
   43  1.4203e+11     7.3447    43    42     3.7290
   44  1.4174e+11     7.3485    44    43     3.8089
   45  1.4040e+11     7.3662    45    44     3.8889
   46  1.3958e+11     7.3772    46    45     3.9688
   47  1.2917e+11     7.5228    47    46     4.0486
   48  1.2889e+11     7.5270    48    47     4.1285
   49  1.2745e+11     7.5484    49    48     4.2083
   50  1.2614e+11     7.5679    50    49     4.2881
   51  1.1506e+11     7.7443    51    50     4.3678
   52  1.1469e+11     7.7505    52    51     4.4476
   53  1.1227e+11     7.7920    53    52     4.5273
   54  1.1050e+11     7.8229    54    53     4.6070
   55  1.0467e+11     7.9289    55    54     4.6867
   56  1.0032e+11     8.0127    56    55     4.7664
   57  9.9691e+10     8.0253    57    56     4.8460
   58  9.8596e+10     8.0473    58    57     4.9257
   59  9.8118e+10     8.0569    59    58     5.0053
   60  9.7972e+10     8.0599    60    59     5.0849
   61  9.3893e+10     8.1449    61    60     5.1646
   62  9.2511e+10     8.1747    62    61     5.2442
   63  9.1727e+10     8.1918    63    62     5.3238
   64  9.0807e+10     8.2121    64    63     5.4033
   65  8.9453e+10     8.2425    65    64     5.4829
   66  8.8417e+10     8.2661    66    65     5.5625
   67  8.7416e+10     8.2892    67    66     5.6421
   68  8.6791e+10     8.3038    68    67     5.7216
   69  8.6171e+10     8.3184    69    68     5.8012
   70  8.5798e+10     8.3272    70    69     5.8807
   71  6.6563e+10     8.8564    71    70     5.9602
   72  6.2844e+10     8.9796    72    71     6.0398
   73  6.1015e+10     9.0433    73    72     6.1193
   74  5.1076e+10     9.4340    74    73     6.1988
   75  4.9864e+10     9.4877    75    74     6.2783
   76  4.9811e+10     9.4900    76    75     6.3579
   77  4.9735e+10     9.4935    77    76     6.4374
   78  4.9726e+10     9.4939    78    77     6.5169
   79  4.1602e+10     9.8997    79    78     6.5964
   80  4.1427e+10     9.9094    80    79     6.6759
   81  4.0704e+10     9.9502    81    80     6.7554
   82  4.0405e+10     9.9673    82    81     6.8349
   83  3.9175e+10    10.0392    83    82     6.9143
   84  3.4369e+10    10.3479    84    83     6.9938
   85  2.7902e+10    10.8535    85    84     7.0733
   86  2.6789e+10    10.9543    86    85     7.1528
   87  2.5310e+10    11.0960    87    86     7.2323
   88  2.4971e+10    11.1299    88    87     7.3117
   89  2.4907e+10    11.1364    89    88     7.3912
   90  2.1032e+10    11.5673    90    89     7.4707
   91  1.9395e+10    11.7778    91    90     7.5502
   92  1.8822e+10    11.8565    92    91     7.6296
   93  1.6600e+10    12.1901    93    92     7.7091
   94  1.6378e+10    12.2262    94    93     7.7885
   95  1.6260e+10    12.2456    95    94     7.8680
   96  1.6212e+10    12.2536    96    95     7.9475
   97  1.5912e+10    12.3039    97    96     8.0269
   98  1.5719e+10    12.3369    98    97     8.1064
   99  1.5525e+10    12.3705    99    98     8.1858
  100  1.5356e+10    12.4003   100    99     8.2653
