#indx Mass S step-number desc_indx 
    0  1.0000e+12     4.3172     0    -1     0.0134
    1  9.6897e+11     4.3572     1     0     0.1326
    2  9.5540e+11     4.3752     2     1     0.2441
    3  7.9845e+11     4.6086     3     2     0.3500
    4  7.8892e+11     4.6245     4     3     0.4519
    5  7.4819e+11     4.6954     5     4     0.5506
    6  5.8260e+11     5.0405     6     5     0.6467
    7  5.1464e+11     5.2183     7     6     0.7407
    8  5.1361e+11     5.2212     8     7     0.8330
    9  5.1281e+11     5.2234     9     8     0.9238
   10  2.3776e+11     6.4300    10     9     1.0134
   11  2.3137e+11     6.4762    11    10     1.1018
   12  2.3003e+11     6.4861    12    11     1.1894
   13  2.2638e+11     6.5134    13    12     1.2761
   14  2.2495e+11     6.5242    14    13     1.3621
   15  2.0177e+11     6.7119    15    14     1.4474
   16  1.8543e+11     6.8604    16    15     1.5322
   17  1.8307e+11     6.8830    17    16     1.6165
   18  1.7670e+11     6.9462    18    17     1.7003
   19  1.6880e+11     7.0283    19    18     1.7838
   20  1.6499e+11     7.0695    20    19     1.8669
   21  1.5816e+11     7.1464    21    20     1.9496
   22  1.5649e+11     7.1658    22    21     2.0321
   23  1.3675e+11     7.4154    23    22     2.1143
   24  1.3354e+11     7.4600    24    23     2.1963
   25  1.2312e+11     7.6141    25    24     2.2781
   26  1.2291e+11     7.6174    26    25     2.3597
   27  1.0972e+11     7.8367    27    26     2.4411
   28  1.0776e+11     7.8719    28    27     2.5223
   29  1.0242e+11     7.9719    29    28     2.6034
   30  9.9815e+10     8.0228    30    29     2.6844
   31  9.9029e+10     8.0385    31    30     2.7652
   32  9.3597e+10     8.1512    32    31     2.8459
   33  9.1765e+10     8.1910    33    32     2.9266
   34  9.1622e+10     8.1941    34    33     3.0071
   35  8.8124e+10     8.2728    35    34     3.0876
   36  8.2132e+10     8.4166    36    35     3.1680
   37  7.8049e+10     8.5218    37    36     3.2483
   38  7.3896e+10     8.6357    38    37     3.3285
   39  7.3796e+10     8.6385    39    38     3.4087
   40  7.3685e+10     8.6417    40    39     3.4889
   41  7.1877e+10     8.6938    41    40     3.5689
   42  6.8614e+10     8.7919    42    41     3.6490
   43  6.4983e+10     8.9077    43    42     3.7290
   44  5.6150e+10     9.2244    44    43     3.8089
   45  5.5607e+10     9.2458    45    44     3.8889
   46  5.5566e+10     9.2474    46    45     3.9688
   47  3.6572e+10    10.2005    47    46     4.0486
   48  3.3840e+10    10.3849    48    47     4.1285
   49  3.2656e+10    10.4703    49    48     4.2083
   50  3.2590e+10    10.4752    50    49     4.2881
   51  3.0831e+10    10.6093    51    50     4.3678
   52  3.0810e+10    10.6109    52    51     4.4476
   53  3.0634e+10    10.6248    53    52     4.5273
   54  3.0126e+10    10.6655    54    53     4.6070
   55  3.0045e+10    10.6721    55    54     4.6867
   56  3.0021e+10    10.6740    56    55     4.7664
   57  2.9334e+10    10.7306    57    56     4.8460
   58  2.9114e+10    10.7490    58    57     4.9257
   59  2.6796e+10    10.9537    59    58     5.0053
   60  2.6519e+10    10.9795    60    59     5.0849
   61  2.6177e+10    11.0119    61    60     5.1646
   62  2.3738e+10    11.2576    62    61     5.2442
   63  2.3676e+10    11.2642    63    62     5.3238
   64  2.2906e+10    11.3482    64    63     5.4033
   65  2.2271e+10    11.4200    65    64     5.4829
   66  2.2062e+10    11.4441    66    65     5.5625
   67  2.1947e+10    11.4576    67    66     5.6421
   68  2.1915e+10    11.4613    68    67     5.7216
   69  2.1540e+10    11.5057    69    68     5.8012
   70  2.0827e+10    11.5925    70    69     5.8807
   71  1.9512e+10    11.7621    71    70     5.9602
   72  1.8417e+10    11.9137    72    71     6.0398
   73  1.6428e+10    12.2180    73    72     6.1193
   74  1.5820e+10    12.3196    74    73     6.1988
   75  1.5063e+10    12.4525    75    74     6.2783
   76  1.4547e+10    12.5477    76    75     6.3579
   77  1.4532e+10    12.5506    77    76     6.4374
   78  1.4400e+10    12.5755    78    77     6.5169
   79  1.4369e+10    12.5816    79    78     6.5964
   80  1.3338e+10    12.7870    80    79     6.6759
   81  1.3220e+10    12.8116    81    80     6.7554
   82  1.2961e+10    12.8667    82    81     6.8349
   83  1.2954e+10    12.8682    83    82     6.9143
   84  9.5777e+09    13.7298    84    83     6.9938
   85  9.4382e+09    13.7726    85    84     7.0733
   86  9.2286e+09    13.8385    86    85     7.1528
   87  9.2230e+09    13.8402    87    86     7.2323
   88  9.0883e+09    13.8835    88    87     7.3117
   89  7.3429e+09    14.5212    89    88     7.3912
   90  7.1980e+09    14.5819    90    89     7.4707
   91  7.1559e+09    14.5998    91    90     7.5502
   92  7.1320e+09    14.6100    92    91     7.6296
   93  7.0968e+09    14.6251    93    92     7.7091
   94  6.9526e+09    14.6879    94    93     7.7885
   95  6.9178e+09    14.7033    95    94     7.8680
   96  6.8640e+09    14.7272    96    95     7.9475
   97  6.8308e+09    14.7421    97    96     8.0269
   98  6.8077e+09    14.7525    98    97     8.1064
   99  6.7948e+09    14.7583    99    98     8.1858
  100  6.7892e+09    14.7609   100    99     8.2653
