#indx Mass S step-number desc_indx 
    0  1.0000e+12     4.3172     0    -1     0.0134
    1  8.7679e+11     4.4857     1     0     0.1326
    2  7.8996e+11     4.6228     2     1     0.2441
    3  7.7831e+11     4.6426     3     2     0.3500
    4  6.8504e+11     4.8150     4     3     0.4519
    5  6.6418e+11     4.8574     5     4     0.5506
    6  6.5783e+11     4.8707     6     5     0.6467
    7  6.5349e+11     4.8798     7     6     0.7407
    8  6.4842e+11     4.8906     8     7     0.8330
    9  6.4368e+11     4.9008     9     8     0.9238
   10  6.3511e+11     4.9194    10     9     1.0134
   11  6.1259e+11     4.9698    11    10     1.1018
   12  6.1028e+11     4.9751    12    11     1.1894
   13  5.9200e+11     5.0178    13    12     1.2761
   14  4.7486e+11     5.3360    14    13     1.3621
   15  3.6317e+11     5.7425    15    14     1.4474
   16  3.5950e+11     5.7584    16    15     1.5322
   17  3.5812e+11     5.7644    17    16     1.6165
   18  3.5709e+11     5.7689    18    17     1.7003
   19  3.3001e+11     5.8930    19    18     1.7838
   20  3.2842e+11     5.9007    20    19     1.8669
   21  3.1572e+11     5.9636    21    20     1.9496
   22  3.0433e+11     6.0226    22    21     2.0321
   23  3.0315e+11     6.0288    23    22     2.1143
   24  2.9361e+11     6.0805    24    23     2.1963
   25  2.8782e+11     6.1130    25    24     2.2781
   26  1.5398e+11     7.1954    26    25     2.3597
   27  1.5305e+11     7.2065    27    26     2.4411
   28  1.5166e+11     7.2233    28    27     2.5223
   29  1.5127e+11     7.2280    29    28     2.6034
   30  1.5007e+11     7.2426    30    29     2.6844
   31  1.4664e+11     7.2854    31    30     2.7652
   32  1.4205e+11     7.3445    32    31     2.8459
   33  1.3692e+11     7.4132    33    32     2.9266
   34  1.3495e+11     7.4404    34    33     3.0071
   35  1.1274e+11     7.7837    35    34     3.0876
   36  1.0447e+11     7.9328    36    35     3.1680
   37  1.0182e+11     7.9834    37    36     3.2483
   38  9.9918e+10     8.0208    38    37     3.3285
   39  9.9041e+10     8.0383    39    38     3.4087
   40  9.3236e+10     8.1590    40    39     3.4889
   41  8.6749e+10     8.3048    41    40     3.5689
   42  8.5118e+10     8.3434    42    41     3.6490
   43  8.4904e+10     8.3486    43    42     3.7290
   44  7.4386e+10     8.6219    44    43     3.8089
   45  7.2707e+10     8.6697    45    44     3.8889
   46  7.1159e+10     8.7149    46    45     3.9688
   47  6.8429e+10     8.7977    47    46     4.0486
   48  6.8033e+10     8.8100    48    47     4.1285
   49  6.7577e+10     8.8242    49    48     4.2083
   50  6.7350e+10     8.8314    50    49     4.2881
   51  6.7315e+10     8.8325    51    50     4.3678
   52  6.1902e+10     9.0122    52    51     4.4476
   53  6.1482e+10     9.0269    53    52     4.5273
   54  4.8857e+10     9.5335    54    53     4.6070
   55  4.6876e+10     9.6268    55    54     4.6867
   56  4.6159e+10     9.6618    56    55     4.7664
   57  3.7972e+10    10.1122    57    56     4.8460
   58  3.7685e+10    10.1300    58    57     4.9257
   59  3.7646e+10    10.1324    59    58     5.0053
   60  3.4868e+10    10.3136    60    59     5.0849
   61  3.4735e+10    10.3227    61    60     5.1646
   62  3.2485e+10    10.4830    62    61     5.2442
   63  3.2349e+10    10.4931    63    62     5.3238
   64  3.0292e+10    10.6521    64    63     5.4033
   65  3.0263e+10    10.6544    65    64     5.4829
   66  2.9145e+10    10.7464    66    65     5.5625
   67  2.9043e+10    10.7550    67    66     5.6421
   68  2.8659e+10    10.7876    68    67     5.7216
   69  2.5506e+10    11.0767    69    68     5.8012
   70  2.5149e+10    11.1121    70    69     5.8807
   71  2.4458e+10    11.1821    71    70     5.9602
   72  2.3897e+10    11.2407    72    71     6.0398
   73  2.3477e+10    11.2856    73    72     6.1193
   74  2.3422e+10    11.2916    74    73     6.1988
   75  2.3170e+10    11.3190    75    74     6.2783
   76  2.1884e+10    11.4650    76    75     6.3579
   77  2.1816e+10    11.4730    77    76     6.4374
   78  2.1545e+10    11.5050    78    77     6.5169
   79  2.1194e+10    11.5474    79    78     6.5964
   80  1.8824e+10    11.8561    80    79     6.6759
   81  1.6845e+10    12.1509    81    80     6.7554
   82  1.6161e+10    12.2620    82    81     6.8349
   83  1.6045e+10    12.2815    83    82     6.9143
   84  1.5975e+10    12.2932    84    83     6.9938
   85  1.5354e+10    12.4005    85    84     7.0733
   86  1.5229e+10    12.4227    86    85     7.1528
   87  1.4114e+10    12.6307    87    86     7.2323
   88  1.4084e+10    12.6366    88    87     7.3117
   89  1.4023e+10    12.6486    89    88     7.3912
   90  1.3295e+10    12.7959    90    89     7.4707
   91  1.3110e+10    12.8348    91    90     7.5502
   92  1.3008e+10    12.8566    92    91     7.6296
   93  1.2917e+10    12.8762    93    92     7.7091
   94  1.2451e+10    12.9789    94    93     7.7885
   95  1.2424e+10    12.9850    95    94     7.8680
   96  9.4203e+09    13.7782    96    95     7.9475
   97  9.0368e+09    13.9002    97    96     8.0269
   98  8.8877e+09    13.9493    98    97     8.1064
   99  8.8603e+09    13.9584    99    98     8.1858
  100  4.6293e+09    15.9718   100    99     8.2653
