#indx Mass S step-number desc_indx 
    0  1.0000e+12     4.3172     0    -1     0.0134
    1  9.8034e+11     4.3424     1     0     0.1326
    2  9.7892e+11     4.3442     2     1     0.2441
    3  9.7024e+11     4.3555     3     2     0.3500
    4  9.3334e+11     4.4051     4     3     0.4519
    5  9.2754e+11     4.4130     5     4     0.5506
    6  8.4765e+11     4.5298     6     5     0.6467
    7  8.3308e+11     4.5526     7     6     0.7407
    8  7.8617e+11     4.6292     8     7     0.8330
    9  7.8452e+11     4.6320     9     8     0.9238
   10  7.6781e+11     4.6607    10     9     1.0134
   11  7.4396e+11     4.7030    11    10     1.1018
   12  5.3973e+11     5.1495    12    11     1.1894
   13  4.6791e+11     5.3578    13    12     1.2761
   14  4.5893e+11     5.3866    14    13     1.3621
   15  3.8151e+11     5.6662    15    14     1.4474
   16  3.7668e+11     5.6859    16    15     1.5322
   17  3.7532e+11     5.6915    17    16     1.6165
   18  3.7460e+11     5.6944    18    17     1.7003
   19  3.4970e+11     5.8016    19    18     1.7838
   20  2.7277e+11     6.2009    20    19     1.8669
   21  2.6555e+11     6.2452    21    20     1.9496
   22  2.6409e+11     6.2543    22    21     2.0321
   23  2.6050e+11     6.2770    23    22     2.1143
   24  2.5712e+11     6.2988    24    23     2.1963
   25  2.2995e+11     6.4867    25    24     2.2781
   26  2.1951e+11     6.5661    26    25     2.3597
   27  2.1640e+11     6.5907    27    26     2.4411
   28  2.1441e+11     6.6065    28    27     2.5223
   29  1.9193e+11     6.7995    29    28     2.6034
   30  1.6434e+11     7.0767    30    29     2.6844
   31  1.5619e+11     7.1693    31    30     2.7652
   32  1.5253e+11     7.2128    32    31     2.8459
   33  1.4552e+11     7.2996    33    32     2.9266
   34  1.4117e+11     7.3560    34    33     3.0071
   35  1.3644e+11     7.4198    35    34     3.0876
   36  1.3560e+11     7.4313    36    35     3.1680
   37  1.3462e+11     7.4449    37    36     3.2483
   38  1.3241e+11     7.4761    38    37     3.3285
   39  1.3113e+11     7.4944    39    38     3.4087
   40  1.3052e+11     7.5032    40    39     3.4889
   41  1.2735e+11     7.5498    41    40     3.5689
   42  1.1655e+11     7.7195    42    41     3.6490
   43  1.1558e+11     7.7356    43    42     3.7290
   44  1.1271e+11     7.7844    44    43     3.8089
   45  1.0052e+11     8.0089    45    44     3.8889
   46  7.7515e+10     8.5361    46    45     3.9688
   47  6.7877e+10     8.8148    47    46     4.0486
   48  6.7435e+10     8.8287    48    47     4.1285
   49  6.5298e+10     8.8974    49    48     4.2083
   50  6.2167e+10     9.0029    50    49     4.2881
   51  6.1301e+10     9.0332    51    50     4.3678
   52  6.0463e+10     9.0630    52    51     4.4476
   53  5.5714e+10     9.2415    53    52     4.5273
   54  5.1837e+10     9.4011    54    53     4.6070
   55  5.0975e+10     9.4384    55    54     4.6867
   56  5.0792e+10     9.4464    56    55     4.7664
   57  4.8266e+10     9.5608    57    56     4.8460
   58  4.7962e+10     9.5751    58    57     4.9257
   59  4.4048e+10     9.7684    59    58     5.0053
   60  4.3576e+10     9.7931    60    59     5.0849
   61  4.0305e+10     9.9731    61    60     5.1646
   62  4.0075e+10     9.9864    62    61     5.2442
   63  3.8638e+10    10.0715    63    62     5.3238
   64  3.8442e+10    10.0834    64    63     5.4033
   65  3.8267e+10    10.0940    65    64     5.4829
   66  3.7796e+10    10.1231    66    65     5.5625
   67  2.6056e+10    11.0234    67    66     5.6421
   68  2.6007e+10    11.0281    68    67     5.7216
   69  2.3778e+10    11.2534    69    68     5.8012
   70  2.2534e+10    11.3900    70    69     5.8807
   71  2.2287e+10    11.4181    71    70     5.9602
   72  2.1739e+10    11.4821    72    71     6.0398
   73  2.1707e+10    11.4858    73    72     6.1193
   74  2.0968e+10    11.5751    74    73     6.1988
   75  1.7554e+10    12.0409    75    74     6.2783
   76  1.7541e+10    12.0428    76    75     6.3579
   77  1.7220e+10    12.0920    77    76     6.4374
   78  1.7132e+10    12.1057    78    77     6.5169
   79  1.7091e+10    12.1120    79    78     6.5964
   80  1.6939e+10    12.1359    80    79     6.6759
   81  1.6706e+10    12.1729    81    80     6.7554
   82  1.5935e+10    12.3001    82    81     6.8349
   83  1.5931e+10    12.3007    83    82     6.9143
   84  1.5544e+10    12.3672    84    83     6.9938
   85  1.4359e+10    12.5835    85    84     7.0733
   86  1.4220e+10    12.6100    86    85     7.1528
   87  1.4149e+10    12.6238    87    86     7.2323
   88  1.3683e+10    12.7162    88    87     7.3117
   89  9.4786e+09    13.7601    89    88     7.3912
   90  9.4232e+09    13.7773    90    89     7.4707
   91  9.3804e+09    13.7906    91    90     7.5502
   92  9.3795e+09    13.7909    92    91     7.6296
   93  9.2833e+09    13.8211    93    92     7.7091
   94  9.2224e+09    13.8404    94    93     7.7885
   95  9.1741e+09    13.8558    95    94     7.8680
   96  2.7606e+09    17.7163    96    95     7.9475
   97  2.4196e+09    18.1818    97    96     8.0269
   98  2.4144e+09    18.1896    98    97     8.1064
   99  2.4135e+09    18.1908    99    98     8.1858
  100  2.4115e+09    18.1939   100    99     8.2653
