#indx Mass S step-number desc_indx 
    0  1.0000e+12     4.3172     0    -1     0.0134
    1  9.9734e+11     4.3206     1     0     0.1326
    2  9.1583e+11     4.4294     2     1     0.2441
    3  9.0632e+11     4.4428     3     2     0.3500
    4  6.0264e+11     4.9928     4     3     0.4519
    5  5.8506e+11     5.0345     5     4     0.5506
    6  5.7843e+11     5.0506     6     5     0.6467
    7  4.7232e+11     5.3439     7     6     0.7407
    8  4.6618e+11     5.3633     8     7     0.8330
    9  4.4552e+11     5.4307     9     8     0.9238
   10  4.4241e+11     5.4412    10     9     1.0134
   11  4.4137e+11     5.4448    11    10     1.1018
   12  4.3802e+11     5.4562    12    11     1.1894
   13  1.8146e+11     6.8988    13    12     1.2761
   14  1.7627e+11     6.9505    14    13     1.3621
   15  1.7543e+11     6.9590    15    14     1.4474
   16  1.5817e+11     7.1463    16    15     1.5322
   17  1.5192e+11     7.2201    17    16     1.6165
   18  1.5031e+11     7.2397    18    17     1.7003
   19  1.4307e+11     7.3310    19    18     1.7838
   20  1.3393e+11     7.4546    20    19     1.8669
   21  1.3160e+11     7.4877    21    20     1.9496
   22  1.2008e+11     7.6620    22    21     2.0321
   23  1.1988e+11     7.6652    23    22     2.1143
   24  1.1885e+11     7.6818    24    23     2.1963
   25  1.1429e+11     7.7573    25    24     2.2781
   26  1.1376e+11     7.7664    26    25     2.3597
   27  9.4535e+10     8.1312    27    26     2.4411
   28  6.5982e+10     8.8751    28    27     2.5223
   29  6.5618e+10     8.8870    29    28     2.6034
   30  6.5594e+10     8.8877    30    29     2.6844
   31  6.5283e+10     8.8979    31    30     2.7652
   32  6.4604e+10     8.9203    32    31     2.8459
   33  5.9997e+10     9.0798    33    32     2.9266
   34  5.6590e+10     9.2073    34    33     3.0071
   35  4.3853e+10     9.7786    35    34     3.0876
   36  4.3130e+10     9.8167    36    35     3.1680
   37  4.2944e+10     9.8266    37    36     3.2483
   38  4.1087e+10     9.9285    38    37     3.3285
   39  4.0690e+10     9.9510    39    38     3.4087
   40  3.6766e+10    10.1881    40    39     3.4889
   41  2.7616e+10    10.8790    41    40     3.5689
   42  2.7453e+10    10.8937    42    41     3.6490
   43  2.6869e+10    10.9469    43    42     3.7290
   44  2.6763e+10    10.9567    44    43     3.8089
   45  2.6696e+10    10.9630    45    44     3.8889
   46  2.6219e+10    11.0079    46    45     3.9688
   47  2.5879e+10    11.0404    47    46     4.0486
   48  2.5785e+10    11.0495    48    47     4.1285
   49  2.2605e+10    11.3819    49    48     4.2083
   50  2.2023e+10    11.4487    50    49     4.2881
   51  2.1991e+10    11.4524    51    50     4.3678
   52  1.0548e+10    13.4501    52    51     4.4476
   53  8.3333e+09    14.1404    53    52     4.5273
   54  8.3145e+09    14.1471    54    53     4.6070
   55  8.2131e+09    14.1838    55    54     4.6867
   56  8.0837e+09    14.2313    56    55     4.7664
   57  8.0171e+09    14.2560    57    56     4.8460
   58  7.7686e+09    14.3507    58    57     4.9257
   59  7.7577e+09    14.3549    59    58     5.0053
   60  7.6341e+09    14.4034    60    59     5.0849
   61  7.3433e+09    14.5211    61    60     5.1646
   62  7.1854e+09    14.5872    62    61     5.2442
   63  7.0929e+09    14.6268    63    62     5.3238
   64  6.7677e+09    14.7706    64    63     5.4033
   65  6.1796e+09    15.0521    65    64     5.4829
   66  6.1763e+09    15.0537    66    65     5.5625
   67  5.8283e+09    15.2353    67    66     5.6421
   68  5.6151e+09    15.3528    68    67     5.7216
   69  5.5824e+09    15.3713    69    68     5.8012
   70  5.4535e+09    15.4453    70    69     5.8807
   71  5.3365e+09    15.5143    71    70     5.9602
   72  5.1792e+09    15.6098    72    71     6.0398
   73  4.6961e+09    15.9253    73    72     6.1193
   74  4.0859e+09    16.3814    74    73     6.1988
   75  3.8754e+09    16.5572    75    74     6.2783
   76  3.8276e+09    16.5987    76    75     6.3579
   77  3.8261e+09    16.6000    77    76     6.4374
   78  3.7578e+09    16.6603    78    77     6.5169
   79  3.7277e+09    16.6872    79    78     6.5964
   80  3.7141e+09    16.6995    80    79     6.6759
   81  3.6938e+09    16.7179    81    80     6.7554
   82  3.6704e+09    16.7393    82    81     6.8349
   83  3.6693e+09    16.7402    83    82     6.9143
   84  3.3479e+09    17.0504    84    83     6.9938
   85  3.3401e+09    17.0583    85    84     7.0733
   86  3.3385e+09    17.0599    86    85     7.1528
   87  3.3368e+09    17.0617    87    86     7.2323
   88  2.9709e+09    17.4607    88    87     7.3117
   89  1.8865e+09    19.0843    89    88     7.3912
   90  1.8522e+09    19.1518    90    89     7.4707
   91  1.8321e+09    19.1922    91    90     7.5502
   92  1.8255e+09    19.2057    92    91     7.6296
   93  1.7571e+09    19.3476    93    92     7.7091
   94  1.6927e+09    19.4868    94    93     7.7885
   95  1.6388e+09    19.6083    95    94     7.8680
   96  1.6112e+09    19.6723    96    95     7.9475
   97  1.5736e+09    19.7613    97    96     8.0269
   98  1.5717e+09    19.7659    98    97     8.1064
   99  1.4680e+09    20.0249    99    98     8.1858
  100  1.3737e+09    20.2793   100    99     8.2653
