#indx Mass S step-number desc_indx 
    0  1.0000e+12     4.3172     0    -1     0.0134
    1  9.2244e+11     4.4201     1     0     0.1326
    2  9.2069e+11     4.4226     2     1     0.2441
    3  7.0224e+11     4.7811     3     2     0.3500
    4  7.0019e+11     4.7851     4     3     0.4519
    5  6.8133e+11     4.8224     5     4     0.5506
    6  6.7263e+11     4.8401     6     5     0.6467
    7  6.6567e+11     4.8544     7     6     0.7407
    8  6.4308e+11     4.9021     8     7     0.8330
    9  6.3651e+11     4.9163     9     8     0.9238
   10  6.2988e+11     4.9309    10     9     1.0134
   11  6.2793e+11     4.9352    11    10     1.1018
   12  6.1555e+11     4.9630    12    11     1.1894
   13  5.9907e+11     5.0011    13    12     1.2761
   14  5.3565e+11     5.1604    14    13     1.3621
   15  4.5675e+11     5.3936    15    14     1.4474
   16  4.3684e+11     5.4602    16    15     1.5322
   17  3.9040e+11     5.6308    17    16     1.6165
   18  3.6617e+11     5.7298    18    17     1.7003
   19  1.0990e+11     7.8335    19    18     1.7838
   20  1.0888e+11     7.8516    20    19     1.8669
   21  1.0464e+11     7.9295    21    20     1.9496
   22  9.2474e+10     8.1755    22    21     2.0321
   23  9.2220e+10     8.1810    23    22     2.1143
   24  9.1756e+10     8.1912    24    23     2.1963
   25  9.1624e+10     8.1941    25    24     2.2781
   26  9.1101e+10     8.2056    26    25     2.3597
   27  8.6801e+10     8.3035    27    26     2.4411
   28  8.6226e+10     8.3171    28    27     2.5223
   29  8.5263e+10     8.3400    29    28     2.6034
   30  8.3485e+10     8.3831    30    29     2.6844
   31  8.0400e+10     8.4604    31    30     2.7652
   32  7.9922e+10     8.4728    32    31     2.8459
   33  7.9607e+10     8.4809    33    32     2.9266
   34  7.9586e+10     8.4815    34    33     3.0071
   35  7.8836e+10     8.5010    35    34     3.0876
   36  7.6791e+10     8.5555    36    35     3.1680
   37  7.6197e+10     8.5717    37    36     3.2483
   38  7.2838e+10     8.6659    38    37     3.3285
   39  6.9253e+10     8.7723    39    38     3.4087
   40  6.6075e+10     8.8721    40    39     3.4889
   41  6.4975e+10     8.9080    41    40     3.5689
   42  6.3906e+10     8.9436    42    41     3.6490
   43  6.3441e+10     8.9593    43    42     3.7290
   44  6.2730e+10     8.9835    44    43     3.8089
   45  6.2019e+10     9.0081    45    44     3.8889
   46  6.0502e+10     9.0616    46    45     3.9688
   47  6.0085e+10     9.0766    47    46     4.0486
   48  5.9467e+10     9.0990    48    47     4.1285
   49  5.9140e+10     9.1110    49    48     4.2083
   50  5.8830e+10     9.1225    50    49     4.2881
   51  5.7156e+10     9.1855    51    50     4.3678
   52  5.6376e+10     9.2156    52    51     4.4476
   53  5.5891e+10     9.2346    53    52     4.5273
   54  5.3706e+10     9.3224    54    53     4.6070
   55  4.9003e+10     9.5267    55    54     4.6867
   56  4.4003e+10     9.7707    56    55     4.7664
   57  4.3846e+10     9.7789    57    56     4.8460
   58  4.3805e+10     9.7810    58    57     4.9257
   59  4.0792e+10     9.9452    59    58     5.0053
   60  4.0679e+10     9.9516    60    59     5.0849
   61  3.5876e+10    10.2459    61    60     5.1646
   62  3.5539e+10    10.2683    62    61     5.2442
   63  3.3844e+10    10.3846    63    62     5.3238
   64  3.3272e+10    10.4255    64    63     5.4033
   65  3.3033e+10    10.4428    65    64     5.4829
   66  3.2943e+10    10.4493    66    65     5.5625
   67  3.2636e+10    10.4718    67    66     5.6421
   68  3.1954e+10    10.5227    68    67     5.7216
   69  3.0741e+10    10.6163    69    68     5.8012
   70  2.9792e+10    10.6927    70    69     5.8807
   71  2.8965e+10    10.7616    71    70     5.9602
   72  2.8478e+10    10.8032    72    71     6.0398
   73  2.3429e+10    11.2908    73    72     6.1193
   74  2.3332e+10    11.3014    74    73     6.1988
   75  2.3298e+10    11.3050    75    74     6.2783
   76  2.2261e+10    11.4212    76    75     6.3579
   77  2.1390e+10    11.5236    77    76     6.4374
   78  2.1342e+10    11.5294    78    77     6.5169
   79  2.1308e+10    11.5336    79    78     6.5964
   80  2.1040e+10    11.5663    80    79     6.6759
   81  1.9010e+10    11.8304    81    80     6.7554
   82  1.8435e+10    11.9112    82    81     6.8349
   83  1.7647e+10    12.0267    83    82     6.9143
   84  1.6660e+10    12.1803    84    83     6.9938
   85  1.6633e+10    12.1848    85    84     7.0733
   86  1.5716e+10    12.3374    86    85     7.1528
   87  1.5382e+10    12.3957    87    86     7.2323
   88  1.5288e+10    12.4122    88    87     7.3117
   89  1.4953e+10    12.4726    89    88     7.3912
   90  1.4677e+10    12.5234    90    89     7.4707
   91  9.3012e+09    13.8155    91    90     7.5502
   92  9.2494e+09    13.8319    92    91     7.6296
   93  9.2016e+09    13.8471    93    92     7.7091
   94  9.1540e+09    13.8623    94    93     7.7885
   95  8.8535e+09    13.9607    95    94     7.8680
   96  8.8152e+09    13.9735    96    95     7.9475
   97  8.6069e+09    14.0443    97    96     8.0269
   98  8.5814e+09    14.0531    98    97     8.1064
   99  8.5710e+09    14.0567    99    98     8.1858
  100  8.4546e+09    14.0973   100    99     8.2653
