#indx Mass S step-number desc_indx 
    0  1.0000e+12     4.3172     0    -1     0.0134
    1  9.9691e+11     4.3211     1     0     0.1326
    2  9.8655e+11     4.3344     2     1     0.2441
    3  9.2246e+11     4.4201     3     2     0.3500
    4  8.6139e+11     4.5088     4     3     0.4519
    5  8.5486e+11     4.5187     5     4     0.5506
    6  7.8838e+11     4.6254     6     5     0.6467
    7  7.5599e+11     4.6814     7     6     0.7407
    8  5.8967e+11     5.0234     8     7     0.8330
    9  5.4986e+11     5.1228     9     8     0.9238
   10  4.5100e+11     5.4125    10     9     1.0134
   11  4.4937e+11     5.4179    11    10     1.1018
   12  4.4731e+11     5.4248    12    11     1.1894
   13  4.4656e+11     5.4273    13    12     1.2761
   14  4.1442e+11     5.5397    14    13     1.3621
   15  4.0102e+11     5.5897    15    14     1.4474
   16  3.9946e+11     5.5957    16    15     1.5322
   17  3.9855e+11     5.5991    17    16     1.6165
   18  3.9742e+11     5.6035    18    17     1.7003
   19  3.5314e+11     5.7863    19    18     1.7838
   20  3.5287e+11     5.7875    20    19     1.8669
   21  3.2811e+11     5.9022    21    20     1.9496
   22  3.2514e+11     5.9167    22    21     2.0321
   23  3.2030e+11     5.9406    23    22     2.1143
   24  3.1570e+11     5.9637    24    23     2.1963
   25  3.1382e+11     5.9732    25    24     2.2781
   26  3.0994e+11     5.9932    26    25     2.3597
   27  2.9540e+11     6.0707    27    26     2.4411
   28  2.9396e+11     6.0786    28    27     2.5223
   29  2.9218e+11     6.0885    29    28     2.6034
   30  2.8782e+11     6.1130    30    29     2.6844
   31  2.8413e+11     6.1340    31    30     2.7652
   32  2.7914e+11     6.1630    32    31     2.8459
   33  2.7651e+11     6.1785    33    32     2.9266
   34  2.5530e+11     6.3106    34    33     3.0071
   35  2.3648e+11     6.4392    35    34     3.0876
   36  2.3548e+11     6.4464    36    35     3.1680
   37  2.3322e+11     6.4628    37    36     3.2483
   38  1.8147e+11     6.8986    38    37     3.3285
   39  1.7011e+11     7.0143    39    38     3.4087
   40  1.4438e+11     7.3142    40    39     3.4889
   41  1.2383e+11     7.6031    41    40     3.5689
   42  1.2035e+11     7.6577    42    41     3.6490
   43  1.1258e+11     7.7866    43    42     3.7290
   44  1.1144e+11     7.8064    44    43     3.8089
   45  9.7808e+10     8.0632    45    44     3.8889
   46  9.5598e+10     8.1088    46    45     3.9688
   47  9.5326e+10     8.1145    47    46     4.0486
   48  9.2109e+10     8.1834    48    47     4.1285
   49  9.1568e+10     8.1953    49    48     4.2083
   50  9.0361e+10     8.2221    50    49     4.2881
   51  8.6127e+10     8.3194    51    50     4.3678
   52  8.5519e+10     8.3339    52    51     4.4476
   53  8.5191e+10     8.3417    53    52     4.5273
   54  8.4467e+10     8.3591    54    53     4.6070
   55  8.3273e+10     8.3883    55    54     4.6867
   56  8.1336e+10     8.4366    56    55     4.7664
   57  8.0480e+10     8.4584    57    56     4.8460
   58  7.9878e+10     8.4739    58    57     4.9257
   59  4.8312e+10     9.5587    59    58     5.0053
   60  4.8202e+10     9.5638    60    59     5.0849
   61  4.8056e+10     9.5707    61    60     5.1646
   62  4.7878e+10     9.5790    62    61     5.2442
   63  4.7783e+10     9.5835    63    62     5.3238
   64  4.6922e+10     9.6246    64    63     5.4033
   65  4.6479e+10     9.6461    65    64     5.4829
   66  4.3995e+10     9.7711    66    65     5.5625
   67  4.1078e+10     9.9290    67    66     5.6421
   68  3.9104e+10    10.0435    68    67     5.7216
   69  3.8386e+10    10.0868    69    68     5.8012
   70  3.7875e+10    10.1182    70    69     5.8807
   71  3.6307e+10    10.2177    71    70     5.9602
   72  3.5516e+10    10.2699    72    71     6.0398
   73  3.5390e+10    10.2783    73    72     6.1193
   74  3.4229e+10    10.3577    74    73     6.1988
   75  3.4210e+10    10.3590    75    74     6.2783
   76  3.3370e+10    10.4184    76    75     6.3579
   77  3.2974e+10    10.4471    77    76     6.4374
   78  3.1280e+10    10.5742    78    77     6.5169
   79  3.1184e+10    10.5816    79    78     6.5964
   80  2.9687e+10    10.7013    80    79     6.6759
   81  2.9633e+10    10.7058    81    80     6.7554
   82  2.9455e+10    10.7205    82    81     6.8349
   83  2.8390e+10    10.8109    83    82     6.9143
   84  2.1026e+10    11.5680    84    83     6.9938
   85  2.0877e+10    11.5863    85    84     7.0733
   86  2.0715e+10    11.6064    86    85     7.1528
   87  1.7991e+10    11.9755    87    86     7.2323
   88  1.7864e+10    11.9943    88    87     7.3117
   89  1.7687e+10    12.0208    89    88     7.3912
   90  1.7491e+10    12.0504    90    89     7.4707
   91  1.7438e+10    12.0586    91    90     7.5502
   92  1.7281e+10    12.0826    92    91     7.6296
   93  1.4997e+10    12.4646    93    92     7.7091
   94  1.4510e+10    12.5548    94    93     7.7885
   95  1.4372e+10    12.5810    95    94     7.8680
   96  1.3863e+10    12.6802    96    95     7.9475
   97  1.3764e+10    12.7000    97    96     8.0269
   98  1.3536e+10    12.7460    98    97     8.1064
   99  1.3428e+10    12.7682    99    98     8.1858
  100  1.2938e+10    12.8716   100    99     8.2653
