#indx Mass S step-number desc_indx 
    0  1.0000e+12     4.3172     0    -1     0.0134
    1  9.8473e+11     4.3367     1     0     0.1326
    2  9.5743e+11     4.3725     2     1     0.2441
    3  9.2125e+11     4.4218     3     2     0.3500
    4  7.3442e+11     4.7204     4     3     0.4519
    5  7.3239e+11     4.7241     5     4     0.5506
    6  5.5464e+11     5.1104     6     5     0.6467
    7  5.4972e+11     5.1232     7     6     0.7407
    8  4.8057e+11     5.3184     8     7     0.8330
    9  4.2276e+11     5.5095     9     8     0.9238
   10  3.0354e+11     6.0267    10     9     1.0134
   11  3.0265e+11     6.0315    11    10     1.1018
   12  2.9867e+11     6.0529    12    11     1.1894
   13  2.9564e+11     6.0694    13    12     1.2761
   14  2.6377e+11     6.2564    14    13     1.3621
   15  2.3753e+11     6.4317    15    14     1.4474
   16  2.2689e+11     6.5095    16    15     1.5322
   17  2.2041e+11     6.5591    17    16     1.6165
   18  1.9816e+11     6.7434    18    17     1.7003
   19  1.9479e+11     6.7735    19    18     1.7838
   20  1.8094e+11     6.9039    20    19     1.8669
   21  1.7787e+11     6.9344    21    20     1.9496
   22  1.7060e+11     7.0092    22    21     2.0321
   23  1.6988e+11     7.0168    23    22     2.1143
   24  1.5965e+11     7.1293    24    23     2.1963
   25  1.0456e+11     7.9310    25    24     2.2781
   26  1.0062e+11     8.0069    26    25     2.3597
   27  9.5604e+10     8.1087    27    26     2.4411
   28  7.3372e+10     8.6506    28    27     2.5223
   29  7.2962e+10     8.6624    29    28     2.6034
   30  7.1027e+10     8.7189    30    29     2.6844
   31  7.0628e+10     8.7308    31    30     2.7652
   32  7.0287e+10     8.7410    32    31     2.8459
   33  5.5273e+10     9.2590    33    32     2.9266
   34  5.4971e+10     9.2711    34    33     3.0071
   35  5.4400e+10     9.2941    35    34     3.0876
   36  4.4755e+10     9.7320    36    35     3.1680
   37  1.4115e+10    12.6305    37    36     3.2483
   38  1.2692e+10    12.9253    38    37     3.3285
   39  1.2591e+10    12.9475    39    38     3.4087
   40  1.0981e+10    13.3348    40    39     3.4889
   41  8.6858e+09    14.0173    41    40     3.5689
   42  8.6776e+09    14.0201    42    41     3.6490
   43  8.5373e+09    14.0684    43    42     3.7290
   44  8.4670e+09    14.0930    44    43     3.8089
   45  8.3946e+09    14.1186    45    44     3.8889
   46  8.3049e+09    14.1506    46    45     3.9688
   47  8.2761e+09    14.1609    47    46     4.0486
   48  8.2296e+09    14.1778    48    47     4.1285
   49  7.5731e+09    14.4277    49    48     4.2083
   50  7.5691e+09    14.4293    50    49     4.2881
   51  7.0825e+09    14.6313    51    50     4.3678
   52  7.0613e+09    14.6404    52    51     4.4476
   53  7.0140e+09    14.6610    53    52     4.5273
   54  6.9382e+09    14.6942    54    53     4.6070
   55  6.8448e+09    14.7358    55    54     4.6867
   56  6.6130e+09    14.8419    56    55     4.7664
   57  6.4902e+09    14.8998    57    56     4.8460
   58  6.4774e+09    14.9059    58    57     4.9257
   59  6.3891e+09    14.9484    59    58     5.0053
   60  6.3596e+09    14.9628    60    59     5.0849
   61  6.2762e+09    15.0038    61    60     5.1646
   62  6.0801e+09    15.1028    62    61     5.2442
   63  6.0563e+09    15.1150    63    62     5.3238
   64  6.0410e+09    15.1229    64    63     5.4033
   65  5.9791e+09    15.1551    65    64     5.4829
   66  5.6589e+09    15.3283    66    65     5.5625
   67  5.6431e+09    15.3371    67    66     5.6421
   68  5.6135e+09    15.3537    68    67     5.7216
   69  5.5780e+09    15.3738    69    68     5.8012
   70  5.5739e+09    15.3761    70    69     5.8807
   71  5.5566e+09    15.3860    71    70     5.9602
   72  5.4701e+09    15.4357    72    71     6.0398
   73  5.4523e+09    15.4460    73    72     6.1193
   74  5.1722e+09    15.6141    74    73     6.1988
   75  5.1475e+09    15.6295    75    74     6.2783
   76  4.7064e+09    15.9182    76    75     6.3579
   77  4.6731e+09    15.9412    77    76     6.4374
   78  4.3753e+09    16.1561    78    77     6.5169
   79  4.3437e+09    16.1798    79    78     6.5964
   80  4.1764e+09    16.3091    80    79     6.6759
   81  4.1298e+09    16.3461    81    80     6.7554
   82  4.0197e+09    16.4356    82    81     6.8349
   83  4.0050e+09    16.4478    83    82     6.9143
   84  3.9994e+09    16.4524    84    83     6.9938
   85  3.8699e+09    16.5620    85    84     7.0733
   86  3.8404e+09    16.5875    86    85     7.1528
   87  3.8278e+09    16.5985    87    86     7.2323
   88  3.8261e+09    16.6000    88    87     7.3117
   89  3.8122e+09    16.6122    89    88     7.3912
   90  2.8732e+09    17.5768    90    89     7.4707
   91  2.8705e+09    17.5800    91    90     7.5502
   92  2.8701e+09    17.5805    92    91     7.6296
   93  2.8418e+09    17.6151    93    92     7.7091
   94  2.8328e+09    17.6261    94    93     7.7885
   95  2.8020e+09    17.6642    95    94     7.8680
   96  2.6297e+09    17.8868    96    95     7.9475
   97  2.6284e+09    17.8886    97    96     8.0269
   98  2.4254e+09    18.1734    98    97     8.1064
   99  2.3434e+09    18.2961    99    98     8.1858
  100  1.6491e+09    19.5846   100    99     8.2653
