#indx Mass S step-number desc_indx 
    0  1.0000e+10    13.6042     0    -1     0.0134
    1  9.9760e+09    13.6111     1     0     0.1326
    2  9.8189e+09    13.6573     2     1     0.2441
    3  9.6216e+09    13.7164     3     2     0.3500
    4  8.8094e+09    13.9754     4     3     0.4519
    5  8.7634e+09    13.9909     5     4     0.5506
    6  8.7076e+09    14.0098     6     5     0.6467
    7  8.4575e+09    14.0963     7     6     0.7407
    8  8.4456e+09    14.1005     8     7     0.8330
    9  8.3433e+09    14.1368     9     8     0.9238
   10  8.3025e+09    14.1514    10     9     1.0134
   11  8.2676e+09    14.1640    11    10     1.1018
   12  8.2629e+09    14.1657    12    11     1.1894
   13  7.6591e+09    14.3935    13    12     1.2761
   14  6.0003e+09    15.1441    14    13     1.3621
   15  5.9891e+09    15.1499    15    14     1.4474
   16  5.9473e+09    15.1719    16    15     1.5322
   17  5.9134e+09    15.1898    17    16     1.6165
   18  4.9761e+09    15.7382    18    17     1.7003
   19  4.9681e+09    15.7433    19    18     1.7838
   20  4.9653e+09    15.7451    20    19     1.8669
   21  4.9414e+09    15.7607    21    20     1.9496
   22  4.8929e+09    15.7925    22    21     2.0321
   23  4.8094e+09    15.8481    23    22     2.1143
   24  4.6256e+09    15.9744    24    23     2.1963
   25  4.6155e+09    15.9816    25    24     2.2781
   26  4.5093e+09    16.0573    26    25     2.3597
   27  4.3839e+09    16.1496    27    26     2.4411
   28  4.3679e+09    16.1616    28    27     2.5223
   29  3.6956e+09    16.7162    29    28     2.6034
   30  3.6947e+09    16.7170    30    29     2.6844
   31  3.6789e+09    16.7315    31    30     2.7652
   32  3.0827e+09    17.3331    32    31     2.8459
   33  2.5941e+09    17.9349    33    32     2.9266
   34  2.5844e+09    17.9482    34    33     3.0071
   35  2.5805e+09    17.9535    35    34     3.0876
   36  2.5193e+09    18.0384    36    35     3.1680
   37  2.4881e+09    18.0826    37    36     3.2483
   38  2.4644e+09    18.1165    38    37     3.3285
   39  2.4097e+09    18.1964    39    38     3.4087
   40  2.3962e+09    18.2165    40    39     3.4889
   41  2.3675e+09    18.2595    41    40     3.5689
   42  2.3572e+09    18.2751    42    41     3.6490
   43  2.3548e+09    18.2788    43    42     3.7290
   44  2.3317e+09    18.3140    44    43     3.8089
   45  2.3200e+09    18.3321    45    44     3.8889
   46  2.3195e+09    18.3330    46    45     3.9688
   47  2.1982e+09    18.5262    47    46     4.0486
   48  2.1890e+09    18.5412    48    47     4.1285
   49  1.9979e+09    18.8734    49    48     4.2083
   50  1.9885e+09    18.8906    50    49     4.2881
   51  1.8887e+09    19.0800    51    50     4.3678
   52  1.8873e+09    19.0827    52    51     4.4476
   53  1.8183e+09    19.2202    53    52     4.5273
   54  1.7807e+09    19.2978    54    53     4.6070
   55  1.1928e+09    20.8280    55    54     4.6867
   56  1.1183e+09    21.0821    56    55     4.7664
   57  1.1163e+09    21.0892    57    56     4.8460
   58  1.1158e+09    21.0908    58    57     4.9257
   59  1.0644e+09    21.2780    59    58     5.0053
   60  1.0595e+09    21.2964    60    59     5.0849
   61  1.0559e+09    21.3098    61    60     5.1646
   62  9.1085e+08    21.9044    62    61     5.2442
   63  9.1070e+08    21.9050    63    62     5.3238
   64  9.0804e+08    21.9170    64    63     5.4033
   65  9.0782e+08    21.9179    65    64     5.4829
   66  9.0775e+08    21.9183    66    65     5.5625
   67  7.0751e+08    22.9474    67    66     5.6421
   68  7.0466e+08    22.9644    68    67     5.7216
   69  6.8215e+08    23.1010    69    68     5.8012
   70  6.8193e+08    23.1023    70    69     5.8807
   71  5.8747e+08    23.7368    71    70     5.9602
   72  5.8714e+08    23.7393    72    71     6.0398
   73  5.8195e+08    23.7775    73    72     6.1193
   74  5.7990e+08    23.7927    74    73     6.1988
   75  5.7832e+08    23.8044    75    74     6.2783
   76  5.7144e+08    23.8560    76    75     6.3579
   77  5.6989e+08    23.8677    77    76     6.4374
   78  5.6831e+08    23.8796    78    77     6.5169
   79  5.6796e+08    23.8823    79    78     6.5964
   80  5.6448e+08    23.9088    80    79     6.6759
   81  5.5941e+08    23.9478    81    80     6.7554
   82  5.3108e+08    24.1732    82    81     6.8349
   83  4.8949e+08    24.5298    83    82     6.9143
   84  4.8110e+08    24.6059    84    83     6.9938
   85  4.5572e+08    24.8454    85    84     7.0733
   86  4.4333e+08    24.9678    86    85     7.1528
   87  1.5291e+08    30.0206    87    86     7.2323
   88  1.5247e+08    30.0353    88    87     7.3117
   89  1.4989e+08    30.1215    89    88     7.3912
   90  1.4003e+08    30.4674    90    89     7.4707
   91  1.3993e+08    30.4709    91    90     7.5502
   92  1.3973e+08    30.4782    92    91     7.6296
   93  1.3969e+08    30.4798    93    92     7.7091
   94  1.3946e+08    30.4883    94    93     7.7885
   95  1.3641e+08    30.6011    95    94     7.8680
   96  1.3613e+08    30.6115    96    95     7.9475
   97  1.3562e+08    30.6310    97    96     8.0269
   98  1.3452e+08    30.6727    98    97     8.1064
   99  1.3232e+08    30.7573    99    98     8.1858
  100  1.3208e+08    30.7666   100    99     8.2653
