#indx Mass S step-number desc_indx 
    0  1.0000e+10    13.6042     0    -1     0.0134
    1  8.5347e+09    14.0693     1     0     0.1326
    2  8.5255e+09    14.0725     2     1     0.2441
    3  8.3841e+09    14.1223     3     2     0.3500
    4  8.2400e+09    14.1740     4     3     0.4519
    5  8.1481e+09    14.2075     5     4     0.5506
    6  7.5899e+09    14.4210     6     5     0.6467
    7  7.5679e+09    14.4298     7     6     0.7407
    8  7.2094e+09    14.5771     8     7     0.8330
    9  7.2047e+09    14.5790     9     8     0.9238
   10  7.1056e+09    14.6213    10     9     1.0134
   11  7.0499e+09    14.6454    11    10     1.1018
   12  6.9943e+09    14.6695    12    11     1.1894
   13  6.9458e+09    14.6909    13    12     1.2761
   14  4.2964e+09    16.2158    14    13     1.3621
   15  4.2760e+09    16.2314    15    14     1.4474
   16  4.2527e+09    16.2494    16    15     1.5322
   17  4.2283e+09    16.2684    17    16     1.6165
   18  4.1384e+09    16.3393    18    17     1.7003
   19  4.0933e+09    16.3755    19    18     1.7838
   20  3.9946e+09    16.4564    20    19     1.8669
   21  3.9375e+09    16.5043    21    20     1.9496
   22  8.7388e+08    22.0732    22    21     2.0321
   23  5.7033e+08    23.8643    23    22     2.1143
   24  5.7009e+08    23.8661    24    23     2.1963
   25  5.6648e+08    23.8935    25    24     2.2781
   26  5.5674e+08    23.9685    26    25     2.3597
   27  5.3988e+08    24.1018    27    26     2.4411
   28  5.3759e+08    24.1202    28    27     2.5223
   29  5.3430e+08    24.1469    29    28     2.6034
   30  4.8338e+08    24.5850    30    29     2.6844
   31  4.1378e+08    25.2760    31    30     2.7652
   32  4.1184e+08    25.2971    32    31     2.8459
   33  4.0841e+08    25.3347    33    32     2.9266
   34  4.0835e+08    25.3354    34    33     3.0071
   35  3.3962e+08    26.1731    35    34     3.0876
   36  3.3773e+08    26.1987    36    35     3.1680
   37  3.3676e+08    26.2119    37    36     3.2483
   38  3.1391e+08    26.5366    38    37     3.3285
   39  3.1362e+08    26.5409    39    38     3.4087
   40  3.0934e+08    26.6048    40    39     3.4889
   41  3.0592e+08    26.6565    41    40     3.5689
   42  3.0552e+08    26.6626    42    41     3.6490
   43  2.8699e+08    26.9551    43    42     3.7290
   44  2.8407e+08    27.0030    44    43     3.8089
   45  2.6945e+08    27.2518    45    44     3.8889
   46  2.6802e+08    27.2770    46    45     3.9688
   47  2.6048e+08    27.4122    47    46     4.0486
   48  2.5917e+08    27.4363    48    47     4.1285
   49  2.4784e+08    27.6490    49    48     4.2083
   50  2.4768e+08    27.6521    50    49     4.2881
   51  2.4763e+08    27.6530    51    50     4.3678
   52  2.4723e+08    27.6607    52    51     4.4476
   53  2.4717e+08    27.6619    53    52     4.5273
   54  2.4490e+08    27.7060    54    53     4.6070
   55  2.3453e+08    27.9134    55    54     4.6867
   56  2.3293e+08    27.9462    56    55     4.7664
   57  2.3135e+08    27.9790    57    56     4.8460
   58  2.2972e+08    28.0130    58    57     4.9257
   59  2.2898e+08    28.0286    59    58     5.0053
   60  2.1476e+08    28.3387    60    59     5.0849
   61  2.0353e+08    28.6002    61    60     5.1646
   62  1.9911e+08    28.7077    62    61     5.2442
   63  1.9865e+08    28.7191    63    62     5.3238
   64  1.9842e+08    28.7246    64    63     5.4033
   65  1.9803e+08    28.7342    65    64     5.4829
   66  1.9780e+08    28.7399    66    65     5.5625
   67  1.9646e+08    28.7734    67    66     5.6421
   68  1.9154e+08    28.8979    68    67     5.7216
   69  1.9150e+08    28.8991    69    68     5.8012
   70  1.9131e+08    28.9037    70    69     5.8807
   71  1.8958e+08    28.9487    71    70     5.9602
   72  1.8941e+08    28.9530    72    71     6.0398
   73  1.8911e+08    28.9607    73    72     6.1193
   74  1.8871e+08    28.9711    74    73     6.1988
   75  1.8820e+08    28.9845    75    74     6.2783
   76  1.8546e+08    29.0568    76    75     6.3579
   77  1.7623e+08    29.3098    77    76     6.4374
   78  1.7463e+08    29.3551    78    77     6.5169
   79  1.7258e+08    29.4139    79    78     6.5964
   80  1.7196e+08    29.4319    80    79     6.6759
   81  1.7074e+08    29.4674    81    80     6.7554
   82  1.6968e+08    29.4984    82    81     6.8349
   83  1.6940e+08    29.5066    83    82     6.9143
   84  1.6728e+08    29.5695    84    83     6.9938
   85  1.2293e+08    31.1368    85    84     7.0733
   86  1.2269e+08    31.1468    86    85     7.1528
   87  1.2181e+08    31.1843    87    86     7.2323
   88  1.1226e+08    31.6091    88    87     7.3117
   89  1.1045e+08    31.6941    89    88     7.3912
   90  1.1009e+08    31.7114    90    89     7.4707
   91  1.1004e+08    31.7139    91    90     7.5502
   92  1.0969e+08    31.7302    92    91     7.6296
   93  1.0929e+08    31.7493    93    92     7.7091
   94  1.0839e+08    31.7928    94    93     7.7885
   95  1.0799e+08    31.8125    95    94     7.8680
   96  1.0760e+08    31.8314    96    95     7.9475
   97  1.0757e+08    31.8330    97    96     8.0269
