#indx Mass S step-number desc_indx 
    0  1.0000e+10    13.6042     0    -1     0.0134
    1  9.9729e+09    13.6121     1     0     0.1326
    2  9.2536e+09    13.8305     2     1     0.2441
    3  9.2218e+09    13.8406     3     2     0.3500
    4  9.1297e+09    13.8701     4     3     0.4519
    5  8.9038e+09    13.9439     5     4     0.5506
    6  8.8101e+09    13.9752     6     5     0.6467
    7  8.8076e+09    13.9760     7     6     0.7407
    8  8.4676e+09    14.0928     8     7     0.8330
    9  8.4617e+09    14.0948     9     8     0.9238
   10  8.3740e+09    14.1259    10     9     1.0134
   11  8.3581e+09    14.1315    11    10     1.1018
   12  8.2243e+09    14.1797    12    11     1.1894
   13  6.3803e+09    14.9527    13    12     1.2761
   14  6.3453e+09    14.9698    14    13     1.3621
   15  4.5874e+09    16.0014    15    14     1.4474
   16  4.3446e+09    16.1792    16    15     1.5322
   17  4.2403e+09    16.2590    17    16     1.6165
   18  4.1676e+09    16.3161    18    17     1.7003
   19  4.1092e+09    16.3627    19    18     1.7838
   20  4.0515e+09    16.4095    20    19     1.8669
   21  3.9894e+09    16.4607    21    20     1.9496
   22  3.9633e+09    16.4825    22    21     2.0321
   23  3.9140e+09    16.5242    23    22     2.1143
   24  3.3073e+09    17.0920    24    23     2.1963
   25  3.2325e+09    17.1701    25    24     2.2781
   26  3.2286e+09    17.1743    26    25     2.3597
   27  3.2208e+09    17.1826    27    26     2.4411
   28  3.2129e+09    17.1910    28    27     2.5223
   29  3.1038e+09    17.3096    29    28     2.6034
   30  3.0156e+09    17.4090    30    29     2.6844
   31  2.9269e+09    17.5124    31    30     2.7652
   32  2.9104e+09    17.5320    32    31     2.8459
   33  2.8933e+09    17.5525    33    32     2.9266
   34  2.8185e+09    17.6438    34    33     3.0071
   35  2.6965e+09    17.7985    35    34     3.0876
   36  2.6937e+09    17.8023    36    35     3.1680
   37  2.6652e+09    17.8396    37    36     3.2483
   38  2.6435e+09    17.8684    38    37     3.3285
   39  2.5810e+09    17.9528    39    38     3.4087
   40  2.5272e+09    18.0273    40    39     3.4889
   41  2.5226e+09    18.0337    41    40     3.5689
   42  2.4813e+09    18.0923    42    41     3.6490
   43  2.4718e+09    18.1059    43    42     3.7290
   44  2.4557e+09    18.1291    44    43     3.8089
   45  2.1933e+09    18.5342    45    44     3.8889
   46  2.1711e+09    18.5709    46    45     3.9688
   47  1.7834e+09    19.2923    47    46     4.0486
   48  1.7813e+09    19.2967    48    47     4.1285
   49  1.7284e+09    19.4089    49    48     4.2083
   50  1.6751e+09    19.5260    50    49     4.2881
   51  1.3571e+09    20.3261    51    50     4.3678
   52  1.3439e+09    20.3638    52    51     4.4476
   53  1.1415e+09    21.0010    53    52     4.5273
   54  1.1406e+09    21.0039    54    53     4.6070
   55  1.0709e+09    21.2535    55    54     4.6867
   56  1.0365e+09    21.3839    56    55     4.7664
   57  9.2996e+08    21.8202    57    56     4.8460
   58  9.2981e+08    21.8208    58    57     4.9257
   59  9.2279e+08    21.8515    59    58     5.0053
   60  9.1762e+08    21.8743    60    59     5.0849
   61  8.2652e+08    22.3015    61    60     5.1646
   62  8.2216e+08    22.3233    62    61     5.2442
   63  8.1626e+08    22.3530    63    62     5.3238
   64  7.9995e+08    22.4362    64    63     5.4033
   65  7.8620e+08    22.5079    65    64     5.4829
   66  7.6334e+08    22.6303    66    65     5.5625
   67  7.6193e+08    22.6380    67    66     5.6421
   68  7.5888e+08    22.6546    68    67     5.7216
   69  7.5859e+08    22.6562    69    68     5.8012
   70  6.0693e+08    23.5972    70    69     5.8807
   71  6.0647e+08    23.6004    71    70     5.9602
   72  5.7947e+08    23.7959    72    71     6.0398
   73  5.7738e+08    23.8114    73    72     6.1193
   74  5.4958e+08    24.0245    74    73     6.1988
   75  5.4018e+08    24.0993    75    74     6.2783
   76  5.3903e+08    24.1086    76    75     6.3579
   77  4.2958e+08    25.1082    77    76     6.4374
   78  4.2070e+08    25.2016    78    77     6.5169
   79  4.1397e+08    25.2739    79    78     6.5964
   80  4.0881e+08    25.3303    80    79     6.6759
   81  3.8312e+08    25.6230    81    80     6.7554
   82  3.7679e+08    25.6987    82    81     6.8349
   83  3.7583e+08    25.7103    83    82     6.9143
   84  3.6916e+08    25.7916    84    83     6.9938
   85  3.6576e+08    25.8337    85    84     7.0733
   86  3.1668e+08    26.4959    86    85     7.1528
   87  3.1487e+08    26.5224    87    86     7.2323
   88  3.1479e+08    26.5236    88    87     7.3117
   89  3.1410e+08    26.5338    89    88     7.3912
   90  2.8718e+08    26.9519    90    89     7.4707
   91  2.8701e+08    26.9546    91    90     7.5502
   92  2.8609e+08    26.9697    92    91     7.6296
   93  2.8587e+08    26.9733    93    92     7.7091
   94  2.7633e+08    27.1330    94    93     7.7885
   95  2.7319e+08    27.1868    95    94     7.8680
   96  2.7244e+08    27.1997    96    95     7.9475
   97  2.7186e+08    27.2099    97    96     8.0269
   98  2.6666e+08    27.3012    98    97     8.1064
   99  2.6381e+08    27.3520    99    98     8.1858
  100  2.6353e+08    27.3570   100    99     8.2653
