#indx Mass S step-number desc_indx 
    0  1.0000e+10    13.6042     0    -1     0.0134
    1  9.8540e+09    13.6469     1     0     0.1326
    2  9.7002e+09    13.6927     2     1     0.2441
    3  9.6934e+09    13.6947     3     2     0.3500
    4  3.2309e+09    17.1718     4     3     0.4519
    5  2.2476e+09    18.4461     5     4     0.5506
    6  2.1037e+09    18.6854     6     5     0.6467
    7  2.0695e+09    18.7449     7     6     0.7407
    8  1.9355e+09    18.9899     8     7     0.8330
    9  1.8758e+09    19.1052     9     8     0.9238
   10  1.8581e+09    19.1402    10     9     1.0134
   11  1.8393e+09    19.1778    11    10     1.1018
   12  1.8341e+09    19.1883    12    11     1.1894
   13  1.3593e+09    20.3199    13    12     1.2761
   14  1.3175e+09    20.4406    14    13     1.3621
   15  1.0733e+09    21.2448    15    14     1.4474
   16  1.0688e+09    21.2614    16    15     1.5322
   17  1.0167e+09    21.4609    17    16     1.6165
   18  1.0155e+09    21.4657    18    17     1.7003
   19  9.6851e+08    21.6560    19    18     1.7838
   20  9.3509e+08    21.7979    20    19     1.8669
   21  5.8617e+08    23.7464    21    20     1.9496
   22  5.8279e+08    23.7713    22    21     2.0321
   23  5.7287e+08    23.8452    23    22     2.1143
   24  5.5498e+08    23.9822    24    23     2.1963
   25  5.5473e+08    23.9841    25    24     2.2781
   26  5.3991e+08    24.1015    26    25     2.3597
   27  1.9404e+08    28.8343    27    26     2.4411
   28  1.8530e+08    29.0613    28    27     2.5223
   29  1.8202e+08    29.1496    29    28     2.6034
   30  1.7919e+08    29.2270    30    29     2.6844
   31  1.7836e+08    29.2501    31    30     2.7652
   32  1.7684e+08    29.2928    32    31     2.8459
   33  1.7007e+08    29.4869    33    32     2.9266
   34  1.6971e+08    29.4976    34    33     3.0071
   35  1.6896e+08    29.5198    35    34     3.0876
   36  1.6890e+08    29.5214    36    35     3.1680
   37  1.6582e+08    29.6134    37    36     3.2483
   38  1.6540e+08    29.6261    38    37     3.3285
   39  1.6173e+08    29.7386    39    38     3.4087
   40  1.5945e+08    29.8097    40    39     3.4889
   41  1.5796e+08    29.8568    41    40     3.5689
   42  1.4797e+08    30.1868    42    41     3.6490
   43  1.4747e+08    30.2040    43    42     3.7290
   44  1.4734e+08    30.2085    44    43     3.8089
   45  1.4664e+08    30.2327    45    44     3.8889
   46  1.4653e+08    30.2364    46    45     3.9688
   47  1.4532e+08    30.2788    47    46     4.0486
   48  1.4520e+08    30.2828    48    47     4.1285
   49  1.4397e+08    30.3262    49    48     4.2083
   50  1.3756e+08    30.5583    50    49     4.2881
   51  1.3614e+08    30.6112    51    50     4.3678
   52  1.3373e+08    30.7029    52    51     4.4476
   53  1.3190e+08    30.7736    53    52     4.5273
   54  1.3025e+08    30.8380    54    53     4.6070
   55  1.3023e+08    30.8390    55    54     4.6867
   56  1.2863e+08    30.9028    56    55     4.7664
   57  1.2787e+08    30.9331    57    56     4.8460
   58  1.0485e+08    31.9678    58    57     4.9257
   59  1.0290e+08    32.0664    59    58     5.0053
