#indx Mass S step-number desc_indx 
    0  1.0000e+10    13.6042     0    -1     0.0134
    1  9.2514e+09    13.8312     1     0     0.1326
    2  8.8626e+09    13.9576     2     1     0.2441
    3  8.5354e+09    14.0691     3     2     0.3500
    4  8.4977e+09    14.0822     4     3     0.4519
    5  8.4761e+09    14.0898     5     4     0.5506
    6  8.4717e+09    14.0913     6     5     0.6467
    7  8.4413e+09    14.1020     7     6     0.7407
    8  8.4222e+09    14.1088     8     7     0.8330
    9  7.8371e+09    14.3243     9     8     0.9238
   10  7.8170e+09    14.3320    10     9     1.0134
   11  7.7924e+09    14.3415    11    10     1.1018
   12  7.7861e+09    14.3439    12    11     1.1894
   13  7.3854e+09    14.5037    13    12     1.2761
   14  7.2078e+09    14.5777    14    13     1.3621
   15  7.1977e+09    14.5820    15    14     1.4474
   16  7.1366e+09    14.6080    16    15     1.5322
   17  7.0469e+09    14.6467    17    16     1.6165
   18  6.8978e+09    14.7121    18    17     1.7003
   19  6.8769e+09    14.7215    19    18     1.7838
   20  5.7218e+09    15.2934    20    19     1.8669
   21  5.1944e+09    15.6004    21    20     1.9496
   22  5.0475e+09    15.6924    22    21     2.0321
   23  4.9519e+09    15.7538    23    22     2.1143
   24  4.9063e+09    15.7836    24    23     2.1963
   25  4.8507e+09    15.8204    25    24     2.2781
   26  4.8437e+09    15.8251    26    25     2.3597
   27  4.0358e+09    16.4223    27    26     2.4411
   28  4.0351e+09    16.4229    28    27     2.5223
   29  3.8731e+09    16.5592    29    28     2.6034
   30  3.8670e+09    16.5644    30    29     2.6844
   31  3.8348e+09    16.5924    31    30     2.7652
   32  3.7832e+09    16.6377    32    31     2.8459
   33  3.7700e+09    16.6494    33    32     2.9266
   34  3.7443e+09    16.6723    34    33     3.0071
   35  2.1107e+09    18.6732    35    34     3.0876
   36  1.9898e+09    18.8883    36    35     3.1680
   37  1.7995e+09    19.2588    37    36     3.2483
   38  1.7808e+09    19.2976    38    37     3.3285
   39  1.7545e+09    19.3530    39    38     3.4087
   40  1.4912e+09    19.9652    40    39     3.4889
   41  1.3549e+09    20.3324    41    40     3.5689
   42  1.3527e+09    20.3388    42    41     3.6490
   43  1.3432e+09    20.3659    43    42     3.7290
   44  1.3423e+09    20.3686    44    43     3.8089
   45  1.3396e+09    20.3763    45    44     3.8889
   46  1.3197e+09    20.4340    46    45     3.9688
   47  3.5417e+08    25.9807    47    46     4.0486
   48  3.3253e+08    26.2702    48    47     4.1285
   49  3.2540e+08    26.3702    49    48     4.2083
   50  3.2223e+08    26.4155    50    49     4.2881
   51  3.2197e+08    26.4192    51    50     4.3678
   52  3.1916e+08    26.4598    52    51     4.4476
   53  3.1616e+08    26.5035    53    52     4.5273
   54  3.1437e+08    26.5298    54    53     4.6070
   55  3.1246e+08    26.5582    55    54     4.6867
   56  3.1029e+08    26.5905    56    55     4.7664
   57  3.0644e+08    26.6485    57    56     4.8460
   58  3.0546e+08    26.6634    58    57     4.9257
   59  3.0320e+08    26.6981    59    58     5.0053
   60  2.9905e+08    26.7623    60    59     5.0849
   61  2.9858e+08    26.7697    61    60     5.1646
   62  2.9674e+08    26.7985    62    61     5.2442
   63  2.9589e+08    26.8120    63    62     5.3238
   64  2.8559e+08    26.9779    64    63     5.4033
   65  2.8436e+08    26.9982    65    64     5.4829
   66  2.8277e+08    27.0244    66    65     5.5625
   67  2.8250e+08    27.0290    67    66     5.6421
   68  2.5059e+08    27.5964    68    67     5.7216
   69  2.4850e+08    27.6362    69    68     5.8012
   70  2.4506e+08    27.7028    70    69     5.8807
   71  2.2897e+08    28.0287    71    70     5.9602
   72  2.2156e+08    28.1875    72    71     6.0398
   73  2.2106e+08    28.1984    73    72     6.1193
   74  2.2075e+08    28.2052    74    73     6.1988
   75  2.1909e+08    28.2419    75    74     6.2783
   76  1.2698e+08    30.9691    76    75     6.3579
