#indx Mass S step-number desc_indx 
    0  1.0000e+10    13.6042     0    -1     0.0134
    1  9.9872e+09    13.6079     1     0     0.1326
    2  9.7135e+09    13.6887     2     1     0.2441
    3  9.1888e+09    13.8512     3     2     0.3500
    4  8.4177e+09    14.1104     4     3     0.4519
    5  8.3822e+09    14.1229     5     4     0.5506
    6  8.3714e+09    14.1268     6     5     0.6467
    7  8.1279e+09    14.2150     7     6     0.7407
    8  7.4558e+09    14.4749     8     7     0.8330
    9  7.4550e+09    14.4752     9     8     0.9238
   10  7.3599e+09    14.5142    10     9     1.0134
   11  7.3420e+09    14.5216    11    10     1.1018
   12  7.1835e+09    14.5880    12    11     1.1894
   13  6.9927e+09    14.6703    13    12     1.2761
   14  6.2151e+09    15.0342    14    13     1.3621
   15  4.8583e+09    15.8153    15    14     1.4474
   16  4.1750e+09    16.3102    16    15     1.5322
   17  4.0182e+09    16.4368    17    16     1.6165
   18  3.9903e+09    16.4600    18    17     1.7003
   19  3.9666e+09    16.4798    19    18     1.7838
   20  3.9601e+09    16.4852    20    19     1.8669
   21  3.9250e+09    16.5149    21    20     1.9496
   22  3.8542e+09    16.5756    22    21     2.0321
   23  3.8482e+09    16.5807    23    22     2.1143
   24  3.8231e+09    16.6026    24    23     2.1963
   25  3.8172e+09    16.6078    25    24     2.2781
   26  3.7981e+09    16.6246    26    25     2.3597
   27  3.7968e+09    16.6257    27    26     2.4411
   28  3.7880e+09    16.6335    28    27     2.5223
   29  3.7385e+09    16.6775    29    28     2.6034
   30  3.6832e+09    16.7276    30    29     2.6844
   31  3.5262e+09    16.8744    31    30     2.7652
   32  3.5103e+09    16.8896    32    31     2.8459
   33  3.4907e+09    16.9086    33    32     2.9266
   34  3.4739e+09    16.9249    34    33     3.0071
   35  3.3904e+09    17.0075    35    34     3.0876
   36  3.3832e+09    17.0147    36    35     3.1680
   37  3.2628e+09    17.1383    37    36     3.2483
   38  3.2590e+09    17.1422    38    37     3.3285
   39  3.2477e+09    17.1541    39    38     3.4087
   40  3.2411e+09    17.1611    40    39     3.4889
   41  3.1727e+09    17.2342    41    40     3.5689
   42  3.1155e+09    17.2967    42    41     3.6490
   43  3.0166e+09    17.4078    43    42     3.7290
   44  2.9829e+09    17.4467    44    43     3.8089
   45  2.9824e+09    17.4473    45    44     3.8889
   46  2.7174e+09    17.7715    46    45     3.9688
   47  2.7072e+09    17.7847    47    46     4.0486
   48  2.6919e+09    17.8046    48    47     4.1285
   49  2.6167e+09    17.9042    49    48     4.2083
   50  2.4146e+09    18.1892    50    49     4.2881
   51  2.1482e+09    18.6093    51    50     4.3678
   52  2.1394e+09    18.6243    52    51     4.4476
   53  2.0885e+09    18.7117    53    52     4.5273
   54  1.2857e+09    20.5354    54    53     4.6070
   55  1.2542e+09    20.6318    55    54     4.6867
   56  1.2490e+09    20.6479    56    55     4.7664
   57  1.2417e+09    20.6710    57    56     4.8460
   58  1.2293e+09    20.7101    58    57     4.9257
   59  1.2051e+09    20.7876    59    58     5.0053
   60  1.0996e+09    21.1487    60    59     5.0849
   61  1.0952e+09    21.1647    61    60     5.1646
   62  1.0218e+09    21.4409    62    61     5.2442
   63  1.0070e+09    21.4993    63    62     5.3238
   64  1.0030e+09    21.5154    64    63     5.4033
   65  1.0014e+09    21.5216    65    64     5.4829
   66  9.9617e+08    21.5428    66    65     5.5625
   67  9.8529e+08    21.5869    67    66     5.6421
   68  9.7681e+08    21.6217    68    67     5.7216
   69  9.7470e+08    21.6304    69    68     5.8012
   70  9.6298e+08    21.6791    70    69     5.8807
   71  9.6213e+08    21.6827    71    70     5.9602
   72  8.8068e+08    22.0415    72    71     6.0398
   73  8.7027e+08    22.0901    73    72     6.1193
   74  8.1454e+08    22.3616    74    73     6.1988
   75  8.1217e+08    22.3736    75    74     6.2783
   76  8.0421e+08    22.4143    76    75     6.3579
   77  8.0260e+08    22.4226    77    76     6.4374
   78  7.9905e+08    22.4409    78    77     6.5169
   79  7.4897e+08    22.7094    79    78     6.5964
   80  7.2959e+08    22.8188    80    79     6.6759
   81  7.2829e+08    22.8262    81    80     6.7554
   82  7.2394e+08    22.8513    82    81     6.8349
   83  7.2375e+08    22.8524    83    82     6.9143
   84  7.2367e+08    22.8528    84    83     6.9938
   85  7.2012e+08    22.8735    85    84     7.0733
   86  6.9665e+08    23.0125    86    85     7.1528
   87  6.9417e+08    23.0275    87    86     7.2323
   88  6.9324e+08    23.0331    88    87     7.3117
   89  6.9264e+08    23.0367    89    88     7.3912
   90  6.7832e+08    23.1247    90    89     7.4707
   91  6.6994e+08    23.1772    91    90     7.5502
   92  6.6926e+08    23.1815    92    91     7.6296
   93  6.6842e+08    23.1868    93    92     7.7091
   94  6.6758e+08    23.1922    94    93     7.7885
   95  6.4928e+08    23.3098    95    94     7.8680
   96  6.3485e+08    23.4053    96    95     7.9475
   97  6.3307e+08    23.4172    97    96     8.0269
   98  6.3169e+08    23.4265    98    97     8.1064
   99  6.2894e+08    23.4451    99    98     8.1858
  100  6.2673e+08    23.4601   100    99     8.2653
