#indx Mass S step-number desc_indx 
    0  1.0000e+10    13.6042     0    -1     0.0134
    1  9.9430e+09    13.6208     1     0     0.1326
    2  9.9002e+09    13.6333     2     1     0.2441
    3  9.7875e+09    13.6666     3     2     0.3500
    4  9.5990e+09    13.7233     4     3     0.4519
    5  9.5255e+09    13.7457     5     4     0.5506
    6  9.3354e+09    13.8047     6     5     0.6467
    7  9.2459e+09    13.8330     7     6     0.7407
    8  9.1658e+09    13.8585     8     7     0.8330
    9  9.0946e+09    13.8814     9     8     0.9238
   10  8.0242e+09    14.2534    10     9     1.0134
   11  8.0086e+09    14.2593    11    10     1.1018
   12  8.0065e+09    14.2600    12    11     1.1894
   13  7.8449e+09    14.3213    13    12     1.2761
   14  7.7928e+09    14.3413    14    13     1.3621
   15  7.7525e+09    14.3570    15    14     1.4474
   16  7.5592e+09    14.4332    16    15     1.5322
   17  7.4841e+09    14.4634    17    16     1.6165
   18  7.3667e+09    14.5114    18    17     1.7003
   19  7.3403e+09    14.5223    19    18     1.7838
   20  7.3337e+09    14.5251    20    19     1.8669
   21  7.2634e+09    14.5543    21    20     1.9496
   22  7.2152e+09    14.5746    22    21     2.0321
   23  7.1774e+09    14.5906    23    22     2.1143
   24  7.0434e+09    14.6482    24    23     2.1963
   25  6.9375e+09    14.6945    25    24     2.2781
   26  6.4732e+09    14.9079    26    25     2.3597
   27  6.4064e+09    14.9401    27    26     2.4411
   28  6.3688e+09    14.9583    28    27     2.5223
   29  4.9939e+09    15.7267    29    28     2.6034
   30  4.9448e+09    15.7585    30    29     2.6844
   31  4.9087e+09    15.7821    31    30     2.7652
   32  4.8851e+09    15.7976    32    31     2.8459
   33  4.8412e+09    15.8268    33    32     2.9266
   34  4.7032e+09    15.9203    34    33     3.0071
   35  4.6771e+09    15.9385    35    34     3.0876
   36  4.5782e+09    16.0079    36    35     3.1680
   37  4.5736e+09    16.0112    37    36     3.2483
   38  4.5500e+09    16.0281    38    37     3.3285
   39  4.5396e+09    16.0355    39    38     3.4087
   40  4.5067e+09    16.0592    40    39     3.4889
   41  4.4854e+09    16.0747    41    40     3.5689
   42  4.4598e+09    16.0934    42    41     3.6490
   43  4.4547e+09    16.0972    43    42     3.7290
   44  4.4090e+09    16.1309    44    43     3.8089
   45  4.3769e+09    16.1549    45    44     3.8889
   46  4.1373e+09    16.3401    46    45     3.9688
   47  3.5868e+09    16.8168    47    46     4.0486
   48  3.5770e+09    16.8260    48    47     4.1285
   49  3.3488e+09    17.0494    49    48     4.2083
   50  3.3477e+09    17.0506    50    49     4.2881
   51  2.7391e+09    17.7437    51    50     4.3678
   52  2.6919e+09    17.8045    52    51     4.4476
   53  2.6860e+09    17.8123    53    52     4.5273
   54  2.5864e+09    17.9454    54    53     4.6070
   55  2.5839e+09    17.9488    55    54     4.6867
   56  2.4932e+09    18.0754    56    55     4.7664
   57  2.4770e+09    18.0984    57    56     4.8460
   58  2.4730e+09    18.1042    58    57     4.9257
   59  2.4388e+09    18.1537    59    58     5.0053
   60  2.4155e+09    18.1879    60    59     5.0849
   61  2.2230e+09    18.4858    61    60     5.1646
   62  2.1310e+09    18.6386    62    61     5.2442
   63  2.1233e+09    18.6516    63    62     5.3238
   64  2.1136e+09    18.6682    64    63     5.4033
   65  2.0455e+09    18.7874    65    64     5.4829
   66  1.9942e+09    18.8802    66    65     5.5625
   67  1.9927e+09    18.8830    67    66     5.6421
   68  1.9594e+09    18.9447    68    67     5.7216
   69  1.8768e+09    19.1032    69    68     5.8012
   70  1.8750e+09    19.1067    70    69     5.8807
   71  1.8249e+09    19.2068    71    70     5.9602
   72  1.6955e+09    19.4808    72    71     6.0398
   73  9.1129e+08    21.9024    73    72     6.1193
   74  9.0129e+08    21.9473    74    73     6.1988
   75  8.9366e+08    21.9819    75    74     6.2783
   76  7.6291e+08    22.6326    76    75     6.3579
   77  7.6227e+08    22.6361    77    76     6.4374
   78  7.2832e+08    22.8260    78    77     6.5169
   79  7.2118e+08    22.8673    79    78     6.5964
   80  6.8985e+08    23.0537    80    79     6.6759
   81  6.8201e+08    23.1018    81    80     6.7554
   82  6.7491e+08    23.1460    82    81     6.8349
   83  6.7345e+08    23.1551    83    82     6.9143
   84  6.5598e+08    23.2663    84    83     6.9938
   85  6.5484e+08    23.2737    85    84     7.0733
   86  6.4658e+08    23.3275    86    85     7.1528
   87  6.4356e+08    23.3474    87    86     7.2323
   88  6.4121e+08    23.3629    88    87     7.3117
   89  5.7519e+08    23.8278    89    88     7.3912
   90  5.7252e+08    23.8478    90    89     7.4707
   91  5.5017e+08    24.0199    91    90     7.5502
   92  5.2068e+08    24.2593    92    91     7.6296
   93  5.1473e+08    24.3095    93    92     7.7091
   94  5.1430e+08    24.3132    94    93     7.7885
   95  5.0727e+08    24.3733    95    94     7.8680
   96  5.0667e+08    24.3785    96    95     7.9475
   97  5.0643e+08    24.3805    97    96     8.0269
   98  5.0265e+08    24.4133    98    97     8.1064
   99  4.5887e+08    24.8148    99    98     8.1858
  100  4.5520e+08    24.8505   100    99     8.2653
