#indx Mass S step-number desc_indx 
    0  1.0000e+10    13.6042     0    -1     0.0134
    1  9.9534e+09    13.6177     1     0     0.1326
    2  9.8556e+09    13.6464     2     1     0.2441
    3  9.5286e+09    13.7448     3     2     0.3500
    4  9.5156e+09    13.7488     4     3     0.4519
    5  9.2797e+09    13.8222     5     4     0.5506
    6  8.7291e+09    14.0025     6     5     0.6467
    7  8.6343e+09    14.0349     7     6     0.7407
    8  8.2134e+09    14.1836     8     7     0.8330
    9  7.6382e+09    14.4018     9     8     0.9238
   10  7.3981e+09    14.4985    10     9     1.0134
   11  7.3870e+09    14.5031    11    10     1.1018
   12  6.5311e+09    14.8803    12    11     1.1894
   13  6.2755e+09    15.0042    13    12     1.2761
   14  6.2414e+09    15.0211    14    13     1.3621
   15  5.5470e+09    15.3914    15    14     1.4474
   16  5.5223e+09    15.4056    16    15     1.5322
   17  5.4965e+09    15.4204    17    16     1.6165
   18  5.4793e+09    15.4304    18    17     1.7003
   19  5.4572e+09    15.4432    19    18     1.7838
   20  5.4387e+09    15.4540    20    19     1.8669
   21  5.2588e+09    15.5611    21    20     1.9496
   22  5.1777e+09    15.6107    22    21     2.0321
   23  5.1593e+09    15.6221    23    22     2.1143
   24  5.0261e+09    15.7060    24    23     2.1963
   25  4.9848e+09    15.7325    25    24     2.2781
   26  4.8658e+09    15.8104    26    25     2.3597
   27  4.1827e+09    16.3041    27    26     2.4411
   28  3.1573e+09    17.2508    28    27     2.5223
   29  3.0872e+09    17.3280    29    28     2.6034
   30  2.9961e+09    17.4315    30    29     2.6844
   31  2.7838e+09    17.6870    31    30     2.7652
   32  2.7553e+09    17.7230    32    31     2.8459
   33  2.7547e+09    17.7238    33    32     2.9266
   34  2.6811e+09    17.8188    34    33     3.0071
   35  2.5521e+09    17.9925    35    34     3.0876
   36  2.5036e+09    18.0605    36    35     3.1680
   37  2.3386e+09    18.3036    37    36     3.2483
   38  2.1619e+09    18.5864    38    37     3.3285
   39  2.1582e+09    18.5926    39    38     3.4087
   40  2.0812e+09    18.7244    40    39     3.4889
   41  2.0780e+09    18.7299    41    40     3.5689
   42  2.0415e+09    18.7946    42    41     3.6490
   43  1.0085e+09    21.4933    43    42     3.7290
   44  9.5039e+08    21.7322    44    43     3.8089
   45  9.4075e+08    21.7735    45    44     3.8889
   46  9.3723e+08    21.7887    46    45     3.9688
   47  9.1882e+08    21.8690    47    46     4.0486
   48  9.1782e+08    21.8734    48    47     4.1285
   49  8.3623e+08    22.2535    49    48     4.2083
   50  8.3489e+08    22.2601    50    49     4.2881
   51  8.2046e+08    22.3318    51    50     4.3678
   52  8.0044e+08    22.4337    52    51     4.4476
   53  7.8028e+08    22.5392    53    52     4.5273
   54  7.6930e+08    22.5980    54    53     4.6070
   55  6.5503e+08    23.2724    55    54     4.6867
   56  6.5202e+08    23.2919    56    55     4.7664
   57  6.5000e+08    23.3051    57    56     4.8460
   58  6.3131e+08    23.4291    58    57     4.9257
   59  5.9226e+08    23.7020    59    58     5.0053
   60  5.8692e+08    23.7409    60    59     5.0849
   61  5.5335e+08    23.9950    61    60     5.1646
   62  5.5317e+08    23.9964    62    61     5.2442
   63  5.4849e+08    24.0331    63    62     5.3238
   64  5.4796e+08    24.0373    64    63     5.4033
   65  5.3306e+08    24.1570    65    64     5.4829
   66  5.0870e+08    24.3610    66    65     5.5625
   67  5.0819e+08    24.3654    67    66     5.6421
   68  5.0369e+08    24.4043    68    67     5.7216
   69  5.0166e+08    24.4220    69    68     5.8012
   70  4.9964e+08    24.4396    70    69     5.8807
   71  4.9506e+08    24.4801    71    70     5.9602
   72  4.8638e+08    24.5578    72    71     6.0398
   73  4.8320e+08    24.5866    73    72     6.1193
   74  4.8182e+08    24.5993    74    73     6.1988
   75  4.6845e+08    24.7234    75    74     6.2783
   76  4.5375e+08    24.8646    76    75     6.3579
   77  4.5298e+08    24.8721    77    76     6.4374
   78  4.2246e+08    25.1829    78    77     6.5169
   79  4.1946e+08    25.2148    79    78     6.5964
   80  4.1935e+08    25.2161    80    79     6.6759
   81  4.1603e+08    25.2516    81    80     6.7554
   82  4.1100e+08    25.3063    82    81     6.8349
   83  4.1006e+08    25.3165    83    82     6.9143
   84  4.0930e+08    25.3249    84    83     6.9938
   85  4.0413e+08    25.3821    85    84     7.0733
   86  3.7476e+08    25.7232    86    85     7.1528
   87  3.6787e+08    25.8075    87    86     7.2323
   88  3.6730e+08    25.8146    88    87     7.3117
   89  3.5858e+08    25.9241    89    88     7.3912
   90  3.5337e+08    25.9910    90    89     7.4707
   91  3.5067e+08    26.0261    91    90     7.5502
   92  3.4953e+08    26.0411    92    91     7.6296
   93  3.4873e+08    26.0516    93    92     7.7091
   94  3.4854e+08    26.0541    94    93     7.7885
   95  3.4736e+08    26.0697    95    94     7.8680
   96  3.4441e+08    26.1088    96    95     7.9475
   97  3.1924e+08    26.4585    97    96     8.0269
   98  3.1897e+08    26.4625    98    97     8.1064
   99  3.1595e+08    26.5066    99    98     8.1858
  100  3.1285e+08    26.5523   100    99     8.2653
