#indx Mass S step-number desc_indx 
    0  1.0000e+10    13.6042     0    -1     0.0134
    1  9.9676e+09    13.6136     1     0     0.1326
    2  9.9095e+09    13.6306     2     1     0.2441
    3  9.8237e+09    13.6558     3     2     0.3500
    4  9.8098e+09    13.6600     4     3     0.4519
    5  9.7584e+09    13.6752     5     4     0.5506
    6  9.6266e+09    13.7149     6     5     0.6467
    7  9.5676e+09    13.7328     7     6     0.7407
    8  8.7006e+09    14.0122     8     7     0.8330
    9  8.0839e+09    14.2312     9     8     0.9238
   10  7.7923e+09    14.3415    10     9     1.0134
   11  7.5644e+09    14.4311    11    10     1.1018
   12  7.4962e+09    14.4585    12    11     1.1894
   13  7.4570e+09    14.4744    13    12     1.2761
   14  7.1713e+09    14.5932    14    13     1.3621
   15  7.1550e+09    14.6001    15    14     1.4474
   16  3.3717e+09    17.0263    16    15     1.5322
   17  3.3706e+09    17.0274    17    16     1.6165
   18  3.3686e+09    17.0294    18    17     1.7003
   19  3.3662e+09    17.0318    19    18     1.7838
   20  3.3453e+09    17.0530    20    19     1.8669
   21  3.3446e+09    17.0537    21    20     1.9496
   22  3.3433e+09    17.0550    22    21     2.0321
   23  3.3264e+09    17.0723    23    22     2.1143
   24  3.0865e+09    17.3288    24    23     2.1963
   25  3.0537e+09    17.3657    25    24     2.2781
   26  3.0430e+09    17.3778    26    25     2.3597
   27  3.0236e+09    17.3999    27    26     2.4411
   28  2.9220e+09    17.5182    28    27     2.5223
   29  2.8105e+09    17.6537    29    28     2.6034
   30  2.7709e+09    17.7033    30    29     2.6844
   31  2.7681e+09    17.7067    31    30     2.7652
   32  2.7505e+09    17.7291    32    31     2.8459
   33  2.7313e+09    17.7537    33    32     2.9266
   34  2.7049e+09    17.7877    34    33     3.0071
   35  2.4820e+09    18.0913    35    34     3.0876
   36  2.3656e+09    18.2624    36    35     3.1680
   37  2.3445e+09    18.2945    37    36     3.2483
   38  2.2962e+09    18.3691    38    37     3.3285
   39  2.2918e+09    18.3760    39    38     3.4087
   40  2.2904e+09    18.3782    40    39     3.4889
   41  2.1283e+09    18.6432    41    40     3.5689
   42  2.0334e+09    18.8091    42    41     3.6490
   43  2.0201e+09    18.8331    43    42     3.7290
   44  1.9614e+09    18.9409    44    43     3.8089
   45  1.9555e+09    18.9521    45    44     3.8889
   46  1.9430e+09    18.9756    46    45     3.9688
   47  1.9347e+09    18.9914    47    46     4.0486
   48  1.9324e+09    18.9957    48    47     4.1285
   49  1.9224e+09    19.0147    49    48     4.2083
   50  1.9086e+09    19.0412    50    49     4.2881
   51  1.8724e+09    19.1119    51    50     4.3678
   52  1.8627e+09    19.1311    52    51     4.4476
   53  1.8595e+09    19.1374    53    52     4.5273
   54  1.8381e+09    19.1801    54    53     4.6070
   55  1.8248e+09    19.2072    55    54     4.6867
   56  1.7571e+09    19.3475    56    55     4.7664
   57  1.7430e+09    19.3775    57    56     4.8460
   58  1.6990e+09    19.4731    58    57     4.9257
   59  1.6888e+09    19.4956    59    58     5.0053
   60  1.6617e+09    19.5562    60    59     5.0849
   61  1.6579e+09    19.5647    61    60     5.1646
   62  1.5390e+09    19.8453    62    61     5.2442
   63  1.5358e+09    19.8532    63    62     5.3238
   64  1.4621e+09    20.0405    64    63     5.4033
   65  1.4520e+09    20.0668    65    64     5.4829
   66  1.4244e+09    20.1401    66    65     5.5625
   67  1.4199e+09    20.1523    67    66     5.6421
   68  1.3405e+09    20.3736    68    67     5.7216
   69  1.3372e+09    20.3833    69    68     5.8012
   70  1.3334e+09    20.3942    70    69     5.8807
   71  1.3176e+09    20.4402    71    70     5.9602
   72  1.2698e+09    20.5837    72    71     6.0398
   73  1.1945e+09    20.8224    73    72     6.1193
   74  1.1922e+09    20.8299    74    73     6.1988
   75  1.1852e+09    20.8531    75    74     6.2783
   76  1.1835e+09    20.8586    76    75     6.3579
   77  1.1740e+09    20.8903    77    76     6.4374
   78  1.1732e+09    20.8931    78    77     6.5169
   79  1.1405e+09    21.0044    79    78     6.5964
   80  1.1394e+09    21.0082    80    79     6.6759
   81  1.1177e+09    21.0842    81    80     6.7554
   82  1.1152e+09    21.0930    82    81     6.8349
   83  1.1148e+09    21.0943    83    82     6.9143
   84  1.1103e+09    21.1104    84    83     6.9938
   85  1.1097e+09    21.1127    85    84     7.0733
   86  1.1030e+09    21.1364    86    85     7.1528
   87  1.0975e+09    21.1563    87    86     7.2323
   88  1.0682e+09    21.2638    88    87     7.3117
   89  1.0618e+09    21.2877    89    88     7.3912
   90  1.0206e+09    21.4455    90    89     7.4707
   91  1.0173e+09    21.4586    91    90     7.5502
   92  1.0128e+09    21.4765    92    91     7.6296
   93  1.0102e+09    21.4869    93    92     7.7091
   94  1.0096e+09    21.4891    94    93     7.7885
   95  9.9256e+08    21.5573    95    94     7.8680
   96  9.8075e+08    21.6055    96    95     7.9475
   97  9.4952e+08    21.7360    97    96     8.0269
   98  9.4407e+08    21.7592    98    97     8.1064
   99  9.3902e+08    21.7809    99    98     8.1858
  100  9.3693e+08    21.7899   100    99     8.2653
