#indx Mass S step-number desc_indx 
    0  1.0000e+10    13.6042     0    -1     0.0134
    1  9.8973e+09    13.6342     1     0     0.1326
    2  9.4042e+09    13.7832     2     1     0.2441
    3  9.3070e+09    13.8136     3     2     0.3500
    4  9.0541e+09    13.8946     4     3     0.4519
    5  9.0338e+09    13.9012     5     4     0.5506
    6  8.6561e+09    14.0274     6     5     0.6467
    7  6.0833e+09    15.1011     7     6     0.7407
    8  5.9276e+09    15.1823     8     7     0.8330
    9  5.7211e+09    15.2938     9     8     0.9238
   10  4.6165e+09    15.9808    10     9     1.0134
   11  4.6015e+09    15.9914    11    10     1.1018
   12  4.5197e+09    16.0498    12    11     1.1894
   13  4.5049e+09    16.0606    13    12     1.2761
   14  4.4924e+09    16.0697    14    13     1.3621
   15  3.6953e+09    16.7165    15    14     1.4474
   16  3.6833e+09    16.7274    16    15     1.5322
   17  3.6594e+09    16.7493    17    16     1.6165
   18  3.1273e+09    17.2837    18    17     1.7003
   19  1.0341e+09    21.3932    19    18     1.7838
   20  9.5053e+08    21.7317    20    19     1.8669
   21  9.4565e+08    21.7525    21    20     1.9496
   22  8.4609e+08    22.2054    22    21     2.0321
   23  6.9261e+08    23.0369    23    22     2.1143
   24  6.9224e+08    23.0391    24    23     2.1963
   25  6.8443e+08    23.0869    25    24     2.2781
   26  6.8069e+08    23.1100    26    25     2.3597
   27  6.7682e+08    23.1341    27    26     2.4411
   28  6.7192e+08    23.1647    28    27     2.5223
   29  6.7048e+08    23.1738    29    28     2.6034
   30  6.6805e+08    23.1892    30    29     2.6844
   31  6.2543e+08    23.4689    31    30     2.7652
   32  6.2525e+08    23.4702    32    31     2.8459
   33  5.9360e+08    23.6923    33    32     2.9266
   34  5.9250e+08    23.7003    34    33     3.0071
   35  5.8988e+08    23.7193    35    34     3.0876
   36  5.8551e+08    23.7512    36    35     3.1680
   37  5.8002e+08    23.7918    37    36     3.2483
   38  5.6528e+08    23.9027    38    37     3.3285
   39  5.5775e+08    23.9606    39    38     3.4087
   40  5.5709e+08    23.9658    40    39     3.4889
   41  5.5176e+08    24.0074    41    40     3.5689
   42  5.5011e+08    24.0203    42    41     3.6490
   43  5.4506e+08    24.0603    43    42     3.7290
   44  5.3231e+08    24.1631    44    43     3.8089
   45  5.3097e+08    24.1741    45    44     3.8889
   46  5.3014e+08    24.1809    46    45     3.9688
   47  5.2640e+08    24.2117    47    46     4.0486
   48  5.0430e+08    24.3990    48    47     4.1285
   49  5.0341e+08    24.4067    49    48     4.2083
   50  5.0168e+08    24.4218    50    49     4.2881
   51  4.9956e+08    24.4404    51    50     4.3678
   52  4.9935e+08    24.4422    52    51     4.4476
   53  4.9837e+08    24.4509    53    52     4.5273
   54  4.9282e+08    24.5000    54    53     4.6070
   55  4.9180e+08    24.5091    55    54     4.6867
   56  4.7199e+08    24.6902    56    55     4.7664
   57  4.7050e+08    24.7041    57    56     4.8460
   58  4.3746e+08    25.0272    58    57     4.9257
   59  4.3536e+08    25.0486    59    58     5.0053
   60  4.1308e+08    25.2836    60    59     5.0849
   61  4.1104e+08    25.3058    61    60     5.1646
   62  3.9878e+08    25.4420    62    61     5.2442
   63  3.9563e+08    25.4778    63    62     5.3238
   64  3.8768e+08    25.5696    64    63     5.4033
   65  3.8674e+08    25.5805    65    64     5.4829
   66  3.8641e+08    25.5843    66    65     5.5625
   67  3.7682e+08    25.6983    67    66     5.6421
   68  3.7483e+08    25.7223    68    67     5.7216
   69  3.7403e+08    25.7320    69    68     5.8012
   70  3.7393e+08    25.7332    70    69     5.8807
   71  3.7304e+08    25.7441    71    70     5.9602
   72  2.8979e+08    26.9094    72    71     6.0398
   73  2.8963e+08    26.9121    73    72     6.1193
   74  2.8961e+08    26.9124    74    73     6.1988
   75  2.8757e+08    26.9456    75    74     6.2783
   76  2.8697e+08    26.9554    76    75     6.3579
   77  2.8473e+08    26.9921    77    76     6.4374
   78  2.7047e+08    27.2340    78    77     6.5169
   79  2.7040e+08    27.2354    79    78     6.5964
   80  2.5306e+08    27.5496    80    79     6.6759
   81  2.4636e+08    27.6776    81    80     6.7554
   82  1.7854e+08    29.2452    82    81     6.8349
   83  1.4871e+08    30.1616    83    82     6.9143
   84  1.4859e+08    30.1656    84    83     6.9938
   85  1.4839e+08    30.1727    85    84     7.0733
   86  1.4719e+08    30.2135    86    85     7.1528
   87  1.4547e+08    30.2733    87    86     7.2323
   88  1.4383e+08    30.3309    88    87     7.3117
   89  1.4054e+08    30.4490    89    88     7.3912
   90  1.3686e+08    30.5844    90    89     7.4707
   91  1.3647e+08    30.5988    91    90     7.5502
   92  1.3640e+08    30.6015    92    91     7.6296
   93  1.3562e+08    30.6309    93    92     7.7091
   94  1.3558e+08    30.6322    94    93     7.7885
   95  1.3557e+08    30.6326    95    94     7.8680
   96  1.3529e+08    30.6435    96    95     7.9475
   97  1.3303e+08    30.7297    97    96     8.0269
   98  1.3214e+08    30.7640    98    97     8.1064
   99  1.2879e+08    30.8963    99    98     8.1858
  100  1.2258e+08    31.1514   100    99     8.2653
