#indx Mass S step-number desc_indx 
    0  1.0000e+10    13.6042     0    -1     0.0134
    1  9.9597e+09    13.6159     1     0     0.1326
    2  8.0027e+09    14.2614     2     1     0.2441
    3  7.8991e+09    14.3006     3     2     0.3500
    4  7.6944e+09    14.3796     4     3     0.4519
    5  6.7123e+09    14.7959     5     4     0.5506
    6  6.4792e+09    14.9051     6     5     0.6467
    7  6.1042e+09    15.0904     7     6     0.7407
    8  5.6301e+09    15.3444     8     7     0.8330
    9  5.4872e+09    15.4258     9     8     0.9238
   10  5.4406e+09    15.4529    10     9     1.0134
   11  5.4335e+09    15.4570    11    10     1.1018
   12  5.3855e+09    15.4852    12    11     1.1894
   13  4.5532e+09    16.0258    13    12     1.2761
   14  4.5416e+09    16.0341    14    13     1.3621
   15  4.5369e+09    16.0375    15    14     1.4474
   16  4.4862e+09    16.0742    16    15     1.5322
   17  4.3842e+09    16.1494    17    16     1.6165
   18  4.2794e+09    16.2288    18    17     1.7003
   19  4.2325e+09    16.2651    19    18     1.7838
   20  4.2186e+09    16.2759    20    19     1.8669
   21  4.1812e+09    16.3053    21    20     1.9496
   22  4.1666e+09    16.3168    22    21     2.0321
   23  3.8569e+09    16.5732    23    22     2.1143
   24  3.3609e+09    17.0372    24    23     2.1963
   25  3.1392e+09    17.2706    25    24     2.2781
   26  2.4327e+09    18.1626    26    25     2.3597
   27  2.4259e+09    18.1726    27    26     2.4411
   28  2.3723e+09    18.2524    28    27     2.5223
   29  2.3509e+09    18.2847    29    28     2.6034
   30  2.2946e+09    18.3715    30    29     2.6844
   31  2.2099e+09    18.5070    31    30     2.7652
   32  2.1704e+09    18.5721    32    31     2.8459
   33  2.1591e+09    18.5910    33    32     2.9266
   34  2.1559e+09    18.5965    34    33     3.0071
   35  2.1524e+09    18.6023    35    34     3.0876
   36  2.1521e+09    18.6029    36    35     3.1680
   37  2.1466e+09    18.6121    37    36     3.2483
   38  2.1192e+09    18.6587    38    37     3.3285
   39  1.7493e+09    19.3641    39    38     3.4087
   40  1.7019e+09    19.4665    40    39     3.4889
   41  1.6361e+09    19.6145    41    40     3.5689
   42  1.6239e+09    19.6427    42    41     3.6490
   43  1.5090e+09    19.9203    43    42     3.7290
   44  1.4936e+09    19.9591    44    43     3.8089
   45  1.4892e+09    19.9704    45    44     3.8889
   46  1.4726e+09    20.0132    46    45     3.9688
   47  1.4637e+09    20.0362    47    46     4.0486
   48  1.4618e+09    20.0412    48    47     4.1285
   49  1.4515e+09    20.0683    49    48     4.2083
   50  1.4400e+09    20.0985    50    49     4.2881
   51  1.4390e+09    20.1013    51    50     4.3678
   52  1.4087e+09    20.1828    52    51     4.4476
   53  1.3271e+09    20.4125    53    52     4.5273
   54  8.8539e+08    22.0198    54    53     4.6070
   55  8.8468e+08    22.0230    55    54     4.6867
   56  8.4589e+08    22.2064    56    55     4.7664
   57  8.2770e+08    22.2957    57    56     4.8460
   58  8.2627e+08    22.3028    58    57     4.9257
   59  8.1678e+08    22.3503    59    58     5.0053
   60  7.8617e+08    22.5081    60    59     5.0849
   61  7.2025e+08    22.8727    61    60     5.1646
   62  6.9527e+08    23.0208    62    61     5.2442
   63  6.8640e+08    23.0748    63    62     5.3238
   64  6.8432e+08    23.0876    64    63     5.4033
   65  6.8040e+08    23.1118    65    64     5.4829
   66  6.7785e+08    23.1277    66    65     5.5625
   67  6.5798e+08    23.2534    67    66     5.6421
   68  6.4592e+08    23.3318    68    67     5.7216
   69  6.4206e+08    23.3573    69    68     5.8012
   70  6.0066e+08    23.6417    70    69     5.8807
   71  5.9259e+08    23.6996    71    70     5.9602
   72  5.6622e+08    23.8955    72    71     6.0398
   73  5.6564e+08    23.8999    73    72     6.1193
   74  4.7594e+08    24.6534    74    73     6.1988
   75  4.7254e+08    24.6850    75    74     6.2783
   76  4.7142e+08    24.6955    76    75     6.3579
   77  4.5548e+08    24.8477    77    76     6.4374
   78  4.4925e+08    24.9088    78    77     6.5169
   79  4.4285e+08    24.9726    79    78     6.5964
   80  4.3767e+08    25.0250    80    79     6.6759
   81  4.3429e+08    25.0595    81    80     6.7554
   82  3.9483e+08    25.4870    82    81     6.8349
   83  3.9443e+08    25.4916    83    82     6.9143
   84  3.8432e+08    25.6089    84    83     6.9938
   85  3.7866e+08    25.6761    85    84     7.0733
   86  3.7489e+08    25.7216    86    85     7.1528
   87  3.7368e+08    25.7363    87    86     7.2323
   88  3.7333e+08    25.7405    88    87     7.3117
   89  2.3412e+08    27.9219    89    88     7.3912
   90  2.2982e+08    28.0109    90    89     7.4707
   91  2.2928e+08    28.0223    91    90     7.5502
   92  2.1815e+08    28.2627    92    91     7.6296
   93  2.1797e+08    28.2668    93    92     7.7091
   94  2.0944e+08    28.4605    94    93     7.7885
   95  2.0912e+08    28.4681    95    94     7.8680
   96  2.0412e+08    28.5860    96    95     7.9475
   97  2.0270e+08    28.6201    97    96     8.0269
   98  1.9861e+08    28.7200    98    97     8.1064
   99  1.9815e+08    28.7313    99    98     8.1858
  100  1.9752e+08    28.7469   100    99     8.2653
