#indx Mass S step-number desc_indx 
    0  1.0000e+10    13.6042     0    -1     0.0134
    1  9.9809e+09    13.6097     1     0     0.1326
    2  9.9016e+09    13.6329     2     1     0.2441
    3  9.7808e+09    13.6686     3     2     0.3500
    4  9.5858e+09    13.7273     4     3     0.4519
    5  6.8613e+09    14.7284     5     4     0.5506
    6  6.8551e+09    14.7312     6     5     0.6467
    7  6.7274e+09    14.7890     7     6     0.7407
    8  5.7993e+09    15.2510     8     7     0.8330
    9  5.7357e+09    15.2857     9     8     0.9238
   10  5.5238e+09    15.4047    10     9     1.0134
   11  5.5216e+09    15.4060    11    10     1.1018
   12  5.4717e+09    15.4348    12    11     1.1894
   13  5.2189e+09    15.5854    13    12     1.2761
   14  5.1117e+09    15.6518    14    13     1.3621
   15  5.1116e+09    15.6519    15    14     1.4474
   16  4.8063e+09    15.8501    16    15     1.5322
   17  4.6299e+09    15.9714    17    16     1.6165
   18  4.6264e+09    15.9739    18    17     1.7003
   19  4.5576e+09    16.0226    19    18     1.7838
   20  4.4930e+09    16.0692    20    19     1.8669
   21  3.1666e+09    17.2407    21    20     1.9496
   22  3.1573e+09    17.2508    22    21     2.0321
   23  2.4640e+09    18.1172    23    22     2.1143
   24  2.4545e+09    18.1309    24    23     2.1963
   25  2.4537e+09    18.1320    25    24     2.2781
   26  2.0153e+09    18.8417    26    25     2.3597
   27  2.0142e+09    18.8437    27    26     2.4411
   28  1.8253e+09    19.2060    28    27     2.5223
   29  1.7863e+09    19.2861    29    28     2.6034
   30  1.7730e+09    19.3140    30    29     2.6844
   31  1.6995e+09    19.4718    31    30     2.7652
   32  1.5301e+09    19.8673    32    31     2.8459
   33  1.4208e+09    20.1499    33    32     2.9266
   34  1.2649e+09    20.5988    34    33     3.0071
   35  1.2617e+09    20.6086    35    34     3.0876
   36  1.2443e+09    20.6626    36    35     3.1680
   37  1.1855e+09    20.8521    37    36     3.2483
   38  1.1595e+09    20.9393    38    37     3.3285
   39  3.4547e+08    26.0946    39    38     3.4087
   40  3.4528e+08    26.0971    40    39     3.4889
   41  3.4448e+08    26.1078    41    40     3.5689
   42  3.1177e+08    26.5683    42    41     3.6490
   43  3.0266e+08    26.7064    43    42     3.7290
   44  2.9993e+08    26.7486    44    43     3.8089
   45  2.9939e+08    26.7571    45    44     3.8889
   46  2.8431e+08    26.9989    46    45     3.9688
   47  2.6042e+08    27.4134    47    46     4.0486
   48  2.6007e+08    27.4197    48    47     4.1285
   49  2.5972e+08    27.4262    49    48     4.2083
   50  2.5970e+08    27.4265    50    49     4.2881
   51  2.5959e+08    27.4285    51    50     4.3678
   52  2.5704e+08    27.4754    52    51     4.4476
   53  2.5600e+08    27.4947    53    52     4.5273
   54  2.5575e+08    27.4993    54    53     4.6070
   55  2.5163e+08    27.5766    55    54     4.6867
   56  2.4586e+08    27.6873    56    55     4.7664
   57  2.4196e+08    27.7637    57    56     4.8460
   58  2.3897e+08    27.8232    58    57     4.9257
   59  2.3771e+08    27.8486    59    58     5.0053
   60  2.3736e+08    27.8557    60    59     5.0849
   61  2.3561e+08    27.8912    61    60     5.1646
   62  2.3534e+08    27.8969    62    61     5.2442
   63  1.9449e+08    28.8229    63    62     5.3238
   64  1.9357e+08    28.8461    64    63     5.4033
   65  1.9316e+08    28.8565    65    64     5.4829
   66  1.3734e+08    30.5662    66    65     5.5625
   67  1.3374e+08    30.7023    67    66     5.6421
   68  1.3322e+08    30.7226    68    67     5.7216
   69  1.2954e+08    30.8664    69    68     5.8012
   70  1.2904e+08    30.8864    70    69     5.8807
   71  1.2608e+08    31.0057    71    70     5.9602
   72  1.2436e+08    31.0768    72    71     6.0398
   73  1.2334e+08    31.1195    73    72     6.1193
   74  1.2140e+08    31.2017    74    73     6.1988
   75  1.2082e+08    31.2262    75    74     6.2783
