#indx Mass S step-number desc_indx 
    0  1.0000e+10    13.6042     0    -1     0.0134
    1  9.8015e+09    13.6624     1     0     0.1326
    2  9.7788e+09    13.6692     2     1     0.2441
    3  8.8805e+09    13.9517     3     2     0.3500
    4  7.9537e+09    14.2799     4     3     0.4519
    5  7.8986e+09    14.3008     5     4     0.5506
    6  7.8942e+09    14.3025     6     5     0.6467
    7  7.8590e+09    14.3159     7     6     0.7407
    8  7.8387e+09    14.3237     8     7     0.8330
    9  7.8239e+09    14.3293     9     8     0.9238
   10  7.7851e+09    14.3443    10     9     1.0134
   11  7.6900e+09    14.3814    11    10     1.1018
   12  7.0514e+09    14.6447    12    11     1.1894
   13  7.0313e+09    14.6534    13    12     1.2761
   14  6.7359e+09    14.7851    14    13     1.3621
   15  6.7242e+09    14.7904    15    14     1.4474
   16  6.7182e+09    14.7932    16    15     1.5322
   17  6.6516e+09    14.8239    17    16     1.6165
   18  6.6378e+09    14.8303    18    17     1.7003
   19  6.2523e+09    15.0157    19    18     1.7838
   20  6.2116e+09    15.0360    20    19     1.8669
   21  5.9679e+09    15.1610    21    20     1.9496
   22  5.9048e+09    15.1944    22    21     2.0321
   23  5.8554e+09    15.2208    23    22     2.1143
   24  5.8203e+09    15.2397    24    23     2.1963
   25  5.0242e+09    15.7072    25    24     2.2781
   26  4.9834e+09    15.7334    26    25     2.3597
   27  4.9466e+09    15.7573    27    26     2.4411
   28  4.8546e+09    15.8179    28    27     2.5223
   29  4.1352e+09    16.3418    29    28     2.6034
   30  4.0746e+09    16.3906    30    29     2.6844
   31  4.0029e+09    16.4495    31    30     2.7652
   32  3.9749e+09    16.4729    32    31     2.8459
   33  3.9511e+09    16.4928    33    32     2.9266
   34  3.9224e+09    16.5171    34    33     3.0071
   35  3.9037e+09    16.5330    35    34     3.0876
   36  3.5199e+09    16.8804    36    35     3.1680
   37  3.3750e+09    17.0230    37    36     3.2483
   38  3.3072e+09    17.0921    38    37     3.3285
   39  3.0465e+09    17.3739    39    38     3.4087
   40  3.0349e+09    17.3869    40    39     3.4889
   41  3.0158e+09    17.4088    41    40     3.5689
   42  3.0041e+09    17.4222    42    41     3.6490
   43  3.0017e+09    17.4249    43    42     3.7290
   44  2.8046e+09    17.6609    44    43     3.8089
   45  2.7994e+09    17.6675    45    44     3.8889
   46  2.7951e+09    17.6729    46    45     3.9688
   47  2.7723e+09    17.7014    47    46     4.0486
   48  2.7463e+09    17.7344    48    47     4.1285
   49  2.7396e+09    17.7430    49    48     4.2083
   50  2.7325e+09    17.7520    50    49     4.2881
   51  2.7305e+09    17.7547    51    50     4.3678
   52  2.7192e+09    17.7692    52    51     4.4476
   53  2.7003e+09    17.7936    53    52     4.5273
   54  2.6892e+09    17.8082    54    53     4.6070
   55  2.6654e+09    17.8394    55    54     4.6867
   56  2.6616e+09    17.8444    56    55     4.7664
   57  2.6314e+09    17.8845    57    56     4.8460
   58  2.5876e+09    17.9438    58    57     4.9257
   59  2.5712e+09    17.9662    59    58     5.0053
   60  2.4960e+09    18.0714    60    59     5.0849
   61  2.2432e+09    18.4531    61    60     5.1646
   62  2.2267e+09    18.4797    62    61     5.2442
   63  2.2157e+09    18.4975    63    62     5.3238
   64  2.1915e+09    18.5372    64    63     5.4033
   65  2.0897e+09    18.7096    65    64     5.4829
   66  2.0727e+09    18.7393    66    65     5.5625
   67  2.0062e+09    18.8582    67    66     5.6421
   68  1.9734e+09    18.9186    68    67     5.7216
   69  1.2179e+09    20.7463    69    68     5.8012
   70  1.2075e+09    20.7799    70    69     5.8807
   71  1.1974e+09    20.8129    71    70     5.9602
   72  1.1634e+09    20.9260    72    71     6.0398
   73  1.1626e+09    20.9287    73    72     6.1193
   74  1.1623e+09    20.9297    74    73     6.1988
   75  1.1615e+09    20.9325    75    74     6.2783
   76  1.1104e+09    21.1101    76    75     6.3579
   77  9.9810e+08    21.5350    77    76     6.4374
   78  9.7861e+08    21.6143    78    77     6.5169
   79  9.7787e+08    21.6173    79    78     6.5964
   80  7.2884e+08    22.8231    80    79     6.6759
   81  7.2772e+08    22.8295    81    80     6.7554
   82  6.6589e+08    23.2029    82    81     6.8349
   83  6.6535e+08    23.2063    83    82     6.9143
   84  6.5787e+08    23.2541    84    83     6.9938
   85  6.5717e+08    23.2586    85    84     7.0733
   86  6.5278e+08    23.2870    86    85     7.1528
   87  6.5253e+08    23.2886    87    86     7.2323
   88  6.5113e+08    23.2978    88    87     7.3117
   89  6.3490e+08    23.4050    89    88     7.3912
   90  5.5014e+08    24.0201    90    89     7.4707
   91  5.4894e+08    24.0295    91    90     7.5502
   92  5.4653e+08    24.0486    92    91     7.6296
   93  5.4555e+08    24.0564    93    92     7.7091
   94  5.4428e+08    24.0665    94    93     7.7885
   95  5.4351e+08    24.0727    95    94     7.8680
   96  4.4331e+08    24.9680    96    95     7.9475
   97  4.4282e+08    24.9729    97    96     8.0269
   98  4.4236e+08    24.9775    98    97     8.1064
   99  4.4142e+08    24.9870    99    98     8.1858
  100  4.3765e+08    25.0252   100    99     8.2653
