#indx Mass S step-number desc_indx 
    0  1.0000e+10    13.6042     0    -1     0.0134
    1  9.8258e+09    13.6552     1     0     0.1326
    2  9.8138e+09    13.6588     2     1     0.2441
    3  9.6938e+09    13.6946     3     2     0.3500
    4  8.2700e+09    14.1631     4     3     0.4519
    5  8.2390e+09    14.1743     5     4     0.5506
    6  8.2315e+09    14.1771     6     5     0.6467
    7  8.1353e+09    14.2122     7     6     0.7407
    8  6.6251e+09    14.8362     8     7     0.8330
    9  6.5889e+09    14.8531     9     8     0.9238
   10  4.5665e+09    16.0163    10     9     1.0134
   11  4.5649e+09    16.0174    11    10     1.1018
   12  4.5619e+09    16.0195    12    11     1.1894
   13  4.5566e+09    16.0233    13    12     1.2761
   14  4.4811e+09    16.0779    14    13     1.3621
   15  4.4450e+09    16.1043    15    14     1.4474
   16  4.2897e+09    16.2209    16    15     1.5322
   17  4.0901e+09    16.3781    17    16     1.6165
   18  4.0769e+09    16.3888    18    17     1.7003
   19  4.0563e+09    16.4056    19    18     1.7838
   20  4.0276e+09    16.4291    20    19     1.8669
   21  3.5857e+09    16.8179    21    20     1.9496
   22  3.4865e+09    16.9127    22    21     2.0321
   23  3.4346e+09    16.9635    23    22     2.1143
   24  3.4232e+09    16.9747    24    23     2.1963
   25  3.3191e+09    17.0798    25    24     2.2781
   26  3.3189e+09    17.0800    26    25     2.3597
   27  3.3178e+09    17.0812    27    26     2.4411
   28  3.3143e+09    17.0848    28    27     2.5223
   29  2.6089e+09    17.9148    29    28     2.6034
   30  2.5998e+09    17.9271    30    29     2.6844
   31  2.4451e+09    18.1446    31    30     2.7652
   32  2.1888e+09    18.5416    32    31     2.8459
   33  2.1583e+09    18.5925    33    32     2.9266
   34  2.1541e+09    18.5995    34    33     3.0071
   35  2.1535e+09    18.6004    35    34     3.0876
   36  2.0616e+09    18.7588    36    35     3.1680
   37  1.1567e+09    20.9486    37    36     3.2483
   38  1.1507e+09    20.9691    38    37     3.3285
   39  1.1443e+09    20.9911    39    38     3.4087
   40  1.1158e+09    21.0908    40    39     3.4889
   41  1.1118e+09    21.1050    41    40     3.5689
   42  1.1088e+09    21.1157    42    41     3.6490
   43  9.5690e+08    21.7047    43    42     3.7290
   44  9.5201e+08    21.7254    44    43     3.8089
   45  9.3350e+08    21.8048    45    44     3.8889
   46  9.2654e+08    21.8351    46    45     3.9688
   47  9.2635e+08    21.8359    47    46     4.0486
   48  9.1018e+08    21.9074    48    47     4.1285
   49  9.0111e+08    21.9481    49    48     4.2083
   50  8.9862e+08    21.9594    50    49     4.2881
   51  8.8232e+08    22.0339    51    50     4.3678
   52  8.7733e+08    22.0571    52    51     4.4476
   53  8.7553e+08    22.0655    53    52     4.5273
   54  8.7303e+08    22.0771    54    53     4.6070
   55  8.5620e+08    22.1567    55    54     4.6867
   56  8.4903e+08    22.1912    56    55     4.7664
   57  8.4229e+08    22.2239    57    56     4.8460
   58  8.2253e+08    22.3214    58    57     4.9257
   59  8.2055e+08    22.3313    59    58     5.0053
   60  5.2566e+08    24.2178    60    59     5.0849
   61  5.2527e+08    24.2210    61    60     5.1646
   62  5.0811e+08    24.3660    62    61     5.2442
   63  5.0743e+08    24.3719    63    62     5.3238
   64  5.0525e+08    24.3908    64    63     5.4033
   65  5.0266e+08    24.4132    65    64     5.4829
   66  2.9327e+08    26.8535    66    65     5.5625
   67  2.7490e+08    27.1574    67    66     5.6421
   68  2.7176e+08    27.2116    68    67     5.7216
   69  2.7020e+08    27.2388    69    68     5.8012
   70  2.5530e+08    27.5077    70    69     5.8807
   71  2.5384e+08    27.5351    71    70     5.9602
   72  2.5381e+08    27.5356    72    71     6.0398
   73  2.5295e+08    27.5517    73    72     6.1193
   74  2.5248e+08    27.5605    74    73     6.1988
   75  2.3675e+08    27.8682    75    74     6.2783
   76  2.3486e+08    27.9066    76    75     6.3579
   77  2.3301e+08    27.9447    77    76     6.4374
   78  1.9159e+08    28.8967    78    77     6.5169
   79  1.9133e+08    28.9032    79    78     6.5964
   80  1.8356e+08    29.1079    80    79     6.6759
   81  1.7922e+08    29.2264    81    80     6.7554
   82  1.7556e+08    29.3287    82    81     6.8349
   83  1.7489e+08    29.3476    83    82     6.9143
   84  1.6268e+08    29.7090    84    83     6.9938
   85  1.5673e+08    29.8962    85    84     7.0733
   86  1.5109e+08    30.0812    86    85     7.1528
   87  1.4623e+08    30.2467    87    86     7.2323
   88  1.4611e+08    30.2510    88    87     7.3117
   89  1.4591e+08    30.2579    89    88     7.3912
   90  1.4304e+08    30.3590    90    89     7.4707
   91  1.4109e+08    30.4289    91    90     7.5502
   92  1.4107e+08    30.4295    92    91     7.6296
   93  1.3558e+08    30.6322    93    92     7.7091
   94  1.3496e+08    30.6559    94    93     7.7885
   95  1.2552e+08    31.0290    95    94     7.8680
   96  1.2540e+08    31.0339    96    95     7.9475
   97  1.1864e+08    31.3208    97    96     8.0269
   98  1.1819e+08    31.3405    98    97     8.1064
   99  1.1707e+08    31.3901    99    98     8.1858
  100  1.1042e+08    31.6956   100    99     8.2653
