#indx Mass S step-number desc_indx 
    0  1.0000e+10    13.6042     0    -1     0.0134
    1  8.9606e+09    13.9252     1     0     0.1326
    2  7.0291e+09    14.6544     2     1     0.2441
    3  6.7767e+09    14.7665     3     2     0.3500
    4  6.5806e+09    14.8570     4     3     0.4519
    5  6.5588e+09    14.8672     5     4     0.5506
    6  5.9754e+09    15.1571     6     5     0.6467
    7  5.5841e+09    15.3703     7     6     0.7407
    8  5.5716e+09    15.3774     8     7     0.8330
    9  5.4771e+09    15.4316     9     8     0.9238
   10  5.2062e+09    15.5932    10     9     1.0134
   11  5.1754e+09    15.6121    11    10     1.1018
   12  5.0806e+09    15.6714    12    11     1.1894
   13  5.0177e+09    15.7114    13    12     1.2761
   14  4.9029e+09    15.7859    14    13     1.3621
   15  2.1479e+09    18.6099    15    14     1.4474
   16  1.8785e+09    19.0998    16    15     1.5322
   17  1.8328e+09    19.1909    17    16     1.6165
   18  1.8265e+09    19.2037    18    17     1.7003
   19  1.4624e+09    20.0397    19    18     1.7838
   20  1.4537e+09    20.0623    20    19     1.8669
   21  1.4514e+09    20.0684    21    20     1.9496
   22  1.4487e+09    20.0756    22    21     2.0321
   23  1.4466e+09    20.0810    23    22     2.1143
   24  1.3325e+09    20.3969    24    23     2.1963
   25  1.3311e+09    20.4009    25    24     2.2781
   26  1.2464e+09    20.6561    26    25     2.3597
   27  1.2376e+09    20.6837    27    26     2.4411
   28  1.2302e+09    20.7072    28    27     2.5223
   29  1.2259e+09    20.7207    29    28     2.6034
   30  1.2191e+09    20.7425    30    29     2.6844
   31  1.2146e+09    20.7571    31    30     2.7652
   32  1.0970e+09    21.1581    32    31     2.8459
   33  1.0946e+09    21.1669    33    32     2.9266
   34  1.0933e+09    21.1715    34    33     3.0071
   35  1.0902e+09    21.1829    35    34     3.0876
   36  1.0891e+09    21.1868    36    35     3.1680
   37  1.0469e+09    21.3441    37    36     3.2483
   38  9.4055e+08    21.7744    38    37     3.3285
   39  9.3742e+08    21.7878    39    38     3.4087
   40  9.0741e+08    21.9198    40    39     3.4889
   41  8.7346e+08    22.0751    41    40     3.5689
   42  8.0311e+08    22.4200    42    41     3.6490
   43  7.6869e+08    22.6013    43    42     3.7290
   44  7.6479e+08    22.6224    44    43     3.8089
   45  7.6370e+08    22.6283    45    44     3.8889
   46  7.6017e+08    22.6476    46    45     3.9688
   47  7.0970e+08    22.9345    47    46     4.0486
   48  7.0904e+08    22.9384    48    47     4.1285
   49  6.7760e+08    23.1292    49    48     4.2083
   50  6.7754e+08    23.1295    50    49     4.2881
   51  6.7708e+08    23.1324    51    50     4.3678
   52  6.7697e+08    23.1331    52    51     4.4476
   53  6.0859e+08    23.5854    53    52     4.5273
   54  6.0650e+08    23.6002    54    53     4.6070
   55  5.3406e+08    24.1489    55    54     4.6867
   56  5.3136e+08    24.1709    56    55     4.7664
   57  5.3061e+08    24.1771    57    56     4.8460
   58  5.3004e+08    24.1817    58    57     4.9257
   59  5.2677e+08    24.2086    59    58     5.0053
   60  5.1684e+08    24.2916    60    59     5.0849
   61  4.9873e+08    24.4477    61    60     5.1646
   62  4.9859e+08    24.4489    62    61     5.2442
   63  4.9838e+08    24.4507    63    62     5.3238
   64  4.9808e+08    24.4534    64    63     5.4033
   65  4.3435e+08    25.0589    65    64     5.4829
   66  4.3051e+08    25.0985    66    65     5.5625
   67  3.8656e+08    25.5826    67    66     5.6421
   68  3.7653e+08    25.7017    68    67     5.7216
   69  3.7646e+08    25.7026    69    68     5.8012
   70  3.7610e+08    25.7069    70    69     5.8807
   71  3.7464e+08    25.7246    71    70     5.9602
   72  3.1282e+08    26.5528    72    71     6.0398
   73  3.1150e+08    26.5724    73    72     6.1193
   74  3.1002e+08    26.5946    74    73     6.1988
   75  3.0944e+08    26.6033    75    74     6.2783
   76  3.0822e+08    26.6216    76    75     6.3579
   77  3.0816e+08    26.6225    77    76     6.4374
   78  3.0533e+08    26.6654    78    77     6.5169
   79  2.7901e+08    27.0874    79    78     6.5964
   80  2.7338e+08    27.1835    80    79     6.6759
   81  2.6745e+08    27.2872    81    80     6.7554
   82  2.6128e+08    27.3977    82    81     6.8349
   83  2.4896e+08    27.6274    83    82     6.9143
   84  2.4883e+08    27.6299    84    83     6.9938
   85  2.4619e+08    27.6809    85    84     7.0733
   86  2.4607e+08    27.6833    86    85     7.1528
   87  2.4427e+08    27.7183    87    86     7.2323
   88  2.4169e+08    27.7691    88    87     7.3117
   89  2.4112e+08    27.7805    89    88     7.3912
   90  2.3941e+08    27.8146    90    89     7.4707
   91  2.3286e+08    27.9476    91    90     7.5502
   92  2.3277e+08    27.9496    92    91     7.6296
   93  2.3266e+08    27.9518    93    92     7.7091
   94  2.2143e+08    28.1905    94    93     7.7885
   95  1.7355e+08    29.3860    95    94     7.8680
   96  1.7282e+08    29.4071    96    95     7.9475
   97  1.7122e+08    29.4533    97    96     8.0269
   98  1.6916e+08    29.5137    98    97     8.1064
   99  1.6568e+08    29.6175    99    98     8.1858
  100  1.5334e+08    30.0065   100    99     8.2653
