#indx Mass S step-number desc_indx 
    0  1.0000e+10    13.6042     0    -1     0.0134
    1  9.8567e+09    13.6461     1     0     0.1326
    2  9.6409e+09    13.7106     2     1     0.2441
    3  9.4411e+09    13.7717     3     2     0.3500
    4  9.3915e+09    13.7871     4     3     0.4519
    5  9.3706e+09    13.7937     5     4     0.5506
    6  2.4810e+09    18.0928     6     5     0.6467
    7  2.4055e+09    18.2027     7     6     0.7407
    8  2.0408e+09    18.7958     8     7     0.8330
    9  1.8949e+09    19.0678     9     8     0.9238
   10  1.8787e+09    19.0995    10     9     1.0134
   11  1.8670e+09    19.1225    11    10     1.1018
   12  1.8298e+09    19.1970    12    11     1.1894
   13  1.8285e+09    19.1996    13    12     1.2761
   14  1.8266e+09    19.2035    14    13     1.3621
   15  1.8180e+09    19.2209    15    14     1.4474
   16  9.8899e+08    21.5718    16    15     1.5322
   17  9.7682e+08    21.6216    17    16     1.6165
   18  9.5255e+08    21.7231    18    17     1.7003
   19  9.2533e+08    21.8404    19    18     1.7838
   20  9.2107e+08    21.8591    20    19     1.8669
   21  9.1391e+08    21.8908    21    20     1.9496
   22  8.7115e+08    22.0860    22    21     2.0321
   23  8.6912e+08    22.0955    23    22     2.1143
   24  8.6718e+08    22.1046    24    23     2.1963
   25  8.4483e+08    22.2115    25    24     2.2781
   26  7.7395e+08    22.5730    26    25     2.3597
   27  7.7186e+08    22.5842    27    26     2.4411
   28  7.6915e+08    22.5988    28    27     2.5223
   29  7.6434e+08    22.6249    29    28     2.6034
   30  7.4921e+08    22.7080    30    29     2.6844
   31  7.4653e+08    22.7230    31    30     2.7652
   32  7.4295e+08    22.7430    32    31     2.8459
   33  6.3634e+08    23.3953    33    32     2.9266
   34  6.2117e+08    23.4981    34    33     3.0071
   35  6.0836e+08    23.5871    35    34     3.0876
   36  6.0691e+08    23.5973    36    35     3.1680
   37  6.0291e+08    23.6257    37    36     3.2483
   38  6.0276e+08    23.6267    38    37     3.3285
   39  5.9120e+08    23.7097    39    38     3.4087
   40  5.1834e+08    24.2789    40    39     3.4889
   41  5.0934e+08    24.3555    41    40     3.5689
   42  4.9814e+08    24.4529    42    41     3.6490
   43  3.4703e+08    26.0740    43    42     3.7290
   44  3.4135e+08    26.1496    44    43     3.8089
   45  3.3581e+08    26.2249    45    44     3.8889
   46  3.3098e+08    26.2917    46    45     3.9688
   47  3.3008e+08    26.3043    47    46     4.0486
   48  3.2843e+08    26.3274    48    47     4.1285
   49  3.2677e+08    26.3507    49    48     4.2083
   50  3.2557e+08    26.3678    50    49     4.2881
   51  3.2487e+08    26.3778    51    50     4.3678
   52  1.9987e+08    28.6892    52    51     4.4476
   53  1.9845e+08    28.7240    53    52     4.5273
   54  1.6101e+08    29.7608    54    53     4.6070
   55  1.5897e+08    29.8249    55    54     4.6867
   56  1.5479e+08    29.9591    56    55     4.7664
   57  1.3700e+08    30.5791    57    56     4.8460
   58  1.3666e+08    30.5916    58    57     4.9257
   59  1.3573e+08    30.6266    59    58     5.0053
   60  1.3558e+08    30.6324    60    59     5.0849
   61  1.3511e+08    30.6501    61    60     5.1646
   62  1.0079e+08    32.1762    62    61     5.2442
