#indx Mass S step-number desc_indx 
    0  1.0000e+10    13.6042     0    -1     0.0134
    1  9.9462e+09    13.6198     1     0     0.1326
    2  2.8862e+09    17.5610     2     1     0.2441
    3  2.5989e+09    17.9283     3     2     0.3500
    4  2.2619e+09    18.4231     4     3     0.4519
    5  2.1329e+09    18.6353     5     4     0.5506
    6  1.9033e+09    19.0516     6     5     0.6467
    7  1.8970e+09    19.0636     7     6     0.7407
    8  1.8346e+09    19.1872     8     7     0.8330
    9  1.6996e+09    19.4716     9     8     0.9238
   10  1.5685e+09    19.7734    10     9     1.0134
   11  1.5053e+09    19.9294    11    10     1.1018
   12  1.4868e+09    19.9765    12    11     1.1894
   13  1.4614e+09    20.0421    13    12     1.2761
   14  1.4551e+09    20.0586    14    13     1.3621
   15  1.4317e+09    20.1206    15    14     1.4474
   16  1.4232e+09    20.1436    16    15     1.5322
   17  1.4033e+09    20.1974    17    16     1.6165
   18  1.3603e+09    20.3171    18    17     1.7003
   19  1.2998e+09    20.4930    19    18     1.7838
   20  1.2929e+09    20.5138    20    19     1.8669
   21  1.1427e+09    20.9968    21    20     1.9496
   22  1.1419e+09    20.9994    22    21     2.0321
   23  9.6451e+08    21.6727    23    22     2.1143
   24  9.2239e+08    21.8533    24    23     2.1963
   25  9.1409e+08    21.8900    25    24     2.2781
   26  9.0228e+08    21.9428    26    25     2.3597
   27  8.8217e+08    22.0346    27    26     2.4411
   28  8.6993e+08    22.0917    28    27     2.5223
   29  8.6977e+08    22.0924    29    28     2.6034
   30  8.6581e+08    22.1111    30    29     2.6844
   31  7.9136e+08    22.4808    31    30     2.7652
   32  7.8441e+08    22.5173    32    31     2.8459
   33  7.8368e+08    22.5212    33    32     2.9266
   34  7.7363e+08    22.5747    34    33     3.0071
   35  7.3914e+08    22.7644    35    34     3.0876
   36  7.3379e+08    22.7948    36    35     3.1680
   37  7.3305e+08    22.7990    37    36     3.2483
   38  7.2330e+08    22.8550    38    37     3.3285
   39  7.1932e+08    22.8781    39    38     3.4087
   40  7.1855e+08    22.8826    40    39     3.4889
   41  7.0454e+08    22.9651    41    40     3.5689
   42  6.8232e+08    23.0999    42    41     3.6490
   43  6.8010e+08    23.1136    43    42     3.7290
   44  6.7956e+08    23.1170    44    43     3.8089
   45  6.4989e+08    23.3058    45    44     3.8889
   46  6.0992e+08    23.5761    46    45     3.9688
   47  5.8132e+08    23.7821    47    46     4.0486
   48  5.7774e+08    23.8087    48    47     4.1285
   49  5.7750e+08    23.8105    49    48     4.2083
   50  5.5352e+08    23.9936    50    49     4.2881
   51  5.1679e+08    24.2921    51    50     4.3678
   52  5.0741e+08    24.3721    52    51     4.4476
   53  5.0596e+08    24.3846    53    52     4.5273
   54  4.9783e+08    24.4556    54    53     4.6070
   55  4.6109e+08    24.7934    55    54     4.6867
   56  4.5468e+08    24.8555    56    55     4.7664
   57  4.4080e+08    24.9933    57    56     4.8460
   58  4.2474e+08    25.1589    58    57     4.9257
   59  4.2422e+08    25.1644    59    58     5.0053
   60  4.2419e+08    25.1647    60    59     5.0849
   61  4.1674e+08    25.2441    61    60     5.1646
   62  2.7487e+08    27.1579    62    61     5.2442
   63  2.5681e+08    27.4796    63    62     5.3238
   64  2.5639e+08    27.4875    64    63     5.4033
   65  2.4770e+08    27.6517    65    64     5.4829
   66  2.4722e+08    27.6609    66    65     5.5625
   67  2.3840e+08    27.8349    67    66     5.6421
   68  2.3567e+08    27.8901    68    67     5.7216
   69  2.1728e+08    28.2822    69    68     5.8012
   70  2.0433e+08    28.5810    70    69     5.8807
   71  2.0396e+08    28.5900    71    70     5.9602
   72  1.9083e+08    28.9163    72    71     6.0398
   73  1.9022e+08    28.9320    73    72     6.1193
   74  1.9005e+08    28.9364    74    73     6.1988
   75  1.8969e+08    28.9458    75    74     6.2783
   76  1.8956e+08    28.9490    76    75     6.3579
   77  1.8678e+08    29.0218    77    76     6.4374
   78  1.8658e+08    29.0271    78    77     6.5169
   79  1.8146e+08    29.1647    79    78     6.5964
   80  1.7553e+08    29.3295    80    79     6.6759
   81  1.7384e+08    29.3777    81    80     6.7554
   82  1.7321e+08    29.3959    82    81     6.8349
   83  1.6825e+08    29.5406    83    82     6.9143
   84  1.6798e+08    29.5485    84    83     6.9938
   85  1.6788e+08    29.5517    85    84     7.0733
