#indx Mass S step-number desc_indx 
    0  1.0000e+10    13.6042     0    -1     0.0134
    1  9.5344e+09    13.7430     1     0     0.1326
    2  9.5277e+09    13.7450     2     1     0.2441
    3  9.3435e+09    13.8021     3     2     0.3500
    4  8.9445e+09    13.9305     4     3     0.4519
    5  8.5314e+09    14.0705     5     4     0.5506
    6  8.4867e+09    14.0861     6     5     0.6467
    7  8.4639e+09    14.0941     7     6     0.7407
    8  8.4576e+09    14.0963     8     7     0.8330
    9  8.3601e+09    14.1308     9     8     0.9238
   10  8.3521e+09    14.1337    10     9     1.0134
   11  8.2408e+09    14.1737    11    10     1.1018
   12  8.1559e+09    14.2047    12    11     1.1894
   13  8.1326e+09    14.2132    13    12     1.2761
   14  8.1212e+09    14.2174    14    13     1.3621
   15  8.0418e+09    14.2468    15    14     1.4474
   16  8.0252e+09    14.2530    16    15     1.5322
   17  7.8707e+09    14.3114    17    16     1.6165
   18  7.7608e+09    14.3537    18    17     1.7003
   19  7.7568e+09    14.3553    19    18     1.7838
   20  7.7535e+09    14.3566    20    19     1.8669
   21  5.2069e+09    15.5927    21    20     1.9496
   22  5.1541e+09    15.6254    22    21     2.0321
   23  5.1427e+09    15.6324    23    22     2.1143
   24  5.0445e+09    15.6943    24    23     2.1963
   25  5.0321e+09    15.7022    25    24     2.2781
   26  5.0218e+09    15.7087    26    25     2.3597
   27  4.7750e+09    15.8713    27    26     2.4411
   28  4.2335e+09    16.2643    28    27     2.5223
   29  1.6995e+09    19.4719    29    28     2.6034
   30  1.6818e+09    19.5110    30    29     2.6844
   31  1.4678e+09    20.0255    31    30     2.7652
   32  1.4663e+09    20.0294    32    31     2.8459
   33  1.4401e+09    20.0983    33    32     2.9266
   34  1.3575e+09    20.3252    34    33     3.0071
   35  1.3532e+09    20.3374    35    34     3.0876
   36  1.2996e+09    20.4936    36    35     3.1680
   37  1.2992e+09    20.4947    37    36     3.2483
   38  1.2945e+09    20.5087    38    37     3.3285
   39  1.2875e+09    20.5298    39    38     3.4087
   40  1.2864e+09    20.5333    40    39     3.4889
   41  1.2282e+09    20.7136    41    40     3.5689
   42  1.1892e+09    20.8398    42    41     3.6490
   43  1.1870e+09    20.8471    43    42     3.7290
