#indx Mass S step-number desc_indx 
    0  1.0000e+10    13.6042     0    -1     0.0134
    1  9.9097e+09    13.6305     1     0     0.1326
    2  9.5607e+09    13.7350     2     1     0.2441
    3  9.5162e+09    13.7486     3     2     0.3500
    4  9.4932e+09    13.7556     4     3     0.4519
    5  9.4393e+09    13.7723     5     4     0.5506
    6  9.3471e+09    13.8010     6     5     0.6467
    7  9.1911e+09    13.8504     7     6     0.7407
    8  9.1254e+09    13.8715     8     7     0.8330
    9  9.0801e+09    13.8861     9     8     0.9238
   10  5.7980e+09    15.2517    10     9     1.0134
   11  5.7897e+09    15.2562    11    10     1.1018
   12  5.7785e+09    15.2623    12    11     1.1894
   13  5.7647e+09    15.2698    13    12     1.2761
   14  5.7576e+09    15.2737    14    13     1.3621
   15  5.6829e+09    15.3149    15    14     1.4474
   16  5.6459e+09    15.3356    16    15     1.5322
   17  5.4109e+09    15.4702    17    16     1.6165
   18  5.1263e+09    15.6427    18    17     1.7003
   19  4.9349e+09    15.7649    19    18     1.7838
   20  4.8689e+09    15.8083    20    19     1.8669
   21  4.8226e+09    15.8392    21    20     1.9496
   22  4.6685e+09    15.9444    22    21     2.0321
   23  4.5932e+09    15.9973    23    22     2.1143
   24  4.5825e+09    16.0049    24    23     2.1963
   25  4.4679e+09    16.0875    25    24     2.2781
   26  4.4665e+09    16.0885    26    25     2.3597
   27  4.3844e+09    16.1492    27    26     2.4411
   28  4.3471e+09    16.1772    28    27     2.5223
   29  4.1710e+09    16.3133    29    28     2.6034
   30  4.1627e+09    16.3200    30    29     2.6844
   31  4.0054e+09    16.4475    31    30     2.7652
   32  4.0007e+09    16.4514    32    31     2.8459
   33  3.9841e+09    16.4652    33    32     2.9266
   34  3.8726e+09    16.5596    34    33     3.0071
   35  2.9705e+09    17.4611    35    34     3.0876
   36  2.9557e+09    17.4785    36    35     3.1680
   37  2.9394e+09    17.4976    37    36     3.2483
   38  2.6084e+09    17.9155    38    37     3.3285
   39  2.5953e+09    17.9333    39    38     3.4087
   40  2.5766e+09    17.9588    40    39     3.4889
   41  2.5557e+09    17.9876    41    40     3.5689
   42  2.5504e+09    17.9950    42    41     3.6490
   43  2.5338e+09    18.0180    43    42     3.7290
   44  2.2454e+09    18.4495    44    43     3.8089
   45  2.1879e+09    18.5430    45    44     3.8889
   46  2.1727e+09    18.5682    46    45     3.9688
   47  2.1117e+09    18.6715    47    46     4.0486
   48  2.1008e+09    18.6903    48    47     4.1285
   49  2.0745e+09    18.7361    49    48     4.2083
   50  2.0625e+09    18.7573    50    49     4.2881
   51  2.0025e+09    18.8651    51    50     4.3678
   52  1.6322e+09    19.6235    52    51     4.4476
   53  1.6221e+09    19.6468    53    52     4.5273
   54  1.6010e+09    19.6961    54    53     4.6070
   55  1.5891e+09    19.7242    55    54     4.6867
   56  1.5879e+09    19.7271    56    55     4.7664
   57  1.5789e+09    19.7485    57    56     4.8460
   58  1.5650e+09    19.7819    58    57     4.9257
   59  1.5632e+09    19.7863    59    58     5.0053
   60  1.5597e+09    19.7949    60    59     5.0849
   61  1.5207e+09    19.8908    61    60     5.1646
   62  1.4617e+09    20.0415    62    61     5.2442
   63  1.4615e+09    20.0420    63    62     5.3238
   64  1.4476e+09    20.0785    64    63     5.4033
   65  1.4339e+09    20.1148    65    64     5.4829
   66  1.4308e+09    20.1231    66    65     5.5625
   67  1.4024e+09    20.2001    67    66     5.6421
   68  1.3972e+09    20.2143    68    67     5.7216
   69  1.3909e+09    20.2315    69    68     5.8012
   70  1.3868e+09    20.2429    70    69     5.8807
   71  1.3708e+09    20.2874    71    70     5.9602
   72  1.3085e+09    20.4673    72    71     6.0398
   73  1.2515e+09    20.6403    73    72     6.1193
   74  1.1836e+09    20.8584    74    73     6.1988
   75  8.6880e+08    22.0970    75    74     6.2783
   76  8.6135e+08    22.1322    76    75     6.3579
   77  8.5727e+08    22.1516    77    76     6.4374
   78  8.5557e+08    22.1598    78    77     6.5169
   79  8.5367e+08    22.1689    79    78     6.5964
   80  7.7106e+08    22.5885    80    79     6.6759
   81  6.7807e+08    23.1262    81    80     6.7554
   82  6.6832e+08    23.1875    82    81     6.8349
   83  5.6036e+08    23.9405    83    82     6.9143
   84  5.5809e+08    23.9580    84    83     6.9938
   85  5.5750e+08    23.9626    85    84     7.0733
   86  5.3103e+08    24.1736    86    85     7.1528
   87  5.2164e+08    24.2513    87    86     7.2323
   88  5.1756e+08    24.2856    88    87     7.3117
   89  5.1715e+08    24.2890    89    88     7.3912
   90  5.1095e+08    24.3417    90    89     7.4707
   91  4.9241e+08    24.5037    91    90     7.5502
   92  4.9023e+08    24.5231    92    91     7.6296
   93  4.8257e+08    24.5924    93    92     7.7091
   94  4.7741e+08    24.6398    94    93     7.7885
   95  4.3520e+08    25.0502    95    94     7.8680
   96  4.3231e+08    25.0800    96    95     7.9475
   97  4.1613e+08    25.2506    97    96     8.0269
   98  4.1393e+08    25.2744    98    97     8.1064
   99  4.0989e+08    25.3185    99    98     8.1858
  100  4.0973e+08    25.3202   100    99     8.2653
