#indx Mass S step-number desc_indx 
    0  1.0000e+10    13.6042     0    -1     0.0134
    1  9.7992e+09    13.6631     1     0     0.1326
    2  8.5689e+09    14.0574     2     1     0.2441
    3  8.5605e+09    14.0604     3     2     0.3500
    4  8.5441e+09    14.0660     4     3     0.4519
    5  8.5210e+09    14.0741     5     4     0.5506
    6  8.4477e+09    14.0998     6     5     0.6467
    7  8.3175e+09    14.1460     7     6     0.7407
    8  8.2133e+09    14.1837     8     7     0.8330
    9  8.1926e+09    14.1912     9     8     0.9238
   10  7.5351e+09    14.4429    10     9     1.0134
   11  7.5154e+09    14.4508    11    10     1.1018
   12  7.4704e+09    14.4690    12    11     1.1894
   13  7.4553e+09    14.4751    13    12     1.2761
   14  7.2920e+09    14.5424    14    13     1.3621
   15  7.0224e+09    14.6573    15    14     1.4474
   16  6.9073e+09    14.7079    16    15     1.5322
   17  6.8685e+09    14.7252    17    16     1.6165
   18  6.7593e+09    14.7744    18    17     1.7003
   19  6.6323e+09    14.8329    19    18     1.7838
   20  6.2946e+09    14.9947    20    19     1.8669
   21  6.1779e+09    15.0530    21    20     1.9496
   22  6.1521e+09    15.0660    22    21     2.0321
   23  6.0851e+09    15.1002    23    22     2.1143
   24  6.0822e+09    15.1017    24    23     2.1963
   25  5.9779e+09    15.1558    25    24     2.2781
   26  5.9716e+09    15.1591    26    25     2.3597
   27  5.7292e+09    15.2893    27    26     2.4411
   28  5.5329e+09    15.3995    28    27     2.5223
   29  5.5247e+09    15.4042    29    28     2.6034
   30  5.4997e+09    15.4186    30    29     2.6844
   31  5.4727e+09    15.4342    31    30     2.7652
   32  5.3773e+09    15.4900    32    31     2.8459
   33  5.3748e+09    15.4915    33    32     2.9266
   34  5.3380e+09    15.5134    34    33     3.0071
   35  5.1291e+09    15.6409    35    34     3.0876
   36  4.0912e+09    16.3772    36    35     3.1680
   37  4.0871e+09    16.3805    37    36     3.2483
   38  3.9874e+09    16.4624    38    37     3.3285
   39  3.9452e+09    16.4978    39    38     3.4087
   40  3.9310e+09    16.5098    40    39     3.4889
   41  3.8801e+09    16.5532    41    40     3.5689
   42  3.7991e+09    16.6236    42    41     3.6490
   43  3.7474e+09    16.6696    43    42     3.7290
   44  3.7200e+09    16.6941    44    43     3.8089
   45  3.7133e+09    16.7002    45    44     3.8889
   46  3.7118e+09    16.7016    46    45     3.9688
   47  3.7023e+09    16.7101    47    46     4.0486
   48  3.6699e+09    16.7397    48    47     4.1285
   49  3.6529e+09    16.7553    49    48     4.2083
   50  3.4449e+09    16.9533    50    49     4.2881
   51  3.4106e+09    16.9873    51    50     4.3678
   52  3.4020e+09    16.9958    52    51     4.4476
   53  3.0060e+09    17.4201    53    52     4.5273
   54  2.9777e+09    17.4528    54    53     4.6070
   55  2.2345e+09    18.4671    55    54     4.6867
   56  2.2103e+09    18.5063    56    55     4.7664
   57  2.2040e+09    18.5166    57    56     4.8460
   58  2.1877e+09    18.5434    58    57     4.9257
   59  2.1731e+09    18.5677    59    58     5.0053
   60  2.1058e+09    18.6816    60    59     5.0849
   61  2.1052e+09    18.6827    61    60     5.1646
   62  2.0982e+09    18.6948    62    61     5.2442
   63  2.0889e+09    18.7111    63    62     5.3238
   64  2.0830e+09    18.7212    64    63     5.4033
   65  3.1270e+08    26.5546    65    64     5.4829
   66  3.1221e+08    26.5618    66    65     5.5625
   67  3.1167e+08    26.5698    67    66     5.6421
   68  3.0406e+08    26.6848    68    67     5.7216
   69  3.0344e+08    26.6944    69    68     5.8012
   70  2.9169e+08    26.8788    70    69     5.8807
   71  2.8866e+08    26.9277    71    70     5.9602
   72  2.8467e+08    26.9930    72    71     6.0398
   73  2.7360e+08    27.1798    73    72     6.1193
   74  2.4744e+08    27.6566    74    73     6.1988
   75  2.4532e+08    27.6979    75    74     6.2783
   76  2.4526e+08    27.6989    76    75     6.3579
   77  2.4513e+08    27.7016    77    76     6.4374
   78  2.4169e+08    27.7691    78    77     6.5169
   79  2.4031e+08    27.7964    79    78     6.5964
   80  2.3971e+08    27.8085    80    79     6.6759
   81  2.3968e+08    27.8091    81    80     6.7554
   82  2.3426e+08    27.9190    82    81     6.8349
   83  2.3404e+08    27.9234    83    82     6.9143
   84  2.3060e+08    27.9945    84    83     6.9938
   85  2.2516e+08    28.1097    85    84     7.0733
   86  2.2506e+08    28.1119    86    85     7.1528
   87  2.2412e+08    28.1320    87    86     7.2323
   88  2.2357e+08    28.1440    88    87     7.3117
   89  2.1981e+08    28.2261    89    88     7.3912
   90  2.1750e+08    28.2771    90    89     7.4707
   91  2.0933e+08    28.4631    91    90     7.5502
   92  2.0460e+08    28.5746    92    91     7.6296
   93  2.0428e+08    28.5823    93    92     7.7091
   94  2.0410e+08    28.5866    94    93     7.7885
   95  1.9051e+08    28.9244    95    94     7.8680
   96  1.8889e+08    28.9666    96    95     7.9475
   97  1.8852e+08    28.9761    97    96     8.0269
   98  1.8333e+08    29.1141    98    97     8.1064
   99  1.8039e+08    29.1941    99    98     8.1858
  100  1.7399e+08    29.3734   100    99     8.2653
