#indx Mass S step-number desc_indx 
    0  1.0000e+10    13.6042     0    -1     0.0134
    1  9.9847e+09    13.6086     1     0     0.1326
    2  7.3570e+09    14.5154     2     1     0.2441
    3  7.2597e+09    14.5559     3     2     0.3500
    4  6.9202e+09    14.7022     4     3     0.4519
    5  6.8782e+09    14.7209     5     4     0.5506
    6  6.7289e+09    14.7883     6     5     0.6467
    7  6.5795e+09    14.8575     7     6     0.7407
    8  6.5597e+09    14.8668     8     7     0.8330
    9  6.5113e+09    14.8898     9     8     0.9238
   10  6.4045e+09    14.9410    10     9     1.0134
   11  6.0809e+09    15.1024    11    10     1.1018
   12  6.0214e+09    15.1331    12    11     1.1894
   13  4.8414e+09    15.8266    13    12     1.2761
   14  4.8235e+09    15.8386    14    13     1.3621
   15  4.5117e+09    16.0556    15    14     1.4474
   16  4.2920e+09    16.2191    16    15     1.5322
   17  4.1449e+09    16.3341    17    16     1.6165
   18  4.1285e+09    16.3472    18    17     1.7003
   19  4.1030e+09    16.3676    19    18     1.7838
   20  4.0913e+09    16.3771    20    19     1.8669
   21  1.8822e+08    28.9841    21    20     1.9496
   22  1.8782e+08    28.9946    22    21     2.0321
   23  1.8267e+08    29.1319    23    22     2.1143
   24  1.8048e+08    29.1915    24    23     2.1963
   25  1.7961e+08    29.2155    25    24     2.2781
   26  1.7949e+08    29.2189    26    25     2.3597
   27  1.5780e+08    29.8622    27    26     2.4411
   28  1.5753e+08    29.8708    28    27     2.5223
   29  1.5604e+08    29.9184    29    28     2.6034
   30  1.5520e+08    29.9457    30    29     2.6844
   31  1.5226e+08    30.0422    31    30     2.7652
   32  1.5210e+08    30.0475    32    31     2.8459
   33  1.5144e+08    30.0695    33    32     2.9266
   34  1.1753e+08    31.3696    34    33     3.0071
   35  1.1713e+08    31.3874    35    34     3.0876
   36  1.1697e+08    31.3947    36    35     3.1680
   37  1.1670e+08    31.4067    37    36     3.2483
   38  1.1585e+08    31.4449    38    37     3.3285
   39  1.1420e+08    31.5194    39    38     3.4087
   40  1.1331e+08    31.5606    40    39     3.4889
   41  1.1248e+08    31.5991    41    40     3.5689
   42  1.0920e+08    31.7536    42    41     3.6490
   43  1.0341e+08    32.0404    43    42     3.7290
   44  1.0338e+08    32.0419    44    43     3.8089
   45  1.0278e+08    32.0728    45    44     3.8889
