#indx Mass S step-number desc_indx 
    0  1.0000e+10    13.6042     0    -1     0.0134
    1  9.9406e+09    13.6215     1     0     0.1326
    2  9.8874e+09    13.6371     2     1     0.2441
    3  9.8227e+09    13.6561     3     2     0.3500
    4  9.7976e+09    13.6636     4     3     0.4519
    5  9.7642e+09    13.6735     5     4     0.5506
    6  9.4181e+09    13.7789     6     5     0.6467
    7  9.3792e+09    13.7910     7     6     0.7407
    8  9.2561e+09    13.8297     8     7     0.8330
    9  8.8238e+09    13.9706     9     8     0.9238
   10  8.6337e+09    14.0351    10     9     1.0134
   11  8.5756e+09    14.0551    11    10     1.1018
   12  7.5789e+09    14.4253    12    11     1.1894
   13  7.3654e+09    14.5120    13    12     1.2761
   14  7.1849e+09    14.5874    14    13     1.3621
   15  7.0162e+09    14.6600    15    14     1.4474
   16  6.2493e+09    15.0172    16    15     1.5322
   17  6.2439e+09    15.0199    17    16     1.6165
   18  5.6749e+09    15.3194    18    17     1.7003
   19  5.1902e+09    15.6030    19    18     1.7838
   20  4.9572e+09    15.7504    20    19     1.8669
   21  4.9255e+09    15.7711    21    20     1.9496
   22  4.8115e+09    15.8466    22    21     2.0321
   23  4.7097e+09    15.9159    23    22     2.1143
   24  4.4566e+09    16.0958    24    23     2.1963
   25  4.3276e+09    16.1920    25    24     2.2781
   26  4.3222e+09    16.1961    26    25     2.3597
   27  4.3151e+09    16.2015    27    26     2.4411
   28  4.3108e+09    16.2048    28    27     2.5223
   29  4.1226e+09    16.3519    29    28     2.6034
   30  4.1156e+09    16.3575    30    29     2.6844
   31  3.9969e+09    16.4545    31    30     2.7652
   32  3.9949e+09    16.4561    32    31     2.8459
   33  3.9083e+09    16.5291    33    32     2.9266
   34  3.9056e+09    16.5314    34    33     3.0071
   35  3.8830e+09    16.5507    35    34     3.0876
   36  3.7764e+09    16.6437    36    35     3.1680
   37  3.7363e+09    16.6794    37    36     3.2483
   38  3.5303e+09    16.8704    38    37     3.3285
   39  3.4814e+09    16.9176    39    38     3.4087
   40  3.4777e+09    16.9212    40    39     3.4889
   41  3.4208e+09    16.9771    41    40     3.5689
   42  3.3472e+09    17.0511    42    41     3.6490
   43  3.2992e+09    17.1003    43    42     3.7290
   44  3.1867e+09    17.2191    44    43     3.8089
   45  3.0927e+09    17.3220    45    44     3.8889
   46  3.0748e+09    17.3419    46    45     3.9688
   47  2.9485e+09    17.4869    47    46     4.0486
   48  2.9159e+09    17.5255    48    47     4.1285
   49  2.8970e+09    17.5480    49    48     4.2083
   50  2.8546e+09    17.5994    50    49     4.2881
   51  2.7650e+09    17.7107    51    50     4.3678
   52  2.7519e+09    17.7273    52    51     4.4476
   53  2.7374e+09    17.7459    53    52     4.5273
   54  2.7336e+09    17.7506    54    53     4.6070
   55  2.7040e+09    17.7889    55    54     4.6867
   56  2.6045e+09    17.9208    56    55     4.7664
   57  2.5696e+09    17.9684    57    56     4.8460
   58  2.5684e+09    17.9701    58    57     4.9257
   59  1.6299e+09    19.6286    59    58     5.0053
   60  1.5941e+09    19.7125    60    59     5.0849
   61  1.5763e+09    19.7549    61    60     5.1646
   62  1.5609e+09    19.7920    62    61     5.2442
   63  1.5021e+09    19.9375    63    62     5.3238
   64  1.5003e+09    19.9422    64    63     5.4033
   65  1.4722e+09    20.0142    65    64     5.4829
   66  1.4694e+09    20.0214    66    65     5.5625
   67  1.4617e+09    20.0414    67    66     5.6421
   68  1.2676e+09    20.5906    68    67     5.7216
   69  2.8977e+08    26.9097    69    68     5.8012
   70  2.8599e+08    26.9714    70    69     5.8807
   71  2.7978e+08    27.0744    71    70     5.9602
   72  2.7961e+08    27.0774    72    71     6.0398
   73  2.7905e+08    27.0869    73    72     6.1193
   74  2.7759e+08    27.1115    74    73     6.1988
   75  2.7278e+08    27.1939    75    74     6.2783
   76  2.7272e+08    27.1949    76    75     6.3579
   77  2.7202e+08    27.2070    77    76     6.4374
   78  2.6935e+08    27.2536    78    77     6.5169
   79  1.4141e+08    30.4172    79    78     6.5964
   80  1.3624e+08    30.6076    80    79     6.6759
   81  1.3522e+08    30.6460    81    80     6.7554
   82  1.3513e+08    30.6496    82    81     6.8349
   83  1.1574e+08    31.4499    83    82     6.9143
   84  1.1408e+08    31.5248    84    83     6.9938
   85  1.0663e+08    31.8787    85    84     7.0733
   86  1.0651e+08    31.8848    86    85     7.1528
   87  1.0633e+08    31.8937    87    86     7.2323
   88  1.0394e+08    32.0134    88    87     7.3117
   89  1.0261e+08    32.0816    89    88     7.3912
