#indx Mass S step-number desc_indx 
    0  1.0000e+10    13.6042     0    -1     0.0134
    1  9.6999e+09    13.6927     1     0     0.1326
    2  9.5378e+09    13.7420     2     1     0.2441
    3  9.4221e+09    13.7776     3     2     0.3500
    4  9.2423e+09    13.8341     4     3     0.4519
    5  9.2388e+09    13.8352     5     4     0.5506
    6  8.8850e+09    13.9502     6     5     0.6467
    7  8.7728e+09    13.9877     7     6     0.7407
    8  8.5816e+09    14.0530     8     7     0.8330
    9  7.6815e+09    14.3847     9     8     0.9238
   10  7.5734e+09    14.4275    10     9     1.0134
   11  7.5540e+09    14.4353    11    10     1.1018
   12  7.1802e+09    14.5894    12    11     1.1894
   13  7.1679e+09    14.5947    13    12     1.2761
   14  7.1262e+09    14.6125    14    13     1.3621
   15  6.4672e+09    14.9108    15    14     1.4474
   16  6.3988e+09    14.9437    16    15     1.5322
   17  6.3414e+09    14.9717    17    16     1.6165
   18  6.3349e+09    14.9749    18    17     1.7003
   19  6.2873e+09    14.9983    19    18     1.7838
   20  6.0650e+09    15.1105    20    19     1.8669
   21  6.0555e+09    15.1155    21    20     1.9496
   22  5.3067e+09    15.5322    22    21     2.0321
   23  4.8861e+09    15.7970    23    22     2.1143
   24  3.9991e+09    16.4527    24    23     2.1963
   25  3.9940e+09    16.4569    25    24     2.2781
   26  3.9922e+09    16.4584    26    25     2.3597
   27  3.9773e+09    16.4708    27    26     2.4411
   28  3.8475e+09    16.5813    28    27     2.5223
   29  3.7369e+09    16.6789    29    28     2.6034
   30  3.5985e+09    16.8058    30    29     2.6844
   31  3.5918e+09    16.8121    31    30     2.7652
   32  3.5890e+09    16.8147    32    31     2.8459
   33  2.9126e+09    17.5294    33    32     2.9266
   34  2.8684e+09    17.5827    34    33     3.0071
   35  2.8405e+09    17.6166    35    34     3.0876
   36  2.8362e+09    17.6220    36    35     3.1680
   37  2.4945e+09    18.0734    37    36     3.2483
   38  2.4433e+09    18.1472    38    37     3.3285
   39  2.4405e+09    18.1512    39    38     3.4087
   40  2.2479e+09    18.4456    40    39     3.4889
   41  1.4595e+09    20.0471    41    40     3.5689
   42  1.4353e+09    20.1111    42    41     3.6490
   43  1.4170e+09    20.1602    43    42     3.7290
   44  1.4147e+09    20.1665    44    43     3.8089
   45  1.3754e+09    20.2747    45    44     3.8889
   46  1.2496e+09    20.6460    46    45     3.9688
   47  1.2342e+09    20.6946    47    46     4.0486
   48  1.2301e+09    20.7074    48    47     4.1285
   49  1.2268e+09    20.7178    49    48     4.2083
   50  1.1766e+09    20.8816    50    49     4.2881
   51  1.1733e+09    20.8926    51    50     4.3678
   52  1.1140e+09    21.0973    52    51     4.4476
   53  1.0192e+09    21.4512    53    52     4.5273
   54  1.0167e+09    21.4609    54    53     4.6070
   55  1.0095e+09    21.4897    55    54     4.6867
   56  9.9582e+08    21.5442    56    55     4.7664
   57  9.0208e+08    21.9438    57    56     4.8460
   58  8.9110e+08    21.9935    58    57     4.9257
   59  8.8943e+08    22.0012    59    58     5.0053
   60  8.8885e+08    22.0038    60    59     5.0849
   61  8.8757e+08    22.0097    61    60     5.1646
   62  8.8390e+08    22.0266    62    61     5.2442
   63  8.7761e+08    22.0558    63    62     5.3238
   64  8.7664e+08    22.0603    64    63     5.4033
   65  8.7288e+08    22.0779    65    64     5.4829
   66  8.6997e+08    22.0915    66    65     5.5625
   67  8.6252e+08    22.1267    67    66     5.6421
   68  8.5963e+08    22.1404    68    67     5.7216
   69  8.5498e+08    22.1626    69    68     5.8012
   70  7.9013e+08    22.4873    70    69     5.8807
   71  7.6695e+08    22.6107    71    70     5.9602
   72  6.4823e+08    23.3167    72    71     6.0398
   73  6.4758e+08    23.3209    73    72     6.1193
   74  5.4143e+08    24.0893    74    73     6.1988
   75  4.5824e+08    24.8209    75    74     6.2783
   76  4.5759e+08    24.8272    76    75     6.3579
   77  4.5078e+08    24.8937    77    76     6.4374
   78  4.5068e+08    24.8947    78    77     6.5169
   79  3.8840e+08    25.5612    79    78     6.5964
   80  3.8742e+08    25.5726    80    79     6.6759
   81  3.7461e+08    25.7250    81    80     6.7554
   82  3.7361e+08    25.7372    82    81     6.8349
   83  3.7248e+08    25.7508    83    82     6.9143
   84  3.7025e+08    25.7781    84    83     6.9938
   85  3.6886e+08    25.7953    85    84     7.0733
   86  3.6082e+08    25.8958    86    85     7.1528
   87  3.5430e+08    25.9790    87    86     7.2323
   88  3.4605e+08    26.0869    88    87     7.3117
   89  3.1157e+08    26.5714    89    88     7.3912
   90  3.0745e+08    26.6333    90    89     7.4707
   91  3.0136e+08    26.7265    91    90     7.5502
   92  3.0002e+08    26.7473    92    91     7.6296
   93  2.9953e+08    26.7549    93    92     7.7091
   94  2.9923e+08    26.7595    94    93     7.7885
   95  2.9355e+08    26.8491    95    94     7.8680
   96  2.8945e+08    26.9149    96    95     7.9475
   97  2.8889e+08    26.9241    97    96     8.0269
   98  2.8286e+08    27.0230    98    97     8.1064
   99  2.8013e+08    27.0686    99    98     8.1858
  100  2.7903e+08    27.0871   100    99     8.2653
