#indx Mass S step-number desc_indx 
    0  1.0000e+10    13.6042     0    -1     0.0134
    1  9.8818e+09    13.6387     1     0     0.1326
    2  9.8432e+09    13.6501     2     1     0.2441
    3  9.7649e+09    13.6733     3     2     0.3500
    4  9.4092e+09    13.7816     4     3     0.4519
    5  9.1260e+09    13.8713     5     4     0.5506
    6  8.7055e+09    14.0105     6     5     0.6467
    7  8.2667e+09    14.1643     7     6     0.7407
    8  8.1236e+09    14.2165     8     7     0.8330
    9  8.1144e+09    14.2199     9     8     0.9238
   10  8.0849e+09    14.2308    10     9     1.0134
   11  8.0822e+09    14.2318    11    10     1.1018
   12  8.0369e+09    14.2487    12    11     1.1894
   13  7.7211e+09    14.3692    13    12     1.2761
   14  7.6187e+09    14.4095    14    13     1.3621
   15  5.8697e+09    15.2131    15    14     1.4474
   16  5.8508e+09    15.2232    16    15     1.5322
   17  5.7040e+09    15.3032    17    16     1.6165
   18  5.6862e+09    15.3131    18    17     1.7003
   19  5.6557e+09    15.3301    19    18     1.7838
   20  5.6238e+09    15.3479    20    19     1.8669
   21  5.6035e+09    15.3594    21    20     1.9496
   22  5.5945e+09    15.3645    22    21     2.0321
   23  5.4559e+09    15.4439    23    22     2.1143
   24  5.2400e+09    15.5725    24    23     2.1963
   25  4.8263e+09    15.8367    25    24     2.2781
   26  4.7878e+09    15.8627    26    25     2.3597
   27  4.7578e+09    15.8830    27    26     2.4411
   28  4.6719e+09    15.9421    28    27     2.5223
   29  4.6532e+09    15.9551    29    28     2.6034
   30  4.5834e+09    16.0042    30    29     2.6844
   31  4.4625e+09    16.0915    31    30     2.7652
   32  3.7185e+09    16.6955    32    31     2.8459
   33  3.6792e+09    16.7311    33    32     2.9266
   34  3.5824e+09    16.8209    34    33     3.0071
   35  3.5812e+09    16.8221    35    34     3.0876
   36  3.5007e+09    16.8989    36    35     3.1680
   37  3.4955e+09    16.9039    37    36     3.2483
   38  3.4434e+09    16.9548    38    37     3.3285
   39  3.4099e+09    16.9880    39    38     3.4087
   40  3.3571e+09    17.0410    40    39     3.4889
   41  3.3523e+09    17.0459    41    40     3.5689
   42  3.3479e+09    17.0504    42    41     3.6490
   43  3.3463e+09    17.0520    43    42     3.7290
   44  3.3147e+09    17.0844    44    43     3.8089
   45  3.2538e+09    17.1477    45    44     3.8889
   46  3.2271e+09    17.1759    46    45     3.9688
   47  3.2221e+09    17.1811    47    46     4.0486
   48  3.1235e+09    17.2878    48    47     4.1285
   49  3.1234e+09    17.2880    49    48     4.2083
   50  3.0957e+09    17.3186    50    49     4.2881
   51  2.5998e+09    17.9272    51    50     4.3678
   52  2.5978e+09    17.9299    52    51     4.4476
   53  2.5893e+09    17.9414    53    52     4.5273
   54  2.5124e+09    18.0480    54    53     4.6070
   55  2.4355e+09    18.1586    55    54     4.6867
   56  2.4299e+09    18.1668    56    55     4.7664
   57  2.3384e+09    18.3038    57    56     4.8460
   58  2.2974e+09    18.3672    58    57     4.9257
   59  1.9789e+09    18.9085    59    58     5.0053
   60  1.9136e+09    19.0316    60    59     5.0849
   61  1.7022e+09    19.4659    61    60     5.1646
   62  1.7004e+09    19.4698    62    61     5.2442
   63  1.6981e+09    19.4750    63    62     5.3238
   64  1.6974e+09    19.4766    64    63     5.4033
   65  1.6351e+09    19.6168    65    64     5.4829
   66  1.6119e+09    19.6705    66    65     5.5625
   67  1.6100e+09    19.6749    67    66     5.6421
   68  1.6090e+09    19.6772    68    67     5.7216
   69  1.6078e+09    19.6802    69    68     5.8012
   70  1.5063e+09    19.9269    70    69     5.8807
   71  1.5060e+09    19.9276    71    70     5.9602
   72  1.4511e+09    20.0693    72    71     6.0398
   73  1.4464e+09    20.0817    73    72     6.1193
   74  1.4379e+09    20.1040    74    73     6.1988
   75  1.4299e+09    20.1255    75    74     6.2783
   76  1.4270e+09    20.1331    76    75     6.3579
   77  1.4203e+09    20.1512    77    76     6.4374
   78  1.3878e+09    20.2400    78    77     6.5169
   79  1.3856e+09    20.2461    79    78     6.5964
   80  1.3828e+09    20.2540    80    79     6.6759
   81  1.3746e+09    20.2769    81    80     6.7554
   82  1.3677e+09    20.2961    82    81     6.8349
   83  1.3579e+09    20.3241    83    82     6.9143
   84  1.3532e+09    20.3375    84    83     6.9938
   85  1.2967e+09    20.5023    85    84     7.0733
   86  1.2447e+09    20.6613    86    85     7.1528
   87  1.2430e+09    20.6668    87    86     7.2323
   88  1.2385e+09    20.6810    88    87     7.3117
   89  1.0480e+09    21.3398    89    88     7.3912
   90  1.0124e+09    21.4781    90    89     7.4707
   91  9.1276e+08    21.8959    91    90     7.5502
   92  8.2835e+08    22.2924    92    91     7.6296
   93  8.1698e+08    22.3493    93    92     7.7091
   94  7.8708e+08    22.5033    94    93     7.7885
   95  7.8377e+08    22.5207    95    94     7.8680
   96  7.2215e+08    22.8617    96    95     7.9475
   97  7.1427e+08    22.9076    97    96     8.0269
   98  7.1357e+08    22.9117    98    97     8.1064
   99  7.0111e+08    22.9856    99    98     8.1858
  100  6.9950e+08    22.9953   100    99     8.2653
