#indx Mass S step-number desc_indx 
    0  1.0000e+10    13.6042     0    -1     0.0134
    1  6.9270e+09    14.6992     1     0     0.1326
    2  6.8439e+09    14.7362     2     1     0.2441
    3  6.8422e+09    14.7370     3     2     0.3500
    4  5.6738e+09    15.3200     4     3     0.4519
    5  5.6351e+09    15.3416     5     4     0.5506
    6  5.6256e+09    15.3469     6     5     0.6467
    7  5.6223e+09    15.3488     7     6     0.7407
    8  5.6180e+09    15.3512     8     7     0.8330
    9  5.5622e+09    15.3828     9     8     0.9238
   10  5.4240e+09    15.4626    10     9     1.0134
   11  5.4031e+09    15.4748    11    10     1.1018
   12  5.3671e+09    15.4961    12    11     1.1894
   13  5.3541e+09    15.5038    13    12     1.2761
   14  5.3253e+09    15.5210    14    13     1.3621
   15  5.2941e+09    15.5397    15    14     1.4474
   16  5.1914e+09    15.6023    16    15     1.5322
   17  5.1379e+09    15.6355    17    16     1.6165
   18  5.1225e+09    15.6451    18    17     1.7003
   19  4.4347e+09    16.1119    19    18     1.7838
   20  4.4241e+09    16.1197    20    19     1.8669
   21  4.4202e+09    16.1226    21    20     1.9496
   22  4.4016e+09    16.1364    22    21     2.0321
   23  4.2756e+09    16.2317    23    22     2.1143
   24  4.1942e+09    16.2951    24    23     2.1963
   25  4.1868e+09    16.3009    25    24     2.2781
   26  1.3220e+09    20.4273    26    25     2.3597
   27  1.3146e+09    20.4491    27    26     2.4411
   28  1.3144e+09    20.4498    28    27     2.5223
   29  1.3077e+09    20.4696    29    28     2.6034
   30  1.3073e+09    20.4709    30    29     2.6844
   31  1.3044e+09    20.4794    31    30     2.7652
   32  1.2703e+09    20.5822    32    31     2.8459
   33  1.1790e+09    20.8735    33    32     2.9266
   34  1.1788e+09    20.8744    34    33     3.0071
   35  1.1682e+09    20.9099    35    34     3.0876
   36  1.1603e+09    20.9365    36    35     3.1680
   37  1.1599e+09    20.9378    37    36     3.2483
   38  1.1575e+09    20.9460    38    37     3.3285
   39  1.1525e+09    20.9629    39    38     3.4087
   40  1.1216e+09    21.0702    40    39     3.4889
   41  1.0528e+09    21.3217    41    40     3.5689
   42  1.0372e+09    21.3811    42    41     3.6490
   43  1.0222e+09    21.4392    43    42     3.7290
   44  1.0219e+09    21.4407    44    43     3.8089
   45  9.1622e+08    21.8805    45    44     3.8889
   46  8.7001e+08    22.0913    46    45     3.9688
   47  8.5469e+08    22.1640    47    46     4.0486
   48  8.3361e+08    22.2664    48    47     4.1285
   49  8.2973e+08    22.2856    49    48     4.2083
   50  8.0078e+08    22.4319    50    49     4.2881
   51  8.0036e+08    22.4341    51    50     4.3678
   52  7.9751e+08    22.4488    52    51     4.4476
   53  7.9203e+08    22.4773    53    52     4.5273
   54  7.9156e+08    22.4798    54    53     4.6070
   55  7.9001e+08    22.4879    55    54     4.6867
   56  7.8200e+08    22.5301    56    55     4.7664
   57  6.9332e+08    23.0326    57    56     4.8460
   58  6.9022e+08    23.0515    58    57     4.9257
   59  6.8872e+08    23.0606    59    58     5.0053
   60  6.8401e+08    23.0895    60    59     5.0849
   61  6.5973e+08    23.2422    61    60     5.1646
   62  6.5359e+08    23.2818    62    61     5.2442
   63  6.5292e+08    23.2861    63    62     5.3238
   64  6.5248e+08    23.2889    64    63     5.4033
   65  6.4834e+08    23.3160    65    64     5.4829
   66  6.4652e+08    23.3279    66    65     5.5625
   67  4.4014e+08    25.0000    67    66     5.6421
   68  4.3984e+08    25.0030    68    67     5.7216
   69  4.3798e+08    25.0219    69    68     5.8012
   70  4.3175e+08    25.0857    70    69     5.8807
   71  4.2557e+08    25.1502    71    70     5.9602
   72  3.4575e+08    26.0910    72    71     6.0398
   73  3.2273e+08    26.4082    73    72     6.1193
   74  3.1171e+08    26.5692    74    73     6.1988
   75  3.1075e+08    26.5836    75    74     6.2783
   76  2.7776e+08    27.1086    76    75     6.3579
   77  2.7742e+08    27.1144    77    76     6.4374
   78  2.7486e+08    27.1581    78    77     6.5169
   79  2.7337e+08    27.1837    79    78     6.5964
   80  2.6548e+08    27.3221    80    79     6.6759
   81  2.5981e+08    27.4244    81    80     6.7554
   82  2.2525e+08    28.1079    82    81     6.8349
   83  2.2478e+08    28.1178    83    82     6.9143
   84  2.2377e+08    28.1396    84    83     6.9938
   85  2.2342e+08    28.1472    85    84     7.0733
   86  2.2209e+08    28.1761    86    85     7.1528
   87  2.2155e+08    28.1879    87    86     7.2323
   88  2.2137e+08    28.1917    88    87     7.3117
   89  2.2073e+08    28.2059    89    88     7.3912
   90  2.1985e+08    28.2251    90    89     7.4707
   91  2.1011e+08    28.4450    91    90     7.5502
   92  2.0635e+08    28.5330    92    91     7.6296
   93  1.9722e+08    28.7545    93    92     7.7091
   94  1.9465e+08    28.8187    94    93     7.7885
   95  1.9463e+08    28.8194    95    94     7.8680
   96  1.9119e+08    28.9070    96    95     7.9475
   97  1.8241e+08    29.1389    97    96     8.0269
   98  1.7868e+08    29.2413    98    97     8.1064
   99  1.5474e+08    29.9607    99    98     8.1858
  100  1.5465e+08    29.9636   100    99     8.2653
