#indx Mass S step-number desc_indx 
    0  1.0000e+10    13.6042     0    -1     0.0134
    1  9.9685e+09    13.6133     1     0     0.1326
    2  9.9590e+09    13.6161     2     1     0.2441
    3  9.9528e+09    13.6179     3     2     0.3500
    4  8.4396e+09    14.1026     4     3     0.4519
    5  7.6916e+09    14.3807     5     4     0.5506
    6  7.5948e+09    14.4190     6     5     0.6467
    7  6.6446e+09    14.8272     7     6     0.7407
    8  6.5375e+09    14.8773     8     7     0.8330
    9  5.9875e+09    15.1508     9     8     0.9238
   10  5.0592e+09    15.6849    10     9     1.0134
   11  4.6298e+09    15.9715    11    10     1.1018
   12  4.5583e+09    16.0221    12    11     1.1894
   13  4.5223e+09    16.0480    13    12     1.2761
   14  4.4681e+09    16.0873    14    13     1.3621
   15  4.4180e+09    16.1242    15    14     1.4474
   16  4.3312e+09    16.1893    16    15     1.5322
   17  4.3237e+09    16.1949    17    16     1.6165
   18  4.2073e+09    16.2848    18    17     1.7003
   19  4.2030e+09    16.2881    19    18     1.7838
   20  4.1792e+09    16.3068    20    19     1.8669
   21  4.1561e+09    16.3252    21    20     1.9496
   22  4.1339e+09    16.3429    22    21     2.0321
   23  4.1323e+09    16.3441    23    22     2.1143
   24  4.1058e+09    16.3654    24    23     2.1963
   25  4.0855e+09    16.3818    25    24     2.2781
   26  4.0510e+09    16.4099    26    25     2.3597
   27  4.0171e+09    16.4377    27    26     2.4411
   28  2.1028e+09    18.6869    28    27     2.5223
   29  2.0586e+09    18.7642    29    28     2.6034
   30  1.9932e+09    18.8820    30    29     2.6844
   31  1.9909e+09    18.8862    31    30     2.7652
   32  1.6672e+09    19.5436    32    31     2.8459
   33  1.6499e+09    19.5830    33    32     2.9266
   34  1.6416e+09    19.6018    34    33     3.0071
   35  1.6053e+09    19.6860    35    34     3.0876
   36  1.5036e+09    19.9337    36    35     3.1680
   37  1.5028e+09    19.9359    37    36     3.2483
   38  1.3158e+09    20.4457    38    37     3.3285
   39  1.3150e+09    20.4478    39    38     3.4087
   40  1.3015e+09    20.4881    40    39     3.4889
   41  1.3012e+09    20.4889    41    40     3.5689
   42  6.1707e+08    23.5264    42    41     3.6490
   43  6.1598e+08    23.5339    43    42     3.7290
   44  6.1284e+08    23.5558    44    43     3.8089
   45  5.9607e+08    23.6745    45    44     3.8889
   46  5.7914e+08    23.7983    46    45     3.9688
   47  5.3108e+08    24.1732    47    46     4.0486
   48  5.2163e+08    24.2513    48    47     4.1285
   49  5.1945e+08    24.2697    49    48     4.2083
   50  4.9731e+08    24.4602    50    49     4.2881
   51  4.6400e+08    24.7656    51    50     4.3678
   52  4.3860e+08    25.0155    52    51     4.4476
   53  4.3761e+08    25.0256    53    52     4.5273
   54  4.2743e+08    25.1306    54    53     4.6070
   55  4.2495e+08    25.1566    55    54     4.6867
   56  4.2339e+08    25.1732    56    55     4.7664
   57  4.1983e+08    25.2109    57    56     4.8460
   58  4.1329e+08    25.2813    58    57     4.9257
   59  4.0241e+08    25.4013    59    58     5.0053
   60  3.9361e+08    25.5010    60    59     5.0849
   61  3.9251e+08    25.5136    61    60     5.1646
   62  3.9123e+08    25.5284    62    61     5.2442
   63  3.7844e+08    25.6789    63    62     5.3238
   64  3.7746e+08    25.6906    64    63     5.4033
   65  3.7722e+08    25.6935    65    64     5.4829
   66  3.7638e+08    25.7036    66    65     5.5625
   67  3.7540e+08    25.7154    67    66     5.6421
   68  3.5613e+08    25.9555    68    67     5.7216
   69  3.5534e+08    25.9656    69    68     5.8012
   70  3.5431e+08    25.9789    70    69     5.8807
   71  3.5228e+08    26.0052    71    70     5.9602
   72  3.4622e+08    26.0847    72    71     6.0398
   73  3.4099e+08    26.1546    73    72     6.1193
   74  3.3981e+08    26.1705    74    73     6.1988
   75  3.3965e+08    26.1727    75    74     6.2783
   76  3.3685e+08    26.2108    76    75     6.3579
   77  3.3126e+08    26.2878    77    76     6.4374
   78  3.2970e+08    26.3096    78    77     6.5169
   79  3.2915e+08    26.3173    79    78     6.5964
   80  3.2904e+08    26.3188    80    79     6.6759
   81  3.2102e+08    26.4328    81    80     6.7554
   82  3.1667e+08    26.4961    82    81     6.8349
   83  3.1440e+08    26.5294    83    82     6.9143
   84  3.1377e+08    26.5387    84    83     6.9938
   85  3.1041e+08    26.5887    85    84     7.0733
   86  3.0963e+08    26.6004    86    85     7.1528
   87  2.5256e+08    27.5591    87    86     7.2323
   88  2.5211e+08    27.5675    88    87     7.3117
   89  1.5938e+08    29.8118    89    88     7.3912
   90  1.5650e+08    29.9036    90    89     7.4707
