#indx Mass S step-number desc_indx 
    0  1.0000e+10    13.6042     0    -1     0.0134
    1  8.3160e+09    14.1466     1     0     0.1326
    2  8.1989e+09    14.1889     2     1     0.2441
    3  8.1348e+09    14.2124     3     2     0.3500
    4  6.9008e+09    14.7108     4     3     0.4519
    5  6.6947e+09    14.8040     5     4     0.5506
    6  6.6806e+09    14.8105     6     5     0.6467
    7  6.4407e+09    14.9235     7     6     0.7407
    8  6.4210e+09    14.9330     8     7     0.8330
    9  6.3274e+09    14.9785     9     8     0.9238
   10  6.3117e+09    14.9863    10     9     1.0134
   11  6.1710e+09    15.0564    11    10     1.1018
   12  6.1552e+09    15.0644    12    11     1.1894
   13  6.1107e+09    15.0871    13    12     1.2761
   14  6.0725e+09    15.1067    14    13     1.3621
   15  6.0694e+09    15.1083    15    14     1.4474
   16  6.0590e+09    15.1136    16    15     1.5322
   17  5.3069e+09    15.5320    17    16     1.6165
   18  5.2161e+09    15.5871    18    17     1.7003
   19  5.1765e+09    15.6115    19    18     1.7838
   20  4.7053e+09    15.9189    20    19     1.8669
   21  4.6825e+09    15.9347    21    20     1.9496
   22  4.6760e+09    15.9392    22    21     2.0321
   23  4.6748e+09    15.9400    23    22     2.1143
   24  4.6542e+09    15.9544    24    23     2.1963
   25  4.4952e+09    16.0676    25    24     2.2781
   26  4.1106e+09    16.3615    26    25     2.3597
   27  4.1057e+09    16.3654    27    26     2.4411
   28  4.0575e+09    16.4046    28    27     2.5223
   29  3.8574e+09    16.5727    29    28     2.6034
   30  3.7794e+09    16.6411    30    29     2.6844
   31  3.7738e+09    16.6460    31    30     2.7652
   32  2.2904e+09    18.3782    32    31     2.8459
   33  2.2754e+09    18.4018    33    32     2.9266
   34  2.2623e+09    18.4226    34    33     3.0071
   35  2.2301e+09    18.4741    35    34     3.0876
   36  2.1775e+09    18.5604    36    35     3.1680
   37  2.0774e+09    18.7311    37    36     3.2483
   38  2.0764e+09    18.7328    38    37     3.3285
   39  2.0760e+09    18.7335    39    38     3.4087
   40  1.8438e+09    19.1688    40    39     3.4889
   41  1.7625e+09    19.3360    41    40     3.5689
   42  1.6705e+09    19.5364    42    41     3.6490
   43  1.6476e+09    19.5880    43    42     3.7290
   44  1.5760e+09    19.7556    44    43     3.8089
   45  1.5655e+09    19.7807    45    44     3.8889
   46  1.5649e+09    19.7823    46    45     3.9688
   47  1.5546e+09    19.8072    47    46     4.0486
   48  1.5184e+09    19.8966    48    47     4.1285
   49  1.4624e+09    20.0396    49    48     4.2083
   50  1.4602e+09    20.0453    50    49     4.2881
   51  1.4514e+09    20.0684    51    50     4.3678
   52  1.2881e+09    20.5280    52    51     4.4476
   53  1.2789e+09    20.5558    53    52     4.5273
   54  1.2667e+09    20.5933    54    53     4.6070
   55  1.2451e+09    20.6600    55    54     4.6867
   56  1.1666e+09    20.9152    56    55     4.7664
   57  1.1651e+09    20.9203    57    56     4.8460
   58  1.0074e+09    21.4978    58    57     4.9257
   59  1.0020e+09    21.5192    59    58     5.0053
   60  1.0017e+09    21.5208    60    59     5.0849
   61  9.4573e+08    21.7521    61    60     5.1646
   62  9.4505e+08    21.7550    62    61     5.2442
   63  9.3855e+08    21.7829    63    62     5.3238
   64  9.3191e+08    21.8117    64    63     5.4033
   65  9.3078e+08    21.8166    65    64     5.4829
   66  6.5902e+08    23.2467    66    65     5.5625
   67  6.3593e+08    23.3981    67    66     5.6421
   68  6.3538e+08    23.4017    68    67     5.7216
   69  6.3403e+08    23.4108    69    68     5.8012
   70  6.2338e+08    23.4829    70    69     5.8807
   71  5.9424e+08    23.6877    71    70     5.9602
   72  5.9335e+08    23.6941    72    71     6.0398
   73  5.9314e+08    23.6956    73    72     6.1193
   74  5.8707e+08    23.7398    74    73     6.1988
   75  5.8552e+08    23.7511    75    74     6.2783
   76  3.4096e+08    26.1550    76    75     6.3579
   77  3.0882e+08    26.6126    77    76     6.4374
   78  3.0847e+08    26.6179    78    77     6.5169
   79  2.5915e+08    27.4366    79    78     6.5964
   80  2.5910e+08    27.4374    80    79     6.6759
   81  2.5745e+08    27.4678    81    80     6.7554
   82  2.5203e+08    27.5691    82    81     6.8349
   83  2.5078e+08    27.5927    83    82     6.9143
   84  2.4462e+08    27.7115    84    83     6.9938
   85  2.4419e+08    27.7199    85    84     7.0733
   86  2.4150e+08    27.7730    86    85     7.1528
   87  2.3883e+08    27.8262    87    86     7.2323
   88  2.2417e+08    28.1309    88    87     7.3117
   89  2.2409e+08    28.1328    89    88     7.3912
   90  2.2336e+08    28.1486    90    89     7.4707
   91  2.0836e+08    28.4859    91    90     7.5502
   92  1.0691e+08    31.8653    92    91     7.6296
   93  1.0635e+08    31.8929    93    92     7.7091
   94  1.0631e+08    31.8946    94    93     7.7885
