#indx Mass S step-number desc_indx 
    0  1.0000e+10    13.6042     0    -1     0.0134
    1  9.9655e+09    13.6142     1     0     0.1326
    2  9.9008e+09    13.6331     2     1     0.2441
    3  9.8438e+09    13.6499     3     2     0.3500
    4  9.6347e+09    13.7124     4     3     0.4519
    5  9.1019e+09    13.8791     5     4     0.5506
    6  8.7728e+09    13.9877     6     5     0.6467
    7  8.7150e+09    14.0073     7     6     0.7407
    8  8.7087e+09    14.0095     8     7     0.8330
    9  8.6910e+09    14.0155     9     8     0.9238
   10  7.9999e+09    14.2625    10     9     1.0134
   11  7.8059e+09    14.3363    11    10     1.1018
   12  7.6197e+09    14.4091    12    11     1.1894
   13  7.4912e+09    14.4606    13    12     1.2761
   14  7.4684e+09    14.4698    14    13     1.3621
   15  7.3613e+09    14.5137    15    14     1.4474
   16  7.2818e+09    14.5467    16    15     1.5322
   17  7.1224e+09    14.6141    17    16     1.6165
   18  7.0499e+09    14.6454    18    17     1.7003
   19  6.8625e+09    14.7279    19    18     1.7838
   20  6.7473e+09    14.7799    20    19     1.8669
   21  6.5734e+09    14.8604    21    20     1.9496
   22  6.5380e+09    14.8771    22    21     2.0321
   23  6.4001e+09    14.9431    23    22     2.1143
   24  6.3916e+09    14.9472    24    23     2.1963
   25  6.3891e+09    14.9484    25    24     2.2781
   26  5.6513e+09    15.3326    26    25     2.3597
   27  5.6393e+09    15.3393    27    26     2.4411
   28  5.1175e+09    15.6482    28    27     2.5223
   29  5.1096e+09    15.6532    29    28     2.6034
   30  5.0794e+09    15.6721    30    29     2.6844
   31  5.0275e+09    15.7051    31    30     2.7652
   32  4.9150e+09    15.7779    32    31     2.8459
   33  4.7703e+09    15.8745    33    32     2.9266
   34  4.5560e+09    16.0237    34    33     3.0071
   35  4.3226e+09    16.1958    35    34     3.0876
   36  4.2765e+09    16.2310    36    35     3.1680
   37  3.9493e+09    16.4943    37    36     3.2483
   38  3.9429e+09    16.4997    38    37     3.3285
   39  3.6449e+09    16.7627    39    38     3.4087
   40  3.5917e+09    16.8122    40    39     3.4889
   41  3.5577e+09    16.8443    41    40     3.5689
   42  3.5534e+09    16.8483    42    41     3.6490
   43  3.5351e+09    16.8658    43    42     3.7290
   44  3.4699e+09    16.9288    44    43     3.8089
   45  3.4674e+09    16.9313    45    44     3.8889
   46  3.2171e+09    17.1865    46    45     3.9688
   47  3.1955e+09    17.2096    47    46     4.0486
   48  3.1311e+09    17.2795    48    47     4.1285
   49  3.0864e+09    17.3289    49    48     4.2083
   50  2.9540e+09    17.4805    50    49     4.2881
   51  2.9465e+09    17.4893    51    50     4.3678
   52  2.8814e+09    17.5669    52    51     4.4476
   53  2.8436e+09    17.6128    53    52     4.5273
   54  2.6426e+09    17.8696    54    53     4.6070
   55  2.6366e+09    17.8775    55    54     4.6867
   56  2.6166e+09    17.9045    56    55     4.7664
   57  2.5623e+09    17.9785    57    56     4.8460
   58  2.5445e+09    18.0031    58    57     4.9257
   59  2.5322e+09    18.0202    59    58     5.0053
   60  2.5306e+09    18.0225    60    59     5.0849
   61  2.5262e+09    18.0287    61    60     5.1646
   62  2.4777e+09    18.0975    62    61     5.2442
   63  2.4752e+09    18.1011    63    62     5.3238
   64  2.4686e+09    18.1105    64    63     5.4033
   65  2.4494e+09    18.1383    65    64     5.4829
   66  2.4247e+09    18.1743    66    65     5.5625
   67  2.4082e+09    18.1987    67    66     5.6421
   68  2.2845e+09    18.3874    68    67     5.7216
   69  2.2839e+09    18.3883    69    68     5.8012
   70  2.2497e+09    18.4427    70    69     5.8807
   71  2.1467e+09    18.6119    71    70     5.9602
   72  2.1377e+09    18.6271    72    71     6.0398
   73  2.1148e+09    18.6662    73    72     6.1193
   74  1.9641e+09    18.9360    74    73     6.1988
   75  1.9553e+09    18.9524    75    74     6.2783
   76  1.9308e+09    18.9987    76    75     6.3579
   77  1.9104e+09    19.0379    77    76     6.4374
   78  1.7658e+09    19.3291    78    77     6.5169
   79  1.7573e+09    19.3471    79    78     6.5964
   80  1.7546e+09    19.3528    80    79     6.6759
   81  1.7363e+09    19.3919    81    80     6.7554
   82  1.7294e+09    19.4067    82    81     6.8349
   83  1.7231e+09    19.4203    83    82     6.9143
   84  1.3883e+09    20.2387    84    83     6.9938
   85  1.1567e+09    20.9487    85    84     7.0733
   86  1.1390e+09    21.0094    86    85     7.1528
   87  1.0171e+09    21.4596    87    86     7.2323
   88  8.8409e+08    22.0258    88    87     7.3117
   89  8.7759e+08    22.0559    89    88     7.3912
   90  8.6545e+08    22.1128    90    89     7.4707
   91  8.5723e+08    22.1518    91    90     7.5502
   92  8.0004e+08    22.4357    92    91     7.6296
   93  7.9722e+08    22.4503    93    92     7.7091
   94  7.2512e+08    22.8445    94    93     7.7885
   95  6.5782e+08    23.2544    95    94     7.8680
   96  6.5689e+08    23.2604    96    95     7.9475
   97  6.5593e+08    23.2666    97    96     8.0269
   98  5.8805e+08    23.7326    98    97     8.1064
   99  5.8220e+08    23.7756    99    98     8.1858
  100  5.7839e+08    23.8039   100    99     8.2653
