#indx Mass S step-number desc_indx 
    0  1.0000e+10    13.6042     0    -1     0.0134
    1  9.9832e+09    13.6091     1     0     0.1326
    2  9.7671e+09    13.6727     2     1     0.2441
    3  9.2933e+09    13.8180     3     2     0.3500
    4  9.2649e+09    13.8269     4     3     0.4519
    5  9.2279e+09    13.8387     5     4     0.5506
    6  9.2110e+09    13.8441     6     5     0.6467
    7  8.9840e+09    13.9175     7     6     0.7407
    8  8.8603e+09    13.9584     8     7     0.8330
    9  8.8460e+09    13.9632     9     8     0.9238
   10  8.6645e+09    14.0245    10     9     1.0134
   11  8.3057e+09    14.1503    11    10     1.1018
   12  8.2685e+09    14.1637    12    11     1.1894
   13  8.2478e+09    14.1711    13    12     1.2761
   14  8.1986e+09    14.1890    14    13     1.3621
   15  8.1440e+09    14.2090    15    14     1.4474
   16  7.7665e+09    14.3515    16    15     1.5322
   17  7.3712e+09    14.5096    17    16     1.6165
   18  7.2272e+09    14.5695    18    17     1.7003
   19  7.2205e+09    14.5724    19    18     1.7838
   20  6.0239e+09    15.1318    20    19     1.8669
   21  6.0204e+09    15.1337    21    20     1.9496
   22  5.9706e+09    15.1596    22    21     2.0321
   23  5.6669e+09    15.3238    23    22     2.1143
   24  5.4998e+09    15.4185    24    23     2.1963
   25  5.4983e+09    15.4194    25    24     2.2781
   26  5.4946e+09    15.4215    26    25     2.3597
   27  5.2679e+09    15.5556    27    26     2.4411
   28  5.2588e+09    15.5611    28    27     2.5223
   29  4.9734e+09    15.7399    29    28     2.6034
   30  3.7972e+09    16.6253    30    29     2.6844
   31  3.7614e+09    16.6570    31    30     2.7652
   32  3.7543e+09    16.6634    32    31     2.8459
   33  3.5618e+09    16.8404    33    32     2.9266
   34  3.5228e+09    16.8776    34    33     3.0071
   35  3.4172e+09    16.9808    35    34     3.0876
   36  3.0493e+09    17.3707    36    35     3.1680
   37  3.0264e+09    17.3966    37    36     3.2483
   38  2.9417e+09    17.4950    38    37     3.3285
   39  2.9307e+09    17.5080    39    38     3.4087
   40  2.8355e+09    17.6228    40    39     3.4889
   41  2.7531e+09    17.7258    41    40     3.5689
   42  2.7375e+09    17.7457    42    41     3.6490
   43  2.6106e+09    17.9126    43    42     3.7290
   44  2.6079e+09    17.9162    44    43     3.8089
   45  2.6064e+09    17.9182    45    44     3.8889
   46  2.6051e+09    17.9199    46    45     3.9688
   47  2.5938e+09    17.9353    47    46     4.0486
   48  2.5765e+09    17.9590    48    47     4.1285
   49  2.5241e+09    18.0317    49    48     4.2083
   50  2.5239e+09    18.0319    50    49     4.2881
   51  2.5161e+09    18.0428    51    50     4.3678
   52  2.3273e+09    18.3209    52    51     4.4476
   53  2.3080e+09    18.3507    53    52     4.5273
   54  2.3041e+09    18.3568    54    53     4.6070
   55  2.2949e+09    18.3712    55    54     4.6867
   56  1.5879e+09    19.7271    56    55     4.7664
   57  1.5776e+09    19.7517    57    56     4.8460
   58  1.5077e+09    19.9234    58    57     4.9257
   59  1.4848e+09    19.9817    59    58     5.0053
   60  1.4578e+09    20.0517    60    59     5.0849
   61  1.4567e+09    20.0546    61    60     5.1646
   62  1.4367e+09    20.1074    62    61     5.2442
   63  1.4017e+09    20.2019    63    62     5.3238
   64  1.3899e+09    20.2342    64    63     5.4033
   65  1.3680e+09    20.2955    65    64     5.4829
   66  1.3661e+09    20.3008    66    65     5.5625
   67  1.3506e+09    20.3449    67    66     5.6421
   68  1.2457e+09    20.6582    68    67     5.7216
   69  1.2364e+09    20.6876    69    68     5.8012
   70  1.2317e+09    20.7025    70    69     5.8807
   71  1.2269e+09    20.7177    71    70     5.9602
   72  1.2186e+09    20.7443    72    71     6.0398
   73  1.2157e+09    20.7535    73    72     6.1193
   74  1.1471e+09    20.9816    74    73     6.1988
   75  1.1410e+09    21.0026    75    74     6.2783
   76  1.1349e+09    21.0237    76    75     6.3579
   77  1.0662e+09    21.2714    77    76     6.4374
   78  1.0603e+09    21.2934    78    77     6.5169
   79  1.0510e+09    21.3285    79    78     6.5964
   80  1.0466e+09    21.3451    80    79     6.6759
   81  1.0364e+09    21.3842    81    80     6.7554
   82  1.0186e+09    21.4534    82    81     6.8349
   83  9.9919e+08    21.5306    83    82     6.9143
   84  9.6581e+08    21.6673    84    83     6.9938
   85  9.5669e+08    21.7056    85    84     7.0733
   86  9.4387e+08    21.7601    86    85     7.1528
   87  9.4082e+08    21.7732    87    86     7.2323
   88  9.3238e+08    21.8097    88    87     7.3117
   89  9.3219e+08    21.8105    89    88     7.3912
   90  9.2600e+08    21.8374    90    89     7.4707
   91  8.9555e+08    21.9733    91    90     7.5502
   92  7.8143e+08    22.5332    92    91     7.6296
   93  7.4495e+08    22.7318    93    92     7.7091
   94  7.4460e+08    22.7338    94    93     7.7885
   95  7.2920e+08    22.8210    95    94     7.8680
   96  6.6380e+08    23.2161    96    95     7.9475
   97  6.0171e+08    23.6341    97    96     8.0269
   98  5.5933e+08    23.9484    98    97     8.1064
   99  5.1905e+08    24.2730    99    98     8.1858
  100  4.7329e+08    24.6780   100    99     8.2653
