#indx Mass S step-number desc_indx 
    0  1.0000e+10    13.6042     0    -1     0.0134
    1  9.9919e+09    13.6065     1     0     0.1326
    2  9.8659e+09    13.6434     2     1     0.2441
    3  8.4722e+09    14.0912     3     2     0.3500
    4  8.3354e+09    14.1396     4     3     0.4519
    5  8.3086e+09    14.1493     5     4     0.5506
    6  8.0807e+09    14.2324     6     5     0.6467
    7  8.0528e+09    14.2427     7     6     0.7407
    8  7.7591e+09    14.3544     8     7     0.8330
    9  7.7110e+09    14.3731     9     8     0.9238
   10  7.6946e+09    14.3796    10     9     1.0134
   11  7.6716e+09    14.3886    11    10     1.1018
   12  6.0360e+09    15.1255    12    11     1.1894
   13  6.0193e+09    15.1342    13    12     1.2761
   14  6.0169e+09    15.1354    14    13     1.3621
   15  5.0360e+09    15.6997    15    14     1.4474
   16  4.9977e+09    15.7242    16    15     1.5322
   17  4.3651e+09    16.1637    17    16     1.6165
   18  3.5776e+09    16.8255    18    17     1.7003
   19  3.5353e+09    16.8656    19    18     1.7838
   20  3.5280e+09    16.8726    20    19     1.8669
   21  3.3889e+09    17.0090    21    20     1.9496
   22  3.3349e+09    17.0636    22    21     2.0321
   23  3.3166e+09    17.0824    23    22     2.1143
   24  3.2883e+09    17.1116    24    23     2.1963
   25  3.2583e+09    17.1430    25    24     2.2781
   26  3.1988e+09    17.2061    26    25     2.3597
   27  3.1563e+09    17.2519    27    26     2.4411
   28  3.0868e+09    17.3286    28    27     2.5223
   29  3.0283e+09    17.3946    29    28     2.6034
   30  2.9630e+09    17.4699    30    29     2.6844
   31  2.7592e+09    17.7181    31    30     2.7652
   32  2.7003e+09    17.7937    32    31     2.8459
   33  2.6815e+09    17.8182    33    32     2.9266
   34  2.4205e+09    18.1806    34    33     3.0071
   35  2.3998e+09    18.2112    35    34     3.0876
   36  2.1863e+09    18.5458    36    35     3.1680
   37  2.1809e+09    18.5546    37    36     3.2483
   38  1.8057e+09    19.2460    38    37     3.3285
   39  1.5816e+09    19.7420    39    38     3.4087
   40  1.5707e+09    19.7684    40    39     3.4889
   41  1.5298e+09    19.8680    41    40     3.5689
   42  1.2664e+09    20.5940    42    41     3.6490
   43  1.2395e+09    20.6776    43    42     3.7290
   44  1.2239e+09    20.7271    44    43     3.8089
   45  1.1897e+09    20.8383    45    44     3.8889
   46  1.1874e+09    20.8456    46    45     3.9688
   47  1.1745e+09    20.8886    47    46     4.0486
   48  1.1724e+09    20.8956    48    47     4.1285
   49  1.1582e+09    20.9437    49    48     4.2083
   50  1.1022e+09    21.1393    50    49     4.2881
   51  1.0857e+09    21.1992    51    50     4.3678
   52  1.0829e+09    21.2093    52    51     4.4476
   53  1.0813e+09    21.2151    53    52     4.5273
   54  1.0812e+09    21.2156    54    53     4.6070
   55  1.0775e+09    21.2293    55    54     4.6867
   56  1.0726e+09    21.2475    56    55     4.7664
   57  1.0655e+09    21.2738    57    56     4.8460
   58  1.0361e+09    21.3856    58    57     4.9257
   59  9.9997e+08    21.5275    59    58     5.0053
   60  9.9260e+08    21.5572    60    59     5.0849
   61  9.3472e+08    21.7995    61    60     5.1646
   62  9.3469e+08    21.7996    62    61     5.2442
   63  8.9248e+08    21.9872    63    62     5.3238
   64  8.8181e+08    22.0363    64    63     5.4033
   65  8.8013e+08    22.0441    65    64     5.4829
   66  8.5284e+08    22.1728    66    65     5.5625
   67  8.3426e+08    22.2632    67    66     5.6421
   68  8.3240e+08    22.2724    68    67     5.7216
   69  8.2905e+08    22.2890    69    68     5.8012
   70  8.2890e+08    22.2897    70    69     5.8807
   71  8.2708e+08    22.2987    71    70     5.9602
   72  8.2159e+08    22.3261    72    71     6.0398
   73  8.0866e+08    22.3915    73    72     6.1193
   74  8.0856e+08    22.3920    74    73     6.1988
   75  8.0786e+08    22.3956    75    74     6.2783
   76  8.0771e+08    22.3964    76    75     6.3579
   77  8.0666e+08    22.4018    77    76     6.4374
   78  8.0605e+08    22.4049    78    77     6.5169
   79  7.9896e+08    22.4413    79    78     6.5964
   80  7.9606e+08    22.4563    80    79     6.6759
   81  7.9355e+08    22.4694    81    80     6.7554
   82  7.6757e+08    22.6074    82    81     6.8349
   83  7.6028e+08    22.6470    83    82     6.9143
   84  7.3004e+08    22.8162    84    83     6.9938
   85  7.2951e+08    22.8192    85    84     7.0733
   86  7.2824e+08    22.8265    86    85     7.1528
   87  7.2656e+08    22.8362    87    86     7.2323
   88  7.2436e+08    22.8489    88    87     7.3117
   89  7.2266e+08    22.8587    89    88     7.3912
   90  7.2259e+08    22.8591    90    89     7.4707
   91  7.2222e+08    22.8613    91    90     7.5502
   92  5.0444e+08    24.3978    92    91     7.6296
   93  3.2936e+08    26.3143    93    92     7.7091
   94  3.2923e+08    26.3161    94    93     7.7885
   95  3.2380e+08    26.3929    95    94     7.8680
   96  3.1446e+08    26.5285    96    95     7.9475
   97  3.1400e+08    26.5353    97    96     8.0269
   98  3.1379e+08    26.5385    98    97     8.1064
   99  3.1361e+08    26.5411    99    98     8.1858
  100  3.1327e+08    26.5461   100    99     8.2653
