#indx Mass S step-number desc_indx 
    0  1.0000e+10    13.6042     0    -1     0.0134
    1  9.7800e+09    13.6688     1     0     0.1326
    2  9.7464e+09    13.6788     2     1     0.2441
    3  9.2905e+09    13.8188     3     2     0.3500
    4  9.1023e+09    13.8790     4     3     0.4519
    5  8.9300e+09    13.9353     5     4     0.5506
    6  8.8920e+09    13.9479     6     5     0.6467
    7  8.8437e+09    13.9639     7     6     0.7407
    8  8.5701e+09    14.0570     8     7     0.8330
    9  8.3408e+09    14.1377     9     8     0.9238
   10  7.8892e+09    14.3043    10     9     1.0134
   11  7.8444e+09    14.3215    11    10     1.1018
   12  7.7738e+09    14.3487    12    11     1.1894
   13  7.7470e+09    14.3591    13    12     1.2761
   14  7.3635e+09    14.5127    14    13     1.3621
   15  7.2738e+09    14.5500    15    14     1.4474
   16  7.1274e+09    14.6120    16    15     1.5322
   17  6.9003e+09    14.7110    17    16     1.6165
   18  2.9710e+09    17.4606    18    17     1.7003
   19  2.9702e+09    17.4616    19    18     1.7838
   20  2.9560e+09    17.4782    20    19     1.8669
   21  2.9381e+09    17.4992    21    20     1.9496
   22  2.9231e+09    17.5169    22    21     2.0321
   23  2.9139e+09    17.5279    23    22     2.1143
   24  2.8963e+09    17.5489    24    23     2.1963
   25  2.8739e+09    17.5759    25    24     2.2781
   26  2.8726e+09    17.5775    26    25     2.3597
   27  2.8628e+09    17.5894    27    26     2.4411
   28  2.7732e+09    17.7003    28    27     2.5223
   29  2.7636e+09    17.7125    29    28     2.6034
   30  2.7594e+09    17.7178    30    29     2.6844
   31  2.6937e+09    17.8023    31    30     2.7652
   32  2.6618e+09    17.8442    32    31     2.8459
   33  2.6531e+09    17.8556    33    32     2.9266
   34  2.6290e+09    17.8878    34    33     3.0071
   35  2.4614e+09    18.1210    35    34     3.0876
   36  2.4278e+09    18.1698    36    35     3.1680
   37  2.3130e+09    18.3430    37    36     3.2483
   38  1.7126e+09    19.4432    38    37     3.3285
   39  1.6305e+09    19.6273    39    38     3.4087
   40  1.6220e+09    19.6471    40    39     3.4889
   41  1.6193e+09    19.6533    41    40     3.5689
   42  1.6085e+09    19.6784    42    41     3.6490
   43  1.5888e+09    19.7251    43    42     3.7290
   44  1.5732e+09    19.7623    44    43     3.8089
   45  1.5655e+09    19.7808    45    44     3.8889
   46  1.4463e+09    20.0820    46    45     3.9688
   47  1.3847e+09    20.2487    47    46     4.0486
   48  1.3386e+09    20.3792    48    47     4.1285
   49  1.3307e+09    20.4021    49    48     4.2083
   50  1.3281e+09    20.4096    50    49     4.2881
   51  1.3203e+09    20.4323    51    50     4.3678
   52  1.3114e+09    20.4587    52    51     4.4476
   53  1.3097e+09    20.4637    53    52     4.5273
   54  1.3070e+09    20.4716    54    53     4.6070
   55  1.2418e+09    20.6704    55    54     4.6867
   56  1.0981e+09    21.1541    56    55     4.7664
   57  1.0741e+09    21.2420    57    56     4.8460
   58  1.0252e+09    21.4278    58    57     4.9257
   59  1.0131e+09    21.4753    59    58     5.0053
   60  1.0048e+09    21.5080    60    59     5.0849
   61  1.0038e+09    21.5123    61    60     5.1646
   62  9.9788e+08    21.5359    62    61     5.2442
   63  9.9636e+08    21.5420    63    62     5.3238
   64  9.9352e+08    21.5535    64    63     5.4033
   65  9.7237e+08    21.6401    65    64     5.4829
   66  9.6460e+08    21.6724    66    65     5.5625
   67  9.4835e+08    21.7409    67    66     5.6421
   68  9.4647e+08    21.7490    68    67     5.7216
   69  9.3974e+08    21.7778    69    68     5.8012
   70  7.9356e+08    22.4694    70    69     5.8807
   71  7.8691e+08    22.5042    71    70     5.9602
   72  7.8539e+08    22.5122    72    71     6.0398
   73  7.7444e+08    22.5704    73    72     6.1193
   74  7.1849e+08    22.8829    74    73     6.1988
   75  5.9903e+08    23.6533    75    74     6.2783
   76  5.9558e+08    23.6780    76    75     6.3579
   77  5.7911e+08    23.7985    77    76     6.4374
   78  5.6910e+08    23.8736    78    77     6.5169
   79  5.6407e+08    23.9119    79    78     6.5964
   80  5.6310e+08    23.9194    80    79     6.6759
   81  4.4162e+08    24.9850    81    80     6.7554
   82  4.4142e+08    24.9871    82    81     6.8349
   83  4.3091e+08    25.0944    83    82     6.9143
   84  4.3061e+08    25.0975    84    83     6.9938
   85  4.1762e+08    25.2346    85    84     7.0733
   86  4.1475e+08    25.2655    86    85     7.1528
   87  4.0387e+08    25.3849    87    86     7.2323
   88  4.0270e+08    25.3980    88    87     7.3117
   89  3.9045e+08    25.5373    89    88     7.3912
   90  3.8991e+08    25.5436    90    89     7.4707
   91  3.8958e+08    25.5474    91    90     7.5502
   92  3.6003e+08    25.9057    92    91     7.6296
   93  3.5804e+08    25.9310    93    92     7.7091
   94  3.5694e+08    25.9452    94    93     7.7885
   95  3.5574e+08    25.9605    95    94     7.8680
   96  3.5157e+08    26.0145    96    95     7.9475
   97  3.4797e+08    26.0616    97    96     8.0269
   98  3.4626e+08    26.0842    98    97     8.1064
   99  3.4262e+08    26.1327    99    98     8.1858
  100  3.4237e+08    26.1359   100    99     8.2653
