#indx Mass S step-number desc_indx 
    0  1.0000e+10    13.6042     0    -1     0.0134
    1  9.9076e+09    13.6311     1     0     0.1326
    2  8.4704e+09    14.0918     2     1     0.2441
    3  8.4285e+09    14.1066     3     2     0.3500
    4  8.2073e+09    14.1859     4     3     0.4519
    5  8.1940e+09    14.1907     5     4     0.5506
    6  8.0513e+09    14.2433     6     5     0.6467
    7  8.0002e+09    14.2624     7     6     0.7407
    8  7.7396e+09    14.3620     8     7     0.8330
    9  7.7069e+09    14.3747     9     8     0.9238
   10  7.6342e+09    14.4034    10     9     1.0134
   11  7.5428e+09    14.4398    11    10     1.1018
   12  7.3629e+09    14.5130    12    11     1.1894
   13  7.2771e+09    14.5486    13    12     1.2761
   14  6.9146e+09    14.7047    14    13     1.3621
   15  6.5771e+09    14.8586    15    14     1.4474
   16  6.5662e+09    14.8638    16    15     1.5322
   17  6.3410e+09    14.9719    17    16     1.6165
   18  6.2798e+09    15.0020    18    17     1.7003
   19  6.2254e+09    15.0291    19    18     1.7838
   20  6.1532e+09    15.0654    20    19     1.8669
   21  6.0322e+09    15.1275    21    20     1.9496
   22  6.0164e+09    15.1357    22    21     2.0321
   23  3.8703e+09    16.5616    23    22     2.1143
   24  3.8664e+09    16.5650    24    23     2.1963
   25  3.8404e+09    16.5875    25    24     2.2781
   26  3.8321e+09    16.5948    26    25     2.3597
   27  3.8180e+09    16.6071    27    26     2.4411
   28  3.7233e+09    16.6912    28    27     2.5223
   29  3.5783e+09    16.8248    29    28     2.6034
   30  3.4611e+09    16.9374    30    29     2.6844
   31  3.3746e+09    17.0234    31    30     2.7652
   32  3.3711e+09    17.0269    32    31     2.8459
   33  3.2763e+09    17.1241    33    32     2.9266
   34  3.2316e+09    17.1711    34    33     3.0071
   35  2.9819e+09    17.4479    35    34     3.0876
   36  2.9766e+09    17.4541    36    35     3.1680
   37  2.9350e+09    17.5028    37    36     3.2483
   38  2.9260e+09    17.5134    38    37     3.3285
   39  2.9183e+09    17.5226    39    38     3.4087
   40  2.9168e+09    17.5244    40    39     3.4889
   41  2.8345e+09    17.6240    41    40     3.5689
   42  2.7978e+09    17.6695    42    41     3.6490
   43  2.7900e+09    17.6792    43    42     3.7290
   44  2.7177e+09    17.7712    44    43     3.8089
   45  2.6510e+09    17.8584    45    44     3.8889
   46  2.6124e+09    17.9101    46    45     3.9688
   47  2.6088e+09    17.9149    47    46     4.0486
   48  2.5486e+09    17.9975    48    47     4.1285
   49  1.3676e+09    20.2965    49    48     4.2083
   50  1.3660e+09    20.3011    50    49     4.2881
   51  1.3231e+09    20.4243    51    50     4.3678
   52  1.1331e+09    21.0299    52    51     4.4476
   53  1.1323e+09    21.0327    53    52     4.5273
   54  1.1266e+09    21.0527    54    53     4.6070
   55  1.1253e+09    21.0574    55    54     4.6867
   56  1.1175e+09    21.0848    56    55     4.7664
   57  1.1164e+09    21.0888    57    56     4.8460
   58  1.0976e+09    21.1560    58    57     4.9257
   59  9.3134e+08    21.8142    59    58     5.0053
   60  9.3092e+08    21.8160    60    59     5.0849
   61  9.2746e+08    21.8311    61    60     5.1646
   62  9.0987e+08    21.9088    62    61     5.2442
   63  9.0939e+08    21.9109    63    62     5.3238
   64  8.6223e+08    22.1280    64    63     5.4033
   65  8.5595e+08    22.1579    65    64     5.4829
   66  7.9446e+08    22.4646    66    65     5.5625
   67  7.6753e+08    22.6076    67    66     5.6421
   68  7.5949e+08    22.6513    68    67     5.7216
   69  7.5635e+08    22.6685    69    68     5.8012
   70  7.4781e+08    22.7159    70    69     5.8807
   71  7.4245e+08    22.7458    71    70     5.9602
   72  7.4232e+08    22.7465    72    71     6.0398
   73  7.4143e+08    22.7515    73    72     6.1193
   74  7.3469e+08    22.7897    74    73     6.1988
   75  7.0312e+08    22.9736    75    74     6.2783
   76  7.0167e+08    22.9822    76    75     6.3579
   77  7.0091e+08    22.9868    77    76     6.4374
   78  6.9692e+08    23.0108    78    77     6.5169
   79  6.8914e+08    23.0580    79    78     6.5964
   80  6.6182e+08    23.2288    80    79     6.6759
   81  6.5847e+08    23.2503    81    80     6.7554
   82  5.9300e+08    23.6967    82    81     6.8349
   83  2.9662e+08    26.8004    83    82     6.9143
   84  2.9514e+08    26.8238    84    83     6.9938
   85  2.9105e+08    26.8891    85    84     7.0733
   86  2.9086e+08    26.8921    86    85     7.1528
   87  2.9022e+08    26.9024    87    86     7.2323
   88  2.8818e+08    26.9355    88    87     7.3117
   89  2.7072e+08    27.2297    89    88     7.3912
   90  2.6989e+08    27.2442    90    89     7.4707
   91  2.6835e+08    27.2713    91    90     7.5502
   92  2.6763e+08    27.2839    92    91     7.6296
   93  2.5868e+08    27.4451    93    92     7.7091
   94  2.5863e+08    27.4461    94    93     7.7885
   95  2.5714e+08    27.4735    95    94     7.8680
   96  2.5671e+08    27.4814    96    95     7.9475
   97  2.5591e+08    27.4963    97    96     8.0269
   98  2.3353e+08    27.9340    98    97     8.1064
   99  2.3309e+08    27.9430    99    98     8.1858
  100  2.3300e+08    27.9449   100    99     8.2653
