#indx Mass S step-number desc_indx 
    0  1.0000e+10    13.6042     0    -1     0.0134
    1  9.8751e+09    13.6407     1     0     0.1326
    2  9.8582e+09    13.6457     2     1     0.2441
    3  9.7356e+09    13.6820     3     2     0.3500
    4  9.2454e+09    13.8331     4     3     0.4519
    5  9.1524e+09    13.8628     5     4     0.5506
    6  9.0875e+09    13.8837     6     5     0.6467
    7  9.0503e+09    13.8958     7     6     0.7407
    8  6.5960e+09    14.8498     8     7     0.8330
    9  5.3352e+09    15.5151     9     8     0.9238
   10  3.4404e+09    16.9577    10     9     1.0134
   11  2.8985e+09    17.5462    11    10     1.1018
   12  2.7098e+09    17.7814    12    11     1.1894
   13  2.6110e+09    17.9120    13    12     1.2761
   14  2.5793e+09    17.9551    14    13     1.3621
   15  2.5514e+09    17.9936    15    14     1.4474
   16  1.8957e+09    19.0663    16    15     1.5322
   17  1.8823e+09    19.0924    17    16     1.6165
   18  1.8781e+09    19.1006    18    17     1.7003
   19  1.8707e+09    19.1152    19    18     1.7838
   20  1.8659e+09    19.1247    20    19     1.8669
   21  1.6597e+09    19.5606    21    20     1.9496
   22  1.5633e+09    19.7861    22    21     2.0321
   23  1.5625e+09    19.7881    23    22     2.1143
   24  1.5494e+09    19.8198    24    23     2.1963
   25  1.3580e+09    20.3238    25    24     2.2781
   26  1.3550e+09    20.3322    26    25     2.3597
   27  1.2837e+09    20.5415    27    26     2.4411
   28  1.2420e+09    20.6699    28    27     2.5223
   29  1.2156e+09    20.7537    29    28     2.6034
   30  1.1748e+09    20.8875    30    29     2.6844
   31  1.1568e+09    20.9485    31    30     2.7652
   32  1.1527e+09    20.9623    32    31     2.8459
   33  1.1367e+09    21.0173    33    32     2.9266
   34  1.1043e+09    21.1317    34    33     3.0071
   35  1.0670e+09    21.2681    35    34     3.0876
   36  1.0664e+09    21.2705    36    35     3.1680
   37  1.0614e+09    21.2891    37    36     3.2483
   38  9.3377e+08    21.8036    38    37     3.3285
   39  9.3276e+08    21.8080    39    38     3.4087
   40  1.4968e+08    30.1288    40    39     3.4889
   41  1.4964e+08    30.1300    41    40     3.5689
