#indx Mass S step-number desc_indx 
    0  1.0000e+10    13.6042     0    -1     0.0134
    1  9.7271e+09    13.6846     1     0     0.1326
    2  9.6729e+09    13.7009     2     1     0.2441
    3  9.5715e+09    13.7316     3     2     0.3500
    4  9.0459e+09    13.8973     4     3     0.4519
    5  9.0112e+09    13.9086     5     4     0.5506
    6  8.6100e+09    14.0433     6     5     0.6467
    7  8.4892e+09    14.0852     7     6     0.7407
    8  8.4552e+09    14.0971     8     7     0.8330
    9  8.4487e+09    14.0994     9     8     0.9238
   10  8.0379e+09    14.2483    10     9     1.0134
   11  7.9480e+09    14.2820    11    10     1.1018
   12  7.8626e+09    14.3145    12    11     1.1894
   13  7.7408e+09    14.3615    13    12     1.2761
   14  7.7325e+09    14.3647    14    13     1.3621
   15  7.5674e+09    14.4299    15    14     1.4474
   16  7.4867e+09    14.4624    16    15     1.5322
   17  7.3501e+09    14.5183    17    16     1.6165
   18  7.1609e+09    14.5976    18    17     1.7003
   19  6.7944e+09    14.7585    19    18     1.7838
   20  6.7573e+09    14.7753    20    19     1.8669
   21  6.6200e+09    14.8386    21    20     1.9496
   22  6.5614e+09    14.8661    22    21     2.0321
   23  6.3886e+09    14.9487    23    22     2.1143
   24  5.5933e+09    15.3651    24    23     2.1963
   25  5.5912e+09    15.3663    25    24     2.2781
   26  5.5246e+09    15.4042    26    25     2.3597
   27  5.4765e+09    15.4320    27    26     2.4411
   28  5.4566e+09    15.4435    28    27     2.5223
   29  5.3098e+09    15.5303    29    28     2.6034
   30  4.7478e+09    15.8898    30    29     2.6844
   31  1.5425e+09    19.8368    31    30     2.7652
   32  1.5269e+09    19.8754    32    31     2.8459
   33  1.5266e+09    19.8761    33    32     2.9266
   34  1.5251e+09    19.8797    34    33     3.0071
   35  1.5048e+09    19.9308    35    34     3.0876
   36  1.5011e+09    19.9401    36    35     3.1680
   37  1.5004e+09    19.9418    37    36     3.2483
   38  1.4920e+09    19.9631    38    37     3.3285
   39  1.4303e+09    20.1245    39    38     3.4087
   40  1.1180e+09    21.0832    40    39     3.4889
   41  1.1164e+09    21.0885    41    40     3.5689
   42  1.1143e+09    21.0960    42    41     3.6490
   43  1.1001e+09    21.1468    43    42     3.7290
   44  1.0855e+09    21.1999    44    43     3.8089
   45  1.0837e+09    21.2065    45    44     3.8889
   46  1.0431e+09    21.3586    46    45     3.9688
   47  9.8726e+08    21.5789    47    46     4.0486
   48  9.8524e+08    21.5871    48    47     4.1285
   49  9.7335e+08    21.6360    49    48     4.2083
   50  9.7032e+08    21.6485    50    49     4.2881
   51  9.6933e+08    21.6527    51    50     4.3678
   52  9.6442e+08    21.6731    52    51     4.4476
   53  9.6388e+08    21.6754    53    52     4.5273
   54  9.5581e+08    21.7093    54    53     4.6070
   55  9.4183e+08    21.7688    55    54     4.6867
   56  9.2089e+08    21.8599    56    55     4.7664
   57  9.1775e+08    21.8738    57    56     4.8460
   58  8.6163e+08    22.1309    58    57     4.9257
   59  8.5014e+08    22.1858    59    58     5.0053
   60  8.4631e+08    22.2043    60    59     5.0849
   61  8.4331e+08    22.2189    61    60     5.1646
   62  8.4257e+08    22.2225    62    61     5.2442
   63  7.9771e+08    22.4478    63    62     5.3238
   64  7.7979e+08    22.5419    64    63     5.4033
   65  7.7831e+08    22.5497    65    64     5.4829
   66  7.6526e+08    22.6199    66    65     5.5625
   67  7.5834e+08    22.6576    67    66     5.6421
   68  7.5361e+08    22.6836    68    67     5.7216
   69  5.7420e+08    23.8352    69    68     5.8012
   70  5.6989e+08    23.8677    70    69     5.8807
   71  5.6606e+08    23.8967    71    70     5.9602
   72  5.6557e+08    23.9005    72    71     6.0398
   73  5.4874e+08    24.0311    73    72     6.1193
   74  5.4624e+08    24.0509    74    73     6.1988
   75  5.4294e+08    24.0772    75    74     6.2783
   76  4.5025e+08    24.8989    76    75     6.3579
   77  4.3294e+08    25.0735    77    76     6.4374
   78  4.2711e+08    25.1340    78    77     6.5169
   79  4.2501e+08    25.1560    79    78     6.5964
   80  4.2451e+08    25.1614    80    79     6.6759
   81  3.7202e+08    25.7565    81    80     6.7554
   82  3.7116e+08    25.7670    82    81     6.8349
   83  3.6978e+08    25.7840    83    82     6.9143
   84  3.6682e+08    25.8205    84    83     6.9938
   85  3.6245e+08    25.8752    85    84     7.0733
   86  3.2334e+08    26.3996    86    85     7.1528
   87  3.2319e+08    26.4017    87    86     7.2323
   88  2.7761e+08    27.1111    88    87     7.3117
   89  2.7704e+08    27.1209    89    88     7.3912
   90  2.6029e+08    27.4158    90    89     7.4707
   91  2.4521e+08    27.6999    91    90     7.5502
   92  2.0062e+08    28.6706    92    91     7.6296
   93  2.0051e+08    28.6734    93    92     7.7091
   94  1.9976e+08    28.6916    94    93     7.7885
   95  1.9922e+08    28.7049    95    94     7.8680
   96  1.8868e+08    28.9720    96    95     7.9475
   97  1.7956e+08    29.2168    97    96     8.0269
   98  1.7637e+08    29.3060    98    97     8.1064
   99  1.7456e+08    29.3571    99    98     8.1858
  100  1.6579e+08    29.6143   100    99     8.2653
