#indx Mass S step-number desc_indx 
    0  1.0000e+10    13.6042     0    -1     0.0134
    1  9.7182e+09    13.6873     1     0     0.1326
    2  9.2371e+09    13.8358     2     1     0.2441
    3  9.0838e+09    13.8849     3     2     0.3500
    4  9.0304e+09    13.9023     4     3     0.4519
    5  7.6165e+09    14.4104     5     4     0.5506
    6  7.2000e+09    14.5810     6     5     0.6467
    7  7.1957e+09    14.5829     7     6     0.7407
    8  3.5429e+09    16.8584     8     7     0.8330
    9  3.4449e+09    16.9533     9     8     0.9238
   10  3.3879e+09    17.0100    10     9     1.0134
   11  3.2101e+09    17.1939    11    10     1.1018
   12  3.0998e+09    17.3140    12    11     1.1894
   13  3.0904e+09    17.3245    13    12     1.2761
   14  2.7794e+09    17.6926    14    13     1.3621
   15  2.7669e+09    17.7083    15    14     1.4474
   16  2.6833e+09    17.8158    16    15     1.5322
   17  2.6757e+09    17.8258    17    16     1.6165
   18  2.6096e+09    17.9139    18    17     1.7003
   19  2.5975e+09    17.9303    19    18     1.7838
   20  2.3805e+09    18.2400    20    19     1.8669
   21  2.2672e+09    18.4148    21    20     1.9496
   22  2.2627e+09    18.4219    22    21     2.0321
   23  2.1546e+09    18.5986    23    22     2.1143
   24  2.1156e+09    18.6648    24    23     2.1963
   25  2.1027e+09    18.6870    25    24     2.2781
   26  1.9708e+09    18.9234    26    25     2.3597
   27  1.3293e+09    20.4061    27    26     2.4411
   28  1.3211e+09    20.4301    28    27     2.5223
   29  1.3095e+09    20.4642    29    28     2.6034
   30  1.3054e+09    20.4765    30    29     2.6844
   31  1.2898e+09    20.5228    31    30     2.7652
   32  1.2892e+09    20.5249    32    31     2.8459
   33  1.2814e+09    20.5482    33    32     2.9266
   34  1.2800e+09    20.5527    34    33     3.0071
   35  1.2744e+09    20.5697    35    34     3.0876
   36  1.2640e+09    20.6017    36    35     3.1680
   37  1.2151e+09    20.7554    37    36     3.2483
   38  1.1784e+09    20.8756    38    37     3.3285
   39  1.1765e+09    20.8820    39    38     3.4087
   40  1.1015e+09    21.1420    40    39     3.4889
   41  9.9880e+08    21.5322    41    40     3.5689
   42  9.9524e+08    21.5465    42    41     3.6490
   43  9.9191e+08    21.5600    43    42     3.7290
   44  9.8465e+08    21.5895    44    43     3.8089
   45  9.7499e+08    21.6292    45    44     3.8889
   46  9.7092e+08    21.6460    46    45     3.9688
   47  9.5611e+08    21.7080    47    46     4.0486
   48  9.4072e+08    21.7736    48    47     4.1285
   49  9.3662e+08    21.7913    49    48     4.2083
   50  7.7981e+08    22.5417    50    49     4.2881
   51  7.7652e+08    22.5593    51    50     4.3678
   52  7.7613e+08    22.5613    52    51     4.4476
   53  6.3434e+08    23.4087    53    52     4.5273
   54  6.3218e+08    23.4232    54    53     4.6070
   55  6.3094e+08    23.4316    55    54     4.6867
   56  6.2677e+08    23.4598    56    55     4.7664
   57  6.2570e+08    23.4671    57    56     4.8460
   58  6.2313e+08    23.4847    58    57     4.9257
   59  6.2200e+08    23.4924    59    58     5.0053
   60  2.8446e+08    26.9965    60    59     5.0849
   61  2.8442e+08    26.9972    61    60     5.1646
   62  2.8371e+08    27.0089    62    61     5.2442
   63  2.8342e+08    27.0137    63    62     5.3238
   64  2.8338e+08    27.0144    64    63     5.4033
   65  2.2342e+08    28.1472    65    64     5.4829
   66  2.2206e+08    28.1766    66    65     5.5625
   67  2.2184e+08    28.1815    67    66     5.6421
   68  2.1076e+08    28.4300    68    67     5.7216
   69  2.0110e+08    28.6589    69    68     5.8012
   70  2.0012e+08    28.6830    70    69     5.8807
   71  1.9486e+08    28.8135    71    70     5.9602
   72  1.9465e+08    28.8188    72    71     6.0398
   73  1.8879e+08    28.9692    73    72     6.1193
   74  1.8819e+08    28.9847    74    73     6.1988
   75  1.8794e+08    28.9914    75    74     6.2783
   76  1.6367e+08    29.6787    76    75     6.3579
   77  1.6335e+08    29.6884    77    76     6.4374
   78  1.6157e+08    29.7434    78    77     6.5169
   79  1.5836e+08    29.8443    79    78     6.5964
   80  1.5822e+08    29.8486    80    79     6.6759
   81  1.5802e+08    29.8551    81    80     6.7554
   82  1.3712e+08    30.5747    82    81     6.8349
