#indx Mass S step-number desc_indx 
    0  1.0000e+10    13.6042     0    -1     0.0134
    1  9.9959e+09    13.6054     1     0     0.1326
    2  9.9604e+09    13.6157     2     1     0.2441
    3  9.6646e+09    13.7034     3     2     0.3500
    4  9.6433e+09    13.7098     4     3     0.4519
    5  9.6326e+09    13.7131     5     4     0.5506
    6  9.5944e+09    13.7247     6     5     0.6467
    7  9.1850e+09    13.8524     7     6     0.7407
    8  9.1102e+09    13.8764     8     7     0.8330
    9  8.9605e+09    13.9252     9     8     0.9238
   10  8.5096e+09    14.0781    10     9     1.0134
   11  8.2671e+09    14.1642    11    10     1.1018
   12  8.2357e+09    14.1756    12    11     1.1894
   13  8.1846e+09    14.1942    13    12     1.2761
   14  8.1439e+09    14.2091    14    13     1.3621
   15  8.0163e+09    14.2563    15    14     1.4474
   16  4.1468e+09    16.3326    16    15     1.5322
   17  4.1323e+09    16.3441    17    16     1.6165
   18  3.9242e+09    16.5155    18    17     1.7003
   19  3.1177e+09    17.2942    19    18     1.7838
   20  3.1012e+09    17.3124    20    19     1.8669
   21  3.0992e+09    17.3147    21    20     1.9496
   22  3.0896e+09    17.3254    22    21     2.0321
   23  3.0512e+09    17.3685    23    22     2.1143
   24  2.1403e+09    18.6226    24    23     2.1963
   25  2.1333e+09    18.6346    25    24     2.2781
   26  2.1206e+09    18.6563    26    25     2.3597
   27  2.1031e+09    18.6863    27    26     2.4411
   28  2.0341e+09    18.8078    28    27     2.5223
   29  2.0108e+09    18.8500    29    28     2.6034
   30  2.0084e+09    18.8543    30    29     2.6844
   31  2.0027e+09    18.8647    31    30     2.7652
   32  1.9215e+09    19.0165    32    31     2.8459
   33  1.8264e+09    19.2039    33    32     2.9266
   34  1.8007e+09    19.2564    34    33     3.0071
   35  1.7972e+09    19.2635    35    34     3.0876
   36  1.7751e+09    19.3096    36    35     3.1680
   37  1.7598e+09    19.3418    37    36     3.2483
   38  1.7511e+09    19.3603    38    37     3.3285
   39  1.7499e+09    19.3628    39    38     3.4087
   40  1.7099e+09    19.4492    40    39     3.4889
   41  1.7082e+09    19.4528    41    40     3.5689
   42  1.7073e+09    19.4547    42    41     3.6490
   43  1.6584e+09    19.5635    43    42     3.7290
   44  1.6578e+09    19.5650    44    43     3.8089
   45  1.5946e+09    19.7112    45    44     3.8889
   46  1.5736e+09    19.7613    46    45     3.9688
   47  1.5575e+09    19.8003    47    46     4.0486
   48  1.5537e+09    19.8093    48    47     4.1285
   49  1.5231e+09    19.8849    49    48     4.2083
   50  1.4673e+09    20.0268    50    49     4.2881
   51  1.4406e+09    20.0969    51    50     4.3678
   52  1.2818e+09    20.5471    52    51     4.4476
   53  1.2743e+09    20.5699    53    52     4.5273
   54  1.2666e+09    20.5935    54    53     4.6070
   55  1.2662e+09    20.5949    55    54     4.6867
   56  1.2647e+09    20.5992    56    55     4.7664
   57  1.1171e+09    21.0860    57    56     4.8460
   58  1.1055e+09    21.1276    58    57     4.9257
   59  1.0912e+09    21.1792    59    58     5.0053
   60  1.0623e+09    21.2858    60    59     5.0849
   61  1.0498e+09    21.3330    61    60     5.1646
   62  1.0466e+09    21.3451    62    61     5.2442
   63  1.0251e+09    21.4279    63    62     5.3238
   64  1.0192e+09    21.4512    64    63     5.4033
   65  9.1308e+08    21.8945    65    64     5.4829
   66  9.0082e+08    21.9494    66    65     5.5625
   67  8.9194e+08    21.9897    67    66     5.6421
   68  8.8931e+08    22.0017    68    67     5.7216
   69  8.8044e+08    22.0426    69    68     5.8012
   70  7.5925e+08    22.6526    70    69     5.8807
   71  7.5822e+08    22.6583    71    70     5.9602
   72  7.5269e+08    22.6887    72    71     6.0398
   73  7.3547e+08    22.7852    73    72     6.1193
   74  7.3019e+08    22.8153    74    73     6.1988
   75  7.2544e+08    22.8426    75    74     6.2783
   76  7.2262e+08    22.8589    76    75     6.3579
   77  6.7476e+08    23.1469    77    76     6.4374
   78  6.7393e+08    23.1521    78    77     6.5169
   79  6.7369e+08    23.1536    79    78     6.5964
   80  6.7310e+08    23.1573    80    79     6.6759
   81  6.7010e+08    23.1762    81    80     6.7554
   82  6.6925e+08    23.1816    82    81     6.8349
   83  6.5166e+08    23.2943    83    82     6.9143
   84  6.4767e+08    23.3204    84    83     6.9938
   85  5.6288e+08    23.9211    85    84     7.0733
   86  5.6159e+08    23.9310    86    85     7.1528
   87  4.4556e+08    24.9455    87    86     7.2323
   88  4.3324e+08    25.0704    88    87     7.3117
   89  4.2582e+08    25.1475    89    88     7.3912
   90  4.2521e+08    25.1540    90    89     7.4707
   91  4.2405e+08    25.1662    91    90     7.5502
   92  4.2301e+08    25.1772    92    91     7.6296
   93  4.1906e+08    25.2191    93    92     7.7091
   94  3.7778e+08    25.6867    94    93     7.7885
   95  3.7686e+08    25.6978    95    94     7.8680
   96  3.6968e+08    25.7852    96    95     7.9475
   97  3.6778e+08    25.8087    97    96     8.0269
   98  3.6646e+08    25.8250    98    97     8.1064
   99  3.5112e+08    26.0203    99    98     8.1858
  100  3.5060e+08    26.0271   100    99     8.2653
