#indx Mass S step-number desc_indx 
    0  1.0000e+11     8.0192     0    -1     0.0134
    1  9.5989e+10     8.1007     1     0     0.1326
    2  9.5488e+10     8.1111     2     1     0.2441
    3  9.2079e+10     8.1841     3     2     0.3500
    4  9.1884e+10     8.1884     4     3     0.4519
    5  9.1699e+10     8.1924     5     4     0.5506
    6  9.1056e+10     8.2066     6     5     0.6467
    7  9.0011e+10     8.2299     7     6     0.7407
    8  8.8714e+10     8.2593     8     7     0.8330
    9  8.5808e+10     8.3270     9     8     0.9238
   10  8.5721e+10     8.3290    10     9     1.0134
   11  7.7123e+10     8.5466    11    10     1.1018
   12  7.6369e+10     8.5670    12    11     1.1894
   13  7.5903e+10     8.5797    13    12     1.2761
   14  7.4494e+10     8.6188    14    13     1.3621
   15  7.2742e+10     8.6687    15    14     1.4474
   16  6.2768e+10     8.9822    16    15     1.5322
   17  6.2691e+10     8.9848    17    16     1.6165
   18  5.9908e+10     9.0830    18    17     1.7003
   19  5.9459e+10     9.0994    19    18     1.7838
   20  5.9415e+10     9.1010    20    19     1.8669
   21  5.6257e+10     9.2203    21    20     1.9496
   22  5.2983e+10     9.3525    22    21     2.0321
   23  5.2498e+10     9.3729    23    22     2.1143
   24  5.1986e+10     9.3947    24    23     2.1963
   25  4.9322e+10     9.5122    25    24     2.2781
   26  4.8514e+10     9.5493    26    25     2.3597
   27  4.7350e+10     9.6041    27    26     2.4411
   28  4.7024e+10     9.6197    28    27     2.5223
   29  4.6886e+10     9.6263    29    28     2.6034
   30  4.6152e+10     9.6621    30    29     2.6844
   31  4.6032e+10     9.6680    31    30     2.7652
   32  4.4662e+10     9.7368    32    31     2.8459
   33  4.4041e+10     9.7687    33    32     2.9266
   34  4.3321e+10     9.8065    34    33     3.0071
   35  4.1891e+10     9.8838    35    34     3.0876
   36  4.1257e+10     9.9189    36    35     3.1680
   37  3.9217e+10    10.0367    37    36     3.2483
   38  3.7829e+10    10.1210    38    37     3.3285
   39  3.7560e+10    10.1378    39    38     3.4087
   40  2.7792e+10    10.8633    40    39     3.4889
   41  2.7659e+10    10.8752    41    40     3.5689
   42  2.4675e+10    11.1598    42    41     3.6490
   43  2.4476e+10    11.1803    43    42     3.7290
   44  2.4242e+10    11.2045    44    43     3.8089
   45  2.4220e+10    11.2068    45    44     3.8889
   46  2.3942e+10    11.2359    46    45     3.9688
   47  2.3884e+10    11.2421    47    46     4.0486
   48  2.0747e+10    11.6025    48    47     4.1285
   49  2.0658e+10    11.6136    49    48     4.2083
   50  2.0115e+10    11.6828    50    49     4.2881
   51  2.0087e+10    11.6864    51    50     4.3678
   52  1.4754e+10    12.5090    52    51     4.4476
   53  1.4678e+10    12.5233    53    52     4.5273
   54  1.3962e+10    12.6605    54    53     4.6070
   55  1.3956e+10    12.6616    55    54     4.6867
   56  1.3119e+10    12.8328    56    55     4.7664
   57  1.2717e+10    12.9196    57    56     4.8460
   58  1.2697e+10    12.9241    58    57     4.9257
   59  1.2567e+10    12.9530    59    58     5.0053
   60  1.2459e+10    12.9772    60    59     5.0849
   61  1.2320e+10    13.0087    61    60     5.1646
   62  1.1789e+10    13.1329    62    61     5.2442
   63  1.1787e+10    13.1332    63    62     5.3238
   64  1.1683e+10    13.1584    64    63     5.4033
   65  1.0205e+10    13.5453    65    64     5.4829
   66  5.0610e+09    15.6838    66    65     5.5625
   67  4.9688e+09    15.7429    67    66     5.6421
   68  4.2384e+09    16.2605    68    67     5.7216
   69  4.2218e+09    16.2734    69    68     5.8012
   70  4.2024e+09    16.2886    70    69     5.8807
   71  4.0775e+09    16.3883    71    70     5.9602
   72  3.9364e+09    16.5052    72    71     6.0398
   73  3.9213e+09    16.5180    73    72     6.1193
   74  3.9027e+09    16.5338    74    73     6.1988
   75  3.8779e+09    16.5551    75    74     6.2783
   76  3.2146e+09    17.1891    76    75     6.3579
   77  3.1940e+09    17.2112    77    76     6.4374
   78  3.1367e+09    17.2733    78    77     6.5169
   79  3.0802e+09    17.3359    79    78     6.5964
   80  3.0736e+09    17.3433    80    79     6.6759
   81  3.0481e+09    17.3721    81    80     6.7554
   82  2.9747e+09    17.4563    82    81     6.8349
   83  2.9430e+09    17.4934    83    82     6.9143
   84  2.9425e+09    17.4940    84    83     6.9938
   85  2.8646e+09    17.5872    85    84     7.0733
   86  1.9325e+09    18.9955    86    85     7.1528
   87  1.9306e+09    18.9991    87    86     7.2323
   88  1.7825e+09    19.2941    88    87     7.3117
   89  1.7489e+09    19.3650    89    88     7.3912
   90  1.7432e+09    19.3771    90    89     7.4707
   91  1.7387e+09    19.3867    91    90     7.5502
   92  1.7386e+09    19.3870    92    91     7.6296
   93  1.7377e+09    19.3889    93    92     7.7091
   94  1.7261e+09    19.4139    94    93     7.7885
   95  1.6681e+09    19.5417    95    94     7.8680
   96  1.6660e+09    19.5464    96    95     7.9475
   97  1.6492e+09    19.5845    97    96     8.0269
   98  1.6128e+09    19.6684    98    97     8.1064
   99  1.6037e+09    19.6898    99    98     8.1858
  100  1.5557e+09    19.8046   100    99     8.2653
