#indx Mass S step-number desc_indx 
    0  1.0000e+11     8.0192     0    -1     0.0134
    1  9.9926e+10     8.0206     1     0     0.1326
    2  9.9795e+10     8.0232     2     1     0.2441
    3  9.7376e+10     8.0720     3     2     0.3500
    4  9.2192e+10     8.1816     4     3     0.4519
    5  6.3000e+10     8.9743     5     4     0.5506
    6  6.2945e+10     8.9761     6     5     0.6467
    7  6.0523e+10     9.0609     7     6     0.7407
    8  5.9112e+10     9.1121     8     7     0.8330
    9  5.2671e+10     9.3656     9     8     0.9238
   10  5.1483e+10     9.4163    10     9     1.0134
   11  5.0437e+10     9.4621    11    10     1.1018
   12  4.9733e+10     9.4936    12    11     1.1894
   13  4.7289e+10     9.6070    13    12     1.2761
   14  4.6023e+10     9.6684    14    13     1.3621
   15  4.5891e+10     9.6750    15    14     1.4474
   16  4.3375e+10     9.8037    16    15     1.5322
   17  4.3189e+10     9.8135    17    16     1.6165
   18  4.2557e+10     9.8474    18    17     1.7003
   19  4.1147e+10     9.9252    19    18     1.7838
   20  4.0275e+10     9.9748    20    19     1.8669
   21  3.7340e+10    10.1516    21    20     1.9496
   22  3.6567e+10    10.2009    22    21     2.0321
   23  3.6128e+10    10.2294    23    22     2.1143
   24  3.6058e+10    10.2340    24    23     2.1963
   25  3.5951e+10    10.2410    25    24     2.2781
   26  3.1694e+10    10.5424    26    25     2.3597
   27  3.1386e+10    10.5660    27    26     2.4411
   28  3.0634e+10    10.6248    28    27     2.5223
   29  2.9069e+10    10.7528    29    28     2.6034
   30  2.8694e+10    10.7846    30    29     2.6844
   31  2.8235e+10    10.8243    31    30     2.7652
   32  2.8130e+10    10.8335    32    31     2.8459
   33  2.5996e+10    11.0291    33    32     2.9266
   34  2.5911e+10    11.0373    34    33     3.0071
   35  2.5727e+10    11.0551    35    34     3.0876
   36  2.4660e+10    11.1614    36    35     3.1680
   37  2.1835e+10    11.4707    37    36     3.2483
   38  2.1721e+10    11.4841    38    37     3.3285
   39  2.1714e+10    11.4850    39    38     3.4087
   40  2.1332e+10    11.5306    40    39     3.4889
   41  2.1204e+10    11.5462    41    40     3.5689
   42  1.8995e+10    11.8324    42    41     3.6490
   43  1.7979e+10    11.9774    43    42     3.7290
   44  1.7791e+10    12.0052    44    43     3.8089
   45  1.7737e+10    12.0132    45    44     3.8889
   46  1.7693e+10    12.0199    46    45     3.9688
   47  1.7199e+10    12.0953    47    46     4.0486
   48  1.5489e+10    12.3769    48    47     4.1285
   49  1.5394e+10    12.3935    49    48     4.2083
   50  1.4012e+10    12.6507    50    49     4.2881
   51  1.3838e+10    12.6851    51    50     4.3678
   52  1.3781e+10    12.6964    52    51     4.4476
   53  1.3764e+10    12.6999    53    52     4.5273
   54  1.3227e+10    12.8102    54    53     4.6070
   55  1.2997e+10    12.8589    55    54     4.6867
   56  1.2705e+10    12.9223    56    55     4.7664
   57  1.2559e+10    12.9546    57    56     4.8460
   58  1.1703e+10    13.1534    58    57     4.9257
   59  1.1645e+10    13.1675    59    58     5.0053
   60  1.1630e+10    13.1713    60    59     5.0849
   61  1.1515e+10    13.1994    61    60     5.1646
   62  1.1509e+10    13.2010    62    61     5.2442
   63  1.1404e+10    13.2270    63    62     5.3238
   64  1.1403e+10    13.2272    64    63     5.4033
   65  1.0260e+10    13.5298    65    64     5.4829
   66  1.0088e+10    13.5787    66    65     5.5625
   67  1.0054e+10    13.5887    67    66     5.6421
   68  9.8250e+09    13.6555    68    67     5.7216
   69  9.7935e+09    13.6648    69    68     5.8012
   70  7.1805e+09    14.5893    70    69     5.8807
   71  7.0465e+09    14.6468    71    70     5.9602
   72  7.0444e+09    14.6477    72    71     6.0398
   73  6.8912e+09    14.7151    73    72     6.1193
   74  6.8705e+09    14.7243    74    73     6.1988
   75  6.7875e+09    14.7616    75    74     6.2783
   76  6.3673e+09    14.9590    76    75     6.3579
   77  6.3555e+09    14.9648    77    76     6.4374
   78  6.2449e+09    15.0194    78    77     6.5169
   79  6.1729e+09    15.0555    79    78     6.5964
   80  6.1578e+09    15.0631    80    79     6.6759
   81  6.1548e+09    15.0646    81    80     6.7554
   82  5.9455e+09    15.1728    82    81     6.8349
   83  5.4178e+09    15.4662    83    82     6.9143
   84  4.3101e+09    16.2054    84    83     6.9938
   85  4.2775e+09    16.2303    85    84     7.0733
   86  4.2326e+09    16.2650    86    85     7.1528
   87  4.2325e+09    16.2651    87    86     7.2323
   88  4.2014e+09    16.2894    88    87     7.3117
   89  4.2007e+09    16.2899    89    88     7.3912
   90  4.1930e+09    16.2960    90    89     7.4707
   91  4.1655e+09    16.3177    91    90     7.5502
   92  4.0333e+09    16.4244    92    91     7.6296
   93  4.0213e+09    16.4343    93    92     7.7091
   94  4.0104e+09    16.4433    94    93     7.7885
   95  2.7307e+09    17.7544    95    94     7.8680
   96  2.6291e+09    17.8876    96    95     7.9475
   97  2.6213e+09    17.8981    97    96     8.0269
   98  2.5986e+09    17.9288    98    97     8.1064
   99  2.1448e+09    18.6151    99    98     8.1858
  100  2.1335e+09    18.6342   100    99     8.2653
