#indx Mass S step-number desc_indx 
    0  1.0000e+11     8.0192     0    -1     0.0134
    1  9.4133e+10     8.1398     1     0     0.1326
    2  8.4238e+10     8.3647     2     1     0.2441
    3  8.2556e+10     8.4060     3     2     0.3500
    4  8.1603e+10     8.4299     4     3     0.4519
    5  8.1212e+10     8.4398     5     4     0.5506
    6  8.0677e+10     8.4534     6     5     0.6467
    7  8.0637e+10     8.4544     7     6     0.7407
    8  7.9410e+10     8.4860     8     7     0.8330
    9  7.5442e+10     8.5925     9     8     0.9238
   10  6.8725e+10     8.7885    10     9     1.0134
   11  6.7669e+10     8.8214    11    10     1.1018
   12  6.5670e+10     8.8853    12    11     1.1894
   13  6.5403e+10     8.8940    13    12     1.2761
   14  6.5047e+10     8.9057    14    13     1.3621
   15  6.3656e+10     8.9520    15    14     1.4474
   16  6.2841e+10     8.9797    16    15     1.5322
   17  5.8442e+10     9.1369    17    16     1.6165
   18  5.8222e+10     9.1452    18    17     1.7003
   19  5.1189e+10     9.4290    19    18     1.7838
   20  5.0760e+10     9.4478    20    19     1.8669
   21  3.6068e+10    10.2333    21    20     1.9496
   22  3.3911e+10    10.3799    22    21     2.0321
   23  3.3839e+10    10.3850    23    22     2.1143
   24  3.3704e+10    10.3946    24    23     2.1963
   25  3.3119e+10    10.4365    25    24     2.2781
   26  3.2835e+10    10.4572    26    25     2.3597
   27  3.1209e+10    10.5797    27    26     2.4411
   28  3.0368e+10    10.6461    28    27     2.5223
   29  3.0309e+10    10.6508    29    28     2.6034
   30  1.2587e+10    12.9485    30    29     2.6844
   31  1.2188e+10    13.0388    31    30     2.7652
   32  1.1967e+10    13.0904    32    31     2.8459
   33  1.1166e+10    13.2869    33    32     2.9266
   34  1.1041e+10    13.3190    34    33     3.0071
   35  1.1014e+10    13.3260    35    34     3.0876
   36  1.0884e+10    13.3601    36    35     3.1680
   37  1.0791e+10    13.3847    37    36     3.2483
   38  1.0334e+10    13.5092    38    37     3.3285
   39  1.0286e+10    13.5226    39    38     3.4087
   40  1.0239e+10    13.5358    40    39     3.4889
   41  1.0136e+10    13.5651    41    40     3.5689
   42  9.6973e+09    13.6935    42    41     3.6490
   43  9.6192e+09    13.7171    43    42     3.7290
   44  9.4901e+09    13.7566    44    43     3.8089
   45  9.4668e+09    13.7638    45    44     3.8889
   46  9.0179e+09    13.9064    46    45     3.9688
   47  8.7559e+09    13.9934    47    46     4.0486
   48  8.7472e+09    13.9964    48    47     4.1285
   49  8.7303e+09    14.0021    49    48     4.2083
   50  8.7025e+09    14.0116    50    49     4.2881
   51  8.6417e+09    14.0323    51    50     4.3678
   52  8.5934e+09    14.0490    52    51     4.4476
   53  8.4936e+09    14.0836    53    52     4.5273
   54  8.3661e+09    14.1287    54    53     4.6070
   55  8.3554e+09    14.1325    55    54     4.6867
   56  8.3489e+09    14.1348    56    55     4.7664
   57  7.6645e+09    14.3914    57    56     4.8460
   58  7.6220e+09    14.4082    58    57     4.9257
   59  2.2924e+09    18.3751    59    58     5.0053
   60  1.8198e+09    19.2174    60    59     5.0849
   61  1.8068e+09    19.2440    61    60     5.1646
   62  1.7862e+09    19.2864    62    61     5.2442
   63  1.7843e+09    19.2904    63    62     5.3238
   64  1.7834e+09    19.2922    64    63     5.4033
   65  1.7771e+09    19.3053    65    64     5.4829
   66  1.7741e+09    19.3118    66    65     5.5625
   67  1.7643e+09    19.3322    67    66     5.6421
   68  1.6997e+09    19.4714    68    67     5.7216
   69  1.6819e+09    19.5109    69    68     5.8012
   70  1.3472e+09    20.3545    70    69     5.8807
   71  1.3058e+09    20.4752    71    70     5.9602
   72  1.0183e+09    21.4546    72    71     6.0398
   73  1.0150e+09    21.4675    73    72     6.1193
   74  9.6464e+08    21.6722    74    73     6.1988
   75  9.0107e+08    21.9483    75    74     6.2783
   76  6.9528e+08    23.0208    76    75     6.3579
   77  6.9473e+08    23.0240    77    76     6.4374
   78  6.9094e+08    23.0471    78    77     6.5169
   79  6.8516e+08    23.0824    79    78     6.5964
   80  6.8472e+08    23.0851    80    79     6.6759
   81  6.8438e+08    23.0872    81    80     6.7554
   82  6.8326e+08    23.0941    82    81     6.8349
   83  6.7625e+08    23.1376    83    82     6.9143
   84  6.6733e+08    23.1937    84    83     6.9938
   85  6.5446e+08    23.2761    85    84     7.0733
   86  6.5362e+08    23.2816    86    85     7.1528
   87  6.5245e+08    23.2891    87    86     7.2323
   88  6.4475e+08    23.3396    88    87     7.3117
   89  6.2693e+08    23.4587    89    88     7.3912
   90  3.8696e+08    25.5779    90    89     7.4707
   91  3.8683e+08    25.5795    91    90     7.5502
   92  3.8422e+08    25.6101    92    91     7.6296
   93  3.8223e+08    25.6337    93    92     7.7091
   94  3.7480e+08    25.7227    94    93     7.7885
   95  3.6581e+08    25.8331    95    94     7.8680
   96  3.6567e+08    25.8349    96    95     7.9475
   97  3.5990e+08    25.9074    97    96     8.0269
   98  3.4428e+08    26.1104    98    97     8.1064
   99  2.8433e+08    26.9987    99    98     8.1858
  100  2.7553e+08    27.1466   100    99     8.2653
