#indx Mass S step-number desc_indx 
    0  1.0000e+11     8.0192     0    -1     0.0134
    1  8.4968e+10     8.3470     1     0     0.1326
    2  7.6260e+10     8.5700     2     1     0.2441
    3  7.6177e+10     8.5722     3     2     0.3500
    4  6.2521e+10     8.9907     4     3     0.4519
    5  6.1031e+10     9.0428     5     4     0.5506
    6  4.2764e+10     9.8362     6     5     0.6467
    7  4.2491e+10     9.8510     7     6     0.7407
    8  4.1967e+10     9.8796     8     7     0.8330
    9  4.1658e+10     9.8966     9     8     0.9238
   10  4.1592e+10     9.9002    10     9     1.0134
   11  4.1334e+10     9.9147    11    10     1.1018
   12  4.0106e+10     9.9845    12    11     1.1894
   13  3.7436e+10    10.1456    13    12     1.2761
   14  3.6952e+10    10.1762    14    13     1.3621
   15  3.6550e+10    10.2020    15    14     1.4474
   16  2.3599e+10    11.2725    16    15     1.5322
   17  2.3235e+10    11.3120    17    16     1.6165
   18  2.2503e+10    11.3936    18    17     1.7003
   19  2.0808e+10    11.5948    19    18     1.7838
   20  2.0207e+10    11.6709    20    19     1.8669
   21  1.9783e+10    11.7261    21    20     1.9496
   22  1.9706e+10    11.7362    22    21     2.0321
   23  1.9417e+10    11.7749    23    22     2.1143
   24  1.9162e+10    11.8095    24    23     2.1963
   25  1.7921e+10    11.9860    25    24     2.2781
   26  1.7216e+10    12.0926    26    25     2.3597
   27  1.6726e+10    12.1698    27    26     2.4411
   28  1.6718e+10    12.1710    28    27     2.5223
   29  1.4754e+10    12.5092    29    28     2.6034
   30  1.3950e+10    12.6629    30    29     2.6844
   31  1.3915e+10    12.6699    31    30     2.7652
   32  1.3568e+10    12.7395    32    31     2.8459
   33  1.3547e+10    12.7437    33    32     2.9266
   34  1.3265e+10    12.8021    34    33     3.0071
   35  1.2041e+10    13.0730    35    34     3.0876
   36  1.1822e+10    13.1249    36    35     3.1680
   37  1.1565e+10    13.1871    37    36     3.2483
   38  1.0191e+10    13.5495    38    37     3.3285
   39  1.0156e+10    13.5593    39    38     3.4087
   40  1.0071e+10    13.5836    40    39     3.4889
   41  1.0068e+10    13.5845    41    40     3.5689
   42  9.8941e+09    13.6351    42    41     3.6490
   43  9.8808e+09    13.6390    43    42     3.7290
   44  9.8263e+09    13.6551    44    43     3.8089
   45  9.8174e+09    13.6577    45    44     3.8889
   46  9.5711e+09    13.7318    46    45     3.9688
   47  9.5688e+09    13.7325    47    46     4.0486
   48  9.5566e+09    13.7362    48    47     4.1285
   49  9.0141e+09    13.9076    49    48     4.2083
   50  8.9927e+09    13.9146    50    49     4.2881
   51  8.4938e+09    14.0836    51    50     4.3678
   52  8.2947e+09    14.1542    52    51     4.4476
   53  7.9521e+09    14.2805    53    52     4.5273
   54  7.9468e+09    14.2825    54    53     4.6070
   55  7.1664e+09    14.5953    55    54     4.6867
   56  6.9342e+09    14.6960    56    55     4.7664
   57  6.9267e+09    14.6993    57    56     4.8460
   58  6.8942e+09    14.7138    58    57     4.9257
   59  6.2303e+09    15.0267    59    58     5.0053
   60  6.0735e+09    15.1062    60    59     5.0849
   61  6.0606e+09    15.1128    61    60     5.1646
   62  5.8418e+09    15.2281    62    61     5.2442
   63  5.8282e+09    15.2354    63    62     5.3238
   64  5.6604e+09    15.3275    64    63     5.4033
   65  5.6256e+09    15.3469    65    64     5.4829
   66  5.5938e+09    15.3648    66    65     5.5625
   67  5.3779e+09    15.4897    67    66     5.6421
   68  5.2080e+09    15.5920    68    67     5.7216
   69  4.9988e+09    15.7235    69    68     5.8012
   70  4.8109e+09    15.8470    70    69     5.8807
   71  4.7966e+09    15.8567    71    70     5.9602
   72  4.7692e+09    15.8752    72    71     6.0398
   73  4.7451e+09    15.8916    73    72     6.1193
   74  4.6540e+09    15.9545    74    73     6.1988
   75  4.4160e+09    16.1257    75    74     6.2783
   76  4.2696e+09    16.2363    76    75     6.3579
   77  4.2448e+09    16.2555    77    76     6.4374
   78  4.2422e+09    16.2575    78    77     6.5169
   79  4.2348e+09    16.2633    79    78     6.5964
   80  3.9200e+09    16.5191    80    79     6.6759
   81  3.8335e+09    16.5935    81    80     6.7554
   82  3.7503e+09    16.6669    82    81     6.8349
   83  3.6932e+09    16.7184    83    82     6.9143
   84  3.6834e+09    16.7273    84    83     6.9938
   85  3.6359e+09    16.7710    85    84     7.0733
   86  3.6007e+09    16.8038    86    85     7.1528
   87  3.5290e+09    16.8716    87    86     7.2323
   88  3.4969e+09    16.9026    88    87     7.3117
   89  3.4120e+09    16.9859    89    88     7.3912
   90  3.3601e+09    17.0379    90    89     7.4707
   91  3.2810e+09    17.1192    91    90     7.5502
   92  3.2654e+09    17.1356    92    91     7.6296
   93  3.2026e+09    17.2019    93    92     7.7091
   94  3.1990e+09    17.2058    94    93     7.7885
   95  3.1979e+09    17.2070    95    94     7.8680
   96  2.8481e+09    17.6074    96    95     7.9475
   97  2.8428e+09    17.6138    97    96     8.0269
   98  2.5947e+09    17.9341    98    97     8.1064
   99  2.5912e+09    17.9389    99    98     8.1858
  100  2.5776e+09    17.9574   100    99     8.2653
