#indx Mass S step-number desc_indx 
    0  1.0000e+11     8.0192     0    -1     0.0134
    1  4.3316e+10     9.8068     1     0     0.1326
    2  3.8239e+10    10.0958     2     1     0.2441
    3  3.8104e+10    10.1040     3     2     0.3500
    4  3.7702e+10    10.1289     4     3     0.4519
    5  3.6761e+10    10.1884     5     4     0.5506
    6  3.6579e+10    10.2001     6     5     0.6467
    7  3.6477e+10    10.2067     7     6     0.7407
    8  3.6351e+10    10.2149     8     7     0.8330
    9  3.5997e+10    10.2380     9     8     0.9238
   10  3.5367e+10    10.2798    10     9     1.0134
   11  3.1621e+10    10.5480    11    10     1.1018
   12  3.0776e+10    10.6136    12    11     1.1894
   13  3.0358e+10    10.6468    13    12     1.2761
   14  3.0013e+10    10.6747    14    13     1.3621
   15  2.9905e+10    10.6835    15    14     1.4474
   16  2.0917e+10    11.5814    16    15     1.5322
   17  2.0288e+10    11.6605    17    16     1.6165
   18  1.9753e+10    11.7301    18    17     1.7003
   19  1.7723e+10    12.0154    19    18     1.7838
   20  1.7468e+10    12.0538    20    19     1.8669
   21  1.5981e+10    12.2922    21    20     1.9496
   22  1.5947e+10    12.2981    22    21     2.0321
   23  1.4368e+10    12.5817    23    22     2.1143
   24  1.4366e+10    12.5820    24    23     2.1963
   25  1.4116e+10    12.6303    25    24     2.2781
   26  1.3963e+10    12.6603    26    25     2.3597
   27  1.3793e+10    12.6940    27    26     2.4411
   28  1.1923e+10    13.1009    28    27     2.5223
   29  1.1900e+10    13.1063    29    28     2.6034
   30  1.1773e+10    13.1365    30    29     2.6844
   31  1.1772e+10    13.1369    31    30     2.7652
   32  1.1740e+10    13.1446    32    31     2.8459
   33  1.1725e+10    13.1480    33    32     2.9266
   34  1.1633e+10    13.1705    34    33     3.0071
   35  1.1543e+10    13.1926    35    34     3.0876
   36  1.0813e+10    13.3789    36    35     3.1680
   37  1.0562e+10    13.4463    37    36     3.2483
   38  1.0486e+10    13.4670    38    37     3.3285
   39  9.7403e+09    13.6807    39    38     3.4087
   40  9.4411e+09    13.7717    40    39     3.4889
   41  9.4338e+09    13.7740    41    40     3.5689
   42  9.3605e+09    13.7968    42    41     3.6490
   43  9.2713e+09    13.8249    43    42     3.7290
   44  9.1932e+09    13.8497    44    43     3.8089
   45  8.6567e+09    14.0272    45    44     3.8889
   46  8.6000e+09    14.0467    46    45     3.9688
   47  8.5960e+09    14.0480    47    46     4.0486
   48  8.5939e+09    14.0488    48    47     4.1285
   49  8.5560e+09    14.0619    49    48     4.2083
   50  6.7970e+09    14.7573    50    49     4.2881
   51  6.7723e+09    14.7685    51    50     4.3678
   52  6.7346e+09    14.7857    52    51     4.4476
   53  4.5556e+09    16.0241    53    52     4.5273
   54  4.2908e+09    16.2201    54    53     4.6070
   55  4.2844e+09    16.2250    55    54     4.6867
   56  4.2821e+09    16.2268    56    55     4.7664
   57  3.9103e+09    16.5273    57    56     4.8460
   58  3.7282e+09    16.6867    58    57     4.9257
   59  3.7197e+09    16.6944    59    58     5.0053
   60  3.6949e+09    16.7169    60    59     5.0849
   61  3.6819e+09    16.7287    61    60     5.1646
   62  3.4747e+09    16.9241    62    61     5.2442
   63  3.4610e+09    16.9375    63    62     5.3238
   64  3.4441e+09    16.9541    64    63     5.4033
   65  3.4216e+09    16.9763    65    64     5.4829
   66  3.3507e+09    17.0475    66    65     5.5625
   67  3.1963e+09    17.2087    67    66     5.6421
   68  3.1924e+09    17.2129    68    67     5.7216
   69  3.0382e+09    17.3832    69    68     5.8012
   70  2.9922e+09    17.4359    70    69     5.8807
   71  1.0853e+09    21.2008    71    70     5.9602
   72  1.0751e+09    21.2382    72    71     6.0398
   73  1.0583e+09    21.3009    73    72     6.1193
   74  1.0000e+09    21.5273    74    73     6.1988
   75  9.4710e+08    21.7463    75    74     6.2783
   76  7.2662e+08    22.8358    76    75     6.3579
   77  7.1941e+08    22.8776    77    76     6.4374
   78  7.1743e+08    22.8891    78    77     6.5169
   79  5.7780e+08    23.8083    79    78     6.5964
   80  5.7168e+08    23.8542    80    79     6.6759
   81  5.7152e+08    23.8554    81    80     6.7554
   82  5.6428e+08    23.9103    82    81     6.8349
   83  4.4288e+08    24.9723    83    82     6.9143
   84  4.2151e+08    25.1930    84    83     6.9938
   85  4.0528e+08    25.3693    85    84     7.0733
   86  3.9977e+08    25.4309    86    85     7.1528
   87  3.9938e+08    25.4353    87    86     7.2323
   88  3.8845e+08    25.5605    88    87     7.3117
   89  3.8831e+08    25.5622    89    88     7.3912
   90  3.8278e+08    25.6271    90    89     7.4707
   91  3.8256e+08    25.6297    91    90     7.5502
   92  2.0571e+08    28.5482    92    91     7.6296
   93  2.0151e+08    28.6489    93    92     7.7091
   94  1.9716e+08    28.7560    94    93     7.7885
   95  1.7722e+08    29.2821    95    94     7.8680
   96  1.5869e+08    29.8337    96    95     7.9475
   97  1.5866e+08    29.8349    97    96     8.0269
   98  1.5848e+08    29.8404    98    97     8.1064
   99  1.5709e+08    29.8849    99    98     8.1858
  100  1.5683e+08    29.8930   100    99     8.2653
