#indx Mass S step-number desc_indx 
    0  1.0000e+11     8.0192     0    -1     0.0134
    1  9.9575e+10     8.0276     1     0     0.1326
    2  9.9231e+10     8.0345     2     1     0.2441
    3  9.8557e+10     8.0480     3     2     0.3500
    4  9.6455e+10     8.0910     4     3     0.4519
    5  9.6342e+10     8.0933     5     4     0.5506
    6  9.5558e+10     8.1097     6     5     0.6467
    7  9.3631e+10     8.1505     7     6     0.7407
    8  9.2598e+10     8.1728     8     7     0.8330
    9  9.1741e+10     8.1915     9     8     0.9238
   10  8.9791e+10     8.2349    10     9     1.0134
   11  8.2887e+10     8.3978    11    10     1.1018
   12  8.0364e+10     8.4614    12    11     1.1894
   13  6.7140e+10     8.8380    13    12     1.2761
   14  6.4895e+10     8.9107    14    13     1.3621
   15  6.4793e+10     8.9140    15    14     1.4474
   16  6.4552e+10     8.9220    16    15     1.5322
   17  6.3519e+10     8.9566    17    16     1.6165
   18  5.5917e+10     9.2336    18    17     1.7003
   19  4.6069e+10     9.6662    19    18     1.7838
   20  3.1908e+10    10.5262    20    19     1.8669
   21  3.1842e+10    10.5312    21    20     1.9496
   22  3.1796e+10    10.5347    22    21     2.0321
   23  3.1078e+10    10.5899    23    22     2.1143
   24  3.1009e+10    10.5953    24    23     2.1963
   25  2.7416e+10    10.8970    25    24     2.2781
   26  2.7374e+10    10.9008    26    25     2.3597
   27  2.5316e+10    11.0955    27    26     2.4411
   28  2.4840e+10    11.1430    28    27     2.5223
   29  2.4698e+10    11.1575    29    28     2.6034
   30  2.4163e+10    11.2128    30    29     2.6844
   31  2.3949e+10    11.2353    31    30     2.7652
   32  2.2896e+10    11.3493    32    31     2.8459
   33  2.2838e+10    11.3558    33    32     2.9266
   34  2.1471e+10    11.5139    34    33     3.0071
   35  2.0743e+10    11.6029    35    34     3.0876
   36  1.9202e+10    11.8040    36    35     3.1680
   37  1.9179e+10    11.8071    37    36     3.2483
   38  1.9076e+10    11.8212    38    37     3.3285
   39  1.4149e+10    12.6239    39    38     3.4087
   40  1.4092e+10    12.6350    40    39     3.4889
   41  1.3567e+10    12.7398    41    40     3.5689
   42  1.3087e+10    12.8396    42    41     3.6490
   43  1.3039e+10    12.8499    43    42     3.7290
   44  1.2193e+10    13.0378    44    43     3.8089
   45  1.2117e+10    13.0554    45    44     3.8889
   46  1.2080e+10    13.0640    46    45     3.9688
   47  1.1933e+10    13.0984    47    46     4.0486
   48  1.1091e+10    13.3063    48    47     4.1285
   49  1.1043e+10    13.3185    49    48     4.2083
   50  1.1024e+10    13.3236    50    49     4.2881
   51  1.0980e+10    13.3350    51    50     4.3678
   52  1.0916e+10    13.3517    52    51     4.4476
   53  1.0546e+10    13.4505    53    52     4.5273
   54  1.0198e+10    13.5474    54    53     4.6070
   55  9.6701e+09    13.7017    55    54     4.6867
   56  9.6448e+09    13.7094    56    55     4.7664
   57  9.4985e+09    13.7540    57    56     4.8460
   58  9.4914e+09    13.7562    58    57     4.9257
   59  9.4001e+09    13.7845    59    58     5.0053
   60  9.3788e+09    13.7911    60    59     5.0849
   61  9.3066e+09    13.8138    61    60     5.1646
   62  9.0632e+09    13.8916    62    61     5.2442
   63  8.0990e+09    14.2256    63    62     5.3238
   64  8.0064e+09    14.2601    64    63     5.4033
   65  7.9764e+09    14.2713    65    64     5.4829
   66  7.9152e+09    14.2945    66    65     5.5625
   67  7.6342e+09    14.4034    67    66     5.6421
   68  7.4105e+09    14.4934    68    67     5.7216
   69  7.0770e+09    14.6336    69    68     5.8012
   70  6.7284e+09    14.7885    70    69     5.8807
   71  6.6153e+09    14.8408    71    70     5.9602
   72  6.6081e+09    14.8441    72    71     6.0398
   73  6.5851e+09    14.8549    73    72     6.1193
   74  6.5830e+09    14.8559    74    73     6.1988
   75  6.5474e+09    14.8726    75    74     6.2783
   76  6.2963e+09    14.9939    76    75     6.3579
   77  6.2153e+09    15.0342    77    76     6.4374
   78  4.8041e+09    15.8516    78    77     6.5169
   79  4.7893e+09    15.8616    79    78     6.5964
   80  4.6722e+09    15.9418    80    79     6.6759
   81  4.6582e+09    15.9516    81    80     6.7554
   82  4.6340e+09    15.9685    82    81     6.8349
   83  4.6089e+09    15.9862    83    82     6.9143
   84  4.5928e+09    15.9976    84    83     6.9938
   85  4.5857e+09    16.0026    85    84     7.0733
   86  4.4751e+09    16.0823    86    85     7.1528
   87  4.3019e+09    16.2116    87    86     7.2323
   88  3.9683e+09    16.4783    88    87     7.3117
   89  3.9376e+09    16.5042    89    88     7.3912
   90  3.9138e+09    16.5244    90    89     7.4707
   91  3.8450e+09    16.5835    91    90     7.5502
   92  3.8301e+09    16.5964    92    91     7.6296
   93  3.7743e+09    16.6455    93    92     7.7091
   94  3.6771e+09    16.7331    94    93     7.7885
   95  3.0715e+09    17.3456    95    94     7.8680
   96  3.0400e+09    17.3811    96    95     7.9475
   97  2.9619e+09    17.4712    97    96     8.0269
   98  2.9610e+09    17.4723    98    97     8.1064
   99  2.8960e+09    17.5493    99    98     8.1858
  100  2.8919e+09    17.5542   100    99     8.2653
