#indx Mass S step-number desc_indx 
    0  1.0000e+11     8.0192     0    -1     0.0134
    1  7.8290e+10     8.5154     1     0     0.1326
    2  7.7751e+10     8.5298     2     1     0.2441
    3  7.7565e+10     8.5347     3     2     0.3500
    4  7.6345e+10     8.5676     4     3     0.4519
    5  7.5729e+10     8.5845     5     4     0.5506
    6  6.9884e+10     8.7531     6     5     0.6467
    7  6.9463e+10     8.7659     7     6     0.7407
    8  6.9202e+10     8.7738     8     7     0.8330
    9  6.6733e+10     8.8510     9     8     0.9238
   10  6.6582e+10     8.8558    10     9     1.0134
   11  6.5871e+10     8.8787    11    10     1.1018
   12  6.4158e+10     8.9351    12    11     1.1894
   13  5.8509e+10     9.1344    13    12     1.2761
   14  5.3392e+10     9.3354    14    13     1.3621
   15  5.1136e+10     9.4314    15    14     1.4474
   16  3.9858e+10     9.9990    16    15     1.5322
   17  3.8492e+10    10.0803    17    16     1.6165
   18  3.8476e+10    10.0813    18    17     1.7003
   19  2.9237e+10    10.7387    19    18     1.7838
   20  2.8400e+10    10.8100    20    19     1.8669
   21  2.8213e+10    10.8262    21    20     1.9496
   22  2.8189e+10    10.8283    22    21     2.0321
   23  2.4789e+10    11.1483    23    22     2.1143
   24  2.3979e+10    11.2321    24    23     2.1963
   25  2.3893e+10    11.2412    25    24     2.2781
   26  2.3543e+10    11.2785    26    25     2.3597
   27  2.1884e+10    11.4650    27    26     2.4411
   28  2.1865e+10    11.4672    28    27     2.5223
   29  1.5532e+10    12.3693    29    28     2.6034
   30  1.5006e+10    12.4629    30    29     2.6844
   31  1.4981e+10    12.4675    31    30     2.7652
   32  1.4805e+10    12.4997    32    31     2.8459
   33  1.4593e+10    12.5391    33    32     2.9266
   34  1.3880e+10    12.6766    34    33     3.0071
   35  1.3739e+10    12.7049    35    34     3.0876
   36  1.3275e+10    12.8001    36    35     3.1680
   37  1.3170e+10    12.8222    37    36     3.2483
   38  1.2698e+10    12.9238    38    37     3.3285
   39  1.1303e+10    13.2522    39    38     3.4087
   40  1.1284e+10    13.2569    40    39     3.4889
   41  1.1253e+10    13.2649    41    40     3.5689
   42  1.0960e+10    13.3402    42    41     3.6490
   43  1.0943e+10    13.3445    43    42     3.7290
   44  9.2661e+09    13.8266    44    43     3.8089
   45  8.5422e+09    14.0667    45    44     3.8889
   46  8.5331e+09    14.0699    46    45     3.9688
   47  8.5277e+09    14.0718    47    46     4.0486
   48  8.3502e+09    14.1343    48    47     4.1285
   49  8.2702e+09    14.1631    49    48     4.2083
   50  8.1706e+09    14.1993    50    49     4.2881
   51  8.1578e+09    14.2040    51    50     4.3678
   52  8.0759e+09    14.2342    52    51     4.4476
   53  8.0626e+09    14.2391    53    52     4.5273
   54  8.0469e+09    14.2449    54    53     4.6070
   55  7.9203e+09    14.2925    55    54     4.6867
   56  7.8928e+09    14.3030    56    55     4.7664
   57  7.8898e+09    14.3041    57    56     4.8460
   58  7.8813e+09    14.3074    58    57     4.9257
   59  7.3075e+09    14.5359    59    58     5.0053
   60  7.2868e+09    14.5446    60    59     5.0849
   61  7.2528e+09    14.5588    61    60     5.1646
   62  7.1857e+09    14.5871    62    61     5.2442
   63  7.1548e+09    14.6002    63    62     5.3238
   64  6.9746e+09    14.6782    64    63     5.4033
   65  4.2957e+09    16.2163    65    64     5.4829
   66  4.2918e+09    16.2193    66    65     5.5625
   67  4.2721e+09    16.2344    67    66     5.6421
   68  3.6356e+09    16.7713    68    67     5.7216
   69  3.5235e+09    16.8769    69    68     5.8012
   70  3.5206e+09    16.8797    70    69     5.8807
   71  3.5037e+09    16.8960    71    70     5.9602
   72  3.4918e+09    16.9075    72    71     6.0398
   73  3.1692e+09    17.2379    73    72     6.1193
   74  3.1111e+09    17.3015    74    73     6.1988
   75  3.0979e+09    17.3161    75    74     6.2783
   76  2.3206e+09    18.3313    76    75     6.3579
   77  2.2971e+09    18.3677    77    76     6.4374
   78  2.0119e+09    18.8480    78    77     6.5169
   79  1.9576e+09    18.9482    79    78     6.5964
   80  1.9516e+09    18.9594    80    79     6.6759
   81  1.9513e+09    18.9600    81    80     6.7554
   82  1.9341e+09    18.9924    82    81     6.8349
   83  3.2505e+08    26.3751    83    82     6.9143
   84  3.2106e+08    26.4322    84    83     6.9938
   85  2.8225e+08    27.0332    85    84     7.0733
   86  2.8215e+08    27.0348    86    85     7.1528
   87  2.7900e+08    27.0877    87    86     7.2323
   88  2.7844e+08    27.0970    88    87     7.3117
   89  2.7803e+08    27.1040    89    88     7.3912
   90  2.7086e+08    27.2272    90    89     7.4707
   91  2.2518e+08    28.1093    91    90     7.5502
   92  2.2168e+08    28.1849    92    91     7.6296
   93  2.2015e+08    28.2184    93    92     7.7091
   94  2.1979e+08    28.2265    94    93     7.7885
   95  2.1738e+08    28.2799    95    94     7.8680
   96  2.1594e+08    28.3121    96    95     7.9475
   97  2.1292e+08    28.3806    97    96     8.0269
   98  1.4458e+08    30.3047    98    97     8.1064
   99  1.4402e+08    30.3244    99    98     8.1858
  100  1.4380e+08    30.3321   100    99     8.2653
