#indx Mass S step-number desc_indx 
    0  1.0000e+11     8.0192     0    -1     0.0134
    1  9.2114e+10     8.1833     1     0     0.1326
    2  8.1358e+10     8.4361     2     1     0.2441
    3  8.0483e+10     8.4583     3     2     0.3500
    4  7.7218e+10     8.5440     4     3     0.4519
    5  7.3871e+10     8.6364     5     4     0.5506
    6  7.3326e+10     8.6519     6     5     0.6467
    7  7.2185e+10     8.6848     7     6     0.7407
    8  7.0577e+10     8.7323     8     7     0.8330
    9  7.0407e+10     8.7374     9     8     0.9238
   10  6.9153e+10     8.7754    10     9     1.0134
   11  6.8147e+10     8.8064    11    10     1.1018
   12  6.7841e+10     8.8160    12    11     1.1894
   13  6.5858e+10     8.8792    13    12     1.2761
   14  5.2727e+10     9.3632    14    13     1.3621
   15  5.1153e+10     9.4306    15    14     1.4474
   16  5.0737e+10     9.4489    16    15     1.5322
   17  5.0041e+10     9.4798    17    16     1.6165
   18  4.9465e+10     9.5057    18    17     1.7003
   19  4.8378e+10     9.5556    19    18     1.7838
   20  4.6675e+10     9.6365    20    19     1.8669
   21  4.5870e+10     9.6760    21    20     1.9496
   22  4.2523e+10     9.8492    22    21     2.0321
   23  2.8489e+10    10.8023    23    22     2.1143
   24  2.7751e+10    10.8670    24    23     2.1963
   25  2.1235e+10    11.5425    25    24     2.2781
   26  2.0974e+10    11.5744    26    25     2.3597
   27  2.0538e+10    11.6287    27    26     2.4411
   28  2.0436e+10    11.6417    28    27     2.5223
   29  2.0319e+10    11.6565    29    28     2.6034
   30  1.5129e+10    12.4407    30    29     2.6844
   31  1.5009e+10    12.4623    31    30     2.7652
   32  1.4409e+10    12.5738    32    31     2.8459
   33  1.1460e+10    13.2131    33    32     2.9266
   34  1.1181e+10    13.2832    34    33     3.0071
   35  1.1088e+10    13.3070    35    34     3.0876
   36  1.0997e+10    13.3306    36    35     3.1680
   37  1.0949e+10    13.3431    37    36     3.2483
   38  1.0827e+10    13.3752    38    37     3.3285
   39  9.9307e+09    13.6244    39    38     3.4087
   40  9.8143e+09    13.6586    40    39     3.4889
   41  9.7738e+09    13.6707    41    40     3.5689
   42  9.4523e+09    13.7683    42    41     3.6490
   43  9.3224e+09    13.8088    43    42     3.7290
   44  9.2411e+09    13.8345    44    43     3.8089
   45  9.2158e+09    13.8425    45    44     3.8889
   46  9.1777e+09    13.8547    46    45     3.9688
   47  7.3249e+09    14.5287    47    46     4.0486
   48  7.3054e+09    14.5368    48    47     4.1285
   49  7.1943e+09    14.5834    49    48     4.2083
   50  7.0662e+09    14.6383    50    49     4.2881
   51  7.0529e+09    14.6441    51    50     4.3678
   52  6.5880e+09    14.8536    52    51     4.4476
   53  6.5662e+09    14.8638    53    52     4.5273
   54  6.4805e+09    14.9044    54    53     4.6070
   55  6.4441e+09    14.9219    55    54     4.6867
   56  6.4158e+09    14.9355    56    55     4.7664
   57  6.3719e+09    14.9568    57    56     4.8460
   58  6.2604e+09    15.0116    58    57     4.9257
   59  6.0456e+09    15.1206    59    58     5.0053
   60  5.5541e+09    15.3874    60    59     5.0849
   61  5.4835e+09    15.4279    61    60     5.1646
   62  1.8704e+09    19.1158    62    61     5.2442
   63  1.5874e+09    19.7284    63    62     5.3238
   64  1.4283e+09    20.1296    64    63     5.4033
   65  1.4275e+09    20.1319    65    64     5.4829
   66  1.4244e+09    20.1403    66    65     5.5625
   67  1.4025e+09    20.1998    67    66     5.6421
   68  1.3896e+09    20.2352    68    67     5.7216
   69  1.3889e+09    20.2371    69    68     5.8012
   70  1.3310e+09    20.4012    70    69     5.8807
   71  1.3218e+09    20.4279    71    70     5.9602
   72  1.3193e+09    20.4353    72    71     6.0398
   73  1.3092e+09    20.4650    73    72     6.1193
   74  1.2786e+09    20.5568    74    73     6.1988
   75  1.2779e+09    20.5588    75    74     6.2783
   76  1.1436e+09    20.9937    76    75     6.3579
   77  1.1367e+09    21.0175    77    76     6.4374
   78  1.1341e+09    21.0267    78    77     6.5169
   79  1.1330e+09    21.0304    79    78     6.5964
   80  1.1319e+09    21.0343    80    79     6.6759
   81  1.0995e+09    21.1491    81    80     6.7554
   82  1.0099e+09    21.4878    82    81     6.8349
   83  9.4933e+08    21.7368    83    82     6.9143
   84  9.4641e+08    21.7492    84    83     6.9938
   85  9.2316e+08    21.8499    85    84     7.0733
   86  9.2204e+08    21.8548    86    85     7.1528
   87  9.1767e+08    21.8741    87    86     7.2323
   88  8.9220e+08    21.9885    88    87     7.3117
   89  8.7147e+08    22.0845    89    88     7.3912
   90  8.4674e+08    22.2023    90    89     7.4707
   91  8.4489e+08    22.2112    91    90     7.5502
   92  8.3583e+08    22.2555    92    91     7.6296
   93  8.3390e+08    22.2650    93    92     7.7091
   94  8.3301e+08    22.2694    94    93     7.7885
   95  8.3187e+08    22.2750    95    94     7.8680
   96  8.1308e+08    22.3690    96    95     7.9475
   97  8.0902e+08    22.3897    97    96     8.0269
   98  7.9916e+08    22.4403    98    97     8.1064
   99  7.5628e+08    22.6689    99    98     8.1858
  100  7.5186e+08    22.6933   100    99     8.2653
