#indx Mass S step-number desc_indx 
    0  1.0000e+11     8.0192     0    -1     0.0134
    1  8.9902e+10     8.2324     1     0     0.1326
    2  8.9688e+10     8.2372     2     1     0.2441
    3  8.9505e+10     8.2413     3     2     0.3500
    4  8.8131e+10     8.2727     4     3     0.4519
    5  8.1201e+10     8.4400     5     4     0.5506
    6  7.9920e+10     8.4728     6     5     0.6467
    7  7.9093e+10     8.4943     7     6     0.7407
    8  7.8023e+10     8.5225     8     7     0.8330
    9  7.2536e+10     8.6747     9     8     0.9238
   10  6.9526e+10     8.7640    10     9     1.0134
   11  6.6456e+10     8.8599    11    10     1.1018
   12  6.6006e+10     8.8744    12    11     1.1894
   13  6.4521e+10     8.9230    13    12     1.2761
   14  5.9164e+10     9.1102    14    13     1.3621
   15  5.8501e+10     9.1347    15    14     1.4474
   16  5.7728e+10     9.1637    16    15     1.5322
   17  5.5641e+10     9.2444    17    16     1.6165
   18  5.4716e+10     9.2813    18    17     1.7003
   19  5.4140e+10     9.3047    19    18     1.7838
   20  5.3994e+10     9.3106    20    19     1.8669
   21  5.3674e+10     9.3238    21    20     1.9496
   22  5.2287e+10     9.3818    22    21     2.0321
   23  4.4908e+10     9.7242    23    22     2.1143
   24  3.6902e+10    10.1794    24    23     2.1963
   25  3.6630e+10    10.1968    25    24     2.2781
   26  3.4031e+10    10.3715    26    25     2.3597
   27  3.3776e+10    10.3894    27    26     2.4411
   28  2.7256e+10    10.9115    28    27     2.5223
   29  2.5874e+10    11.0409    29    28     2.6034
   30  2.4255e+10    11.2032    30    29     2.6844
   31  2.4185e+10    11.2104    31    30     2.7652
   32  2.3349e+10    11.2995    32    31     2.8459
   33  2.3321e+10    11.3026    33    32     2.9266
   34  2.0734e+10    11.6041    34    33     3.0071
   35  2.0715e+10    11.6064    35    34     3.0876
   36  2.0639e+10    11.6160    36    35     3.1680
   37  2.0214e+10    11.6700    37    36     3.2483
   38  2.0163e+10    11.6766    38    37     3.3285
   39  2.0123e+10    11.6817    39    38     3.4087
   40  2.0089e+10    11.6860    40    39     3.4889
   41  1.9683e+10    11.7393    41    40     3.5689
   42  9.6573e+09    13.7056    42    41     3.6490
   43  5.9386e+09    15.1765    43    42     3.7290
   44  5.8685e+09    15.2137    44    43     3.8089
   45  5.6950e+09    15.3082    45    44     3.8889
   46  5.6811e+09    15.3159    46    45     3.9688
   47  5.6754e+09    15.3191    47    46     4.0486
   48  5.6602e+09    15.3275    48    47     4.1285
   49  5.6533e+09    15.3314    49    48     4.2083
   50  4.9375e+09    15.7633    50    49     4.2881
   51  4.9305e+09    15.7678    51    50     4.3678
   52  3.9502e+09    16.4936    52    51     4.4476
   53  3.9120e+09    16.5259    53    52     4.5273
   54  3.8727e+09    16.5595    54    53     4.6070
   55  3.5395e+09    16.8616    55    54     4.6867
   56  3.5067e+09    16.8931    56    55     4.7664
   57  3.1350e+09    17.2752    57    56     4.8460
   58  3.0139e+09    17.4110    58    57     4.9257
   59  2.9461e+09    17.4898    59    58     5.0053
   60  2.9103e+09    17.5322    60    59     5.0849
   61  2.8723e+09    17.5778    61    60     5.1646
   62  2.8708e+09    17.5796    62    61     5.2442
   63  9.7185e+08    21.6422    63    62     5.3238
   64  6.8835e+08    23.0628    64    63     5.4033
   65  6.4871e+08    23.3135    65    64     5.4829
   66  6.3970e+08    23.3729    66    65     5.5625
   67  6.0234e+08    23.6296    67    66     5.6421
   68  5.8605e+08    23.7473    68    67     5.7216
   69  5.8139e+08    23.7816    69    68     5.8012
   70  5.7643e+08    23.8185    70    69     5.8807
   71  5.7511e+08    23.8284    71    70     5.9602
   72  4.3277e+08    25.0752    72    71     6.0398
   73  4.2101e+08    25.1984    73    72     6.1193
   74  3.4724e+08    26.0712    74    73     6.1988
   75  3.4604e+08    26.0871    75    74     6.2783
   76  3.3084e+08    26.2936    76    75     6.3579
   77  3.3053e+08    26.2980    77    76     6.4374
   78  3.1676e+08    26.4947    78    77     6.5169
   79  3.0702e+08    26.6398    79    78     6.5964
   80  1.9513e+08    28.8065    80    79     6.6759
   81  1.9418e+08    28.8306    81    80     6.7554
   82  1.9128e+08    28.9046    82    81     6.8349
   83  1.8594e+08    29.0442    83    82     6.9143
   84  1.8587e+08    29.0459    84    83     6.9938
   85  1.8145e+08    29.1650    85    84     7.0733
