#indx Mass S step-number desc_indx 
    0  1.0000e+11     8.0192     0    -1     0.0134
    1  9.8744e+10     8.0443     1     0     0.1326
    2  9.4186e+10     8.1386     2     1     0.2441
    3  9.3823e+10     8.1464     3     2     0.3500
    4  9.2525e+10     8.1744     4     3     0.4519
    5  8.7720e+10     8.2821     5     4     0.5506
    6  7.9636e+10     8.4802     6     5     0.6467
    7  7.8408e+10     8.5123     7     6     0.7407
    8  7.3696e+10     8.6414     8     7     0.8330
    9  7.3035e+10     8.6603     9     8     0.9238
   10  2.9279e+10    10.7352    10     9     1.0134
   11  2.8643e+10    10.7890    11    10     1.1018
   12  2.8548e+10    10.7972    12    11     1.1894
   13  2.7155e+10    10.9207    13    12     1.2761
   14  2.6149e+10    11.0145    14    13     1.3621
   15  2.6097e+10    11.0195    15    14     1.4474
   16  2.4233e+10    11.2054    16    15     1.5322
   17  2.4223e+10    11.2065    17    16     1.6165
   18  2.3830e+10    11.2479    18    17     1.7003
   19  2.2084e+10    11.4416    19    18     1.7838
   20  1.8417e+10    11.9137    20    19     1.8669
   21  1.8411e+10    11.9146    21    20     1.9496
   22  1.8352e+10    11.9231    22    21     2.0321
   23  1.8118e+10    11.9570    23    22     2.1143
   24  1.4584e+10    12.5408    24    23     2.1963
   25  1.4557e+10    12.5459    25    24     2.2781
   26  1.2710e+10    12.9212    26    25     2.3597
   27  1.2515e+10    12.9645    27    26     2.4411
   28  1.0509e+10    13.4609    28    27     2.5223
   29  1.0460e+10    13.4742    29    28     2.6034
   30  1.0410e+10    13.4880    30    29     2.6844
   31  1.0272e+10    13.5266    31    30     2.7652
   32  1.0267e+10    13.5278    32    31     2.8459
   33  5.1384e+09    15.6352    33    32     2.9266
   34  5.0993e+09    15.6596    34    33     3.0071
   35  5.0051e+09    15.7194    35    34     3.0876
   36  4.9952e+09    15.7258    36    35     3.1680
   37  4.8785e+09    15.8020    37    36     3.2483
   38  4.8703e+09    15.8074    38    37     3.3285
   39  4.8571e+09    15.8162    39    38     3.4087
   40  4.8064e+09    15.8501    40    39     3.4889
   41  4.7994e+09    15.8548    41    40     3.5689
   42  4.5110e+09    16.0561    42    41     3.6490
   43  4.5038e+09    16.0613    43    42     3.7290
   44  4.4632e+09    16.0910    44    43     3.8089
   45  4.4577e+09    16.0950    45    44     3.8889
   46  4.4437e+09    16.1053    46    45     3.9688
   47  4.3947e+09    16.1415    47    46     4.0486
   48  4.2063e+09    16.2856    48    47     4.1285
   49  4.0527e+09    16.4085    49    48     4.2083
   50  4.0228e+09    16.4331    50    49     4.2881
   51  3.9988e+09    16.4529    51    50     4.3678
   52  3.9509e+09    16.4930    52    51     4.4476
   53  3.8627e+09    16.5682    53    52     4.5273
   54  3.8564e+09    16.5736    54    53     4.6070
   55  3.8013e+09    16.6217    55    54     4.6867
   56  3.5661e+09    16.8363    56    55     4.7664
   57  3.1185e+09    17.2933    57    56     4.8460
   58  3.1142e+09    17.2981    58    57     4.9257
   59  3.0926e+09    17.3221    59    58     5.0053
   60  3.0386e+09    17.3827    60    59     5.0849
   61  2.9582e+09    17.4755    61    60     5.1646
   62  2.8588e+09    17.5942    62    61     5.2442
   63  2.7107e+09    17.7801    63    62     5.3238
   64  2.6918e+09    17.8047    64    63     5.4033
   65  2.6810e+09    17.8189    65    64     5.4829
   66  2.4644e+09    18.1166    66    65     5.5625
   67  2.3617e+09    18.2684    67    66     5.6421
   68  2.3605e+09    18.2702    68    67     5.7216
   69  2.3515e+09    18.2838    69    68     5.8012
   70  2.2184e+09    18.4931    70    69     5.8807
   71  1.6972e+09    19.4770    71    70     5.9602
   72  1.6697e+09    19.5380    72    71     6.0398
   73  1.5884e+09    19.7260    73    72     6.1193
   74  1.3235e+09    20.4231    74    73     6.1988
   75  1.3089e+09    20.4659    75    74     6.2783
   76  1.2974e+09    20.5003    76    75     6.3579
   77  1.2964e+09    20.5033    77    76     6.4374
   78  1.2908e+09    20.5200    78    77     6.5169
   79  1.2610e+09    20.6109    79    78     6.5964
   80  1.2584e+09    20.6189    80    79     6.6759
   81  1.1564e+09    20.9498    81    80     6.7554
   82  1.1527e+09    20.9623    82    81     6.8349
   83  1.1460e+09    20.9854    83    82     6.9143
   84  1.0763e+09    21.2339    84    83     6.9938
   85  1.0759e+09    21.2353    85    84     7.0733
   86  1.0618e+09    21.2877    86    85     7.1528
   87  3.1092e+08    26.5811    87    86     7.2323
   88  3.0856e+08    26.6166    88    87     7.3117
   89  3.0567e+08    26.6603    89    88     7.3912
   90  3.0429e+08    26.6814    90    89     7.4707
   91  3.0302e+08    26.7009    91    90     7.5502
   92  2.9680e+08    26.7976    92    91     7.6296
   93  2.8418e+08    27.0012    93    92     7.7091
   94  2.8384e+08    27.0067    94    93     7.7885
   95  2.3653e+08    27.8727    95    94     7.8680
   96  2.2935e+08    28.0208    96    95     7.9475
   97  2.2829e+08    28.0432    97    96     8.0269
   98  2.2367e+08    28.1417    98    97     8.1064
   99  2.2220e+08    28.1736    99    98     8.1858
  100  2.1856e+08    28.2537   100    99     8.2653
