#indx Mass S step-number desc_indx 
    0  1.0000e+11     8.0192     0    -1     0.0134
    1  9.9860e+10     8.0220     1     0     0.1326
    2  9.8032e+10     8.0587     2     1     0.2441
    3  8.1356e+10     8.4361     3     2     0.3500
    4  7.9503e+10     8.4836     4     3     0.4519
    5  7.9100e+10     8.4941     5     4     0.5506
    6  7.6156e+10     8.5728     6     5     0.6467
    7  7.5746e+10     8.5841     7     6     0.7407
    8  7.2081e+10     8.6879     8     7     0.8330
    9  7.1413e+10     8.7075     9     8     0.9238
   10  7.1169e+10     8.7147    10     9     1.0134
   11  7.0836e+10     8.7246    11    10     1.1018
   12  5.3474e+10     9.3320    12    11     1.1894
   13  5.3244e+10     9.3416    13    12     1.2761
   14  5.3208e+10     9.3431    14    13     1.3621
   15  4.3072e+10     9.8198    15    14     1.4474
   16  4.2600e+10     9.8451    16    15     1.5322
   17  3.6206e+10    10.2243    17    16     1.6165
   18  2.8709e+10    10.7834    18    17     1.7003
   19  2.8241e+10    10.8238    19    18     1.7838
   20  2.8152e+10    10.8316    20    19     1.8669
   21  2.6738e+10    10.9591    21    20     1.9496
   22  2.6164e+10    11.0131    22    21     2.0321
   23  2.5958e+10    11.0328    23    22     2.1143
   24  2.5648e+10    11.0628    24    23     2.1963
   25  2.5322e+10    11.0948    25    24     2.2781
   26  2.4706e+10    11.1567    26    25     2.3597
   27  2.4261e+10    11.2025    27    26     2.4411
   28  2.3559e+10    11.2768    28    27     2.5223
   29  2.2968e+10    11.3414    29    28     2.6034
   30  2.2319e+10    11.4146    30    29     2.6844
   31  2.0452e+10    11.6395    31    30     2.7652
   32  1.9882e+10    11.7130    32    31     2.8459
   33  1.9689e+10    11.7385    33    32     2.9266
   34  1.7423e+10    12.0607    34    33     3.0071
   35  1.7219e+10    12.0921    35    34     3.0876
   36  1.5404e+10    12.3918    36    35     3.1680
   37  1.5349e+10    12.4015    37    36     3.2483
   38  1.2369e+10    12.9974    38    37     3.3285
   39  1.0605e+10    13.4346    39    38     3.4087
   40  1.0504e+10    13.4620    40    39     3.4889
   41  1.0160e+10    13.5582    41    40     3.5689
   42  8.2023e+09    14.1877    42    41     3.6490
   43  7.9816e+09    14.2694    43    42     3.7290
   44  7.8506e+09    14.3191    44    43     3.8089
   45  7.5770e+09    14.4261    45    44     3.8889
   46  7.5565e+09    14.4343    46    45     3.9688
   47  7.4486e+09    14.4778    47    46     4.0486
   48  7.4296e+09    14.4856    48    47     4.1285
   49  7.3121e+09    14.5340    49    48     4.2083
   50  6.8869e+09    14.7170    50    49     4.2881
   51  6.7544e+09    14.7767    51    50     4.3678
   52  6.7301e+09    14.7878    52    51     4.4476
   53  6.7158e+09    14.7943    53    52     4.5273
   54  6.7145e+09    14.7949    54    53     4.6070
   55  6.6826e+09    14.8096    55    54     4.6867
   56  6.6407e+09    14.8289    56    55     4.7664
   57  6.5821e+09    14.8563    57    56     4.8460
   58  6.3570e+09    14.9641    58    57     4.9257
   59  6.0868e+09    15.0993    59    58     5.0053
   60  6.0273e+09    15.1300    60    59     5.0849
   61  5.6114e+09    15.3549    61    60     5.1646
   62  5.6111e+09    15.3551    62    61     5.2442
   63  5.3075e+09    15.5317    63    62     5.3238
   64  5.2259e+09    15.5811    64    63     5.4033
   65  5.2118e+09    15.5897    65    64     5.4829
   66  5.0146e+09    15.7134    66    65     5.5625
   67  4.8789e+09    15.8017    67    66     5.6421
   68  4.8637e+09    15.8118    68    67     5.7216
   69  4.8372e+09    15.8294    69    68     5.8012
   70  4.8358e+09    15.8303    70    69     5.8807
   71  4.8210e+09    15.8403    71    70     5.9602
   72  4.7788e+09    15.8687    72    71     6.0398
   73  4.6838e+09    15.9338    73    72     6.1193
   74  4.6830e+09    15.9344    74    73     6.1988
   75  4.6770e+09    15.9385    75    74     6.2783
   76  4.6757e+09    15.9394    76    75     6.3579
   77  4.6669e+09    15.9455    77    76     6.4374
   78  4.6617e+09    15.9491    78    77     6.5169
   79  4.6086e+09    15.9864    79    78     6.5964
   80  4.5859e+09    16.0025    80    79     6.6759
   81  4.5661e+09    16.0165    81    80     6.7554
   82  4.3850e+09    16.1488    82    81     6.8349
   83  4.3313e+09    16.1892    83    82     6.9143
   84  4.1252e+09    16.3498    84    83     6.9938
   85  4.1208e+09    16.3534    85    84     7.0733
   86  4.1107e+09    16.3614    86    85     7.1528
   87  4.0976e+09    16.3720    87    86     7.2323
   88  4.0807e+09    16.3857    88    87     7.3117
   89  4.0675e+09    16.3964    89    88     7.3912
   90  4.0669e+09    16.3969    90    89     7.4707
   91  4.0638e+09    16.3995    91    90     7.5502
   92  2.7652e+09    17.7105    92    91     7.6296
   93  1.7613e+09    19.3385    93    92     7.7091
   94  1.7603e+09    19.3408    94    93     7.7885
   95  1.7246e+09    19.4170    95    94     7.8680
   96  1.6652e+09    19.5482    96    95     7.9475
   97  1.6619e+09    19.5557    97    96     8.0269
   98  1.6603e+09    19.5594    98    97     8.1064
   99  1.6589e+09    19.5624    99    98     8.1858
  100  1.6564e+09    19.5681   100    99     8.2653
