#indx Mass S step-number desc_indx 
    0  1.0000e+11     8.0192     0    -1     0.0134
    1  9.1035e+10     8.2071     1     0     0.1326
    2  9.0882e+10     8.2105     2     1     0.2441
    3  7.6528e+10     8.5627     3     2     0.3500
    4  7.5534e+10     8.5899     4     3     0.4519
    5  7.4883e+10     8.6080     5     4     0.5506
    6  6.2693e+10     8.9848     6     5     0.6467
    7  6.2395e+10     8.9950     7     6     0.7407
    8  6.1806e+10     9.0155     8     7     0.8330
    9  5.2680e+10     9.3652     9     8     0.9238
   10  4.9785e+10     9.4912    10     9     1.0134
   11  4.9723e+10     9.4940    11    10     1.1018
   12  4.9551e+10     9.5018    12    11     1.1894
   13  4.6701e+10     9.6353    13    12     1.2761
   14  4.4506e+10     9.7448    14    13     1.3621
   15  4.4067e+10     9.7674    15    14     1.4474
   16  4.1625e+10     9.8984    16    15     1.5322
   17  4.0406e+10     9.9673    17    16     1.6165
   18  3.7659e+10    10.1316    18    17     1.7003
   19  3.5323e+10    10.2828    19    18     1.7838
   20  2.8912e+10    10.7661    20    19     1.8669
   21  2.7979e+10    10.8468    21    20     1.9496
   22  2.4114e+10    11.2178    22    21     2.0321
   23  2.3657e+10    11.2663    23    22     2.1143
   24  2.2632e+10    11.3790    24    23     2.1963
   25  2.1904e+10    11.4626    25    24     2.2781
   26  2.1424e+10    11.5196    26    25     2.3597
   27  2.1372e+10    11.5258    27    26     2.4411
   28  2.1154e+10    11.5522    28    27     2.5223
   29  1.7399e+10    12.0645    29    28     2.6034
   30  1.3336e+10    12.7873    30    29     2.6844
   31  1.2367e+10    12.9979    31    30     2.7652
   32  1.2237e+10    13.0276    32    31     2.8459
   33  1.1972e+10    13.0894    33    32     2.9266
   34  1.1651e+10    13.1661    34    33     3.0071
   35  1.0786e+10    13.3859    35    34     3.0876
   36  1.0650e+10    13.4225    36    35     3.1680
   37  1.0562e+10    13.4462    37    36     3.2483
   38  1.0497e+10    13.4640    38    37     3.3285
   39  1.0176e+10    13.5537    39    38     3.4087
   40  9.7113e+09    13.6893    40    39     3.4889
   41  9.7048e+09    13.6913    41    40     3.5689
   42  9.6768e+09    13.6997    42    41     3.6490
   43  9.6732e+09    13.7008    43    42     3.7290
   44  9.6277e+09    13.7145    44    43     3.8089
   45  6.5817e+09    14.8565    45    44     3.8889
   46  6.5106e+09    14.8901    46    45     3.9688
   47  5.7883e+09    15.2570    47    46     4.0486
   48  5.7607e+09    15.2721    48    47     4.1285
   49  5.5217e+09    15.4059    49    48     4.2083
   50  5.5087e+09    15.4134    50    49     4.2881
   51  5.4939e+09    15.4219    51    50     4.3678
   52  4.6711e+09    15.9426    52    51     4.4476
   53  4.5458e+09    16.0311    53    52     4.5273
   54  4.3921e+09    16.1435    54    53     4.6070
   55  4.3717e+09    16.1588    55    54     4.6867
   56  4.1067e+09    16.3647    56    55     4.7664
   57  4.1030e+09    16.3677    57    56     4.8460
   58  4.0441e+09    16.4155    58    57     4.9257
   59  3.9621e+09    16.4835    59    58     5.0053
   60  3.2793e+09    17.1210    60    59     5.0849
   61  3.2413e+09    17.1608    61    60     5.1646
   62  3.1896e+09    17.2159    62    61     5.2442
   63  3.1850e+09    17.2209    63    62     5.3238
   64  2.9498e+09    17.4855    64    63     5.4033
   65  2.9439e+09    17.4923    65    64     5.4829
   66  2.8956e+09    17.5497    66    65     5.5625
   67  2.8662e+09    17.5853    67    66     5.6421
   68  2.8338e+09    17.6249    68    67     5.7216
   69  2.8231e+09    17.6381    69    68     5.8012
   70  2.8101e+09    17.6542    70    69     5.8807
   71  2.7255e+09    17.7611    71    70     5.9602
   72  2.6455e+09    17.8657    72    71     6.0398
   73  2.5114e+09    18.0495    73    72     6.1193
   74  2.3481e+09    18.2890    74    73     6.1988
   75  2.3405e+09    18.3005    75    74     6.2783
   76  2.3027e+09    18.3590    76    75     6.3579
   77  2.0760e+09    18.7335    77    76     6.4374
   78  2.0716e+09    18.7413    78    77     6.5169
   79  2.0664e+09    18.7504    79    78     6.5964
   80  2.0636e+09    18.7554    80    79     6.6759
   81  2.0407e+09    18.7959    81    80     6.7554
   82  2.0142e+09    18.8438    82    81     6.8349
   83  2.0106e+09    18.8502    83    82     6.9143
   84  1.9986e+09    18.8723    84    83     6.9938
   85  1.9942e+09    18.8802    85    84     7.0733
   86  1.9537e+09    18.9554    86    85     7.1528
   87  1.9498e+09    18.9629    87    86     7.2323
   88  1.9482e+09    18.9658    88    87     7.3117
   89  1.8831e+09    19.0908    89    88     7.3912
   90  1.8615e+09    19.1335    90    89     7.4707
   91  1.8496e+09    19.1571    91    90     7.5502
   92  1.7102e+09    19.4484    92    91     7.6296
   93  1.6951e+09    19.4815    93    92     7.7091
   94  1.5308e+09    19.8657    94    93     7.7885
   95  1.5053e+09    19.9296    95    94     7.8680
   96  1.4996e+09    19.9439    96    95     7.9475
   97  1.4924e+09    19.9622    97    96     8.0269
   98  1.4895e+09    19.9695    98    97     8.1064
   99  1.4876e+09    19.9744    99    98     8.1858
  100  1.3027e+09    20.4843   100    99     8.2653
