#indx Mass S step-number desc_indx 
    0  1.0000e+11     8.0192     0    -1     0.0134
    1  9.7339e+10     8.0728     1     0     0.1326
    2  9.5053e+10     8.1203     2     1     0.2441
    3  9.3586e+10     8.1514     3     2     0.3500
    4  7.0283e+10     8.7411     4     3     0.4519
    5  6.7204e+10     8.8360     5     4     0.5506
    6  6.6043e+10     8.8732     6     5     0.6467
    7  6.3831e+10     8.9461     7     6     0.7407
    8  5.7878e+10     9.1581     8     7     0.8330
    9  5.7455e+10     9.1741     9     8     0.9238
   10  5.2235e+10     9.3840    10     9     1.0134
   11  5.1794e+10     9.4029    11    10     1.1018
   12  5.0994e+10     9.4376    12    11     1.1894
   13  2.5814e+10    11.0467    13    12     1.2761
   14  2.4849e+10    11.1422    14    13     1.3621
   15  2.4037e+10    11.2259    15    14     1.4474
   16  2.3757e+10    11.2556    16    15     1.5322
   17  2.3726e+10    11.2589    17    16     1.6165
   18  2.2599e+10    11.3827    18    17     1.7003
   19  2.2559e+10    11.3871    19    18     1.7838
   20  2.2227e+10    11.4251    20    19     1.8669
   21  2.2194e+10    11.4289    21    20     1.9496
   22  2.2116e+10    11.4379    22    21     2.0321
   23  2.1897e+10    11.4634    23    22     2.1143
   24  2.1673e+10    11.4898    24    23     2.1963
   25  2.1468e+10    11.5143    25    24     2.2781
   26  2.1196e+10    11.5472    26    25     2.3597
   27  1.9363e+10    11.7822    27    26     2.4411
   28  1.9097e+10    11.8184    28    27     2.5223
   29  1.8033e+10    11.9694    29    28     2.6034
   30  1.0632e+10    13.4272    30    29     2.6844
   31  1.0517e+10    13.4585    31    30     2.7652
   32  1.0380e+10    13.4963    32    31     2.8459
   33  8.7786e+09    13.9858    33    32     2.9266
   34  8.7665e+09    13.9899    34    33     3.0071
   35  8.6521e+09    14.0288    35    34     3.0876
   36  6.4507e+09    14.9187    36    35     3.1680
   37  6.4273e+09    14.9300    37    36     3.2483
   38  6.2591e+09    15.0123    38    37     3.3285
   39  6.2307e+09    15.0265    39    38     3.4087
   40  6.2030e+09    15.0403    40    39     3.4889
   41  6.0760e+09    15.1049    41    40     3.5689
   42  6.0610e+09    15.1126    42    41     3.6490
   43  6.0135e+09    15.1372    43    42     3.7290
   44  5.8792e+09    15.2080    44    43     3.8089
   45  5.8647e+09    15.2158    45    44     3.8889
   46  5.8459e+09    15.2259    46    45     3.9688
   47  5.7450e+09    15.2807    47    46     4.0486
   48  4.0905e+09    16.3778    48    47     4.1285
   49  4.0829e+09    16.3839    49    48     4.2083
   50  2.4682e+09    18.1111    50    49     4.2881
   51  2.4467e+09    18.1421    51    50     4.3678
   52  2.4340e+09    18.1607    52    51     4.4476
   53  2.4262e+09    18.1722    53    52     4.5273
   54  2.3928e+09    18.2217    54    53     4.6070
   55  2.3687e+09    18.2577    55    54     4.6867
   56  2.3370e+09    18.3060    56    55     4.7664
   57  2.2952e+09    18.3706    57    56     4.8460
   58  2.2920e+09    18.3757    58    57     4.9257
   59  2.2430e+09    18.4535    59    58     5.0053
   60  2.2376e+09    18.4621    60    59     5.0849
   61  2.2280e+09    18.4776    61    60     5.1646
   62  2.2202e+09    18.4902    62    61     5.2442
   63  2.2068e+09    18.5120    63    62     5.3238
   64  2.1808e+09    18.5548    64    63     5.4033
   65  2.1738e+09    18.5664    65    64     5.4829
   66  2.1614e+09    18.5872    66    65     5.5625
   67  2.1549e+09    18.5981    67    66     5.6421
   68  1.1080e+09    21.1185    68    67     5.7216
   69  1.0850e+09    21.2019    69    68     5.8012
   70  1.0779e+09    21.2278    70    69     5.8807
   71  1.0123e+09    21.4785    71    70     5.9602
   72  1.0033e+09    21.5142    72    71     6.0398
   73  9.7340e+08    21.6358    73    72     6.1193
   74  9.6477e+08    21.6716    74    73     6.1988
   75  9.6130e+08    21.6862    75    74     6.2783
   76  9.5591e+08    21.7089    76    75     6.3579
   77  9.5561e+08    21.7101    77    76     6.4374
   78  9.4161e+08    21.7698    78    77     6.5169
   79  9.3892e+08    21.7814    79    78     6.5964
   80  9.3688e+08    21.7902    80    79     6.6759
   81  9.3476e+08    21.7993    81    80     6.7554
   82  9.3331e+08    21.8056    82    81     6.8349
   83  9.2206e+08    21.8547    83    82     6.9143
   84  8.5690e+08    22.1534    84    83     6.9938
   85  8.0260e+08    22.4226    85    84     7.0733
   86  7.9238e+08    22.4755    86    85     7.1528
   87  7.5023e+08    22.7024    87    86     7.2323
   88  7.3885e+08    22.7661    88    87     7.3117
   89  7.1656e+08    22.8942    89    88     7.3912
   90  7.1419e+08    22.9080    90    89     7.4707
   91  7.0823e+08    22.9432    91    90     7.5502
   92  7.0604e+08    22.9562    92    91     7.6296
   93  7.0491e+08    22.9629    93    92     7.7091
   94  7.0332e+08    22.9724    94    93     7.7885
   95  6.7110e+08    23.1699    95    94     7.8680
   96  6.6489e+08    23.2092    96    95     7.9475
   97  6.6145e+08    23.2311    97    96     8.0269
   98  6.6019e+08    23.2392    98    97     8.1064
   99  6.5771e+08    23.2551    99    98     8.1858
  100  6.5593e+08    23.2666   100    99     8.2653
