#indx Mass S step-number desc_indx 
    0  1.0000e+11     8.0192     0    -1     0.0134
    1  9.7540e+10     8.0687     1     0     0.1326
    2  9.5908e+10     8.1024     2     1     0.2441
    3  9.3478e+10     8.1538     3     2     0.3500
    4  9.3200e+10     8.1598     4     3     0.4519
    5  9.2948e+10     8.1652     5     4     0.5506
    6  9.2844e+10     8.1674     6     5     0.6467
    7  9.1340e+10     8.2003     7     6     0.7407
    8  8.8650e+10     8.2607     8     7     0.8330
    9  8.7389e+10     8.2898     9     8     0.9238
   10  8.7116e+10     8.2962    10     9     1.0134
   11  8.3068e+10     8.3933    11    10     1.1018
   12  8.3059e+10     8.3935    12    11     1.1894
   13  8.1800e+10     8.4249    13    12     1.2761
   14  6.5320e+10     8.8967    14    13     1.3621
   15  6.5215e+10     8.9001    15    14     1.4474
   16  6.4821e+10     8.9131    16    15     1.5322
   17  6.1939e+10     9.0109    17    16     1.6165
   18  5.9113e+10     9.1121    18    17     1.7003
   19  5.8856e+10     9.1215    19    18     1.7838
   20  5.5635e+10     9.2447    20    19     1.8669
   21  5.4112e+10     9.3058    21    20     1.9496
   22  4.4665e+10     9.7367    22    21     2.0321
   23  4.2525e+10     9.8491    23    22     2.1143
   24  3.6511e+10    10.2045    24    23     2.1963
   25  3.6436e+10    10.2094    25    24     2.2781
   26  3.6340e+10    10.2156    26    25     2.3597
   27  3.6307e+10    10.2177    27    26     2.4411
   28  3.4412e+10    10.3449    28    27     2.5223
   29  3.3656e+10    10.3980    29    28     2.6034
   30  3.3581e+10    10.4033    30    29     2.6844
   31  3.3539e+10    10.4063    31    30     2.7652
   32  3.3485e+10    10.4102    32    31     2.8459
   33  3.0647e+10    10.6238    33    32     2.9266
   34  3.0635e+10    10.6248    34    33     3.0071
   35  2.9058e+10    10.7537    35    34     3.0876
   36  2.8894e+10    10.7676    36    35     3.1680
   37  2.8615e+10    10.7914    37    36     3.2483
   38  2.8349e+10    10.8144    38    37     3.3285
   39  2.8246e+10    10.8233    39    38     3.4087
   40  2.8022e+10    10.8429    40    39     3.4889
   41  2.7083e+10    10.9272    41    40     3.5689
   42  2.7004e+10    10.9345    42    41     3.6490
   43  2.6904e+10    10.9437    43    42     3.7290
   44  2.6642e+10    10.9680    44    43     3.8089
   45  2.6420e+10    10.9888    45    44     3.8889
   46  2.6112e+10    11.0180    46    45     3.9688
   47  2.5956e+10    11.0330    47    46     4.0486
   48  2.4462e+10    11.1817    48    47     4.1285
   49  2.3109e+10    11.3258    49    48     4.2083
   50  2.3049e+10    11.3324    50    49     4.2881
   51  2.2907e+10    11.3482    51    50     4.3678
   52  1.8655e+10    11.8799    52    51     4.4476
   53  1.7776e+10    12.0074    53    52     4.5273
   54  1.5586e+10    12.3599    54    53     4.6070
   55  1.3778e+10    12.6971    55    54     4.6867
   56  1.3499e+10    12.7537    56    55     4.7664
   57  1.2829e+10    12.8953    57    56     4.8460
   58  1.2741e+10    12.9144    58    57     4.9257
   59  1.1475e+10    13.2093    59    58     5.0053
   60  1.1289e+10    13.2558    60    59     5.0849
   61  1.1269e+10    13.2609    61    60     5.1646
   62  1.0987e+10    13.3331    62    61     5.2442
   63  1.0945e+10    13.3442    63    62     5.3238
   64  1.0844e+10    13.3705    64    63     5.4033
   65  1.0458e+10    13.4747    65    64     5.4829
   66  1.0409e+10    13.4884    66    65     5.5625
   67  1.0383e+10    13.4955    67    66     5.6421
   68  1.0323e+10    13.5121    68    67     5.7216
   69  1.0221e+10    13.5409    69    68     5.8012
   70  1.0048e+10    13.5903    70    69     5.8807
   71  9.9751e+09    13.6114    71    70     5.9602
   72  9.9248e+09    13.6261    72    71     6.0398
   73  6.3256e+09    14.9794    73    72     6.1193
   74  6.3164e+09    14.9839    74    73     6.1988
   75  6.3040e+09    14.9901    75    74     6.2783
   76  6.2887e+09    14.9976    76    75     6.3579
   77  6.2808e+09    15.0015    77    76     6.4374
   78  6.1982e+09    15.0427    78    77     6.5169
   79  6.1572e+09    15.0634    79    78     6.5964
   80  5.8984e+09    15.1978    80    79     6.6759
   81  5.5853e+09    15.3697    81    80     6.7554
   82  5.3747e+09    15.4916    82    81     6.8349
   83  5.3019e+09    15.5351    83    82     6.9143
   84  5.2508e+09    15.5659    84    83     6.9938
   85  5.0813e+09    15.6710    85    84     7.0733
   86  4.9983e+09    15.7238    86    85     7.1528
   87  4.9864e+09    15.7315    87    86     7.2323
   88  4.8604e+09    15.8140    88    87     7.3117
   89  4.8588e+09    15.8150    89    88     7.3912
   90  4.7685e+09    15.8757    90    89     7.4707
   91  4.7274e+09    15.9037    91    90     7.5502
   92  4.5340e+09    16.0395    92    91     7.6296
   93  4.5248e+09    16.0462    93    92     7.7091
   94  4.3522e+09    16.1734    94    93     7.7885
   95  4.3470e+09    16.1773    95    94     7.8680
   96  4.3287e+09    16.1912    96    95     7.9475
   97  4.2064e+09    16.2855    97    96     8.0269
   98  3.2225e+09    17.1808    98    97     8.1064
   99  3.2061e+09    17.1982    99    98     8.1858
  100  3.1883e+09    17.2174   100    99     8.2653
