#indx Mass S step-number desc_indx 
    0  1.0000e+11     8.0192     0    -1     0.0134
    1  9.8646e+10     8.0462     1     0     0.1326
    2  9.5817e+10     8.1042     2     1     0.2441
    3  9.0149e+10     8.2268     3     2     0.3500
    4  8.6439e+10     8.3121     4     3     0.4519
    5  8.3549e+10     8.3815     5     4     0.5506
    6  8.2921e+10     8.3969     6     5     0.6467
    7  8.2306e+10     8.4122     7     6     0.7407
    8  6.7981e+10     8.8116     8     7     0.8330
    9  6.7380e+10     8.8305     9     8     0.9238
   10  6.7028e+10     8.8416    10     9     1.0134
   11  6.5282e+10     8.8979    11    10     1.1018
   12  6.4027e+10     8.9395    12    11     1.1894
   13  6.1042e+10     9.0424    13    12     1.2761
   14  5.4523e+10     9.2891    14    13     1.3621
   15  5.4184e+10     9.3029    15    14     1.4474
   16  5.3411e+10     9.3346    16    15     1.5322
   17  5.3030e+10     9.3505    17    16     1.6165
   18  4.7391e+10     9.6021    18    17     1.7003
   19  4.7304e+10     9.6062    19    18     1.7838
   20  1.9064e+10    11.8229    20    19     1.8669
   21  1.8688e+10    11.8753    21    20     1.9496
   22  1.7399e+10    12.0645    22    21     2.0321
   23  1.6938e+10    12.1361    23    22     2.1143
   24  1.6660e+10    12.1804    24    23     2.1963
   25  1.6378e+10    12.2261    25    24     2.2781
   26  1.5523e+10    12.3709    26    25     2.3597
   27  1.5497e+10    12.3754    27    26     2.4411
   28  1.5441e+10    12.3852    28    27     2.5223
   29  1.4083e+10    12.6367    29    28     2.6034
   30  1.3861e+10    12.6804    30    29     2.6844
   31  1.3690e+10    12.7148    31    30     2.7652
   32  1.3639e+10    12.7251    32    31     2.8459
   33  1.3178e+10    12.8204    33    32     2.9266
   34  1.3144e+10    12.8275    34    33     3.0071
   35  1.2961e+10    12.8666    35    34     3.0876
   36  1.2937e+10    12.8719    36    35     3.1680
   37  1.2859e+10    12.8886    37    36     3.2483
   38  1.2403e+10    12.9898    38    37     3.3285
   39  1.2331e+10    13.0061    39    38     3.4087
   40  1.2211e+10    13.0335    40    39     3.4889
   41  1.2121e+10    13.0545    41    40     3.5689
   42  1.1968e+10    13.0902    42    41     3.6490
   43  1.1896e+10    13.1073    43    42     3.7290
   44  9.8715e+09    13.6417    44    43     3.8089
   45  9.7425e+09    13.6800    45    44     3.8889
   46  9.6984e+09    13.6932    46    45     3.9688
   47  9.6862e+09    13.6969    47    46     4.0486
   48  9.3559e+09    13.7983    48    47     4.1285
   49  8.8398e+09    13.9652    49    48     4.2083
   50  8.4720e+09    14.0912    50    49     4.2881
   51  8.4040e+09    14.1152    51    50     4.3678
   52  8.3885e+09    14.1207    52    51     4.4476
   53  8.3025e+09    14.1514    53    52     4.5273
   54  8.2839e+09    14.1581    54    53     4.6070
   55  8.0646e+09    14.2384    55    54     4.6867
   56  8.0139e+09    14.2573    56    55     4.7664
   57  6.3128e+09    14.9857    57    56     4.8460
   58  6.2863e+09    14.9988    58    57     4.9257
   59  6.1839e+09    15.0499    59    58     5.0053
   60  6.1384e+09    15.0729    60    59     5.0849
   61  5.5837e+09    15.3705    61    60     5.1646
   62  5.5722e+09    15.3771    62    61     5.2442
   63  5.5681e+09    15.3794    63    62     5.3238
   64  5.5665e+09    15.3803    64    63     5.4033
   65  4.8756e+09    15.8039    65    64     5.4829
   66  4.8004e+09    15.8541    66    65     5.5625
   67  4.3993e+09    16.1381    67    66     5.6421
   68  4.3080e+09    16.2069    68    67     5.7216
   69  4.2951e+09    16.2167    69    68     5.8012
   70  4.2801e+09    16.2282    70    69     5.8807
   71  4.2590e+09    16.2445    71    70     5.9602
   72  4.2478e+09    16.2532    72    71     6.0398
   73  4.2436e+09    16.2564    73    72     6.1193
   74  4.2215e+09    16.2736    74    73     6.1988
   75  4.2126e+09    16.2806    75    74     6.2783
   76  3.6299e+09    16.7766    76    75     6.3579
   77  2.9098e+09    17.5327    77    76     6.4374
   78  2.7047e+09    17.7879    78    77     6.5169
   79  2.6798e+09    17.8204    79    78     6.5964
   80  2.6433e+09    17.8687    80    79     6.6759
   81  2.6383e+09    17.8753    81    80     6.7554
   82  2.6105e+09    17.9127    82    81     6.8349
   83  2.5853e+09    17.9469    83    82     6.9143
   84  2.5523e+09    17.9924    84    83     6.9938
   85  2.5435e+09    18.0046    85    84     7.0733
   86  2.5426e+09    18.0058    86    85     7.1528
   87  2.5406e+09    18.0085    87    86     7.2323
   88  2.5367e+09    18.0140    88    87     7.3117
   89  2.5230e+09    18.0332    89    88     7.3912
   90  2.3510e+09    18.2846    90    89     7.4707
   91  2.2762e+09    18.4005    91    90     7.5502
   92  2.2750e+09    18.4025    92    91     7.6296
   93  2.2419e+09    18.4552    93    92     7.7091
   94  2.0048e+09    18.8609    94    93     7.7885
   95  2.0026e+09    18.8649    95    94     7.8680
   96  1.9828e+09    18.9013    96    95     7.9475
   97  1.7901e+09    19.2783    97    96     8.0269
   98  1.7802e+09    19.2989    98    97     8.1064
   99  1.7689e+09    19.3225    99    98     8.1858
  100  1.6886e+09    19.4959   100    99     8.2653
