#indx Mass S step-number desc_indx 
    0  1.0000e+11     8.0192     0    -1     0.0134
    1  9.6168e+10     8.0969     1     0     0.1326
    2  9.5330e+10     8.1144     2     1     0.2441
    3  6.6956e+10     8.8439     3     2     0.3500
    4  6.5556e+10     8.8890     4     3     0.4519
    5  6.0386e+10     9.0658     5     4     0.5506
    6  5.9851e+10     9.0851     6     5     0.6467
    7  5.9689e+10     9.0910     7     6     0.7407
    8  5.8327e+10     9.1412     8     7     0.8330
    9  5.1537e+10     9.4140     9     8     0.9238
   10  5.0736e+10     9.4489    10     9     1.0134
   11  4.8860e+10     9.5333    11    10     1.1018
   12  2.2525e+10    11.3911    12    11     1.1894
   13  2.2376e+10    11.4080    13    12     1.2761
   14  2.2264e+10    11.4209    14    13     1.3621
   15  2.1975e+10    11.4544    15    14     1.4474
   16  2.1499e+10    11.5106    16    15     1.5322
   17  2.1309e+10    11.5334    17    16     1.6165
   18  2.0832e+10    11.5919    18    17     1.7003
   19  2.0604e+10    11.6204    19    18     1.7838
   20  2.0400e+10    11.6463    20    19     1.8669
   21  2.0218e+10    11.6695    21    20     1.9496
   22  1.7674e+10    12.0228    22    21     2.0321
   23  1.7633e+10    12.0289    23    22     2.1143
   24  1.7628e+10    12.0297    24    23     2.1963
   25  1.7229e+10    12.0905    25    24     2.2781
   26  1.7098e+10    12.1109    26    25     2.3597
   27  1.6996e+10    12.1269    27    26     2.4411
   28  1.6525e+10    12.2022    28    27     2.5223
   29  1.6339e+10    12.2326    29    28     2.6034
   30  1.6050e+10    12.2805    30    29     2.6844
   31  1.5984e+10    12.2918    31    30     2.7652
   32  1.5967e+10    12.2947    32    31     2.8459
   33  1.5793e+10    12.3243    33    32     2.9266
   34  1.5673e+10    12.3449    34    33     3.0071
   35  1.5578e+10    12.3613    35    34     3.0876
   36  1.5253e+10    12.4185    36    35     3.1680
   37  1.4996e+10    12.4648    37    36     3.2483
   38  1.3910e+10    12.6707    38    37     3.3285
   39  1.3748e+10    12.7031    39    38     3.4087
   40  1.3656e+10    12.7217    40    39     3.4889
   41  1.0575e+10    13.4426    41    40     3.5689
   42  1.0458e+10    13.4747    42    41     3.6490
   43  1.0372e+10    13.4987    43    42     3.7290
   44  1.0315e+10    13.5146    44    43     3.8089
   45  1.0210e+10    13.5440    45    44     3.8889
   46  9.8902e+09    13.6362    46    45     3.9688
   47  9.8274e+09    13.6547    47    46     4.0486
   48  9.5978e+09    13.7236    48    47     4.1285
   49  9.5863e+09    13.7272    49    48     4.2083
   50  9.5299e+09    13.7444    50    49     4.2881
   51  9.5045e+09    13.7522    51    50     4.3678
   52  9.4266e+09    13.7762    52    51     4.4476
   53  9.3755e+09    13.7921    53    52     4.5273
   54  9.3148e+09    13.8112    54    53     4.6070
   55  9.3021e+09    13.8152    55    54     4.6867
   56  9.1950e+09    13.8492    56    55     4.7664
   57  9.1193e+09    13.8735    57    56     4.8460
   58  8.5803e+09    14.0535    58    57     4.9257
   59  7.3763e+09    14.5075    59    58     5.0053
   60  7.3530e+09    14.5171    60    59     5.0849
   61  6.8498e+09    14.7336    61    60     5.1646
   62  6.8470e+09    14.7348    62    61     5.2442
   63  5.5477e+09    15.3910    63    62     5.3238
   64  5.4426e+09    15.4517    64    63     5.4033
   65  5.4288e+09    15.4598    65    64     5.4829
   66  5.2107e+09    15.5904    66    65     5.5625
   67  5.2049e+09    15.5940    67    66     5.6421
   68  5.0069e+09    15.7183    68    67     5.7216
   69  4.9705e+09    15.7418    69    68     5.8012
   70  4.9612e+09    15.7478    70    69     5.8807
   71  4.8855e+09    15.7974    71    70     5.9602
   72  4.8336e+09    15.8319    72    71     6.0398
   73  4.4242e+09    16.1197    73    72     6.1193
   74  4.2270e+09    16.2693    74    73     6.1988
   75  4.2099e+09    16.2827    75    74     6.2783
   76  4.1882e+09    16.2998    76    75     6.3579
   77  4.0421e+09    16.4172    77    76     6.4374
   78  3.9319e+09    16.5090    78    77     6.5169
   79  3.9284e+09    16.5120    79    78     6.5964
   80  3.8565e+09    16.5735    80    79     6.6759
   81  3.6817e+09    16.7289    81    80     6.7554
   82  3.6777e+09    16.7325    82    81     6.8349
   83  3.5711e+09    16.8315    83    82     6.9143
   84  3.3023e+09    17.0972    84    83     6.9938
   85  1.7559e+09    19.3500    85    84     7.0733
   86  1.7348e+09    19.3952    86    85     7.1528
   87  1.7186e+09    19.4301    87    86     7.2323
   88  1.4573e+09    20.0531    88    87     7.3117
   89  1.4558e+09    20.0568    89    88     7.3912
   90  1.3868e+09    20.2429    90    89     7.4707
   91  1.3719e+09    20.2845    91    90     7.5502
   92  1.3084e+09    20.4674    92    91     7.6296
   93  1.2922e+09    20.5157    93    92     7.7091
   94  1.2775e+09    20.5602    94    93     7.7885
   95  1.2744e+09    20.5697    95    94     7.8680
   96  1.2389e+09    20.6798    96    95     7.9475
   97  1.2364e+09    20.6874    97    96     8.0269
   98  1.2194e+09    20.7415    98    97     8.1064
   99  1.2131e+09    20.7618    99    98     8.1858
  100  1.2082e+09    20.7777   100    99     8.2653
