#indx Mass S step-number desc_indx 
    0  1.0000e+11     8.0192     0    -1     0.0134
    1  7.3197e+10     8.6556     1     0     0.1326
    2  7.2920e+10     8.6636     2     1     0.2441
    3  7.2676e+10     8.6706     3     2     0.3500
    4  7.2192e+10     8.6846     4     3     0.4519
    5  6.9201e+10     8.7739     5     4     0.5506
    6  6.9133e+10     8.7760     6     5     0.6467
    7  6.8029e+10     8.8101     7     6     0.7407
    8  4.8170e+10     9.5653     8     7     0.8330
    9  4.6564e+10     9.6419     9     8     0.9238
   10  4.6296e+10     9.6550    10     9     1.0134
   11  4.5504e+10     9.6942    11    10     1.1018
   12  4.4224e+10     9.7593    12    11     1.1894
   13  4.4116e+10     9.7649    13    12     1.2761
   14  4.1999e+10     9.8778    14    13     1.3621
   15  4.1850e+10     9.8860    15    14     1.4474
   16  4.1717e+10     9.8933    16    15     1.5322
   17  4.0670e+10     9.9521    17    16     1.6165
   18  3.3356e+10    10.4194    18    17     1.7003
   19  3.0703e+10    10.6194    19    18     1.7838
   20  3.0239e+10    10.6564    20    19     1.8669
   21  2.9999e+10    10.6758    21    20     1.9496
   22  2.9921e+10    10.6822    22    21     2.0321
   23  2.5372e+10    11.0899    23    22     2.1143
   24  2.5339e+10    11.0932    24    23     2.1963
   25  2.2629e+10    11.3793    25    24     2.2781
   26  2.2277e+10    11.4193    26    25     2.3597
   27  2.2185e+10    11.4299    27    26     2.4411
   28  2.1827e+10    11.4716    28    27     2.5223
   29  2.1733e+10    11.4827    29    28     2.6034
   30  2.0592e+10    11.6219    30    29     2.6844
   31  2.0576e+10    11.6239    31    30     2.7652
   32  2.0432e+10    11.6421    32    31     2.8459
   33  1.9919e+10    11.7082    33    32     2.9266
   34  1.9556e+10    11.7563    34    33     3.0071
   35  1.9226e+10    11.8008    35    34     3.0876
   36  1.9198e+10    11.8046    36    35     3.1680
   37  1.9021e+10    11.8289    37    36     3.2483
   38  1.8813e+10    11.8577    38    37     3.3285
   39  1.8796e+10    11.8601    39    38     3.4087
   40  1.8431e+10    11.9117    40    39     3.4889
   41  1.8387e+10    11.9181    41    40     3.5689
   42  1.8256e+10    11.9370    42    41     3.6490
   43  1.8007e+10    11.9733    43    42     3.7290
   44  1.7910e+10    11.9875    44    43     3.8089
   45  1.7404e+10    12.0636    45    44     3.8889
   46  1.7360e+10    12.0704    46    45     3.9688
   47  1.6847e+10    12.1504    47    46     4.0486
   48  1.6777e+10    12.1616    48    47     4.1285
   49  1.6747e+10    12.1664    49    48     4.2083
   50  1.6151e+10    12.2637    50    49     4.2881
   51  1.6098e+10    12.2726    51    50     4.3678
   52  1.5677e+10    12.3441    52    51     4.4476
   53  1.5664e+10    12.3464    53    52     4.5273
   54  1.5412e+10    12.3904    54    53     4.6070
   55  1.4816e+10    12.4977    55    54     4.6867
   56  1.4314e+10    12.5920    56    55     4.7664
   57  1.4038e+10    12.6455    57    56     4.8460
   58  1.3739e+10    12.7049    58    57     4.9257
   59  1.3722e+10    12.7082    59    58     5.0053
   60  1.3702e+10    12.7123    60    59     5.0849
   61  1.3566e+10    12.7399    61    60     5.1646
   62  1.3082e+10    12.8408    62    61     5.2442
   63  1.3013e+10    12.8556    63    62     5.3238
   64  1.2866e+10    12.8871    64    63     5.4033
   65  1.2739e+10    12.9148    65    64     5.4829
   66  1.2716e+10    12.9198    66    65     5.5625
   67  1.2643e+10    12.9361    67    66     5.6421
   68  1.2615e+10    12.9422    68    67     5.7216
   69  1.2583e+10    12.9493    69    68     5.8012
   70  1.2426e+10    12.9846    70    69     5.8807
   71  1.2408e+10    12.9886    71    70     5.9602
   72  9.6130e+09    13.7190    72    71     6.0398
   73  9.6084e+09    13.7204    73    72     6.1193
   74  9.5943e+09    13.7247    74    73     6.1988
   75  9.5065e+09    13.7516    75    74     6.2783
   76  9.1839e+09    13.8527    76    75     6.3579
   77  9.0335e+09    13.9013    77    76     6.4374
   78  8.6752e+09    14.0209    78    77     6.5169
   79  8.4988e+09    14.0818    79    78     6.5964
   80  8.4600e+09    14.0955    80    79     6.6759
   81  8.3923e+09    14.1194    81    80     6.7554
   82  8.3900e+09    14.1202    82    81     6.8349
   83  8.3556e+09    14.1324    83    82     6.9143
   84  8.3320e+09    14.1409    84    83     6.9938
   85  8.1032e+09    14.2240    85    84     7.0733
   86  7.9999e+09    14.2625    86    85     7.1528
   87  7.7675e+09    14.3511    87    86     7.2323
   88  7.7042e+09    14.3758    88    87     7.3117
   89  6.5039e+09    14.8932    89    88     7.3912
   90  6.4840e+09    14.9028    90    89     7.4707
   91  5.3651e+09    15.4973    91    90     7.5502
   92  5.1405e+09    15.6338    92    91     7.6296
   93  5.0467e+09    15.6929    93    92     7.7091
   94  4.8589e+09    15.8150    94    93     7.7885
   95  4.8325e+09    15.8326    95    94     7.8680
   96  4.8230e+09    15.8390    96    95     7.9475
   97  4.5074e+09    16.0588    97    96     8.0269
   98  4.4898e+09    16.0715    98    97     8.1064
   99  4.4511e+09    16.0998    99    98     8.1858
  100  4.0584e+09    16.4038   100    99     8.2653
