#indx Mass S step-number desc_indx 
    0  1.0000e+11     8.0192     0    -1     0.0134
    1  9.8540e+10     8.0484     1     0     0.1326
    2  8.8594e+10     8.2620     2     1     0.2441
    3  8.0297e+10     8.4631     3     2     0.3500
    4  7.9228e+10     8.4908     4     3     0.4519
    5  7.5178e+10     8.5998     5     4     0.5506
    6  7.2950e+10     8.6627     6     5     0.6467
    7  7.2014e+10     8.6898     7     6     0.7407
    8  7.0180e+10     8.7442     8     7     0.8330
    9  6.8880e+10     8.7837     9     8     0.9238
   10  6.8771e+10     8.7871    10     9     1.0134
   11  6.7865e+10     8.8152    11    10     1.1018
   12  6.6953e+10     8.8440    12    11     1.1894
   13  6.6823e+10     8.8481    13    12     1.2761
   14  6.5489e+10     8.8911    14    13     1.3621
   15  6.4922e+10     8.9098    15    14     1.4474
   16  6.4814e+10     8.9133    16    15     1.5322
   17  6.0125e+10     9.0752    17    16     1.6165
   18  5.9947e+10     9.0816    18    17     1.7003
   19  5.9894e+10     9.0835    19    18     1.7838
   20  5.9770e+10     9.0880    20    19     1.8669
   21  5.7919e+10     9.1565    21    20     1.9496
   22  5.1154e+10     9.4306    22    21     2.0321
   23  5.0129e+10     9.4758    23    22     2.1143
   24  4.9926e+10     9.4849    24    23     2.1963
   25  4.9502e+10     9.5040    25    24     2.2781
   26  4.7519e+10     9.5960    26    25     2.3597
   27  4.7416e+10     9.6009    27    26     2.4411
   28  4.5365e+10     9.7012    28    27     2.5223
   29  4.5105e+10     9.7143    29    28     2.6034
   30  4.4130e+10     9.7641    30    29     2.6844
   31  4.3582e+10     9.7927    31    30     2.7652
   32  4.3433e+10     9.8006    32    31     2.8459
   33  4.3385e+10     9.8032    33    32     2.9266
   34  4.3350e+10     9.8050    34    33     3.0071
   35  4.2703e+10     9.8395    35    34     3.0876
   36  4.1480e+10     9.9065    36    35     3.1680
   37  4.0839e+10     9.9425    37    36     3.2483
   38  3.9986e+10     9.9915    38    37     3.3285
   39  3.9003e+10    10.0495    39    38     3.4087
   40  3.4327e+10    10.3508    40    39     3.4889
   41  3.4038e+10    10.3710    41    40     3.5689
   42  2.0040e+10    11.6925    42    41     3.6490
   43  1.9966e+10    11.7021    43    42     3.7290
   44  1.8718e+10    11.8711    44    43     3.8089
   45  1.8637e+10    11.8825    45    44     3.8889
   46  1.7924e+10    11.9855    46    45     3.9688
   47  1.7896e+10    11.9897    47    46     4.0486
   48  1.7235e+10    12.0896    48    47     4.1285
   49  1.6658e+10    12.1807    49    48     4.2083
   50  1.5311e+10    12.4082    50    49     4.2881
   51  1.3754e+10    12.7019    51    50     4.3678
   52  1.3723e+10    12.7081    52    51     4.4476
   53  1.3121e+10    12.8326    53    52     4.5273
   54  1.2957e+10    12.8676    54    53     4.6070
   55  1.1351e+10    13.2401    55    54     4.6867
   56  1.0248e+10    13.5332    56    55     4.7664
   57  1.0184e+10    13.5513    57    56     4.8460
   58  1.0064e+10    13.5858    58    57     4.9257
   59  1.0063e+10    13.5861    59    58     5.0053
   60  9.2309e+09    13.8377    60    59     5.0849
   61  9.1746e+09    13.8557    61    60     5.1646
   62  9.1510e+09    13.8633    62    61     5.2442
   63  9.0804e+09    13.8860    63    62     5.3238
   64  4.0487e+09    16.4117    64    63     5.4033
   65  4.0299e+09    16.4273    65    64     5.4829
   66  3.9410e+09    16.5013    66    65     5.5625
   67  3.8638e+09    16.5672    67    66     5.6421
   68  3.5859e+09    16.8176    68    67     5.7216
   69  3.5853e+09    16.8182    69    68     5.8012
   70  3.5593e+09    16.8428    70    69     5.8807
   71  3.5494e+09    16.8522    71    70     5.9602
   72  2.4813e+09    18.0923    72    71     6.0398
   73  2.4409e+09    18.1507    73    72     6.1193
   74  2.3702e+09    18.2555    74    73     6.1988
   75  2.1592e+09    18.5909    75    74     6.2783
   76  2.1328e+09    18.6354    76    75     6.3579
   77  2.1256e+09    18.6478    77    76     6.4374
   78  2.1215e+09    18.6547    78    77     6.5169
   79  2.1145e+09    18.6668    79    78     6.5964
   80  2.0716e+09    18.7413    80    79     6.6759
   81  2.0111e+09    18.8495    81    80     6.7554
   82  1.9814e+09    18.9038    82    81     6.8349
   83  1.9798e+09    18.9068    83    82     6.9143
   84  9.7679e+08    21.6218    84    83     6.9938
   85  9.7596e+08    21.6252    85    84     7.0733
   86  9.6800e+08    21.6582    86    85     7.1528
   87  9.6733e+08    21.6610    87    86     7.2323
   88  9.4562e+08    21.7526    88    87     7.3117
   89  9.4431e+08    21.7582    89    88     7.3912
   90  9.0725e+08    21.9205    90    89     7.4707
   91  8.1928e+08    22.3377    91    90     7.5502
   92  8.1679e+08    22.3502    92    91     7.6296
   93  8.1127e+08    22.3782    93    92     7.7091
   94  8.0923e+08    22.3886    94    93     7.7885
   95  8.0913e+08    22.3891    95    94     7.8680
   96  7.7315e+08    22.5773    96    95     7.9475
   97  7.7025e+08    22.5929    97    96     8.0269
   98  7.6979e+08    22.5953    98    97     8.1064
   99  7.6921e+08    22.5985    99    98     8.1858
  100  1.2716e+08    30.9619   100    99     8.2653
