#indx Mass S step-number desc_indx 
    0  1.0000e+11     8.0192     0    -1     0.0134
    1  9.5565e+10     8.1095     1     0     0.1326
    2  9.3588e+10     8.1514     2     1     0.2441
    3  9.1834e+10     8.1895     3     2     0.3500
    4  9.0675e+10     8.2151     4     3     0.4519
    5  8.3662e+10     8.3787     5     4     0.5506
    6  7.5739e+10     8.5843     6     5     0.6467
    7  7.0577e+10     8.7323     7     6     0.7407
    8  6.9275e+10     8.7716     8     7     0.8330
    9  6.9203e+10     8.7738     9     8     0.9238
   10  6.8597e+10     8.7925    10     9     1.0134
   11  6.6310e+10     8.8645    11    10     1.1018
   12  6.2328e+10     8.9974    12    11     1.1894
   13  6.1110e+10     9.0400    13    12     1.2761
   14  5.5813e+10     9.2376    14    13     1.3621
   15  5.5644e+10     9.2443    15    14     1.4474
   16  5.5535e+10     9.2486    16    15     1.5322
   17  5.4506e+10     9.2898    17    16     1.6165
   18  5.4110e+10     9.3059    18    17     1.7003
   19  5.3829e+10     9.3174    19    18     1.7838
   20  5.3352e+10     9.3371    20    19     1.8669
   21  5.3156e+10     9.3453    21    20     1.9496
   22  5.2839e+10     9.3585    22    21     2.0321
   23  5.2801e+10     9.3601    23    22     2.1143
   24  5.1765e+10     9.4041    24    23     2.1963
   25  4.0021e+10     9.9895    25    24     2.2781
   26  3.9843e+10     9.9999    26    25     2.3597
   27  3.8507e+10    10.0794    27    26     2.4411
   28  3.6886e+10    10.1804    28    27     2.5223
   29  3.6858e+10    10.1822    29    28     2.6034
   30  3.6729e+10    10.1904    30    29     2.6844
   31  3.6378e+10    10.2131    31    30     2.7652
   32  3.5350e+10    10.2810    32    31     2.8459
   33  3.4331e+10    10.3506    33    32     2.9266
   34  3.3747e+10    10.3916    34    33     3.0071
   35  2.0028e+10    11.6941    35    34     3.0876
   36  1.8356e+10    11.9225    36    35     3.1680
   37  1.8337e+10    11.9252    37    36     3.2483
   38  1.7914e+10    11.9870    38    37     3.3285
   39  1.7857e+10    11.9954    39    38     3.4087
   40  1.7506e+10    12.0482    40    39     3.4889
   41  1.7383e+10    12.0669    41    40     3.5689
   42  1.7270e+10    12.0842    42    41     3.6490
   43  1.7155e+10    12.1020    43    42     3.7290
   44  1.6948e+10    12.1345    44    43     3.8089
   45  1.4573e+10    12.5429    45    44     3.8889
   46  1.4452e+10    12.5658    46    45     3.9688
   47  1.4393e+10    12.5769    47    46     4.0486
   48  1.4357e+10    12.5838    48    47     4.1285
   49  1.4349e+10    12.5853    49    48     4.2083
   50  1.4021e+10    12.6489    50    49     4.2881
   51  1.3389e+10    12.7764    51    50     4.3678
   52  1.3344e+10    12.7857    52    51     4.4476
   53  1.1678e+10    13.1595    53    52     4.5273
   54  1.1478e+10    13.2086    54    53     4.6070
   55  1.1469e+10    13.2107    55    54     4.6867
   56  1.1118e+10    13.2994    56    55     4.7664
   57  4.8676e+09    15.8092    57    56     4.8460
   58  4.8192e+09    15.8415    58    57     4.9257
   59  4.7349e+09    15.8986    59    58     5.0053
   60  4.5835e+09    16.0042    60    59     5.0849
   61  4.5717e+09    16.0126    61    60     5.1646
   62  3.8118e+09    16.6125    62    61     5.2442
   63  3.7675e+09    16.6516    63    62     5.3238
   64  3.7564e+09    16.6615    64    63     5.4033
   65  3.6740e+09    16.7359    65    64     5.4829
   66  3.6532e+09    16.7551    66    65     5.5625
   67  3.6513e+09    16.7568    67    66     5.6421
   68  3.6330e+09    16.7737    68    67     5.7216
   69  3.6282e+09    16.7782    69    68     5.8012
   70  3.6245e+09    16.7815    70    69     5.8807
   71  1.7582e+09    19.3451    71    70     5.9602
   72  1.7184e+09    19.4305    72    71     6.0398
   73  1.7142e+09    19.4398    73    72     6.1193
   74  1.7107e+09    19.4473    74    73     6.1988
   75  1.5543e+09    19.8079    75    74     6.2783
   76  1.5330e+09    19.8603    76    75     6.3579
   77  1.4710e+09    20.0172    77    76     6.4374
   78  1.4608e+09    20.0437    78    77     6.5169
   79  1.3465e+09    20.3564    79    78     6.5964
   80  1.3328e+09    20.3960    80    79     6.6759
   81  1.3326e+09    20.3965    81    80     6.7554
   82  1.3078e+09    20.4691    82    81     6.8349
   83  1.3051e+09    20.4771    83    82     6.9143
   84  1.2916e+09    20.5175    84    83     6.9938
   85  1.2730e+09    20.5738    85    84     7.0733
   86  1.2412e+09    20.6725    86    85     7.1528
   87  1.2253e+09    20.7227    87    86     7.2323
   88  1.1726e+09    20.8951    88    87     7.3117
   89  1.1670e+09    20.9139    89    88     7.3912
   90  1.1439e+09    20.9925    90    89     7.4707
   91  1.0054e+09    21.5058    91    90     7.5502
   92  1.0012e+09    21.5224    92    91     7.6296
   93  3.9105e+08    25.5304    93    92     7.7091
   94  3.8541e+08    25.5961    94    93     7.7885
   95  3.8056e+08    25.6535    95    94     7.8680
   96  3.7500e+08    25.7203    96    95     7.9475
   97  3.7369e+08    25.7361    97    96     8.0269
   98  3.6640e+08    25.8258    98    97     8.1064
   99  3.5287e+08    25.9976    99    98     8.1858
  100  3.5105e+08    26.0212   100    99     8.2653
