#indx Mass S step-number desc_indx 
    0  1.0000e+11     8.0192     0    -1     0.0134
    1  9.9582e+10     8.0275     1     0     0.1326
    2  9.6785e+10     8.0842     2     1     0.2441
    3  9.5547e+10     8.1099     3     2     0.3500
    4  8.1514e+10     8.4321     4     3     0.4519
    5  7.8326e+10     8.5145     5     4     0.5506
    6  7.7395e+10     8.5393     6     5     0.6467
    7  3.4292e+10    10.3532     7     6     0.7407
    8  3.2494e+10    10.4823     8     7     0.8330
    9  3.2363e+10    10.4920     9     8     0.9238
   10  2.6569e+10    10.9748    10     9     1.0134
   11  2.6438e+10    10.9871    11    10     1.1018
   12  2.4908e+10    11.1363    12    11     1.1894
   13  2.4213e+10    11.2075    13    12     1.2761
   14  2.3911e+10    11.2392    14    13     1.3621
   15  2.3791e+10    11.2519    15    14     1.4474
   16  2.3274e+10    11.3077    16    15     1.5322
   17  2.3183e+10    11.3177    17    16     1.6165
   18  2.0279e+10    11.6617    18    17     1.7003
   19  2.0159e+10    11.6770    19    18     1.7838
   20  2.0104e+10    11.6841    20    19     1.8669
   21  1.9587e+10    11.7521    21    20     1.9496
   22  1.9361e+10    11.7824    22    21     2.0321
   23  1.8988e+10    11.8334    23    22     2.1143
   24  1.8987e+10    11.8336    24    23     2.1963
   25  1.8393e+10    11.9172    25    24     2.2781
   26  1.7898e+10    11.9894    26    25     2.3597
   27  1.7810e+10    12.0025    27    26     2.4411
   28  1.7175e+10    12.0989    28    27     2.5223
   29  1.6737e+10    12.1681    29    28     2.6034
   30  1.6570e+10    12.1948    30    29     2.6844
   31  1.6554e+10    12.1975    31    30     2.7652
   32  1.3029e+10    12.8520    32    31     2.8459
   33  1.3001e+10    12.8581    33    32     2.9266
   34  1.2839e+10    12.8930    34    33     3.0071
   35  1.2769e+10    12.9084    35    34     3.0876
   36  1.2125e+10    13.0533    36    35     3.1680
   37  1.1866e+10    13.1143    37    36     3.2483
   38  1.1801e+10    13.1300    38    37     3.3285
   39  8.9124e+09    13.9411    39    38     3.4087
   40  8.6875e+09    14.0167    40    39     3.4889
   41  6.3389e+09    14.9729    41    40     3.5689
   42  6.3151e+09    14.9846    42    41     3.6490
   43  6.1969e+09    15.0434    43    42     3.7290
   44  6.1831e+09    15.0503    44    43     3.8089
   45  3.9626e+09    16.4832    45    44     3.8889
   46  3.5390e+09    16.8621    46    45     3.9688
   47  3.2959e+09    17.1038    47    46     4.0486
   48  3.0405e+09    17.3806    48    47     4.1285
   49  3.0193e+09    17.4048    49    48     4.2083
   50  2.3002e+09    18.3628    50    49     4.2881
   51  2.1639e+09    18.5830    51    50     4.3678
   52  2.0929e+09    18.7039    52    51     4.4476
   53  1.7924e+09    19.2736    53    52     4.5273
   54  1.7920e+09    19.2743    54    53     4.6070
   55  1.7863e+09    19.2863    55    54     4.6867
   56  1.5806e+09    19.7445    56    55     4.7664
   57  1.5528e+09    19.8117    57    56     4.8460
   58  1.5416e+09    19.8391    58    57     4.9257
   59  1.5411e+09    19.8404    59    58     5.0053
   60  1.1139e+09    21.0975    60    59     5.0849
   61  1.1123e+09    21.1032    61    60     5.1646
   62  1.1043e+09    21.1317    62    61     5.2442
   63  1.0896e+09    21.1849    63    62     5.3238
   64  5.4258e+08    24.0800    64    63     5.4033
   65  5.3971e+08    24.1031    65    64     5.4829
   66  5.3954e+08    24.1045    66    65     5.5625
   67  5.3839e+08    24.1137    67    66     5.6421
   68  5.1762e+08    24.2850    68    67     5.7216
   69  3.1508e+08    26.5193    69    68     5.8012
   70  3.1158e+08    26.5712    70    69     5.8807
   71  3.1069e+08    26.5845    71    70     5.9602
   72  3.1058e+08    26.5861    72    71     6.0398
   73  3.1036e+08    26.5895    73    72     6.1193
   74  2.8942e+08    26.9154    74    73     6.1988
   75  2.7424e+08    27.1687    75    74     6.2783
   76  2.7373e+08    27.1776    76    75     6.3579
   77  2.6206e+08    27.3836    77    76     6.4374
   78  2.4894e+08    27.6278    78    77     6.5169
   79  2.3419e+08    27.9204    79    78     6.5964
