#indx Mass S step-number desc_indx 
    0  1.0000e+11     8.0192     0    -1     0.0134
    1  9.9660e+10     8.0259     1     0     0.1326
    2  9.8520e+10     8.0488     2     1     0.2441
    3  9.7586e+10     8.0677     3     2     0.3500
    4  7.8555e+10     8.5084     4     3     0.4519
    5  7.8325e+10     8.5145     5     4     0.5506
    6  7.8239e+10     8.5168     6     5     0.6467
    7  7.7612e+10     8.5335     7     6     0.7407
    8  7.6417e+10     8.5657     8     7     0.8330
    9  7.4463e+10     8.6197     9     8     0.9238
   10  7.0495e+10     8.7347    10     9     1.0134
   11  7.0223e+10     8.7429    11    10     1.1018
   12  6.7878e+10     8.8148    12    11     1.1894
   13  6.5185e+10     8.9011    13    12     1.2761
   14  6.4786e+10     8.9142    14    13     1.3621
   15  5.2658e+10     9.3661    15    14     1.4474
   16  5.2633e+10     9.3672    16    15     1.5322
   17  5.2263e+10     9.3829    17    16     1.6165
   18  4.2083e+10     9.8732    18    17     1.7003
   19  3.4099e+10    10.3668    19    18     1.7838
   20  3.3892e+10    10.3812    20    19     1.8669
   21  3.3804e+10    10.3875    21    20     1.9496
   22  3.2682e+10    10.4684    22    21     2.0321
   23  3.2086e+10    10.5127    23    22     2.1143
   24  3.1630e+10    10.5473    24    23     2.1963
   25  3.0645e+10    10.6240    25    24     2.2781
   26  3.0378e+10    10.6453    26    25     2.3597
   27  2.9844e+10    10.6884    27    26     2.4411
   28  2.9639e+10    10.7053    28    27     2.5223
   29  2.9585e+10    10.7098    29    28     2.6034
   30  2.9154e+10    10.7456    30    29     2.6844
   31  2.8925e+10    10.7649    31    30     2.7652
   32  2.8912e+10    10.7661    32    31     2.8459
   33  2.6942e+10    10.9402    33    32     2.9266
   34  2.6766e+10    10.9565    34    33     3.0071
   35  2.3857e+10    11.2449    35    34     3.0876
   36  2.3684e+10    11.2634    36    35     3.1680
   37  2.2141e+10    11.4351    37    36     3.2483
   38  2.2112e+10    11.4384    38    37     3.3285
   39  2.1041e+10    11.5661    39    38     3.4087
   40  2.0441e+10    11.6410    40    39     3.4889
   41  1.3068e+10    12.8437    41    40     3.5689
   42  1.2046e+10    13.0718    42    41     3.6490
   43  1.2012e+10    13.0799    43    42     3.7290
   44  1.2003e+10    13.0819    44    43     3.8089
   45  1.1297e+10    13.2538    45    44     3.8889
   46  1.1218e+10    13.2736    46    45     3.9688
   47  1.1161e+10    13.2883    47    46     4.0486
   48  9.3686e+09    13.7943    48    47     4.1285
   49  9.3658e+09    13.7952    49    48     4.2083
   50  9.3238e+09    13.8083    50    49     4.2881
   51  9.3198e+09    13.8096    51    50     4.3678
   52  9.3183e+09    13.8101    52    51     4.4476
   53  7.0200e+09    14.6583    53    52     4.5273
   54  6.9781e+09    14.6766    54    53     4.6070
   55  6.6908e+09    14.8058    55    54     4.6867
   56  6.6872e+09    14.8075    56    55     4.7664
   57  5.6180e+09    15.3512    57    56     4.8460
   58  5.6127e+09    15.3542    58    57     4.9257
   59  5.5434e+09    15.3935    59    58     5.0053
   60  5.5146e+09    15.4100    60    59     5.0849
   61  5.4920e+09    15.4230    61    60     5.1646
   62  5.4028e+09    15.4750    62    61     5.2442
   63  5.3809e+09    15.4880    63    62     5.3238
   64  5.3585e+09    15.5012    64    63     5.4033
   65  5.3530e+09    15.5045    65    64     5.4829
   66  5.3064e+09    15.5323    66    65     5.5625
   67  5.2403e+09    15.5723    67    66     5.6421
   68  4.9125e+09    15.7796    68    67     5.7216
   69  4.4526e+09    16.0987    69    68     5.8012
   70  4.3518e+09    16.1737    70    69     5.8807
   71  4.0706e+09    16.3939    71    70     5.9602
   72  3.9294e+09    16.5112    72    71     6.0398
   73  1.3401e+09    20.3748    73    72     6.1193
   74  1.3345e+09    20.3910    74    73     6.1988
   75  1.3055e+09    20.4761    75    74     6.2783
   76  1.2040e+09    20.7912    76    75     6.3579
   77  1.2028e+09    20.7954    77    76     6.4374
   78  1.2002e+09    20.8037    78    77     6.5169
   79  1.1996e+09    20.8058    79    78     6.5964
   80  1.1966e+09    20.8154    80    79     6.6759
   81  1.1636e+09    20.9253    81    80     6.7554
   82  1.1602e+09    20.9368    82    81     6.8349
   83  1.1540e+09    20.9578    83    82     6.9143
   84  1.1415e+09    21.0009    84    83     6.9938
   85  1.1175e+09    21.0847    85    84     7.0733
   86  1.1146e+09    21.0951    86    85     7.1528
   87  1.1127e+09    21.1016    87    86     7.2323
   88  1.1127e+09    21.1019    88    87     7.3117
   89  1.1077e+09    21.1195    89    88     7.3912
   90  1.0921e+09    21.1757    90    89     7.4707
   91  1.0883e+09    21.1898    91    90     7.5502
   92  1.0600e+09    21.2943    92    91     7.6296
   93  1.0287e+09    21.4140    93    92     7.7091
   94  1.0005e+09    21.5252    94    93     7.7885
   95  9.9190e+08    21.5600    95    94     7.8680
   96  9.8343e+08    21.5945    96    95     7.9475
   97  9.8010e+08    21.6082    97    96     8.0269
   98  9.7467e+08    21.6305    98    97     8.1064
   99  9.6919e+08    21.6532    99    98     8.1858
  100  9.5612e+08    21.7079   100    99     8.2653
