#indx Mass S step-number desc_indx 
    0  1.0000e+11     8.0192     0    -1     0.0134
    1  9.9419e+10     8.0307     1     0     0.1326
    2  9.8840e+10     8.0423     2     1     0.2441
    3  9.4024e+10     8.1421     3     2     0.3500
    4  9.2866e+10     8.1670     4     3     0.4519
    5  9.1463e+10     8.1976     5     4     0.5506
    6  8.8695e+10     8.2597     6     5     0.6467
    7  8.8431e+10     8.2658     7     6     0.7407
    8  8.7290e+10     8.2921     8     7     0.8330
    9  8.6962e+10     8.2998     9     8     0.9238
   10  8.6810e+10     8.3033    10     9     1.0134
   11  8.6410e+10     8.3127    11    10     1.1018
   12  8.6309e+10     8.3151    12    11     1.1894
   13  6.2026e+10     9.0078    13    12     1.2761
   14  6.1651e+10     9.0209    14    13     1.3621
   15  6.1514e+10     9.0257    15    14     1.4474
   16  6.1178e+10     9.0376    16    15     1.5322
   17  5.2806e+10     9.3599    17    16     1.6165
   18  5.0430e+10     9.4624    18    17     1.7003
   19  4.9809e+10     9.4901    19    18     1.7838
   20  4.9693e+10     9.4954    20    19     1.8669
   21  3.2128e+10    10.5096    21    20     1.9496
   22  3.0780e+10    10.6132    22    21     2.0321
   23  3.0631e+10    10.6250    23    22     2.1143
   24  2.9858e+10    10.6873    24    23     2.1963
   25  2.9021e+10    10.7568    25    24     2.2781
   26  2.8400e+10    10.8100    26    25     2.3597
   27  2.8111e+10    10.8351    27    26     2.4411
   28  2.8094e+10    10.8366    28    27     2.5223
   29  2.7503e+10    10.8892    29    28     2.6034
   30  2.7155e+10    10.9207    30    29     2.6844
   31  2.6325e+10    10.9977    31    30     2.7652
   32  2.5596e+10    11.0679    32    31     2.8459
   33  2.2269e+10    11.4203    33    32     2.9266
   34  1.9874e+10    11.7142    34    33     3.0071
   35  1.9070e+10    11.8221    35    34     3.0876
   36  1.8903e+10    11.8452    36    35     3.1680
   37  1.8592e+10    11.8889    37    36     3.2483
   38  1.6664e+10    12.1797    38    37     3.3285
   39  1.6580e+10    12.1933    39    38     3.4087
   40  1.5851e+10    12.3143    40    39     3.4889
   41  1.5730e+10    12.3350    41    40     3.5689
   42  1.5475e+10    12.3793    42    41     3.6490
   43  1.5430e+10    12.3872    43    42     3.7290
   44  1.3680e+10    12.7169    44    43     3.8089
   45  1.3523e+10    12.7488    45    44     3.8889
   46  1.3500e+10    12.7533    46    45     3.9688
   47  1.2197e+10    13.0368    47    46     4.0486
   48  1.2160e+10    13.0453    48    47     4.1285
   49  1.2153e+10    13.0470    49    48     4.2083
   50  1.1135e+10    13.2950    50    49     4.2881
   51  1.0796e+10    13.3833    51    50     4.3678
   52  1.0782e+10    13.3871    52    51     4.4476
   53  1.0752e+10    13.3950    53    52     4.5273
   54  1.0726e+10    13.4021    54    53     4.6070
   55  1.0695e+10    13.4104    55    54     4.6867
   56  1.0639e+10    13.4253    56    55     4.7664
   57  1.0611e+10    13.4328    57    56     4.8460
   58  1.0392e+10    13.4929    58    57     4.9257
   59  1.0333e+10    13.5095    59    58     5.0053
   60  1.0212e+10    13.5436    60    59     5.0849
   61  9.6542e+09    13.7065    61    60     5.1646
   62  9.2396e+09    13.8350    62    61     5.2442
   63  8.3038e+09    14.1510    63    62     5.3238
   64  8.0877e+09    14.2298    64    63     5.4033
   65  8.0801e+09    14.2326    65    64     5.4829
   66  8.0347e+09    14.2495    66    65     5.5625
   67  7.9489e+09    14.2817    67    66     5.6421
   68  7.4679e+09    14.4700    68    67     5.7216
   69  4.3645e+09    16.1641    69    68     5.8012
   70  4.3021e+09    16.2115    70    69     5.8807
   71  4.2625e+09    16.2418    71    70     5.9602
   72  4.2208e+09    16.2742    72    71     6.0398
   73  4.2166e+09    16.2775    73    72     6.1193
   74  4.2121e+09    16.2810    74    73     6.1988
   75  4.0761e+09    16.3895    75    74     6.2783
   76  4.0244e+09    16.4318    76    75     6.3579
   77  3.4566e+09    16.9418    77    76     6.4374
   78  2.9220e+09    17.5182    78    77     6.5169
   79  2.7912e+09    17.6778    79    78     6.5964
   80  2.7905e+09    17.6786    80    79     6.6759
   81  2.4054e+09    18.2029    81    80     6.7554
   82  2.4003e+09    18.2105    82    81     6.8349
   83  2.3927e+09    18.2218    83    82     6.9143
   84  2.1313e+09    18.6380    84    83     6.9938
   85  2.1216e+09    18.6546    85    84     7.0733
   86  1.8401e+09    19.1763    86    85     7.1528
   87  1.8376e+09    19.1811    87    86     7.2323
   88  1.8348e+09    19.1868    88    87     7.3117
   89  1.8125e+09    19.2322    89    88     7.3912
   90  1.7935e+09    19.2712    90    89     7.4707
   91  6.0236e+08    23.6295    91    90     7.5502
   92  6.0226e+08    23.6303    92    91     7.6296
   93  5.8424e+08    23.7606    93    92     7.7091
   94  5.8021e+08    23.7903    94    93     7.7885
   95  5.7318e+08    23.8429    95    94     7.8680
   96  5.6873e+08    23.8765    96    95     7.9475
   97  5.2542e+08    24.2198    97    96     8.0269
   98  5.2358e+08    24.2350    98    97     8.1064
   99  5.1951e+08    24.2691    99    98     8.1858
  100  5.1196e+08    24.3331   100    99     8.2653
