#indx Mass S step-number desc_indx 
    0  1.0000e+11     8.0192     0    -1     0.0134
    1  8.4211e+10     8.3653     1     0     0.1326
    2  8.3641e+10     8.3792     2     1     0.2441
    3  7.4069e+10     8.6308     3     2     0.3500
    4  7.3889e+10     8.6359     4     3     0.4519
    5  7.0569e+10     8.7325     5     4     0.5506
    6  6.8823e+10     8.7855     6     5     0.6467
    7  6.8676e+10     8.7900     7     6     0.7407
    8  6.5874e+10     8.8786     8     7     0.8330
    9  6.4111e+10     8.9367     9     8     0.9238
   10  6.2801e+10     8.9811    10     9     1.0134
   11  6.1781e+10     9.0164    11    10     1.1018
   12  3.1719e+10    10.5405    12    11     1.1894
   13  2.0521e+10    11.6308    13    12     1.2761
   14  2.0508e+10    11.6325    14    13     1.3621
   15  1.9968e+10    11.7019    15    14     1.4474
   16  1.9917e+10    11.7085    16    15     1.5322
   17  1.9431e+10    11.7729    17    16     1.6165
   18  1.8660e+10    11.8793    18    17     1.7003
   19  1.8433e+10    11.9115    19    18     1.7838
   20  1.8355e+10    11.9226    20    19     1.8669
   21  1.5553e+10    12.3656    21    20     1.9496
   22  1.3628e+10    12.7273    22    21     2.0321
   23  1.3477e+10    12.7582    23    22     2.1143
   24  1.3005e+10    12.8572    24    23     2.1963
   25  1.2910e+10    12.8775    25    24     2.2781
   26  1.2735e+10    12.9159    26    25     2.3597
   27  1.2149e+10    13.0480    27    26     2.4411
   28  1.1604e+10    13.1776    28    27     2.5223
   29  1.1336e+10    13.2439    29    28     2.6034
   30  1.1193e+10    13.2801    30    29     2.6844
   31  1.1042e+10    13.3190    31    30     2.7652
   32  1.5314e+09    19.8642    32    31     2.8459
   33  1.3440e+09    20.3636    33    32     2.9266
   34  1.3316e+09    20.3995    34    33     3.0071
   35  1.3282e+09    20.4094    35    34     3.0876
   36  1.3274e+09    20.4117    36    35     3.1680
   37  1.3192e+09    20.4355    37    36     3.2483
   38  1.3184e+09    20.4379    38    37     3.3285
   39  1.2506e+09    20.6431    39    38     3.4087
   40  1.2413e+09    20.6722    40    39     3.4889
   41  1.2390e+09    20.6794    41    40     3.5689
   42  1.2256e+09    20.7217    42    41     3.6490
   43  1.2233e+09    20.7290    43    42     3.7290
   44  1.1601e+09    20.9372    44    43     3.8089
   45  1.1595e+09    20.9392    45    44     3.8889
   46  1.1547e+09    20.9556    46    45     3.9688
   47  1.1458e+09    20.9859    47    46     4.0486
   48  1.1452e+09    20.9880    48    47     4.1285
   49  1.1433e+09    20.9945    49    48     4.2083
   50  1.0538e+09    21.3177    50    49     4.2881
   51  1.0498e+09    21.3331    51    50     4.3678
   52  1.0490e+09    21.3362    52    51     4.4476
   53  1.0094e+09    21.4897    53    52     4.5273
   54  1.0067e+09    21.5007    54    53     4.6070
   55  1.0060e+09    21.5032    55    54     4.6867
   56  9.9640e+08    21.5419    56    55     4.7664
   57  9.9575e+08    21.5444    57    56     4.8460
   58  9.8668e+08    21.5812    58    57     4.9257
   59  4.9219e+08    24.5056    59    58     5.0053
   60  4.6943e+08    24.7141    60    59     5.0849
   61  4.6083e+08    24.7959    61    60     5.1646
   62  4.1568e+08    25.2554    62    61     5.2442
   63  4.1193e+08    25.2961    63    62     5.3238
   64  4.0029e+08    25.4250    64    63     5.4033
   65  3.9097e+08    25.5314    65    64     5.4829
   66  3.6962e+08    25.7859    66    65     5.5625
   67  3.6274e+08    25.8716    67    66     5.6421
   68  3.5399e+08    25.9830    68    67     5.7216
   69  3.4663e+08    26.0792    69    68     5.8012
   70  3.4619e+08    26.0851    70    69     5.8807
   71  3.4435e+08    26.1095    71    70     5.9602
   72  3.4351e+08    26.1207    72    71     6.0398
   73  3.3948e+08    26.1749    73    72     6.1193
   74  3.3911e+08    26.1800    74    73     6.1988
   75  3.3701e+08    26.2086    75    74     6.2783
   76  3.3696e+08    26.2092    76    75     6.3579
   77  2.6582e+08    27.3161    77    76     6.4374
   78  2.6559e+08    27.3202    78    77     6.5169
   79  2.6486e+08    27.3332    79    78     6.5964
   80  2.6415e+08    27.3460    80    79     6.6759
   81  2.5957e+08    27.4288    81    80     6.7554
   82  2.5940e+08    27.4320    82    81     6.8349
   83  2.4707e+08    27.6639    83    82     6.9143
   84  2.4702e+08    27.6648    84    83     6.9938
   85  2.4672e+08    27.6707    85    84     7.0733
   86  2.4289e+08    27.7454    86    85     7.1528
   87  2.4273e+08    27.7486    87    86     7.2323
   88  2.4254e+08    27.7523    88    87     7.3117
   89  2.4042e+08    27.7944    89    88     7.3912
   90  2.3988e+08    27.8052    90    89     7.4707
   91  2.3934e+08    27.8159    91    90     7.5502
   92  2.3758e+08    27.8514    92    91     7.6296
   93  2.3749e+08    27.8532    93    92     7.7091
   94  2.3198e+08    27.9659    94    93     7.7885
   95  2.2743e+08    28.0613    95    94     7.8680
   96  1.9984e+08    28.6899    96    95     7.9475
   97  1.8970e+08    28.9454    97    96     8.0269
   98  1.8866e+08    28.9724    98    97     8.1064
   99  1.8071e+08    29.1853    99    98     8.1858
  100  1.7995e+08    29.2062   100    99     8.2653
