#indx Mass S step-number desc_indx 
    0  1.0000e+11     8.0192     0    -1     0.0134
    1  8.4334e+10     8.3624     1     0     0.1326
    2  8.2004e+10     8.4198     2     1     0.2441
    3  8.1619e+10     8.4295     3     2     0.3500
    4  7.9959e+10     8.4718     4     3     0.4519
    5  7.6392e+10     8.5664     5     4     0.5506
    6  7.4642e+10     8.6147     6     5     0.6467
    7  7.4054e+10     8.6312     7     6     0.7407
    8  7.3507e+10     8.6467     8     7     0.8330
    9  7.3321e+10     8.6521     9     8     0.9238
   10  6.4624e+10     8.9196    10     9     1.0134
   11  6.4491e+10     8.9240    11    10     1.1018
   12  5.5366e+10     9.2553    12    11     1.1894
   13  5.5026e+10     9.2689    13    12     1.2761
   14  5.3196e+10     9.3436    14    13     1.3621
   15  5.2736e+10     9.3628    15    14     1.4474
   16  5.1089e+10     9.4334    16    15     1.5322
   17  3.7577e+10    10.1368    17    16     1.6165
   18  3.7366e+10    10.1499    18    17     1.7003
   19  3.7249e+10    10.1574    19    18     1.7838
   20  3.4601e+10    10.3319    20    19     1.8669
   21  3.4214e+10    10.3587    21    20     1.9496
   22  3.4202e+10    10.3595    22    21     2.0321
   23  3.4051e+10    10.3701    23    22     2.1143
   24  3.3225e+10    10.4288    24    23     2.1963
   25  3.2042e+10    10.5160    25    24     2.2781
   26  2.5037e+10    11.1232    26    25     2.3597
   27  2.4916e+10    11.1354    27    26     2.4411
   28  2.4061e+10    11.2234    28    27     2.5223
   29  2.3091e+10    11.3278    29    28     2.6034
   30  2.0844e+10    11.5904    30    29     2.6844
   31  2.0622e+10    11.6182    31    30     2.7652
   32  1.9648e+10    11.7439    32    31     2.8459
   33  1.9452e+10    11.7701    33    32     2.9266
   34  1.7822e+10    12.0007    34    33     3.0071
   35  1.7792e+10    12.0051    35    34     3.0876
   36  1.7777e+10    12.0073    36    35     3.1680
   37  1.7343e+10    12.0730    37    36     3.2483
   38  1.7083e+10    12.1134    38    37     3.3285
   39  1.5089e+10    12.4479    39    38     3.4087
   40  1.4980e+10    12.4677    40    39     3.4889
   41  1.4757e+10    12.5085    41    40     3.5689
   42  1.4319e+10    12.5910    42    41     3.6490
   43  1.4277e+10    12.5991    43    42     3.7290
   44  1.1986e+10    13.0860    44    43     3.8089
   45  1.1738e+10    13.1451    45    44     3.8889
   46  1.1658e+10    13.1645    46    45     3.9688
   47  1.1620e+10    13.1736    47    46     4.0486
   48  1.1095e+10    13.3051    48    47     4.1285
   49  1.1023e+10    13.3237    49    48     4.2083
   50  1.0650e+10    13.4223    50    49     4.2881
   51  1.0465e+10    13.4727    51    50     4.3678
   52  1.0251e+10    13.5323    52    51     4.4476
   53  9.9303e+09    13.6245    53    52     4.5273
   54  9.9022e+09    13.6327    54    53     4.6070
   55  9.8894e+09    13.6365    55    54     4.6867
   56  9.8052e+09    13.6613    56    55     4.7664
   57  9.7405e+09    13.6806    57    56     4.8460
   58  9.7243e+09    13.6854    58    57     4.9257
   59  9.6358e+09    13.7121    59    58     5.0053
   60  9.6135e+09    13.7189    60    59     5.0849
   61  9.6038e+09    13.7218    61    60     5.1646
   62  7.5099e+09    14.4530    62    61     5.2442
   63  7.4810e+09    14.4647    63    62     5.3238
   64  6.8795e+09    14.7203    64    63     5.4033
   65  6.7115e+09    14.7963    65    64     5.4829
   66  6.7005e+09    14.8013    66    65     5.5625
   67  4.2934e+09    16.2181    67    66     5.6421
   68  4.2638e+09    16.2408    68    67     5.7216
   69  4.2534e+09    16.2489    69    68     5.8012
   70  4.2509e+09    16.2508    70    69     5.8807
   71  3.8525e+09    16.5770    71    70     5.9602
   72  3.8072e+09    16.6165    72    71     6.0398
   73  3.4190e+09    16.9789    73    72     6.1193
   74  3.3983e+09    16.9996    74    73     6.1988
   75  3.3894e+09    17.0085    75    74     6.2783
   76  3.3485e+09    17.0498    76    75     6.3579
   77  3.3457e+09    17.0526    77    76     6.4374
   78  3.3360e+09    17.0625    78    77     6.5169
   79  3.2817e+09    17.1185    79    78     6.5964
   80  3.2729e+09    17.1276    80    79     6.6759
   81  3.2721e+09    17.1285    81    80     6.7554
   82  3.2634e+09    17.1376    82    81     6.8349
   83  3.2137e+09    17.1901    83    82     6.9143
   84  3.0609e+09    17.3576    84    83     6.9938
   85  3.0396e+09    17.3816    85    84     7.0733
   86  2.3707e+09    18.2547    86    85     7.1528
   87  2.0537e+09    18.7729    87    86     7.2323
   88  2.0456e+09    18.7873    88    87     7.3117
   89  2.0423e+09    18.7932    89    88     7.3912
   90  2.0193e+09    18.8345    90    89     7.4707
   91  1.9500e+09    18.9623    91    90     7.5502
   92  1.8132e+09    19.2307    92    91     7.6296
   93  1.5407e+09    19.8412    93    92     7.7091
   94  1.4579e+09    20.0515    94    93     7.7885
   95  1.3910e+09    20.2313    95    94     7.8680
   96  1.3909e+09    20.2316    96    95     7.9475
   97  1.3486e+09    20.3505    97    96     8.0269
   98  1.3393e+09    20.3773    98    97     8.1064
   99  1.3014e+09    20.4883    99    98     8.1858
  100  1.2983e+09    20.4976   100    99     8.2653
