#indx Mass S step-number desc_indx 
    0  1.0000e+11     8.0192     0    -1     0.0134
    1  9.6861e+10     8.0826     1     0     0.1326
    2  8.7617e+10     8.2845     2     1     0.2441
    3  8.6900e+10     8.3012     3     2     0.3500
    4  8.6872e+10     8.3019     4     3     0.4519
    5  8.6744e+10     8.3049     5     4     0.5506
    6  8.6613e+10     8.3080     6     5     0.6467
    7  8.4360e+10     8.3617     7     6     0.7407
    8  8.4040e+10     8.3695     8     7     0.8330
    9  8.2187e+10     8.4152     9     8     0.9238
   10  6.0378e+10     9.0661    10     9     1.0134
   11  5.9784e+10     9.0875    11    10     1.1018
   12  5.8959e+10     9.1177    12    11     1.1894
   13  5.8489e+10     9.1352    13    12     1.2761
   14  5.8427e+10     9.1375    14    13     1.3621
   15  5.8365e+10     9.1398    15    14     1.4474
   16  5.8307e+10     9.1419    16    15     1.5322
   17  5.8064e+10     9.1511    17    16     1.6165
   18  4.2814e+10     9.8335    18    17     1.7003
   19  4.2760e+10     9.8364    19    18     1.7838
   20  3.7741e+10    10.1265    20    19     1.8669
   21  3.2143e+10    10.5085    21    20     1.9496
   22  3.1710e+10    10.5411    22    21     2.0321
   23  3.0271e+10    10.6538    23    22     2.1143
   24  2.9855e+10    10.6875    24    23     2.1963
   25  2.5483e+10    11.0789    25    24     2.2781
   26  2.5174e+10    11.1096    26    25     2.3597
   27  2.4836e+10    11.1435    27    26     2.4411
   28  2.4765e+10    11.1507    28    27     2.5223
   29  2.3919e+10    11.2384    29    28     2.6034
   30  2.3743e+10    11.2571    30    29     2.6844
   31  2.0728e+10    11.6048    31    30     2.7652
   32  2.0553e+10    11.6268    32    31     2.8459
   33  2.0349e+10    11.6527    33    32     2.9266
   34  2.0221e+10    11.6691    34    33     3.0071
   35  1.8739e+10    11.8681    35    34     3.0876
   36  1.3456e+10    12.7625    36    35     3.1680
   37  1.3286e+10    12.7978    37    36     3.2483
   38  1.3170e+10    12.8221    38    37     3.3285
   39  1.2915e+10    12.8765    39    38     3.4087
   40  1.2634e+10    12.9380    40    39     3.4889
   41  1.2620e+10    12.9412    41    40     3.5689
   42  1.2327e+10    13.0069    42    41     3.6490
   43  1.2114e+10    13.0560    43    42     3.7290
   44  1.1175e+10    13.2847    44    43     3.8089
   45  1.0824e+10    13.3759    45    44     3.8889
   46  1.0430e+10    13.4824    46    45     3.9688
   47  1.0300e+10    13.5187    47    46     4.0486
   48  1.0299e+10    13.5190    48    47     4.1285
   49  1.0098e+10    13.5760    49    48     4.2083
   50  1.0068e+10    13.5844    50    49     4.2881
   51  9.7429e+09    13.6799    51    50     4.3678
   52  9.3841e+09    13.7895    52    51     4.4476
   53  9.2063e+09    13.8456    53    52     4.5273
   54  7.6811e+09    14.3849    54    53     4.6070
   55  7.5568e+09    14.4342    55    54     4.6867
   56  7.5398e+09    14.4410    56    55     4.7664
   57  7.5281e+09    14.4457    57    56     4.8460
   58  7.2686e+09    14.5522    58    57     4.9257
   59  7.2355e+09    14.5661    59    58     5.0053
   60  6.9022e+09    14.7102    60    59     5.0849
   61  6.8817e+09    14.7193    61    60     5.1646
   62  6.7083e+09    14.7978    62    61     5.2442
   63  6.7039e+09    14.7998    63    62     5.3238
   64  4.8050e+09    15.8510    64    63     5.4033
   65  4.7062e+09    15.9183    65    64     5.4829
   66  4.6795e+09    15.9367    66    65     5.5625
   67  4.6479e+09    15.9588    67    66     5.6421
   68  4.5760e+09    16.0095    68    67     5.7216
   69  4.5058e+09    16.0599    69    68     5.8012
   70  4.4986e+09    16.0651    70    69     5.8807
   71  4.4442e+09    16.1049    71    70     5.9602
   72  4.3986e+09    16.1386    72    71     6.0398
   73  4.2689e+09    16.2369    73    72     6.1193
   74  4.2120e+09    16.2810    74    73     6.1988
   75  4.1936e+09    16.2955    75    74     6.2783
   76  4.1548e+09    16.3262    76    75     6.3579
   77  3.5385e+09    16.8626    77    76     6.4374
   78  3.4285e+09    16.9695    78    77     6.5169
   79  3.4211e+09    16.9769    79    78     6.5964
   80  3.3609e+09    17.0372    80    79     6.6759
   81  3.2966e+09    17.1031    81    80     6.7554
   82  3.2215e+09    17.1818    82    81     6.8349
   83  3.2098e+09    17.1943    83    82     6.9143
   84  3.1928e+09    17.2125    84    83     6.9938
   85  2.8543e+09    17.5997    85    84     7.0733
   86  2.8394e+09    17.6179    86    85     7.1528
   87  2.8105e+09    17.6537    87    86     7.2323
   88  2.7865e+09    17.6836    88    87     7.3117
   89  2.7487e+09    17.7314    89    88     7.3912
   90  1.7047e+09    19.4605    90    89     7.4707
   91  1.7021e+09    19.4661    91    90     7.5502
   92  1.7010e+09    19.4686    92    91     7.6296
   93  1.6541e+09    19.5733    93    92     7.7091
   94  1.6385e+09    19.6089    94    93     7.7885
   95  1.4075e+09    20.1861    95    94     7.8680
   96  1.3345e+09    20.3909    96    95     7.9475
   97  1.3281e+09    20.4096    97    96     8.0269
   98  1.1770e+09    20.8804    98    97     8.1064
   99  1.1754e+09    20.8855    99    98     8.1858
  100  1.1425e+09    20.9973   100    99     8.2653
