#indx Mass S step-number desc_indx 
    0  1.0000e+11     8.0192     0    -1     0.0134
    1  9.6310e+10     8.0940     1     0     0.1326
    2  9.5667e+10     8.1074     2     1     0.2441
    3  9.4609e+10     8.1296     3     2     0.3500
    4  9.4198e+10     8.1384     4     3     0.4519
    5  9.3340e+10     8.1567     5     4     0.5506
    6  9.2426e+10     8.1765     6     5     0.6467
    7  8.9720e+10     8.2364     7     6     0.7407
    8  8.8249e+10     8.2699     8     7     0.8330
    9  8.7784e+10     8.2807     9     8     0.9238
   10  7.3022e+10     8.6606    10     9     1.0134
   11  7.2715e+10     8.6695    11    10     1.1018
   12  7.2591e+10     8.6730    12    11     1.1894
   13  7.2075e+10     8.6880    13    12     1.2761
   14  6.9106e+10     8.7768    14    13     1.3621
   15  6.7150e+10     8.8377    15    14     1.4474
   16  6.6937e+10     8.8445    16    15     1.5322
   17  2.0024e+10    11.6945    17    16     1.6165
   18  1.9847e+10    11.7177    18    17     1.7003
   19  1.9839e+10    11.7187    19    18     1.7838
   20  1.9678e+10    11.7399    20    19     1.8669
   21  1.9665e+10    11.7417    21    20     1.9496
   22  1.9592e+10    11.7514    22    21     2.0321
   23  1.8878e+10    11.8487    23    22     2.1143
   24  1.7148e+10    12.1032    24    23     2.1963
   25  1.7140e+10    12.1044    25    24     2.2781
   26  1.6908e+10    12.1409    26    25     2.3597
   27  1.6732e+10    12.1688    27    26     2.4411
   28  1.6721e+10    12.1705    28    27     2.5223
   29  1.6662e+10    12.1800    29    28     2.6034
   30  1.6549e+10    12.1983    30    29     2.6844
   31  1.5936e+10    12.2998    31    30     2.7652
   32  1.4679e+10    12.5230    32    31     2.8459
   33  1.4367e+10    12.5818    33    32     2.9266
   34  1.4069e+10    12.6395    34    33     3.0071
   35  1.4059e+10    12.6414    35    34     3.0876
   36  1.2283e+10    13.0169    36    35     3.1680
   37  1.1482e+10    13.2075    37    36     3.2483
   38  1.1199e+10    13.2786    38    37     3.3285
   39  1.0822e+10    13.3764    39    38     3.4087
   40  1.0744e+10    13.3971    40    39     3.4889
   41  1.0248e+10    13.5334    41    40     3.5689
   42  1.0238e+10    13.5361    42    41     3.6490
   43  1.0181e+10    13.5523    43    42     3.7290
   44  1.0076e+10    13.5822    44    43     3.8089
   45  1.0066e+10    13.5852    45    44     3.8889
   46  1.0033e+10    13.5945    46    45     3.9688
   47  9.8858e+09    13.6375    47    46     4.0486
   48  8.5426e+09    14.0666    48    47     4.1285
   49  8.4843e+09    14.0869    49    48     4.2083
   50  8.4548e+09    14.0973    50    49     4.2881
   51  8.3692e+09    14.1276    51    50     4.3678
   52  7.9802e+09    14.2699    52    51     4.4476
   53  7.8730e+09    14.3105    53    52     4.5273
   54  7.8594e+09    14.3157    54    53     4.6070
   55  7.8503e+09    14.3192    55    54     4.6867
   56  7.7764e+09    14.3477    56    55     4.7664
   57  7.7421e+09    14.3610    57    56     4.8460
   58  5.0639e+09    15.6819    58    57     4.9257
   59  5.0581e+09    15.6856    59    58     5.0053
   60  5.0260e+09    15.7061    60    59     5.0849
   61  4.9276e+09    15.7697    61    60     5.1646
   62  4.8305e+09    15.8339    62    61     5.2442
   63  3.8084e+09    16.6155    63    62     5.3238
   64  3.4992e+09    16.9003    64    63     5.4033
   65  3.3466e+09    17.0517    65    64     5.4829
   66  3.3310e+09    17.0676    66    65     5.5625
   67  2.9165e+09    17.5247    67    66     5.6421
   68  2.9109e+09    17.5315    68    67     5.7216
   69  2.8736e+09    17.5763    69    68     5.8012
   70  2.8513e+09    17.6035    70    69     5.8807
   71  2.7457e+09    17.7353    71    70     5.9602
   72  2.6690e+09    17.8347    72    71     6.0398
   73  2.2622e+09    18.4226    73    72     6.1193
   74  2.2552e+09    18.4339    74    73     6.1988
   75  2.2407e+09    18.4572    75    74     6.2783
   76  2.2352e+09    18.4659    76    75     6.3579
   77  2.2164e+09    18.4964    77    76     6.4374
   78  2.2083e+09    18.5096    78    77     6.5169
   79  2.2055e+09    18.5141    79    78     6.5964
   80  2.1960e+09    18.5297    80    79     6.6759
   81  2.1834e+09    18.5505    81    80     6.7554
   82  2.0640e+09    18.7546    82    81     6.8349
   83  2.0156e+09    18.8412    83    82     6.9143
   84  1.9057e+09    19.0468    84    83     6.9938
   85  1.8727e+09    19.1113    85    84     7.0733
   86  1.8723e+09    19.1121    86    85     7.1528
   87  1.8291e+09    19.1984    87    86     7.2323
   88  1.7263e+09    19.4135    88    87     7.3117
   89  1.6808e+09    19.5134    89    88     7.3912
   90  1.4257e+09    20.1367    90    89     7.4707
   91  1.4244e+09    20.1402    91    90     7.5502
   92  1.4141e+09    20.1682    92    91     7.6296
   93  1.3040e+09    20.4806    93    92     7.7091
   94  1.1952e+09    20.8200    94    93     7.7885
   95  1.1394e+09    21.0080    95    94     7.8680
   96  1.1383e+09    21.0120    96    95     7.9475
   97  1.1298e+09    21.0417    97    96     8.0269
   98  1.1021e+09    21.1397    98    97     8.1064
   99  1.0893e+09    21.1860    99    98     8.1858
  100  9.9883e+08    21.5321   100    99     8.2653
