#indx Mass S step-number desc_indx 
    0  1.0000e+11     8.0192     0    -1     0.0134
    1  7.9514e+10     8.4833     1     0     0.1326
    2  7.7887e+10     8.5261     2     1     0.2441
    3  7.7497e+10     8.5365     3     2     0.3500
    4  7.4046e+10     8.6315     4     3     0.4519
    5  7.3663e+10     8.6423     5     4     0.5506
    6  7.1032e+10     8.7187     6     5     0.6467
    7  7.0516e+10     8.7341     7     6     0.7407
    8  6.9094e+10     8.7772     8     7     0.8330
    9  6.6869e+10     8.8467     9     8     0.9238
   10  3.5174e+10    10.2928    10     9     1.0134
   11  3.4659e+10    10.3279    11    10     1.1018
   12  3.4376e+10    10.3475    12    11     1.1894
   13  2.9978e+10    10.6775    13    12     1.2761
   14  2.9478e+10    10.7186    14    13     1.3621
   15  2.9380e+10    10.7267    15    14     1.4474
   16  2.8588e+10    10.7937    16    15     1.5322
   17  2.6350e+10    10.9954    17    16     1.6165
   18  2.2993e+10    11.3386    18    17     1.7003
   19  2.2914e+10    11.3474    19    18     1.7838
   20  2.2857e+10    11.3537    20    19     1.8669
   21  2.2807e+10    11.3593    21    20     1.9496
   22  2.2699e+10    11.3714    22    21     2.0321
   23  2.1022e+10    11.5684    23    22     2.1143
   24  1.7140e+10    12.1044    24    23     2.1963
   25  1.7086e+10    12.1128    25    24     2.2781
   26  1.5629e+10    12.3524    26    25     2.3597
   27  1.5619e+10    12.3542    27    26     2.4411
   28  1.5505e+10    12.3740    28    27     2.5223
   29  1.4429e+10    12.5700    29    28     2.6034
   30  1.4420e+10    12.5718    30    29     2.6844
   31  1.4265e+10    12.6014    31    30     2.7652
   32  1.3126e+10    12.8314    32    31     2.8459
   33  1.2389e+10    12.9929    33    32     2.9266
   34  1.2354e+10    13.0009    34    33     3.0071
   35  1.2307e+10    13.0114    35    34     3.0876
   36  1.2148e+10    13.0481    36    35     3.1680
   37  1.2079e+10    13.0642    37    36     3.2483
   38  1.2049e+10    13.0711    38    37     3.3285
   39  1.2037e+10    13.0740    39    38     3.4087
   40  1.1299e+10    13.2532    40    39     3.4889
   41  1.0470e+10    13.4714    41    40     3.5689
   42  1.0457e+10    13.4751    42    41     3.6490
   43  4.2278e+09    16.2687    43    42     3.7290
   44  4.2217e+09    16.2735    44    43     3.8089
   45  4.2194e+09    16.2753    45    44     3.8889
   46  4.0460e+09    16.4139    46    45     3.9688
   47  4.0358e+09    16.4224    47    46     4.0486
   48  4.0278e+09    16.4289    48    47     4.1285
   49  3.9785e+09    16.4698    49    48     4.2083
   50  3.9617e+09    16.4839    50    49     4.2881
   51  3.9462e+09    16.4969    51    50     4.3678
   52  3.9253e+09    16.5146    52    51     4.4476
   53  3.6644e+09    16.7448    53    52     4.5273
   54  3.6312e+09    16.7753    54    53     4.6070
   55  3.6310e+09    16.7755    55    54     4.6867
   56  3.6142e+09    16.7912    56    55     4.7664
   57  3.5909e+09    16.8130    57    56     4.8460
   58  3.4105e+09    16.9874    58    57     4.9257
   59  3.3758e+09    17.0221    59    58     5.0053
   60  3.3704e+09    17.0276    60    59     5.0849
   61  3.3566e+09    17.0416    61    60     5.1646
   62  3.3276e+09    17.0711    62    61     5.2442
   63  3.1060e+09    17.3071    63    62     5.3238
   64  3.1052e+09    17.3080    64    63     5.4033
   65  3.1045e+09    17.3088    65    64     5.4829
   66  3.0868e+09    17.3285    66    65     5.5625
   67  2.9658e+09    17.4667    67    66     5.6421
   68  2.9563e+09    17.4778    68    67     5.7216
   69  2.8801e+09    17.5685    69    68     5.8012
   70  2.8763e+09    17.5730    70    69     5.8807
   71  2.8745e+09    17.5753    71    70     5.9602
   72  2.8625e+09    17.5897    72    71     6.0398
   73  2.8413e+09    17.6156    73    72     6.1193
   74  2.3673e+09    18.2599    74    73     6.1988
   75  2.2627e+09    18.4218    75    74     6.2783
   76  2.2624e+09    18.4224    76    75     6.3579
   77  2.2593e+09    18.4273    77    76     6.4374
   78  2.2586e+09    18.4285    78    77     6.5169
   79  2.2567e+09    18.4314    79    78     6.5964
   80  2.2552e+09    18.4338    80    79     6.6759
   81  2.2544e+09    18.4352    81    80     6.7554
   82  2.1542e+09    18.5993    82    81     6.8349
   83  2.1376e+09    18.6274    83    82     6.9143
   84  1.8121e+09    19.2329    84    83     6.9938
   85  1.7952e+09    19.2677    85    84     7.0733
   86  1.7932e+09    19.2718    86    85     7.1528
   87  1.7818e+09    19.2955    87    86     7.2323
   88  1.7317e+09    19.4019    88    87     7.3117
   89  1.7309e+09    19.4034    89    88     7.3912
   90  1.7080e+09    19.4533    90    89     7.4707
   91  1.6944e+09    19.4831    91    90     7.5502
   92  1.6901e+09    19.4927    92    91     7.6296
   93  1.6865e+09    19.5006    93    92     7.7091
   94  1.6406e+09    19.6042    94    93     7.7885
   95  1.6367e+09    19.6130    95    94     7.8680
   96  1.6337e+09    19.6200    96    95     7.9475
   97  1.6260e+09    19.6377    97    96     8.0269
   98  1.5750e+09    19.7578    98    97     8.1064
   99  1.5608e+09    19.7922    99    98     8.1858
  100  1.5598e+09    19.7946   100    99     8.2653
