#indx Mass S step-number desc_indx 
    0  1.0000e+11     8.0192     0    -1     0.0134
    1  9.9234e+10     8.0344     1     0     0.1326
    2  9.9154e+10     8.0360     2     1     0.2441
    3  9.7693e+10     8.0656     3     2     0.3500
    4  9.6382e+10     8.0925     4     3     0.4519
    5  8.9260e+10     8.2469     5     4     0.5506
    6  8.8643e+10     8.2609     6     5     0.6467
    7  8.8515e+10     8.2638     7     6     0.7407
    8  8.8364e+10     8.2673     8     7     0.8330
    9  8.5530e+10     8.3336     9     8     0.9238
   10  7.4183e+10     8.6276    10     9     1.0134
   11  7.4137e+10     8.6289    11    10     1.1018
   12  7.3419e+10     8.6493    12    11     1.1894
   13  6.8141e+10     8.8066    13    12     1.2761
   14  5.9199e+10     9.1089    14    13     1.3621
   15  5.7432e+10     9.1750    15    14     1.4474
   16  5.7034e+10     9.1902    16    15     1.5322
   17  5.6660e+10     9.2046    17    16     1.6165
   18  5.4378e+10     9.2950    18    17     1.7003
   19  4.7732e+10     9.5859    19    18     1.7838
   20  4.5603e+10     9.6893    20    19     1.8669
   21  4.5175e+10     9.7107    21    20     1.9496
   22  4.4436e+10     9.7484    22    21     2.0321
   23  4.0575e+10     9.9576    23    22     2.1143
   24  3.9726e+10    10.0067    24    23     2.1963
   25  3.8000e+10    10.1104    25    24     2.2781
   26  3.7251e+10    10.1572    26    25     2.3597
   27  3.6818e+10    10.1847    27    26     2.4411
   28  3.6479e+10    10.2065    28    27     2.5223
   29  3.5843e+10    10.2481    29    28     2.6034
   30  3.5786e+10    10.2519    30    29     2.6844
   31  3.5132e+10    10.2956    31    30     2.7652
   32  3.1659e+10    10.5451    32    31     2.8459
   33  3.1600e+10    10.5496    33    32     2.9266
   34  2.7740e+10    10.8679    34    33     3.0071
   35  2.7506e+10    10.8889    35    34     3.0876
   36  2.5977e+10    11.0309    36    35     3.1680
   37  2.4923e+10    11.1347    37    36     3.2483
   38  1.9268e+10    11.7950    38    37     3.3285
   39  1.9071e+10    11.8220    39    38     3.4087
   40  1.9032e+10    11.8274    40    39     3.4889
   41  1.8531e+10    11.8975    41    40     3.5689
   42  1.8478e+10    11.9051    42    41     3.6490
   43  1.7954e+10    11.9810    43    42     3.7290
   44  1.7843e+10    11.9975    44    43     3.8089
   45  1.7525e+10    12.0453    45    44     3.8889
   46  1.4310e+10    12.5929    46    45     3.9688
   47  1.3985e+10    12.6559    47    46     4.0486
   48  1.3979e+10    12.6571    48    47     4.1285
   49  1.3837e+10    12.6853    49    48     4.2083
   50  1.3561e+10    12.7410    50    49     4.2881
   51  1.2898e+10    12.8803    51    50     4.3678
   52  1.0135e+10    13.5654    52    51     4.4476
   53  3.6258e+09    16.7804    53    52     4.5273
   54  3.6251e+09    16.7810    54    53     4.6070
   55  3.6117e+09    16.7935    55    54     4.6867
   56  3.4014e+09    16.9965    56    55     4.7664
   57  3.3940e+09    17.0038    57    56     4.8460
   58  3.3851e+09    17.0128    58    57     4.9257
   59  3.3738e+09    17.0241    59    58     5.0053
   60  3.3598e+09    17.0383    60    59     5.0849
   61  3.2874e+09    17.1126    61    60     5.1646
   62  3.0751e+09    17.3415    62    61     5.2442
   63  3.0669e+09    17.3508    63    62     5.3238
   64  3.0624e+09    17.3559    64    63     5.4033
   65  3.0596e+09    17.3590    65    64     5.4829
   66  2.9515e+09    17.4834    66    65     5.5625
   67  2.8972e+09    17.5479    67    66     5.6421
   68  2.8460e+09    17.6099    68    67     5.7216
   69  2.8293e+09    17.6304    69    68     5.8012
   70  2.7772e+09    17.6953    70    69     5.8807
   71  2.7584e+09    17.7191    71    70     5.9602
   72  2.7009e+09    17.7929    72    71     6.0398
   73  2.6893e+09    17.8080    73    72     6.1193
   74  2.6594e+09    17.8473    74    73     6.1988
   75  2.6352e+09    17.8794    75    74     6.2783
   76  2.4511e+09    18.1359    76    75     6.3579
   77  2.3761e+09    18.2466    77    76     6.4374
   78  2.3384e+09    18.3038    78    77     6.5169
   79  2.2477e+09    18.4459    79    78     6.5964
   80  2.2459e+09    18.4488    80    79     6.6759
   81  2.2289e+09    18.4761    81    80     6.7554
   82  2.2242e+09    18.4838    82    81     6.8349
   83  2.2207e+09    18.4894    83    82     6.9143
   84  2.2178e+09    18.4941    84    83     6.9938
   85  2.2155e+09    18.4979    85    84     7.0733
   86  2.1160e+09    18.6642    86    85     7.1528
   87  2.1156e+09    18.6649    87    86     7.2323
   88  1.9473e+09    18.9675    88    87     7.3117
   89  1.9012e+09    19.0556    89    88     7.3912
   90  1.8611e+09    19.1342    90    89     7.4707
   91  1.8479e+09    19.1605    91    90     7.5502
   92  1.8327e+09    19.1910    92    91     7.6296
   93  1.8243e+09    19.2081    93    92     7.7091
   94  1.8082e+09    19.2410    94    93     7.7885
   95  1.7330e+09    19.3990    95    94     7.8680
   96  1.3183e+09    20.4384    96    95     7.9475
   97  1.2551e+09    20.6289    97    96     8.0269
   98  1.2318e+09    20.7021    98    97     8.1064
   99  1.0669e+09    21.2686    99    98     8.1858
  100  1.0637e+09    21.2807   100    99     8.2653
