#indx Mass S step-number desc_indx 
    0  1.0000e+11     8.0192     0    -1     0.0134
    1  9.9259e+10     8.0339     1     0     0.1326
    2  9.5524e+10     8.1104     2     1     0.2441
    3  9.5351e+10     8.1140     3     2     0.3500
    4  9.4433e+10     8.1334     4     3     0.4519
    5  9.4242e+10     8.1374     5     4     0.5506
    6  7.7528e+10     8.5357     6     5     0.6467
    7  7.0176e+10     8.7443     7     6     0.7407
    8  5.1141e+10     9.4311     8     7     0.8330
    9  4.5612e+10     9.6888     9     8     0.9238
   10  4.4327e+10     9.7540    10     9     1.0134
   11  4.3948e+10     9.7736    11    10     1.1018
   12  4.3434e+10     9.8005    12    11     1.1894
   13  4.2257e+10     9.8637    13    12     1.2761
   14  4.1492e+10     9.9058    14    13     1.3621
   15  3.9024e+10    10.0482    15    14     1.4474
   16  3.8884e+10    10.0566    16    15     1.5322
   17  3.8824e+10    10.0602    17    16     1.6165
   18  3.8576e+10    10.0753    18    17     1.7003
   19  3.8533e+10    10.0778    19    18     1.7838
   20  3.7113e+10    10.1659    20    19     1.8669
   21  3.6852e+10    10.1826    21    20     1.9496
   22  2.0551e+10    11.6271    22    21     2.0321
   23  2.0484e+10    11.6355    23    22     2.1143
   24  1.9675e+10    11.7404    24    23     2.1963
   25  1.9167e+10    11.8089    25    24     2.2781
   26  1.9084e+10    11.8202    26    25     2.3597
   27  1.9066e+10    11.8227    27    26     2.4411
   28  1.6493e+10    12.2074    28    27     2.5223
   29  1.6079e+10    12.2757    29    28     2.6034
   30  1.6051e+10    12.2804    30    29     2.6844
   31  1.5407e+10    12.3913    31    30     2.7652
   32  1.5378e+10    12.3963    32    31     2.8459
   33  1.4146e+10    12.6245    33    32     2.9266
   34  1.4083e+10    12.6367    34    33     3.0071
   35  8.5056e+09    14.0795    35    34     3.0876
   36  8.1854e+09    14.1938    36    35     3.1680
   37  6.2283e+09    15.0277    37    36     3.2483
   38  6.1992e+09    15.0422    38    37     3.3285
   39  6.1021e+09    15.0915    39    38     3.4087
   40  4.9761e+09    15.7382    40    39     3.4889
   41  4.7458e+09    15.8912    41    40     3.5689
   42  4.6119e+09    15.9841    42    41     3.6490
   43  4.5940e+09    15.9967    43    42     3.7290
   44  4.3459e+09    16.1782    44    43     3.8089
   45  4.3401e+09    16.1825    45    44     3.8889
   46  4.2669e+09    16.2384    46    45     3.9688
   47  4.0160e+09    16.4387    47    46     4.0486
   48  4.0097e+09    16.4439    48    47     4.1285
   49  3.9920e+09    16.4586    49    48     4.2083
   50  3.9588e+09    16.4863    50    49     4.2881
   51  3.9289e+09    16.5116    51    50     4.3678
   52  3.4713e+09    16.9274    52    51     4.4476
   53  2.4271e+09    18.1708    53    52     4.5273
   54  2.3954e+09    18.2177    54    53     4.6070
   55  2.3385e+09    18.3037    55    54     4.6867
   56  1.9421e+09    18.9772    56    55     4.7664
   57  1.9377e+09    18.9857    57    56     4.8460
   58  1.9357e+09    18.9894    58    57     4.9257
   59  1.7759e+09    19.3079    59    58     5.0053
   60  1.6236e+09    19.6434    60    59     5.0849
   61  1.5868e+09    19.7296    61    60     5.1646
   62  1.5847e+09    19.7348    62    61     5.2442
   63  1.5738e+09    19.7607    63    62     5.3238
   64  1.5597e+09    19.7948    64    63     5.4033
   65  1.5570e+09    19.8015    65    64     5.4829
   66  1.5479e+09    19.8235    66    65     5.5625
   67  1.5454e+09    19.8297    67    66     5.6421
   68  1.5045e+09    19.9315    68    67     5.7216
   69  1.4861e+09    19.9783    69    68     5.8012
   70  1.1399e+09    21.0064    70    69     5.8807
   71  1.1288e+09    21.0449    71    70     5.9602
   72  1.1274e+09    21.0499    72    71     6.0398
   73  1.1002e+09    21.1464    73    72     6.1193
   74  1.0989e+09    21.1513    74    73     6.1988
   75  1.0900e+09    21.1834    75    74     6.2783
   76  1.0898e+09    21.1842    76    75     6.3579
   77  1.0860e+09    21.1980    77    76     6.4374
   78  1.0850e+09    21.2017    78    77     6.5169
   79  1.0791e+09    21.2234    79    78     6.5964
   80  9.7824e+08    21.6158    80    79     6.6759
   81  9.7675e+08    21.6219    81    80     6.7554
   82  9.2259e+08    21.8524    82    81     6.8349
   83  9.1208e+08    21.8989    83    82     6.9143
   84  8.7776e+08    22.0551    84    83     6.9938
   85  8.6984e+08    22.0921    85    84     7.0733
   86  8.3953e+08    22.2374    86    85     7.1528
   87  8.1485e+08    22.3601    87    86     7.2323
   88  8.1313e+08    22.3688    88    87     7.3117
   89  8.1296e+08    22.3696    89    88     7.3912
   90  7.9449e+08    22.4645    90    89     7.4707
   91  7.6748e+08    22.6078    91    90     7.5502
   92  7.6084e+08    22.6439    92    91     7.6296
   93  7.5817e+08    22.6586    93    92     7.7091
   94  7.5719e+08    22.6639    94    93     7.7885
   95  4.1908e+08    25.2189    95    94     7.8680
   96  4.0909e+08    25.3272    96    95     7.9475
   97  4.0752e+08    25.3445    97    96     8.0269
   98  4.0743e+08    25.3456    98    97     8.1064
   99  3.7972e+08    25.6635    99    98     8.1858
  100  3.7968e+08    25.6639   100    99     8.2653
