#indx Mass S step-number desc_indx 
    0  1.0000e+11     8.0192     0    -1     0.0134
    1  5.1194e+10     9.4288     1     0     0.1326
    2  4.9139e+10     9.5205     2     1     0.2441
    3  2.7776e+10    10.8648     3     2     0.3500
    4  2.1415e+10    11.5206     4     3     0.4519
    5  2.1230e+10    11.5431     5     4     0.5506
    6  1.8652e+10    11.8804     6     5     0.6467
    7  1.8083e+10    11.9621     7     6     0.7407
    8  1.7972e+10    11.9785     8     7     0.8330
    9  1.7674e+10    12.0227     9     8     0.9238
   10  1.7416e+10    12.0619    10     9     1.0134
   11  1.7365e+10    12.0697    11    10     1.1018
   12  1.7336e+10    12.0740    12    11     1.1894
   13  1.6367e+10    12.2280    13    12     1.2761
   14  1.6205e+10    12.2548    14    13     1.3621
   15  1.5882e+10    12.3090    15    14     1.4474
   16  1.5664e+10    12.3464    16    15     1.5322
   17  1.5322e+10    12.4063    17    16     1.6165
   18  1.5282e+10    12.4133    18    17     1.7003
   19  1.4821e+10    12.4968    19    18     1.7838
   20  1.4758e+10    12.5083    20    19     1.8669
   21  1.4643e+10    12.5298    21    20     1.9496
   22  1.4609e+10    12.5362    22    21     2.0321
   23  1.4542e+10    12.5487    23    22     2.1143
   24  1.3562e+10    12.7408    24    23     2.1963
   25  1.3240e+10    12.8075    25    24     2.2781
   26  1.1573e+10    13.1852    26    25     2.3597
   27  1.1431e+10    13.2203    27    26     2.4411
   28  9.9442e+09    13.6204    28    27     2.5223
   29  9.6821e+09    13.6981    29    28     2.6034
   30  9.6167e+09    13.7179    30    29     2.6844
   31  9.6107e+09    13.7197    31    30     2.7652
   32  9.4826e+09    13.7589    32    31     2.8459
   33  9.4517e+09    13.7684    33    32     2.9266
   34  9.2221e+09    13.8405    34    33     3.0071
   35  9.0497e+09    13.8960    35    34     3.0876
   36  8.7324e+09    14.0014    36    35     3.1680
   37  7.1142e+09    14.6176    37    36     3.2483
   38  7.0980e+09    14.6246    38    37     3.3285
   39  7.0068e+09    14.6641    39    38     3.4087
   40  6.9603e+09    14.6845    40    39     3.4889
   41  6.8949e+09    14.7134    41    40     3.5689
   42  6.8196e+09    14.7471    42    41     3.6490
   43  6.7603e+09    14.7739    43    42     3.7290
   44  6.7397e+09    14.7834    44    43     3.8089
   45  6.6928e+09    14.8049    45    44     3.8889
   46  6.4511e+09    14.9185    46    45     3.9688
   47  6.4073e+09    14.9396    47    46     4.0486
   48  6.4067e+09    14.9399    48    47     4.1285
   49  6.4027e+09    14.9418    49    48     4.2083
   50  6.3828e+09    14.9515    50    49     4.2881
   51  6.3502e+09    14.9674    51    50     4.3678
   52  6.3469e+09    14.9690    52    51     4.4476
   53  6.2671e+09    15.0083    53    52     4.5273
   54  6.2582e+09    15.0128    54    53     4.6070
   55  3.1931e+09    17.2122    55    54     4.6867
   56  3.1311e+09    17.2794    56    55     4.7664
   57  3.0452e+09    17.3753    57    56     4.8460
   58  2.7766e+09    17.6961    58    57     4.9257
   59  2.4099e+09    18.1962    59    58     5.0053
   60  2.3255e+09    18.3237    60    59     5.0849
   61  2.3158e+09    18.3387    61    60     5.1646
   62  2.2636e+09    18.4205    62    61     5.2442
   63  2.2358e+09    18.4651    63    62     5.3238
   64  1.6109e+09    19.6729    64    63     5.4033
   65  1.5791e+09    19.7482    65    64     5.4829
   66  1.5760e+09    19.7555    66    65     5.5625
   67  1.5758e+09    19.7561    67    66     5.6421
   68  1.5722e+09    19.7646    68    67     5.7216
   69  1.5622e+09    19.7887    69    68     5.8012
   70  1.5618e+09    19.7898    70    69     5.8807
   71  1.5546e+09    19.8071    71    70     5.9602
   72  1.5219e+09    19.8879    72    71     6.0398
   73  1.5199e+09    19.8928    73    72     6.1193
   74  1.5168e+09    19.9005    74    73     6.1988
   75  1.4762e+09    20.0037    75    74     6.2783
   76  1.3853e+09    20.2470    76    75     6.3579
   77  1.3542e+09    20.3345    77    76     6.4374
   78  1.1066e+09    21.1236    78    77     6.5169
   79  1.0970e+09    21.1581    79    78     6.5964
   80  1.0915e+09    21.1780    80    79     6.6759
   81  1.0912e+09    21.1793    81    80     6.7554
   82  1.0746e+09    21.2401    82    81     6.8349
   83  1.0732e+09    21.2454    83    82     6.9143
   84  9.6915e+08    21.6534    84    83     6.9938
   85  9.5936e+08    21.6943    85    84     7.0733
   86  8.9284e+08    21.9856    86    85     7.1528
   87  8.9248e+08    21.9872    87    86     7.2323
   88  8.8126e+08    22.0388    88    87     7.3117
   89  8.8093e+08    22.0403    89    88     7.3912
   90  8.7634e+08    22.0617    90    89     7.4707
   91  8.7549e+08    22.0657    91    90     7.5502
   92  7.4674e+08    22.7218    92    91     7.6296
   93  6.8480e+08    23.0846    93    92     7.7091
   94  6.8385e+08    23.0905    94    93     7.7885
   95  6.4634e+08    23.3291    95    94     7.8680
   96  6.4408e+08    23.3440    96    95     7.9475
   97  6.4202e+08    23.3576    97    96     8.0269
   98  6.4026e+08    23.3692    98    97     8.1064
   99  6.3593e+08    23.3981    99    98     8.1858
  100  6.3185e+08    23.4255   100    99     8.2653
