#indx Mass S step-number desc_indx 
    0  1.0000e+11     8.0192     0    -1     0.0134
    1  9.7868e+10     8.0620     1     0     0.1326
    2  7.7214e+10     8.5441     2     1     0.2441
    3  7.1673e+10     8.6998     3     2     0.3500
    4  6.5746e+10     8.8828     4     3     0.4519
    5  5.4785e+10     9.2786     5     4     0.5506
    6  5.4546e+10     9.2882     6     5     0.6467
    7  5.2527e+10     9.3717     7     6     0.7407
    8  4.9369e+10     9.5100     8     7     0.8330
    9  4.9293e+10     9.5135     9     8     0.9238
   10  4.7390e+10     9.6021    10     9     1.0134
   11  4.7356e+10     9.6038    11    10     1.1018
   12  4.4817e+10     9.7289    12    11     1.1894
   13  4.3596e+10     9.7920    13    12     1.2761
   14  4.3395e+10     9.8026    14    13     1.3621
   15  4.0974e+10     9.9349    15    14     1.4474
   16  3.9945e+10     9.9939    16    15     1.5322
   17  3.9006e+10    10.0493    17    16     1.6165
   18  3.8786e+10    10.0625    18    17     1.7003
   19  3.8510e+10    10.0792    19    18     1.7838
   20  3.7067e+10    10.1689    20    19     1.8669
   21  3.5858e+10    10.2471    21    20     1.9496
   22  3.3574e+10    10.4038    22    21     2.0321
   23  3.3326e+10    10.4216    23    22     2.1143
   24  3.2943e+10    10.4493    24    23     2.1963
   25  3.2793e+10    10.4603    25    24     2.2781
   26  3.0879e+10    10.6055    26    25     2.3597
   27  3.0407e+10    10.6429    27    26     2.4411
   28  2.9657e+10    10.7038    28    27     2.5223
   29  2.8523e+10    10.7993    29    28     2.6034
   30  1.1890e+10    13.1087    30    29     2.6844
   31  1.1885e+10    13.1098    31    30     2.7652
   32  1.1812e+10    13.1271    32    31     2.8459
   33  1.1722e+10    13.1488    33    32     2.9266
   34  1.1646e+10    13.1674    34    33     3.0071
   35  1.1598e+10    13.1790    35    34     3.0876
   36  1.1510e+10    13.2007    36    35     3.1680
   37  1.1398e+10    13.2284    37    36     3.2483
   38  1.1391e+10    13.2302    38    37     3.3285
   39  1.1341e+10    13.2428    39    38     3.4087
   40  1.0922e+10    13.3502    40    39     3.4889
   41  1.0873e+10    13.3631    41    40     3.5689
   42  1.0850e+10    13.3689    42    41     3.6490
   43  1.0542e+10    13.4516    43    42     3.7290
   44  1.0389e+10    13.4938    44    43     3.8089
   45  1.0346e+10    13.5059    45    44     3.8889
   46  1.0229e+10    13.5386    46    45     3.9688
   47  9.4851e+09    13.7581    47    46     4.0486
   48  9.3279e+09    13.8070    48    47     4.1285
   49  8.8191e+09    13.9722    49    48     4.2083
   50  6.3877e+09    14.9491    50    49     4.2881
   51  6.0373e+09    15.1249    51    50     4.3678
   52  5.9979e+09    15.1454    52    51     4.4476
   53  5.9849e+09    15.1521    53    52     4.5273
   54  5.9357e+09    15.1780    54    53     4.6070
   55  5.8477e+09    15.2249    55    54     4.6867
   56  5.7778e+09    15.2627    56    55     4.7664
   57  5.7426e+09    15.2819    57    56     4.8460
   58  5.2531e+09    15.5646    58    57     4.9257
   59  4.9970e+09    15.7247    59    58     5.0053
   60  4.8049e+09    15.8511    60    59     5.0849
   61  4.7699e+09    15.8748    61    60     5.1646
   62  4.7580e+09    15.8829    62    61     5.2442
   63  4.7237e+09    15.9063    63    62     5.3238
   64  4.6842e+09    15.9335    64    63     5.4033
   65  4.6763e+09    15.9390    65    64     5.4829
   66  4.6642e+09    15.9474    66    65     5.5625
   67  4.4004e+09    16.1373    67    66     5.6421
   68  3.8433e+09    16.5849    68    67     5.7216
   69  3.7452e+09    16.6715    69    68     5.8012
   70  3.5518e+09    16.8499    70    69     5.8807
   71  3.5019e+09    16.8977    71    70     5.9602
   72  3.4676e+09    16.9311    72    71     6.0398
   73  3.4627e+09    16.9358    73    72     6.1193
   74  3.4380e+09    16.9601    74    73     6.1988
   75  3.4312e+09    16.9668    75    74     6.2783
   76  3.4190e+09    16.9789    76    75     6.3579
   77  3.3342e+09    17.0643    77    76     6.4374
   78  3.3021e+09    17.0974    78    77     6.5169
   79  3.2368e+09    17.1656    79    78     6.5964
   80  3.2287e+09    17.1742    80    79     6.6759
   81  3.2009e+09    17.2038    81    80     6.7554
   82  2.6660e+09    17.8386    82    81     6.8349
   83  2.6392e+09    17.8741    83    82     6.9143
   84  2.6328e+09    17.8827    84    83     6.9938
   85  2.5896e+09    17.9410    85    84     7.0733
   86  2.3828e+09    18.2366    86    85     7.1528
   87  1.9599e+09    18.9438    87    86     7.2323
   88  1.9463e+09    18.9693    88    87     7.3117
   89  1.8850e+09    19.0872    89    88     7.3912
   90  1.8472e+09    19.1619    90    89     7.4707
   91  1.8279e+09    19.2009    91    90     7.5502
   92  1.8239e+09    19.2089    92    91     7.6296
   93  1.4097e+09    20.1800    93    92     7.7091
   94  1.4089e+09    20.1822    94    93     7.7885
   95  1.3707e+09    20.2879    95    94     7.8680
   96  1.3695e+09    20.2913    96    95     7.9475
   97  1.3227e+09    20.4252    97    96     8.0269
   98  1.3120e+09    20.4569    98    97     8.1064
   99  1.2729e+09    20.5741    99    98     8.1858
  100  1.2684e+09    20.5879   100    99     8.2653
