#indx Mass S step-number desc_indx 
    0  1.0000e+11     8.0192     0    -1     0.0134
    1  9.9473e+10     8.0297     1     0     0.1326
    2  9.9033e+10     8.0385     2     1     0.2441
    3  9.7987e+10     8.0596     3     2     0.3500
    4  9.3734e+10     8.1483     4     3     0.4519
    5  9.2443e+10     8.1761     5     4     0.5506
    6  9.0971e+10     8.2085     6     5     0.6467
    7  8.9558e+10     8.2401     7     6     0.7407
    8  8.5062e+10     8.3448     8     7     0.8330
    9  8.2294e+10     8.4125     9     8     0.9238
   10  8.1619e+10     8.4295    10     9     1.0134
   11  6.5228e+10     8.8997    11    10     1.1018
   12  6.3904e+10     8.9436    12    11     1.1894
   13  6.3694e+10     8.9507    13    12     1.2761
   14  6.3584e+10     8.9544    14    13     1.3621
   15  5.8512e+10     9.1343    15    14     1.4474
   16  5.5194e+10     9.2622    16    15     1.5322
   17  2.8290e+10    10.8195    17    16     1.6165
   18  2.7620e+10    10.8786    18    17     1.7003
   19  2.7324e+10    10.9053    19    18     1.7838
   20  2.7030e+10    10.9321    20    19     1.8669
   21  2.6994e+10    10.9354    21    20     1.9496
   22  2.6930e+10    10.9413    22    21     2.0321
   23  2.1450e+10    11.5164    23    22     2.1143
   24  2.0705e+10    11.6077    24    23     2.1963
   25  2.0493e+10    11.6344    25    24     2.2781
   26  1.9678e+10    11.7400    26    25     2.3597
   27  1.9301e+10    11.7906    27    26     2.4411
   28  1.6106e+10    12.2713    28    27     2.5223
   29  1.1958e+10    13.0926    29    28     2.6034
   30  1.1908e+10    13.1045    30    29     2.6844
   31  1.1548e+10    13.1913    31    30     2.7652
   32  1.1188e+10    13.2813    32    31     2.8459
   33  1.1113e+10    13.3006    33    32     2.9266
   34  1.0565e+10    13.4454    34    33     3.0071
   35  1.0167e+10    13.5563    35    34     3.0876
   36  1.0151e+10    13.5606    36    35     3.1680
   37  9.8030e+09    13.6620    37    36     3.2483
   38  8.6116e+09    14.0427    38    37     3.3285
   39  8.6083e+09    14.0438    39    38     3.4087
   40  7.7118e+09    14.3728    40    39     3.4889
   41  7.7031e+09    14.3762    41    40     3.5689
   42  7.6665e+09    14.3906    42    41     3.6490
   43  7.5844e+09    14.4232    43    42     3.7290
   44  5.7197e+09    15.2946    44    43     3.8089
   45  5.3354e+09    15.5150    45    44     3.8889
   46  5.2352e+09    15.5755    46    45     3.9688
   47  5.1529e+09    15.6261    47    46     4.0486
   48  5.1353e+09    15.6370    48    47     4.1285
   49  5.0981e+09    15.6604    49    48     4.2083
   50  4.6720e+09    15.9420    50    49     4.2881
   51  4.6614e+09    15.9494    51    50     4.3678
   52  4.6559e+09    15.9532    52    51     4.4476
   53  4.6516e+09    15.9562    53    52     4.5273
   54  4.5220e+09    16.0482    54    53     4.6070
   55  2.4114e+09    18.1940    55    54     4.6867
   56  2.4104e+09    18.1955    56    55     4.7664
   57  2.4082e+09    18.1987    57    56     4.8460
   58  2.1430e+09    18.6181    58    57     4.9257
   59  2.0732e+09    18.7384    59    58     5.0053
   60  2.0606e+09    18.7605    60    59     5.0849
   61  2.0573e+09    18.7665    61    60     5.1646
   62  2.0527e+09    18.7746    62    61     5.2442
   63  2.0202e+09    18.8329    63    62     5.3238
   64  1.9899e+09    18.8882    64    63     5.4033
   65  1.9841e+09    18.8988    65    64     5.4829
   66  1.9824e+09    18.9019    66    65     5.5625
   67  1.9553e+09    18.9525    67    66     5.6421
   68  1.9311e+09    18.9982    68    67     5.7216
   69  1.9163e+09    19.0264    69    68     5.8012
   70  1.8616e+09    19.1332    70    69     5.8807
   71  1.8557e+09    19.1450    71    70     5.9602
   72  1.7736e+09    19.3127    72    71     6.0398
   73  1.7123e+09    19.4438    73    72     6.1193
   74  1.7099e+09    19.4491    74    73     6.1988
   75  1.7068e+09    19.4560    75    74     6.2783
   76  1.5188e+09    19.8956    76    75     6.3579
   77  1.5185e+09    19.8963    77    76     6.4374
   78  1.5030e+09    19.9353    78    77     6.5169
   79  1.5001e+09    19.9425    79    78     6.5964
   80  1.4351e+09    20.1117    80    79     6.6759
   81  1.4139e+09    20.1686    81    80     6.7554
   82  1.3710e+09    20.2870    82    81     6.8349
   83  1.3699e+09    20.2901    83    82     6.9143
   84  1.2423e+09    20.6689    84    83     6.9938
   85  1.2402e+09    20.6754    85    84     7.0733
   86  1.1938e+09    20.8248    86    85     7.1528
   87  1.1799e+09    20.8706    87    86     7.2323
   88  1.1636e+09    20.9252    88    87     7.3117
   89  1.1070e+09    21.1223    89    88     7.3912
   90  1.0976e+09    21.1560    90    89     7.4707
   91  1.0971e+09    21.1578    91    90     7.5502
   92  1.0879e+09    21.1912    92    91     7.6296
   93  1.0867e+09    21.1955    93    92     7.7091
   94  1.0836e+09    21.2068    94    93     7.7885
   95  1.0742e+09    21.2413    95    94     7.8680
   96  1.0728e+09    21.2465    96    95     7.9475
   97  1.0673e+09    21.2671    97    96     8.0269
   98  1.0594e+09    21.2968    98    97     8.1064
   99  1.0259e+09    21.4248    99    98     8.1858
  100  8.5590e+08    22.1581   100    99     8.2653
