#indx Mass S step-number desc_indx 
    0  3.1600e+13     1.3398     0    -1     0.0134
    1  2.5805e+13     1.4496     1     0     0.1326
    2  2.5026e+13     1.4669     2     1     0.2441
    3  2.4892e+13     1.4699     3     2     0.3500
    4  2.3595e+13     1.5003     4     3     0.4519
    5  2.3183e+13     1.5105     5     4     0.5506
    6  2.2505e+13     1.5277     6     5     0.6467
    7  1.5918e+13     1.7394     7     6     0.7407
    8  1.5831e+13     1.7429     8     7     0.8330
    9  1.4548e+13     1.7979     9     8     0.9238
   10  1.4441e+13     1.8027    10     9     1.0134
   11  1.3747e+13     1.8354    11    10     1.1018
   12  1.2868e+13     1.8800    12    11     1.1894
   13  1.1856e+13     1.9364    13    12     1.2761
   14  1.1675e+13     1.9472    14    13     1.3621
   15  9.2813e+12     2.1126    15    14     1.4474
   16  9.2209e+12     2.1174    16    15     1.5322
   17  9.1129e+12     2.1262    17    16     1.6165
   18  8.9573e+12     2.1391    18    17     1.7003
   19  8.9285e+12     2.1415    19    18     1.7838
   20  8.8185e+12     2.1508    20    19     1.8669
   21  8.5133e+12     2.1775    21    20     1.9496
   22  8.3919e+12     2.1884    22    21     2.0321
   23  8.2490e+12     2.2016    23    22     2.1143
   24  7.7972e+12     2.2451    24    23     2.1963
   25  6.5717e+12     2.3811    25    24     2.2781
   26  6.0748e+12     2.4457    26    25     2.3597
   27  6.0129e+12     2.4542    27    26     2.4411
   28  5.8442e+12     2.4779    28    27     2.5223
   29  5.8103e+12     2.4828    29    28     2.6034
   30  5.7841e+12     2.4866    30    29     2.6844
   31  5.6940e+12     2.4998    31    30     2.7652
   32  5.4406e+12     2.5384    32    31     2.8459
   33  4.9834e+12     2.6141    33    32     2.9266
   34  4.3799e+12     2.7284    34    33     3.0071
   35  4.2569e+12     2.7542    35    34     3.0876
   36  1.0981e+12     4.2002    36    35     3.1680
   37  1.0918e+12     4.2073    37    36     3.2483
   38  9.4601e+11     4.3878    38    37     3.3285
   39  8.9759e+11     4.4553    39    38     3.4087
   40  8.8243e+11     4.4774    40    39     3.4889
   41  8.7809e+11     4.4838    41    40     3.5689
   42  8.6683e+11     4.5006    42    41     3.6490
   43  8.3031e+11     4.5569    43    42     3.7290
   44  8.2269e+11     4.5691    44    43     3.8089
   45  7.1645e+11     4.7539    45    44     3.8889
   46  6.4890e+11     4.8896    46    45     3.9688
   47  6.4700e+11     4.8937    47    46     4.0486
   48  1.4362e+11     7.3239    48    47     4.1285
   49  1.4322e+11     7.3291    49    48     4.2083
   50  1.3962e+11     7.3766    50    49     4.2881
   51  1.3946e+11     7.3788    51    50     4.3678
   52  1.3258e+11     7.4736    52    51     4.4476
   53  1.3113e+11     7.4944    53    52     4.5273
   54  1.2111e+11     7.6457    54    53     4.6070
   55  1.1547e+11     7.7375    55    54     4.6867
   56  1.0166e+11     7.9866    56    55     4.7664
   57  9.2199e+10     8.1815    57    56     4.8460
   58  9.1503e+10     8.1967    58    57     4.9257
   59  8.8042e+10     8.2747    59    58     5.0053
   60  8.1958e+10     8.4209    60    59     5.0849
   61  7.9542e+10     8.4826    61    60     5.1646
   62  7.8945e+10     8.4982    62    61     5.2442
   63  7.8686e+10     8.5050    63    62     5.3238
   64  4.1361e+10     9.9131    64    63     5.4033
   65  3.6966e+10    10.1753    65    64     5.4829
   66  3.6823e+10    10.1844    66    65     5.5625
   67  3.5598e+10    10.2644    67    66     5.6421
   68  3.4681e+10    10.3264    68    67     5.7216
   69  3.3388e+10    10.4171    69    68     5.8012
   70  3.3309e+10    10.4228    70    69     5.8807
   71  2.0387e+10    11.6479    71    70     5.9602
   72  2.0301e+10    11.6588    72    71     6.0398
   73  1.9469e+10    11.7679    73    72     6.1193
   74  1.7498e+10    12.0494    74    73     6.1988
   75  1.6359e+10    12.2292    75    74     6.2783
   76  1.5988e+10    12.2911    76    75     6.3579
   77  1.5451e+10    12.3834    77    76     6.4374
   78  1.4918e+10    12.4789    78    77     6.5169
   79  1.4583e+10    12.5410    79    78     6.5964
   80  1.4366e+10    12.5820    80    79     6.6759
   81  1.4149e+10    12.6239    81    80     6.7554
   82  1.4106e+10    12.6323    82    81     6.8349
   83  1.3709e+10    12.7109    83    82     6.9143
   84  1.3391e+10    12.7758    84    83     6.9938
   85  1.2067e+10    13.0670    85    84     7.0733
   86  1.1597e+10    13.1794    86    85     7.1528
   87  1.1587e+10    13.1818    87    86     7.2323
   88  1.1533e+10    13.1949    88    87     7.3117
   89  1.1016e+10    13.3257    89    88     7.3912
   90  1.0952e+10    13.3423    90    89     7.4707
   91  1.0907e+10    13.3540    91    90     7.5502
   92  1.0861e+10    13.3660    92    91     7.6296
   93  1.0690e+10    13.4116    93    92     7.7091
   94  1.0331e+10    13.5100    94    93     7.7885
   95  1.0112e+10    13.5720    95    94     7.8680
   96  9.7489e+09    13.6781    96    95     7.9475
   97  9.6603e+09    13.7047    97    96     8.0269
   98  9.5558e+09    13.7364    98    97     8.1064
   99  9.4685e+09    13.7633    99    98     8.1858
  100  9.4369e+09    13.7730   100    99     8.2653
