#indx Mass S step-number desc_indx 
    0  3.1600e+13     1.3398     0    -1     0.0134
    1  2.9924e+13     1.3687     1     0     0.1326
    2  1.9488e+13     1.6131     2     1     0.2441
    3  1.9445e+13     1.6145     3     2     0.3500
    4  1.3089e+13     1.8685     4     3     0.4519
    5  1.2647e+13     1.8918     5     4     0.5506
    6  1.2367e+13     1.9072     6     5     0.6467
    7  1.1187e+13     1.9772     7     6     0.7407
    8  1.0803e+13     2.0020     8     7     0.8330
    9  1.0708e+13     2.0083     9     8     0.9238
   10  1.0691e+13     2.0094    10     9     1.0134
   11  1.0601e+13     2.0155    11    10     1.1018
   12  1.0325e+13     2.0345    12    11     1.1894
   13  1.0283e+13     2.0374    13    12     1.2761
   14  1.0204e+13     2.0430    14    13     1.3621
   15  8.6039e+12     2.1694    15    14     1.4474
   16  7.9492e+12     2.2301    16    15     1.5322
   17  7.4424e+12     2.2815    17    16     1.6165
   18  6.3975e+12     2.4030    18    17     1.7003
   19  6.1406e+12     2.4367    19    18     1.7838
   20  5.2524e+12     2.5685    20    19     1.8669
   21  5.1775e+12     2.5809    21    20     1.9496
   22  5.1390e+12     2.5874    22    21     2.0321
   23  4.9272e+12     2.6240    23    22     2.1143
   24  4.9117e+12     2.6268    24    23     2.1963
   25  4.8142e+12     2.6443    25    24     2.2781
   26  4.7376e+12     2.6585    26    25     2.3597
   27  4.4070e+12     2.7229    27    26     2.4411
   28  4.3416e+12     2.7364    28    27     2.5223
   29  3.3837e+12     2.9682    29    28     2.6034
   30  3.3329e+12     2.9827    30    29     2.6844
   31  3.2990e+12     2.9926    31    30     2.7652
   32  3.1616e+12     3.0338    32    31     2.8459
   33  3.1601e+12     3.0342    33    32     2.9266
   34  3.1280e+12     3.0442    34    33     3.0071
   35  2.0972e+12     3.4535    35    34     3.0876
   36  2.0782e+12     3.4633    36    35     3.1680
   37  2.0062e+12     3.5013    37    36     3.2483
   38  1.7252e+12     3.6675    38    37     3.3285
   39  1.6653e+12     3.7073    39    38     3.4087
   40  1.6418e+12     3.7234    40    39     3.4889
   41  1.6241e+12     3.7357    41    40     3.5689
   42  1.6021e+12     3.7512    42    41     3.6490
   43  1.5672e+12     3.7764    43    42     3.7290
   44  1.4981e+12     3.8283    44    43     3.8089
   45  1.1488e+12     4.1445    45    44     3.8889
   46  8.0721e+11     4.5941    46    45     3.9688
   47  8.0004e+11     4.6059    47    46     4.0486
   48  7.9685e+11     4.6112    48    47     4.1285
   49  7.5153e+11     4.6894    49    48     4.2083
   50  7.4235e+11     4.7059    50    49     4.2881
   51  7.3946e+11     4.7112    51    50     4.3678
   52  4.4532e+11     5.4314    52    51     4.4476
   53  4.3861e+11     5.4541    53    52     4.5273
   54  4.1693e+11     5.5306    54    53     4.6070
   55  3.7774e+11     5.6815    55    54     4.6867
   56  3.7269e+11     5.7024    56    55     4.7664
   57  3.6300e+11     5.7433    57    56     4.8460
   58  3.5904e+11     5.7604    58    57     4.9257
   59  3.5825e+11     5.7638    59    58     5.0053
   60  3.4970e+11     5.8016    60    59     5.0849
   61  3.4809e+11     5.8089    61    60     5.1646
   62  3.2430e+11     5.9208    62    61     5.2442
   63  2.6901e+11     6.2238    63    62     5.3238
   64  2.6163e+11     6.2698    64    63     5.4033
   65  2.6039e+11     6.2777    65    64     5.4829
   66  2.0360e+11     6.6962    66    65     5.5625
   67  2.0111e+11     6.7176    67    66     5.6421
   68  1.3726e+11     7.4085    68    67     5.7216
   69  1.3690e+11     7.4134    69    68     5.8012
   70  1.3539e+11     7.4343    70    69     5.8807
   71  1.3055e+11     7.5029    71    70     5.9602
   72  1.3012e+11     7.5090    72    71     6.0398
   73  8.2860e+10     8.3985    73    72     6.1193
   74  5.9877e+10     9.0842    74    73     6.1988
   75  5.8927e+10     9.1189    75    74     6.2783
   76  5.4155e+10     9.3040    76    75     6.3579
   77  5.3985e+10     9.3110    77    76     6.4374
   78  5.3562e+10     9.3284    78    77     6.5169
   79  5.0885e+10     9.4423    79    78     6.5964
   80  4.4300e+10     9.7553    80    79     6.6759
   81  4.4231e+10     9.7589    81    80     6.7554
   82  4.4003e+10     9.7707    82    81     6.8349
   83  4.3107e+10     9.8179    83    82     6.9143
   84  4.2837e+10     9.8323    84    83     6.9938
   85  3.6190e+10    10.2254    85    84     7.0733
   86  3.4579e+10    10.3334    86    85     7.1528
   87  3.4347e+10    10.3495    87    86     7.2323
   88  3.3186e+10    10.4317    88    87     7.3117
   89  2.7419e+10    10.8967    89    88     7.3912
   90  2.6744e+10    10.9585    90    89     7.4707
   91  2.6722e+10    10.9605    91    90     7.5502
   92  2.6426e+10    10.9883    92    91     7.6296
   93  2.6250e+10    11.0049    93    92     7.7091
   94  1.9257e+10    11.7966    94    93     7.7885
   95  1.9254e+10    11.7969    95    94     7.8680
   96  1.8140e+10    11.9538    96    95     7.9475
   97  1.8078e+10    11.9628    97    96     8.0269
   98  1.8060e+10    11.9655    98    97     8.1064
   99  1.7698e+10    12.0191    99    98     8.1858
  100  1.7344e+10    12.0728   100    99     8.2653
