#indx Mass S step-number desc_indx 
    0  3.1600e+13     1.3398     0    -1     0.0134
    1  2.4456e+13     1.4799     1     0     0.1326
    2  1.6164e+13     1.7296     2     1     0.2441
    3  1.5231e+13     1.7679     3     2     0.3500
    4  1.4941e+13     1.7804     4     3     0.4519
    5  1.4436e+13     1.8029     5     4     0.5506
    6  1.3492e+13     1.8480     6     5     0.6467
    7  1.3357e+13     1.8548     7     6     0.7407
    8  1.3019e+13     1.8721     8     7     0.8330
    9  1.1241e+13     1.9737     9     8     0.9238
   10  1.0763e+13     2.0046    10     9     1.0134
   11  9.7293e+12     2.0777    11    10     1.1018
   12  9.5962e+12     2.0879    12    11     1.1894
   13  9.4814e+12     2.0967    13    12     1.2761
   14  9.0630e+12     2.1303    14    13     1.3621
   15  8.5633e+12     2.1730    15    14     1.4474
   16  6.3184e+12     2.4132    16    15     1.5322
   17  5.5712e+12     2.5182    17    16     1.6165
   18  5.4614e+12     2.5352    18    17     1.7003
   19  5.3596e+12     2.5512    19    18     1.7838
   20  4.9616e+12     2.6179    20    19     1.8669
   21  4.1461e+12     2.7782    21    20     1.9496
   22  4.0936e+12     2.7898    22    21     2.0321
   23  3.6893e+12     2.8862    23    22     2.1143
   24  3.6146e+12     2.9054    24    23     2.1963
   25  3.6014e+12     2.9089    25    24     2.2781
   26  3.4077e+12     2.9614    26    25     2.3597
   27  3.3544e+12     2.9765    27    26     2.4411
   28  3.1743e+12     3.0299    28    27     2.5223
   29  2.8200e+12     3.1467    29    28     2.6034
   30  2.5627e+12     3.2435    30    29     2.6844
   31  2.4297e+12     3.2984    31    30     2.7652
   32  2.3264e+12     3.3436    32    31     2.8459
   33  2.3169e+12     3.3479    33    32     2.9266
   34  2.3120e+12     3.3501    34    33     3.0071
   35  2.2163e+12     3.3946    35    34     3.0876
   36  1.9935e+12     3.5082    36    35     3.1680
   37  1.8809e+12     3.5716    37    36     3.2483
   38  1.4544e+12     3.8626    38    37     3.3285
   39  1.4341e+12     3.8790    39    38     3.4087
   40  1.3822e+12     3.9223    40    39     3.4889
   41  1.3749e+12     3.9285    41    40     3.5689
   42  1.2801e+12     4.0133    42    41     3.6490
   43  1.2097e+12     4.0816    43    42     3.7290
   44  1.1587e+12     4.1340    44    43     3.8089
   45  1.1503e+12     4.1429    45    44     3.8889
   46  1.1097e+12     4.1871    46    45     3.9688
   47  1.0958e+12     4.2028    47    46     4.0486
   48  1.0651e+12     4.2381    48    47     4.1285
   49  1.0571e+12     4.2475    49    48     4.2083
   50  9.4980e+11     4.3827    50    49     4.2881
   51  7.4176e+11     4.7070    51    50     4.3678
   52  7.3284e+11     4.7233    52    51     4.4476
   53  6.6806e+11     4.8494    53    52     4.5273
   54  6.6709e+11     4.8514    54    53     4.6070
   55  6.6374e+11     4.8584    55    54     4.6867
   56  6.5955e+11     4.8671    56    55     4.7664
   57  6.0129e+11     4.9959    57    56     4.8460
   58  5.9041e+11     5.0217    58    57     4.9257
   59  5.7805e+11     5.0516    59    58     5.0053
   60  5.7288e+11     5.0643    60    59     5.0849
   61  5.7127e+11     5.0683    61    60     5.1646
   62  5.5094e+11     5.1200    62    61     5.2442
   63  5.1712e+11     5.2113    63    62     5.3238
   64  4.5891e+11     5.3866    64    63     5.4033
   65  4.3011e+11     5.4836    65    64     5.4829
   66  4.1529e+11     5.5365    66    65     5.5625
   67  3.1378e+11     5.9734    67    66     5.6421
   68  3.0843e+11     6.0010    68    67     5.7216
   69  2.8977e+11     6.1020    69    68     5.8012
   70  2.7367e+11     6.1955    70    69     5.8807
   71  2.5525e+11     6.3109    71    70     5.9602
   72  2.4732e+11     6.3637    72    71     6.0398
   73  2.4625e+11     6.3710    73    72     6.1193
   74  2.3507e+11     6.4493    74    73     6.1988
   75  2.3302e+11     6.4642    75    74     6.2783
   76  1.9900e+11     6.7360    76    75     6.3579
   77  1.8882e+11     6.8283    77    76     6.4374
   78  1.8562e+11     6.8585    78    77     6.5169
   79  1.8523e+11     6.8623    79    78     6.5964
   80  1.8165e+11     6.8969    80    79     6.6759
   81  1.7962e+11     6.9170    81    80     6.7554
   82  1.7896e+11     6.9234    82    81     6.8349
   83  1.7274e+11     6.9868    83    82     6.9143
   84  1.7204e+11     6.9940    84    83     6.9938
   85  1.7131e+11     7.0017    85    84     7.0733
   86  1.7110e+11     7.0039    86    85     7.1528
   87  1.7075e+11     7.0076    87    86     7.2323
   88  1.6603e+11     7.0582    88    87     7.3117
   89  1.5223e+11     7.2164    89    88     7.3912
   90  1.4894e+11     7.2566    90    89     7.4707
   91  1.4887e+11     7.2574    91    90     7.5502
   92  1.3975e+11     7.3749    92    91     7.6296
   93  1.3916e+11     7.3827    93    92     7.7091
   94  1.3829e+11     7.3945    94    93     7.7885
   95  1.3246e+11     7.4754    95    94     7.8680
   96  1.2390e+11     7.6021    96    95     7.9475
   97  1.1282e+11     7.7825    97    96     8.0269
   98  1.0756e+11     7.8755    98    97     8.1064
   99  8.5204e+10     8.3414    99    98     8.1858
  100  8.5122e+10     8.3433   100    99     8.2653
