#indx Mass S step-number desc_indx 
    0  3.1600e+13     1.3398     0    -1     0.0134
    1  2.8695e+13     1.3912     1     0     0.1326
    2  2.2772e+13     1.5208     2     1     0.2441
    3  2.1498e+13     1.5545     3     2     0.3500
    4  2.1204e+13     1.5626     4     3     0.4519
    5  1.8385e+13     1.6488     5     4     0.5506
    6  1.6370e+13     1.7215     6     5     0.6467
    7  1.5643e+13     1.7506     7     6     0.7407
    8  1.5038e+13     1.7762     8     7     0.8330
    9  1.3533e+13     1.8459     9     8     0.9238
   10  6.5824e+12     2.3798    10     9     1.0134
   11  6.4891e+12     2.3914    11    10     1.1018
   12  6.4833e+12     2.3921    12    11     1.1894
   13  5.9482e+12     2.4632    13    12     1.2761
   14  5.7912e+12     2.4855    14    13     1.3621
   15  5.4793e+12     2.5324    15    14     1.4474
   16  4.1620e+12     2.7747    16    15     1.5322
   17  4.0179e+12     2.8069    17    16     1.6165
   18  3.9296e+12     2.8274    18    17     1.7003
   19  3.8956e+12     2.8354    19    18     1.7838
   20  3.7793e+12     2.8636    20    19     1.8669
   21  3.6110e+12     2.9064    21    20     1.9496
   22  3.5174e+12     2.9312    22    21     2.0321
   23  3.0814e+12     3.0589    23    22     2.1143
   24  3.0585e+12     3.0662    24    23     2.1963
   25  2.6438e+12     3.2117    25    24     2.2781
   26  2.6220e+12     3.2201    26    25     2.3597
   27  2.6120e+12     3.2240    27    26     2.4411
   28  2.6090e+12     3.2252    28    27     2.5223
   29  2.5357e+12     3.2543    29    28     2.6034
   30  2.1168e+12     3.4435    30    29     2.6844
   31  2.0375e+12     3.4845    31    30     2.7652
   32  1.2245e+12     4.0668    32    31     2.8459
   33  1.1492e+12     4.1441    33    32     2.9266
   34  1.0781e+12     4.2230    34    33     3.0071
   35  1.0611e+12     4.2428    35    34     3.0876
   36  9.5666e+11     4.3735    36    35     3.1680
   37  9.2437e+11     4.4174    37    36     3.2483
   38  8.8199e+11     4.4781    38    37     3.3285
   39  8.7111e+11     4.4942    39    38     3.4087
   40  8.5914e+11     4.5122    40    39     3.4889
   41  8.5601e+11     4.5170    41    40     3.5689
   42  8.3553e+11     4.5487    42    41     3.6490
   43  8.0924e+11     4.5908    43    42     3.7290
   44  7.5081e+11     4.6907    44    43     3.8089
   45  7.4786e+11     4.6960    45    44     3.8889
   46  7.2557e+11     4.7368    46    45     3.9688
   47  7.0070e+11     4.7841    47    46     4.0486
   48  6.2283e+11     4.9466    48    47     4.1285
   49  5.5691e+11     5.1046    49    48     4.2083
   50  5.5465e+11     5.1104    50    49     4.2881
   51  4.6765e+11     5.3586    51    50     4.3678
   52  4.5961e+11     5.3843    52    51     4.4476
   53  4.4937e+11     5.4179    53    52     4.5273
   54  4.3789e+11     5.4566    54    53     4.6070
   55  3.7700e+11     5.6846    55    54     4.6867
   56  3.4983e+11     5.8010    56    55     4.7664
   57  3.3988e+11     5.8464    57    56     4.8460
   58  3.3449e+11     5.8717    58    57     4.9257
   59  3.2651e+11     5.9100    59    58     5.0053
   60  1.6039e+11     7.1209    60    59     5.0849
   61  1.5227e+11     7.2159    61    60     5.1646
   62  1.4713e+11     7.2792    62    61     5.2442
   63  1.4532e+11     7.3021    63    62     5.3238
   64  1.3429e+11     7.4496    64    63     5.4033
   65  1.3249e+11     7.4750    65    64     5.4829
   66  1.2784e+11     7.5426    66    65     5.5625
   67  1.2648e+11     7.5628    67    66     5.6421
   68  1.2209e+11     7.6303    68    67     5.7216
   69  1.2150e+11     7.6394    69    68     5.8012
   70  1.2066e+11     7.6528    70    69     5.8807
   71  1.2019e+11     7.6603    71    70     5.9602
   72  1.1982e+11     7.6663    72    71     6.0398
   73  1.1867e+11     7.6847    73    72     6.1193
   74  1.1466e+11     7.7512    74    73     6.1988
   75  4.4957e+10     9.7218    75    74     6.2783
   76  4.3879e+10     9.7772    76    75     6.3579
   77  4.3664e+10     9.7884    77    76     6.4374
   78  4.2625e+10     9.8437    78    77     6.5169
   79  4.2586e+10     9.8458    79    78     6.5964
   80  4.2450e+10     9.8532    80    79     6.6759
   81  4.2066e+10     9.8741    81    80     6.7554
   82  3.8662e+10    10.0700    82    81     6.8349
   83  3.8291e+10    10.0926    83    82     6.9143
   84  3.7891e+10    10.1172    84    83     6.9938
   85  3.7628e+10    10.1335    85    84     7.0733
   86  3.7508e+10    10.1411    86    85     7.1528
   87  3.6990e+10    10.1737    87    86     7.2323
   88  3.5472e+10    10.2728    88    87     7.3117
   89  3.4820e+10    10.3169    89    88     7.3912
   90  3.4590e+10    10.3326    90    89     7.4707
   91  3.4359e+10    10.3486    91    90     7.5502
   92  3.1889e+10    10.5276    92    91     7.6296
   93  3.1874e+10    10.5287    93    92     7.7091
   94  2.8366e+10    10.8129    94    93     7.7885
   95  2.6839e+10    10.9497    95    94     7.8680
   96  2.5937e+10    11.0348    96    95     7.9475
   97  2.5816e+10    11.0465    97    96     8.0269
   98  2.4958e+10    11.1312    98    97     8.1064
   99  2.4869e+10    11.1402    99    98     8.1858
  100  2.4208e+10    11.2080   100    99     8.2653
