#indx Mass S step-number desc_indx 
    0  3.1600e+13     1.3398     0    -1     0.0134
    1  2.9201e+13     1.3818     1     0     0.1326
    2  2.6378e+13     1.4374     2     1     0.2441
    3  2.6094e+13     1.4434     3     2     0.3500
    4  2.5840e+13     1.4489     4     3     0.4519
    5  1.6178e+13     1.7290     5     4     0.5506
    6  1.4883e+13     1.7829     6     5     0.6467
    7  1.0584e+13     2.0166     7     6     0.7407
    8  1.0325e+13     2.0344     8     7     0.8330
    9  8.7010e+12     2.1610     9     8     0.9238
   10  8.6199e+12     2.1680    10     9     1.0134
   11  8.4360e+12     2.1844    11    10     1.1018
   12  8.1905e+12     2.2070    12    11     1.1894
   13  7.7852e+12     2.2463    13    12     1.2761
   14  7.7435e+12     2.2504    14    13     1.3621
   15  7.6663e+12     2.2583    15    14     1.4474
   16  7.6400e+12     2.2610    16    15     1.5322
   17  6.9592e+12     2.3348    17    16     1.6165
   18  2.1643e+12     3.4198    18    17     1.7003
   19  2.1569e+12     3.4235    19    18     1.7838
   20  1.5429e+12     3.7943    20    19     1.8669
   21  1.5426e+12     3.7945    21    20     1.9496
   22  1.3233e+12     3.9738    22    21     2.0321
   23  1.1631e+12     4.1294    23    22     2.1143
   24  1.1275e+12     4.1675    24    23     2.1963
   25  1.1078e+12     4.1892    25    24     2.2781
   26  1.0657e+12     4.2373    26    25     2.3597
   27  1.0466e+12     4.2600    27    26     2.4411
   28  1.0433e+12     4.2639    28    27     2.5223
   29  9.3669e+11     4.4005    29    28     2.6034
   30  9.0567e+11     4.4438    30    29     2.6844
   31  7.6415e+11     4.6671    31    30     2.7652
   32  7.4517e+11     4.7008    32    31     2.8459
   33  7.4357e+11     4.7037    33    32     2.9266
   34  6.9493e+11     4.7954    34    33     3.0071
   35  6.6740e+11     4.8508    35    34     3.0876
   36  6.5966e+11     4.8669    36    35     3.1680
   37  5.9793e+11     5.0038    37    36     3.2483
   38  5.9244e+11     5.0168    38    37     3.3285
   39  5.9112e+11     5.0200    39    38     3.4087
   40  5.8397e+11     5.0371    40    39     3.4889
   41  4.4414e+11     5.4354    41    40     3.5689
   42  4.3582e+11     5.4637    42    41     3.6490
   43  4.3126e+11     5.4795    43    42     3.7290
   44  4.3063e+11     5.4817    44    43     3.8089
   45  4.0739e+11     5.5657    45    44     3.8889
   46  3.7836e+11     5.6790    46    45     3.9688
   47  3.6668e+11     5.7276    47    46     4.0486
   48  3.4904e+11     5.8045    48    47     4.1285
   49  3.3279e+11     5.8797    49    48     4.2083
   50  3.1640e+11     5.9601    50    49     4.2881
   51  2.9090e+11     6.0956    51    50     4.3678
   52  2.7317e+11     6.1985    52    51     4.4476
   53  2.3943e+11     6.4182    53    52     4.5273
   54  2.3869e+11     6.4235    54    53     4.6070
   55  2.1586e+11     6.5950    55    54     4.6867
   56  2.0967e+11     6.6452    56    55     4.7664
   57  2.0396e+11     6.6930    57    56     4.8460
   58  1.9025e+11     6.8150    58    57     4.9257
   59  1.8997e+11     6.8175    59    58     5.0053
   60  1.8424e+11     6.8718    60    59     5.0849
   61  1.7285e+11     6.9857    61    60     5.1646
   62  1.6142e+11     7.1092    62    61     5.2442
   63  1.5996e+11     7.1258    63    62     5.3238
   64  1.5917e+11     7.1348    64    63     5.4033
   65  1.5893e+11     7.1376    65    64     5.4829
   66  1.5596e+11     7.1720    66    65     5.5625
   67  1.5566e+11     7.1755    67    66     5.6421
   68  1.5236e+11     7.2148    68    67     5.7216
   69  1.4980e+11     7.2460    69    68     5.8012
   70  1.4903e+11     7.2556    70    69     5.8807
   71  1.4863e+11     7.2605    71    70     5.9602
   72  1.4626e+11     7.2902    72    71     6.0398
   73  1.4569e+11     7.2974    73    72     6.1193
   74  1.4139e+11     7.3531    74    73     6.1988
   75  1.3828e+11     7.3946    75    74     6.2783
   76  1.3813e+11     7.3966    76    75     6.3579
   77  1.3801e+11     7.3983    77    76     6.4374
   78  8.6264e+10     8.3162    78    77     6.5169
   79  8.4880e+10     8.3492    79    78     6.5964
   80  8.4545e+10     8.3572    80    79     6.6759
   81  8.2129e+10     8.4167    81    80     6.7554
   82  8.1773e+10     8.4256    82    81     6.8349
   83  8.1473e+10     8.4332    83    82     6.9143
   84  7.5973e+10     8.5778    84    83     6.9938
   85  6.5084e+10     8.9044    85    84     7.0733
   86  2.4519e+10    11.1759    86    85     7.1528
   87  2.4136e+10    11.2155    87    86     7.2323
   88  2.0408e+10    11.6452    88    87     7.3117
   89  2.0371e+10    11.6499    89    88     7.3912
   90  1.9852e+10    11.7170    90    89     7.4707
   91  1.8377e+10    11.9195    91    90     7.5502
   92  1.8283e+10    11.9331    92    91     7.6296
   93  1.7319e+10    12.0766    93    92     7.7091
   94  1.7310e+10    12.0781    94    93     7.7885
   95  1.7210e+10    12.0935    95    94     7.8680
   96  1.7066e+10    12.1160    96    95     7.9475
   97  1.7039e+10    12.1202    97    96     8.0269
   98  1.6027e+10    12.2845    98    97     8.1064
   99  1.5342e+10    12.4026    99    98     8.1858
  100  1.5295e+10    12.4110   100    99     8.2653
