#indx Mass S step-number desc_indx 
    0  3.1600e+13     1.3398     0    -1     0.0134
    1  3.0192e+13     1.3639     1     0     0.1326
    2  2.9940e+13     1.3684     2     1     0.2441
    3  2.3534e+13     1.5018     3     2     0.3500
    4  2.3141e+13     1.5115     4     3     0.4519
    5  2.1454e+13     1.5557     5     4     0.5506
    6  2.1112e+13     1.5652     6     5     0.6467
    7  1.9183e+13     1.6227     7     6     0.7407
    8  1.5735e+13     1.7468     8     7     0.8330
    9  1.1895e+13     1.9341     9     8     0.9238
   10  1.1874e+13     1.9353    10     9     1.0134
   11  1.1795e+13     1.9400    11    10     1.1018
   12  1.1599e+13     1.9517    12    11     1.1894
   13  1.1174e+13     1.9780    13    12     1.2761
   14  1.0098e+13     2.0506    14    13     1.3621
   15  8.7654e+12     2.1554    15    14     1.4474
   16  7.7774e+12     2.2471    16    15     1.5322
   17  7.5746e+12     2.2677    17    16     1.6165
   18  7.2790e+12     2.2990    18    17     1.7003
   19  6.8744e+12     2.3447    19    18     1.7838
   20  6.8199e+12     2.3511    20    19     1.8669
   21  6.7007e+12     2.3653    21    20     1.9496
   22  6.6196e+12     2.3752    22    21     2.0321
   23  6.4077e+12     2.4017    23    22     2.1143
   24  6.0051e+12     2.4552    24    23     2.1963
   25  5.7647e+12     2.4894    25    24     2.2781
   26  5.4795e+12     2.5323    26    25     2.3597
   27  4.9472e+12     2.6205    27    26     2.4411
   28  4.6750e+12     2.6702    28    27     2.5223
   29  4.5630e+12     2.6918    29    28     2.6034
   30  4.3128e+12     2.7424    30    29     2.6844
   31  3.9107e+12     2.8319    31    30     2.7652
   32  3.3707e+12     2.9719    32    31     2.8459
   33  3.0854e+12     3.0576    33    32     2.9266
   34  3.0466e+12     3.0700    34    33     3.0071
   35  2.8072e+12     3.1512    35    34     3.0876
   36  2.7639e+12     3.1668    36    35     3.1680
   37  2.7240e+12     3.1814    37    36     3.2483
   38  2.7124e+12     3.1858    38    37     3.3285
   39  1.7199e+12     3.6710    39    38     3.4087
   40  1.7125e+12     3.6758    40    39     3.4889
   41  1.7058e+12     3.6802    41    40     3.5689
   42  1.6451e+12     3.7211    42    41     3.6490
   43  1.5652e+12     3.7778    43    42     3.7290
   44  8.9754e+11     4.4554    44    43     3.8089
   45  8.3089e+11     4.5560    45    44     3.8889
   46  7.3203e+11     4.7248    46    45     3.9688
   47  7.2728e+11     4.7336    47    46     4.0486
   48  7.1337e+11     4.7597    48    47     4.1285
   49  6.8602e+11     4.8130    49    48     4.2083
   50  6.3514e+11     4.9193    50    49     4.2881
   51  6.3262e+11     4.9249    51    50     4.3678
   52  6.2796e+11     4.9351    52    51     4.4476
   53  6.2404e+11     4.9439    53    52     4.5273
   54  5.6468e+11     5.0848    54    53     4.6070
   55  5.5555e+11     5.1081    55    54     4.6867
   56  4.7857e+11     5.3245    56    55     4.7664
   57  4.7475e+11     5.3364    57    56     4.8460
   58  4.5954e+11     5.3846    58    57     4.9257
   59  4.5491e+11     5.3996    59    58     5.0053
   60  4.5373e+11     5.4035    60    59     5.0849
   61  4.5321e+11     5.4052    61    60     5.1646
   62  4.4786e+11     5.4229    62    61     5.2442
   63  4.4404e+11     5.4357    63    62     5.3238
   64  4.0761e+11     5.5649    64    63     5.4033
   65  3.9853e+11     5.5992    65    64     5.4829
   66  3.9769e+11     5.6024    66    65     5.5625
   67  3.1354e+11     5.9747    67    66     5.6421
   68  3.1115e+11     5.9869    68    67     5.7216
   69  3.0936e+11     5.9962    69    68     5.8012
   70  3.0618e+11     6.0128    70    69     5.8807
   71  3.0120e+11     6.0392    71    70     5.9602
   72  2.9833e+11     6.0547    72    71     6.0398
   73  2.9759e+11     6.0587    73    72     6.1193
   74  2.9610e+11     6.0669    74    73     6.1988
   75  2.9437e+11     6.0764    75    74     6.2783
   76  2.9098e+11     6.0952    76    75     6.3579
   77  2.8247e+11     6.1436    77    76     6.4374
   78  1.9047e+11     6.8129    78    77     6.5169
   79  1.9029e+11     6.8146    79    78     6.5964
   80  1.8134e+11     6.9000    80    79     6.6759
   81  1.8102e+11     6.9031    81    80     6.7554
   82  1.7061e+11     7.0091    82    81     6.8349
   83  1.6811e+11     7.0357    83    82     6.9143
   84  1.6486e+11     7.0710    84    83     6.9938
   85  1.5321e+11     7.2046    85    84     7.0733
   86  8.7949e+10     8.2768    86    85     7.1528
   87  8.0908e+10     8.4475    87    86     7.2323
   88  7.9304e+10     8.4888    88    87     7.3117
   89  7.8527e+10     8.5092    89    88     7.3912
   90  7.7513e+10     8.5361    90    89     7.4707
   91  7.0017e+10     8.7491    91    90     7.5502
   92  4.5558e+10     9.6915    92    91     7.6296
   93  4.3162e+10     9.8150    93    92     7.7091
   94  4.3079e+10     9.8194    94    93     7.7885
   95  3.7629e+10    10.1335    95    94     7.8680
   96  3.6403e+10    10.2115    96    95     7.9475
   97  2.3908e+10    11.2396    97    96     8.0269
   98  2.3692e+10    11.2625    98    97     8.1064
   99  2.3444e+10    11.2892    99    98     8.1858
  100  1.9670e+10    11.7411   100    99     8.2653
