#indx Mass S step-number desc_indx 
    0  3.1600e+13     1.3398     0    -1     0.0134
    1  2.9229e+13     1.3813     1     0     0.1326
    2  1.7961e+13     1.6632     2     1     0.2441
    3  1.7892e+13     1.6656     3     2     0.3500
    4  1.4942e+13     1.7804     4     3     0.4519
    5  1.0776e+13     2.0038     5     4     0.5506
    6  5.6796e+12     2.5019     6     5     0.6467
    7  5.6683e+12     2.5036     7     6     0.7407
    8  5.4453e+12     2.5377     8     7     0.8330
    9  5.1301e+12     2.5889     9     8     0.9238
   10  4.9818e+12     2.6144    10     9     1.0134
   11  4.6889e+12     2.6676    11    10     1.1018
   12  4.6608e+12     2.6729    12    11     1.1894
   13  4.1092e+12     2.7863    13    12     1.2761
   14  4.0137e+12     2.8079    14    13     1.3621
   15  3.3074e+12     2.9901    15    14     1.4474
   16  3.2477e+12     3.0077    16    15     1.5322
   17  3.2112e+12     3.0187    17    16     1.6165
   18  3.1889e+12     3.0254    18    17     1.7003
   19  3.0079e+12     3.0826    19    18     1.7838
   20  2.9712e+12     3.0947    20    19     1.8669
   21  2.9066e+12     3.1165    21    20     1.9496
   22  2.7874e+12     3.1583    22    21     2.0321
   23  2.5163e+12     3.2622    23    22     2.1143
   24  2.2746e+12     3.3673    24    23     2.1963
   25  2.1010e+12     3.4515    25    24     2.2781
   26  1.8948e+12     3.5636    26    25     2.3597
   27  1.8789e+12     3.5728    27    26     2.4411
   28  8.6841e+11     4.4982    28    27     2.5223
   29  6.3569e+11     4.9181    29    28     2.6034
   30  6.3087e+11     4.9287    30    29     2.6844
   31  6.2482e+11     4.9421    31    30     2.7652
   32  6.2354e+11     4.9450    32    31     2.8459
   33  6.2251e+11     4.9473    33    32     2.9266
   34  6.1855e+11     4.9562    34    33     3.0071
   35  6.0891e+11     4.9782    35    34     3.0876
   36  1.0085e+11     8.0025    36    35     3.1680
   37  9.5447e+10     8.1120    37    36     3.2483
   38  3.9756e+10    10.0050    38    37     3.3285
   39  3.9371e+10    10.0276    39    38     3.4087
   40  3.8231e+10    10.0963    40    39     3.4889
   41  3.2777e+10    10.4615    41    40     3.5689
   42  3.1724e+10    10.5401    42    41     3.6490
   43  3.1401e+10    10.5649    43    42     3.7290
   44  3.1322e+10    10.5710    44    43     3.8089
   45  2.9983e+10    10.6771    45    44     3.8889
   46  2.9425e+10    10.7230    46    45     3.9688
   47  2.7462e+10    10.8928    47    46     4.0486
   48  2.6520e+10    10.9794    48    47     4.1285
   49  2.6483e+10    10.9829    49    48     4.2083
   50  2.6194e+10    11.0102    50    49     4.2881
   51  2.4103e+10    11.2190    51    50     4.3678
   52  2.4002e+10    11.2297    52    51     4.4476
   53  2.3745e+10    11.2569    53    52     4.5273
   54  2.3103e+10    11.3265    54    53     4.6070
   55  2.0835e+10    11.5915    55    54     4.6867
   56  2.0824e+10    11.5929    56    55     4.7664
   57  2.0800e+10    11.5959    57    56     4.8460
   58  1.8836e+10    11.8545    58    57     4.9257
   59  1.8649e+10    11.8807    59    58     5.0053
   60  1.8290e+10    11.9320    60    59     5.0849
   61  1.8190e+10    11.9466    61    60     5.1646
   62  1.8129e+10    11.9553    62    61     5.2442
   63  1.8087e+10    11.9615    63    62     5.3238
   64  1.6531e+10    12.2013    64    63     5.4033
   65  1.6517e+10    12.2035    65    64     5.4829
   66  1.6432e+10    12.2173    66    65     5.5625
   67  1.6149e+10    12.2641    67    66     5.6421
   68  1.4924e+10    12.4778    68    67     5.7216
   69  1.4721e+10    12.5152    69    68     5.8012
   70  1.4708e+10    12.5177    70    69     5.8807
   71  1.3701e+10    12.7125    71    70     5.9602
   72  1.1037e+10    13.3201    72    71     6.0398
   73  1.0929e+10    13.3483    73    72     6.1193
   74  1.0730e+10    13.4010    74    73     6.1988
   75  1.0481e+10    13.4684    75    74     6.2783
   76  1.0382e+10    13.4958    76    75     6.3579
   77  9.9905e+09    13.6069    77    76     6.4374
   78  9.8540e+09    13.6469    78    77     6.5169
   79  9.7083e+09    13.6902    79    78     6.5964
   80  9.1485e+09    13.8641    80    79     6.6759
   81  9.1338e+09    13.8688    81    80     6.7554
   82  9.0968e+09    13.8807    82    81     6.8349
   83  8.9713e+09    13.9217    83    82     6.9143
   84  8.5225e+09    14.0736    84    83     6.9938
   85  8.4979e+09    14.0822    85    84     7.0733
   86  8.4938e+09    14.0836    86    85     7.1528
   87  8.4904e+09    14.0848    87    86     7.2323
   88  8.4072e+09    14.1141    88    87     7.3117
   89  8.2862e+09    14.1573    89    88     7.3912
   90  7.6919e+09    14.3806    90    89     7.4707
   91  7.6283e+09    14.4057    91    90     7.5502
   92  7.5077e+09    14.4539    92    91     7.6296
   93  7.3411e+09    14.5220    93    92     7.7091
   94  7.1019e+09    14.6229    94    93     7.7885
   95  6.9215e+09    14.7016    95    94     7.8680
   96  6.9193e+09    14.7026    96    95     7.9475
   97  6.9042e+09    14.7093    97    96     8.0269
   98  6.7941e+09    14.7586    98    97     8.1064
   99  6.5983e+09    14.8487    99    98     8.1858
  100  6.5490e+09    14.8719   100    99     8.2653
