#indx Mass S step-number desc_indx 
    0  3.1600e+13     1.3398     0    -1     0.0134
    1  1.6290e+13     1.7246     1     0     0.1326
    2  1.4829e+13     1.7853     2     1     0.2441
    3  1.4265e+13     1.8109     3     2     0.3500
    4  1.4136e+13     1.8169     4     3     0.4519
    5  1.3604e+13     1.8424     5     4     0.5506
    6  1.3519e+13     1.8467     6     5     0.6467
    7  1.3491e+13     1.8480     7     6     0.7407
    8  1.1122e+13     1.9813     8     7     0.8330
    9  1.0764e+13     2.0045     9     8     0.9238
   10  1.0531e+13     2.0202    10     9     1.0134
   11  1.0499e+13     2.0224    11    10     1.1018
   12  1.0145e+13     2.0472    12    11     1.1894
   13  1.0003e+13     2.0575    13    12     1.2761
   14  9.8532e+12     2.0685    14    13     1.3621
   15  7.8893e+12     2.2359    15    14     1.4474
   16  7.7702e+12     2.2478    16    15     1.5322
   17  7.3139e+12     2.2953    17    16     1.6165
   18  6.8481e+12     2.3478    18    17     1.7003
   19  6.5314e+12     2.3861    19    18     1.7838
   20  5.8412e+12     2.4783    20    19     1.8669
   21  5.3125e+12     2.5588    21    20     1.9496
   22  5.2608e+12     2.5672    22    21     2.0321
   23  5.0378e+12     2.6046    23    22     2.1143
   24  5.0254e+12     2.6068    24    23     2.1963
   25  4.8630e+12     2.6355    25    24     2.2781
   26  4.8299e+12     2.6415    26    25     2.3597
   27  4.7604e+12     2.6542    27    26     2.4411
   28  4.1559e+12     2.7760    28    27     2.5223
   29  3.9679e+12     2.8185    29    28     2.6034
   30  3.8483e+12     2.8468    30    29     2.6844
   31  3.7607e+12     2.8682    31    30     2.7652
   32  3.7279e+12     2.8764    32    31     2.8459
   33  3.1568e+12     3.0352    33    32     2.9266
   34  3.0624e+12     3.0649    34    33     3.0071
   35  2.9345e+12     3.1070    35    34     3.0876
   36  2.7911e+12     3.1570    36    35     3.1680
   37  2.5930e+12     3.2315    37    36     3.2483
   38  2.4422e+12     3.2931    38    37     3.3285
   39  2.4009e+12     3.3107    39    38     3.4087
   40  2.2776e+12     3.3659    40    39     3.4889
   41  2.1406e+12     3.4316    41    40     3.5689
   42  2.1083e+12     3.4478    42    41     3.6490
   43  1.9858e+12     3.5124    43    42     3.7290
   44  1.3511e+12     3.9491    44    43     3.8089
   45  1.3275e+12     3.9700    45    44     3.8889
   46  1.3153e+12     3.9810    46    45     3.9688
   47  1.2775e+12     4.0158    47    46     4.0486
   48  1.2625e+12     4.0300    48    47     4.1285
   49  9.7697e+11     4.3468    49    48     4.2083
   50  9.1898e+11     4.4250    50    49     4.2881
   51  9.0336e+11     4.4471    51    50     4.3678
   52  8.9723e+11     4.4559    52    51     4.4476
   53  8.2965e+11     4.5580    53    52     4.5273
   54  8.2901e+11     4.5590    54    53     4.6070
   55  8.2309e+11     4.5684    55    54     4.6867
   56  8.0730e+11     4.5940    56    55     4.7664
   57  2.8466e+11     6.1309    57    56     4.8460
   58  2.8048e+11     6.1551    58    57     4.9257
   59  2.7863e+11     6.1660    59    58     5.0053
   60  2.6863e+11     6.2261    60    59     5.0849
   61  2.6478e+11     6.2500    61    60     5.1646
   62  2.6202e+11     6.2674    62    61     5.2442
   63  2.2290e+11     6.5398    63    62     5.3238
   64  2.1166e+11     6.6289    64    63     5.4033
   65  1.8409e+11     6.8732    65    64     5.4829
   66  1.8193e+11     6.8942    66    65     5.5625
   67  1.6718e+11     7.0457    67    66     5.6421
   68  1.6651e+11     7.0529    68    67     5.7216
   69  1.6616e+11     7.0568    69    68     5.8012
   70  1.6502e+11     7.0692    70    69     5.8807
   71  1.6414e+11     7.0789    71    70     5.9602
   72  1.3769e+11     7.4026    72    71     6.0398
   73  1.3074e+11     7.5001    73    72     6.1193
   74  1.3067e+11     7.5011    74    73     6.1988
   75  1.2977e+11     7.5141    75    74     6.2783
   76  1.2964e+11     7.5161    76    75     6.3579
   77  1.1377e+11     7.7662    77    76     6.4374
   78  1.1343e+11     7.7720    78    77     6.5169
   79  1.0989e+11     7.8336    79    78     6.5964
   80  1.0938e+11     7.8427    80    79     6.6759
   81  7.8676e+10     8.5053    81    80     6.7554
   82  6.4303e+10     8.9303    82    81     6.8349
   83  6.2545e+10     8.9898    83    82     6.9143
   84  6.2257e+10     8.9998    84    83     6.9938
   85  5.6971e+10     9.1926    85    84     7.0733
   86  5.6419e+10     9.2139    86    85     7.1528
   87  5.3283e+10     9.3400    87    86     7.2323
   88  5.1312e+10     9.4237    88    87     7.3117
   89  5.0009e+10     9.4812    89    88     7.3912
   90  4.5373e+10     9.7008    90    89     7.4707
   91  4.3171e+10     9.8145    91    90     7.5502
   92  3.9013e+10    10.0489    92    91     7.6296
   93  3.8950e+10    10.0527    93    92     7.7091
   94  3.5836e+10    10.2486    94    93     7.7885
   95  3.5746e+10    10.2546    95    94     7.8680
   96  3.5660e+10    10.2603    96    95     7.9475
   97  3.3697e+10    10.3951    97    96     8.0269
   98  3.0261e+10    10.6546    98    97     8.1064
   99  2.6618e+10    10.9703    99    98     8.1858
  100  2.6473e+10    10.9838   100    99     8.2653
