#indx Mass S step-number desc_indx 
    0  3.1600e+13     1.3398     0    -1     0.0134
    1  2.9674e+13     1.3732     1     0     0.1326
    2  2.5892e+13     1.4478     2     1     0.2441
    3  2.5673e+13     1.4525     3     2     0.3500
    4  2.4879e+13     1.4702     4     3     0.4519
    5  2.3406e+13     1.5050     5     4     0.5506
    6  1.0061e+13     2.0532     6     5     0.6467
    7  9.0559e+12     2.1309     7     6     0.7407
    8  7.9154e+12     2.2334     8     7     0.8330
    9  3.8910e+12     2.8365     9     8     0.9238
   10  3.7539e+12     2.8699    10     9     1.0134
   11  3.3958e+12     2.9648    11    10     1.1018
   12  3.2487e+12     3.0074    12    11     1.1894
   13  3.1818e+12     3.0276    13    12     1.2761
   14  3.0167e+12     3.0797    14    13     1.3621
   15  2.7915e+12     3.1568    15    14     1.4474
   16  2.7548e+12     3.1702    16    15     1.5322
   17  2.7406e+12     3.1753    17    16     1.6165
   18  2.4321e+12     3.2973    18    17     1.7003
   19  2.3209e+12     3.3461    19    18     1.7838
   20  1.5010e+12     3.8260    20    19     1.8669
   21  1.4724e+12     3.8483    21    20     1.9496
   22  1.3141e+12     3.9821    22    21     2.0321
   23  1.3080e+12     3.9876    23    22     2.1143
   24  1.2829e+12     4.0108    24    23     2.1963
   25  1.2288e+12     4.0626    25    24     2.2781
   26  1.0466e+12     4.2600    26    25     2.3597
   27  1.0321e+12     4.2775    27    26     2.4411
   28  1.0028e+12     4.3137    28    27     2.5223
   29  9.1969e+11     4.4240    29    28     2.6034
   30  8.9410e+11     4.4604    30    29     2.6844
   31  8.8495e+11     4.4737    31    30     2.7652
   32  4.8391e+11     5.3082    32    31     2.8459
   33  4.5832e+11     5.3885    33    32     2.9266
   34  4.4166e+11     5.4438    34    33     3.0071
   35  4.2400e+11     5.5051    35    34     3.0876
   36  4.2128e+11     5.5148    36    35     3.1680
   37  4.0695e+11     5.5674    37    36     3.2483
   38  3.8684e+11     5.6449    38    37     3.3285
   39  3.3588e+11     5.8651    39    38     3.4087
   40  3.2704e+11     5.9074    40    39     3.4889
   41  2.4419e+11     6.3851    41    40     3.5689
   42  2.3923e+11     6.4197    42    41     3.6490
   43  2.3557e+11     6.4458    43    42     3.7290
   44  2.1960e+11     6.5654    44    43     3.8089
   45  2.1277e+11     6.6198    45    44     3.8889
   46  2.0855e+11     6.6545    46    45     3.9688
   47  2.0742e+11     6.6639    47    46     4.0486
   48  1.8602e+11     6.8548    48    47     4.1285
   49  1.3478e+11     7.4427    49    48     4.2083
   50  1.3016e+11     7.5085    50    49     4.2881
   51  1.2513e+11     7.5833    51    50     4.3678
   52  1.2501e+11     7.5850    52    51     4.4476
   53  1.2277e+11     7.6196    53    52     4.5273
   54  1.2256e+11     7.6229    54    53     4.6070
   55  1.1935e+11     7.6738    55    54     4.6867
   56  1.1372e+11     7.7671    56    55     4.7664
   57  1.1352e+11     7.7705    57    56     4.8460
   58  1.1326e+11     7.7749    58    57     4.9257
   59  1.1071e+11     7.8192    59    58     5.0053
   60  1.0740e+11     7.8784    60    59     5.0849
   61  1.0203e+11     7.9793    61    60     5.1646
   62  1.0122e+11     7.9951    62    61     5.2442
   63  9.8931e+10     8.0405    63    62     5.3238
   64  9.3928e+10     8.1441    64    63     5.4033
   65  9.0999e+10     8.2079    65    64     5.4829
   66  9.0817e+10     8.2119    66    65     5.5625
   67  8.9951e+10     8.2313    67    66     5.6421
   68  8.9594e+10     8.2393    68    67     5.7216
   69  8.4205e+10     8.3655    69    68     5.8012
   70  8.4009e+10     8.3703    70    69     5.8807
   71  8.2853e+10     8.3986    71    70     5.9602
   72  8.0909e+10     8.4474    72    71     6.0398
   73  7.9434e+10     8.4854    73    72     6.1193
   74  7.9114e+10     8.4937    74    73     6.1988
   75  7.8806e+10     8.5018    75    74     6.2783
   76  7.7524e+10     8.5358    76    75     6.3579
   77  7.2674e+10     8.6706    77    76     6.4374
   78  7.0661e+10     8.7298    78    77     6.5169
   79  7.0477e+10     8.7353    79    78     6.5964
   80  6.4806e+10     8.9136    80    79     6.6759
   81  6.4351e+10     8.9287    81    80     6.7554
   82  6.2262e+10     8.9996    82    81     6.8349
   83  5.9336e+10     9.1039    83    82     6.9143
   84  5.4400e+10     9.2941    84    83     6.9938
   85  5.3838e+10     9.3171    85    84     7.0733
   86  5.3425e+10     9.3341    86    85     7.1528
   87  5.0464e+10     9.4609    87    86     7.2323
   88  4.7985e+10     9.5740    88    87     7.3117
   89  4.7808e+10     9.5823    89    88     7.3912
   90  4.4784e+10     9.7305    90    89     7.4707
   91  4.4514e+10     9.7443    91    90     7.5502
   92  4.3343e+10     9.8054    92    91     7.6296
   93  4.2223e+10     9.8656    93    92     7.7091
   94  4.2059e+10     9.8745    94    93     7.7885
   95  4.1762e+10     9.8909    95    94     7.8680
   96  4.0306e+10     9.9730    96    95     7.9475
   97  3.8647e+10    10.0709    97    96     8.0269
   98  3.8119e+10    10.1031    98    97     8.1064
   99  3.7705e+10    10.1287    99    98     8.1858
  100  3.7493e+10    10.1420   100    99     8.2653
