#indx Mass S step-number desc_indx 
    0  3.1600e+13     1.3398     0    -1     0.0134
    1  3.0700e+13     1.3550     1     0     0.1326
    2  3.0146e+13     1.3647     2     1     0.2441
    3  2.8021e+13     1.4042     3     2     0.3500
    4  2.6504e+13     1.4348     4     3     0.4519
    5  2.3523e+13     1.5021     5     4     0.5506
    6  1.8428e+13     1.6473     6     5     0.6467
    7  1.8066e+13     1.6596     7     6     0.7407
    8  1.7346e+13     1.6849     8     7     0.8330
    9  1.6965e+13     1.6989     9     8     0.9238
   10  1.3426e+13     1.8513    10     9     1.0134
   11  1.3337e+13     1.8558    11    10     1.1018
   12  3.7222e+12     2.8779    12    11     1.1894
   13  3.5523e+12     2.9219    13    12     1.2761
   14  3.0919e+12     3.0556    14    13     1.3621
   15  2.9142e+12     3.1139    15    14     1.4474
   16  2.8034e+12     3.1526    16    15     1.5322
   17  2.6946e+12     3.1924    17    16     1.6165
   18  2.4245e+12     3.3006    18    17     1.7003
   19  2.4119e+12     3.3060    19    18     1.7838
   20  2.3875e+12     3.3165    20    19     1.8669
   21  2.0227e+12     3.4924    21    20     1.9496
   22  1.9513e+12     3.5314    22    21     2.0321
   23  1.8956e+12     3.5631    23    22     2.1143
   24  1.8764e+12     3.5743    24    23     2.1963
   25  1.7504e+12     3.6513    25    24     2.2781
   26  1.7377e+12     3.6594    26    25     2.3597
   27  1.6835e+12     3.6951    27    26     2.4411
   28  1.6741e+12     3.7014    28    27     2.5223
   29  1.6489e+12     3.7185    29    28     2.6034
   30  1.5350e+12     3.8002    30    29     2.6844
   31  1.5128e+12     3.8170    31    30     2.7652
   32  1.4788e+12     3.8433    32    31     2.8459
   33  1.4524e+12     3.8642    33    32     2.9266
   34  1.4116e+12     3.8975    34    33     3.0071
   35  1.3907e+12     3.9150    35    34     3.0876
   36  1.0412e+12     4.2665    36    35     3.1680
   37  1.0119e+12     4.3023    37    36     3.2483
   38  1.0006e+12     4.3165    38    37     3.3285
   39  9.9690e+11     4.3212    39    38     3.4087
   40  9.3322e+11     4.4052    40    39     3.4889
   41  8.4392e+11     4.5356    41    40     3.5689
   42  7.8091e+11     4.6381    42    41     3.6490
   43  7.6694e+11     4.6622    43    42     3.7290
   44  7.6314e+11     4.6688    44    43     3.8089
   45  7.4631e+11     4.6987    45    44     3.8889
   46  7.4196e+11     4.7066    46    45     3.9688
   47  7.0483e+11     4.7761    47    46     4.0486
   48  6.9475e+11     4.7957    48    47     4.1285
   49  4.9411e+11     5.2776    49    48     4.2083
   50  4.8930e+11     5.2920    50    49     4.2881
   51  4.7374e+11     5.3395    51    50     4.3678
   52  4.6624e+11     5.3631    52    51     4.4476
   53  4.0164e+11     5.5874    53    52     4.5273
   54  3.9959e+11     5.5952    54    53     4.6070
   55  3.9877e+11     5.5983    55    54     4.6867
   56  3.9841e+11     5.5997    56    55     4.7664
   57  3.2689e+11     5.9081    57    56     4.8460
   58  3.1729e+11     5.9556    58    57     4.9257
   59  2.7713e+11     6.1748    59    58     5.0053
   60  2.6674e+11     6.2378    60    59     5.0849
   61  2.6492e+11     6.2491    61    60     5.1646
   62  2.6286e+11     6.2621    62    61     5.2442
   63  2.6008e+11     6.2797    63    62     5.3238
   64  2.5850e+11     6.2898    64    63     5.4033
   65  2.5785e+11     6.2940    65    64     5.4829
   66  2.5500e+11     6.3126    66    65     5.5625
   67  2.5373e+11     6.3209    67    66     5.6421
   68  2.0505e+11     6.6838    68    67     5.7216
   69  1.5222e+11     7.2165    69    68     5.8012
   70  1.3627e+11     7.4221    70    69     5.8807
   71  1.3389e+11     7.4551    71    70     5.9602
   72  1.3060e+11     7.5021    72    71     6.0398
   73  1.3004e+11     7.5101    73    72     6.1193
   74  1.2750e+11     7.5476    74    73     6.1988
   75  1.2520e+11     7.5821    75    74     6.2783
   76  1.2231e+11     7.6267    76    75     6.3579
   77  1.2143e+11     7.6406    77    76     6.4374
   78  1.2132e+11     7.6423    78    77     6.5169
   79  1.2109e+11     7.6460    79    78     6.5964
   80  1.2066e+11     7.6528    80    79     6.6759
   81  1.1937e+11     7.6734    81    80     6.7554
   82  1.0740e+11     7.8784    82    81     6.8349
   83  1.0192e+11     7.9816    83    82     6.9143
   84  1.0178e+11     7.9843    84    83     6.9938
   85  9.9184e+10     8.0354    85    84     7.0733
   86  8.4763e+10     8.3520    86    85     7.1528
   87  8.4552e+10     8.3571    87    86     7.2323
   88  8.3043e+10     8.3939    88    87     7.3117
   89  7.1922e+10     8.6925    89    88     7.3912
   90  7.1168e+10     8.7147    90    89     7.4707
   91  7.0326e+10     8.7398    91    90     7.5502
   92  6.5537e+10     8.8896    92    91     7.6296
   93  6.3664e+10     8.9517    93    92     7.7091
   94  6.2013e+10     9.0083    94    93     7.7885
   95  6.0257e+10     9.0704    95    94     7.8680
   96  6.0194e+10     9.0727    96    95     7.9475
   97  5.9604e+10     9.0941    97    96     8.0269
   98  5.6594e+10     9.2072    98    97     8.1064
   99  5.4444e+10     9.2923    99    98     8.1858
  100  5.3913e+10     9.3140   100    99     8.2653
