#indx Mass S step-number desc_indx 
    0  3.1600e+13     1.3398     0    -1     0.0134
    1  2.4369e+13     1.4819     1     0     0.1326
    2  2.2985e+13     1.5154     2     1     0.2441
    3  2.2135e+13     1.5373     3     2     0.3500
    4  1.6326e+13     1.7232     4     3     0.4519
    5  1.2925e+13     1.8770     5     4     0.5506
    6  1.2617e+13     1.8934     6     5     0.6467
    7  1.2371e+13     1.9070     7     6     0.7407
    8  1.2117e+13     1.9213     8     7     0.8330
    9  1.2030e+13     1.9263     9     8     0.9238
   10  1.1666e+13     1.9477    10     9     1.0134
   11  1.1501e+13     1.9576    11    10     1.1018
   12  1.0208e+13     2.0427    12    11     1.1894
   13  1.0185e+13     2.0443    13    12     1.2761
   14  9.6552e+12     2.0833    14    13     1.3621
   15  9.4308e+12     2.1007    15    14     1.4474
   16  9.4015e+12     2.1030    16    15     1.5322
   17  9.2138e+12     2.1180    17    16     1.6165
   18  9.0897e+12     2.1281    18    17     1.7003
   19  9.0544e+12     2.1310    19    18     1.7838
   20  8.8784e+12     2.1457    20    19     1.8669
   21  8.3190e+12     2.1951    21    20     1.9496
   22  7.8729e+12     2.2376    22    21     2.0321
   23  6.6205e+12     2.3751    23    22     2.1143
   24  6.5024e+12     2.3897    24    23     2.1963
   25  6.3333e+12     2.4113    25    24     2.2781
   26  6.1972e+12     2.4291    26    25     2.3597
   27  5.7311e+12     2.4943    27    26     2.4411
   28  5.6512e+12     2.5062    28    27     2.5223
   29  4.3944e+12     2.7255    29    28     2.6034
   30  4.2078e+12     2.7647    30    29     2.6844
   31  4.1898e+12     2.7686    31    30     2.7652
   32  3.8927e+12     2.8361    32    31     2.8459
   33  3.0734e+12     3.0614    33    32     2.9266
   34  3.0604e+12     3.0656    34    33     3.0071
   35  3.0357e+12     3.0735    35    34     3.0876
   36  2.9536e+12     3.1006    36    35     3.1680
   37  2.9476e+12     3.1026    37    36     3.2483
   38  2.9071e+12     3.1163    38    37     3.3285
   39  2.8874e+12     3.1231    39    38     3.4087
   40  2.3457e+12     3.3350    40    39     3.4889
   41  2.3236e+12     3.3449    41    40     3.5689
   42  2.1968e+12     3.4040    42    41     3.6490
   43  2.1299e+12     3.4369    43    42     3.7290
   44  2.0244e+12     3.4915    44    43     3.8089
   45  1.9752e+12     3.5182    45    44     3.8889
   46  1.7931e+12     3.6245    46    45     3.9688
   47  1.7859e+12     3.6289    47    46     4.0486
   48  1.0230e+12     4.2886    48    47     4.1285
   49  1.0146e+12     4.2989    49    48     4.2083
   50  9.8303e+11     4.3389    50    49     4.2881
   51  9.6926e+11     4.3568    51    50     4.3678
   52  9.1079e+11     4.4365    52    51     4.4476
   53  8.2541e+11     4.5647    53    52     4.5273
   54  8.1740e+11     4.5776    54    53     4.6070
   55  8.0800e+11     4.5929    55    54     4.6867
   56  7.6069e+11     4.6731    56    55     4.7664
   57  5.5936e+11     5.0983    57    56     4.8460
   58  5.3366e+11     5.1658    58    57     4.9257
   59  5.3091e+11     5.1732    59    58     5.0053
   60  4.9010e+11     5.2896    60    59     5.0849
   61  4.8357e+11     5.3093    61    60     5.1646
   62  4.7725e+11     5.3286    62    61     5.2442
   63  4.4595e+11     5.4293    63    62     5.3238
   64  4.4015e+11     5.4489    64    63     5.4033
   65  4.3210e+11     5.4766    65    64     5.4829
   66  4.0503e+11     5.5745    66    65     5.5625
   67  3.7252e+11     5.7031    67    66     5.6421
   68  3.6929e+11     5.7166    68    67     5.7216
   69  3.6465e+11     5.7362    69    68     5.8012
   70  3.4233e+11     5.8351    70    69     5.8807
   71  3.3839e+11     5.8533    71    70     5.9602
   72  3.3717e+11     5.8590    72    71     6.0398
   73  3.3325e+11     5.8775    73    72     6.1193
   74  2.8886e+11     6.1071    74    73     6.1988
   75  2.8707e+11     6.1172    75    74     6.2783
   76  2.7485e+11     6.1884    76    75     6.3579
   77  2.4412e+11     6.3856    77    76     6.4374
   78  2.4226e+11     6.3984    78    77     6.5169
   79  2.2843e+11     6.4980    79    78     6.5964
   80  2.2805e+11     6.5009    80    79     6.6759
   81  2.2430e+11     6.5292    81    80     6.7554
   82  2.1673e+11     6.5880    82    81     6.8349
   83  2.1056e+11     6.6379    83    82     6.9143
   84  2.0516e+11     6.6829    84    83     6.9938
   85  2.0122e+11     6.7166    85    84     7.0733
   86  1.9977e+11     6.7293    86    85     7.1528
   87  1.9916e+11     6.7346    87    86     7.2323
   88  1.9730e+11     6.7511    88    87     7.3117
   89  1.7092e+11     7.0058    89    88     7.3912
   90  1.6451e+11     7.0748    90    89     7.4707
   91  1.6418e+11     7.0785    91    90     7.5502
   92  1.5883e+11     7.1387    92    91     7.6296
   93  1.4444e+11     7.3134    93    92     7.7091
   94  1.4090e+11     7.3595    94    93     7.7885
   95  1.3988e+11     7.3731    95    94     7.8680
   96  1.3975e+11     7.3748    96    95     7.9475
   97  1.3509e+11     7.4383    97    96     8.0269
   98  1.3111e+11     7.4947    98    97     8.1064
   99  1.2800e+11     7.5401    99    98     8.1858
  100  1.2766e+11     7.5453   100    99     8.2653
