#indx Mass S step-number desc_indx 
    0  3.1600e+13     1.3398     0    -1     0.0134
    1  2.9878e+13     1.3695     1     0     0.1326
    2  2.9458e+13     1.3771     2     1     0.2441
    3  2.7107e+13     1.4223     3     2     0.3500
    4  2.2109e+13     1.5380     4     3     0.4519
    5  1.6330e+13     1.7230     5     4     0.5506
    6  1.6111e+13     1.7317     6     5     0.6467
    7  1.5947e+13     1.7382     7     6     0.7407
    8  1.5799e+13     1.7442     8     7     0.8330
    9  1.5522e+13     1.7556     9     8     0.9238
   10  1.2953e+13     1.8756    10     9     1.0134
   11  8.7166e+12     2.1596    11    10     1.1018
   12  8.6154e+12     2.1684    12    11     1.1894
   13  7.1113e+12     2.3176    13    12     1.2761
   14  7.0892e+12     2.3200    14    13     1.3621
   15  6.9277e+12     2.3385    15    14     1.4474
   16  5.9229e+12     2.4667    16    15     1.5322
   17  5.9059e+12     2.4691    17    16     1.6165
   18  5.7239e+12     2.4954    18    17     1.7003
   19  4.8132e+12     2.6445    19    18     1.7838
   20  4.2455e+12     2.7566    20    19     1.8669
   21  4.2044e+12     2.7655    21    20     1.9496
   22  4.1531e+12     2.7766    22    21     2.0321
   23  4.0096e+12     2.8088    23    22     2.1143
   24  3.9405e+12     2.8248    24    23     2.1963
   25  3.9073e+12     2.8327    25    24     2.2781
   26  3.8917e+12     2.8364    26    25     2.3597
   27  3.4097e+12     2.9608    27    26     2.4411
   28  2.9275e+12     3.1094    28    27     2.5223
   29  2.9138e+12     3.1141    29    28     2.6034
   30  9.1429e+11     4.4316    30    29     2.6844
   31  9.0998e+11     4.4376    31    30     2.7652
   32  9.0810e+11     4.4403    32    31     2.8459
   33  8.3532e+11     4.5490    33    32     2.9266
   34  8.2902e+11     4.5590    34    33     3.0071
   35  8.2394e+11     4.5671    35    34     3.0876
   36  8.0030e+11     4.6055    36    35     3.1680
   37  7.9102e+11     4.6210    37    36     3.2483
   38  7.8242e+11     4.6355    38    37     3.3285
   39  7.7145e+11     4.6544    39    38     3.4087
   40  6.8075e+11     4.8236    40    39     3.4889
   41  6.6593e+11     4.8538    41    40     3.5689
   42  6.6575e+11     4.8542    42    41     3.6490
   43  6.5757e+11     4.8712    43    42     3.7290
   44  6.4689e+11     4.8939    44    43     3.8089
   45  5.8747e+11     5.0287    45    44     3.8889
   46  5.7359e+11     5.0626    46    45     3.9688
   47  5.7080e+11     5.0695    47    46     4.0486
   48  5.6461e+11     5.0850    48    47     4.1285
   49  5.5305e+11     5.1145    49    48     4.2083
   50  4.8967e+11     5.2908    50    49     4.2881
   51  4.8919e+11     5.2923    51    50     4.3678
   52  4.8873e+11     5.2937    52    51     4.4476
   53  4.8181e+11     5.3146    53    52     4.5273
   54  4.4675e+11     5.4266    54    53     4.6070
   55  4.4295e+11     5.4394    55    54     4.6867
   56  4.2050e+11     5.5177    56    55     4.7664
   57  4.1886e+11     5.5236    57    56     4.8460
   58  4.1796e+11     5.5268    58    57     4.9257
   59  4.1354e+11     5.5429    59    58     5.0053
   60  4.0637e+11     5.5695    60    59     5.0849
   61  3.0939e+11     5.9960    61    60     5.1646
   62  2.8533e+11     6.1271    62    61     5.2442
   63  2.8515e+11     6.1281    63    62     5.3238
   64  2.8405e+11     6.1345    64    63     5.4033
   65  2.8373e+11     6.1363    65    64     5.4829
   66  2.8302e+11     6.1404    66    65     5.5625
   67  2.8243e+11     6.1438    67    66     5.6421
   68  2.8207e+11     6.1459    68    67     5.7216
   69  2.6017e+11     6.2791    69    68     5.8012
   70  2.5570e+11     6.3080    70    69     5.8807
   71  2.0049e+11     6.7230    71    70     5.9602
   72  1.9652e+11     6.7580    72    71     6.0398
   73  1.9590e+11     6.7635    73    72     6.1193
   74  1.9312e+11     6.7886    74    73     6.1988
   75  1.8324e+11     6.8814    75    74     6.2783
   76  1.8300e+11     6.8838    76    75     6.3579
   77  1.7812e+11     6.9318    77    76     6.4374
   78  1.7509e+11     6.9626    78    77     6.5169
   79  1.7397e+11     6.9740    79    78     6.5964
   80  1.7303e+11     6.9837    80    79     6.6759
   81  1.6452e+11     7.0747    81    80     6.7554
   82  1.6355e+11     7.0854    82    81     6.8349
   83  1.6277e+11     7.0941    83    82     6.9143
   84  1.6104e+11     7.1135    84    83     6.9938
   85  1.5214e+11     7.2174    85    84     7.0733
   86  1.4929e+11     7.2523    86    85     7.1528
   87  1.4901e+11     7.2558    87    86     7.2323
   88  1.4625e+11     7.2903    88    87     7.3117
   89  1.4459e+11     7.3115    89    88     7.3912
   90  1.3907e+11     7.3839    90    89     7.4707
   91  1.3858e+11     7.3905    91    90     7.5502
   92  1.1280e+11     7.7828    92    91     7.6296
   93  1.0681e+11     7.8893    93    92     7.7091
   94  1.0678e+11     7.8898    94    93     7.7885
   95  1.0652e+11     7.8946    95    94     7.8680
   96  1.0548e+11     7.9138    96    95     7.9475
   97  1.0411e+11     7.9396    97    96     8.0269
   98  8.0155e+10     8.4667    98    97     8.1064
   99  7.1256e+10     8.7121    99    98     8.1858
  100  6.9924e+10     8.7519   100    99     8.2653
