#indx Mass S step-number desc_indx 
    0  3.1600e+13     1.3398     0    -1     0.0134
    1  3.1181e+13     1.3468     1     0     0.1326
    2  3.0100e+13     1.3655     2     1     0.2441
    3  2.9899e+13     1.3691     3     2     0.3500
    4  2.7769e+13     1.4091     4     3     0.4519
    5  2.6034e+13     1.4447     5     4     0.5506
    6  2.5500e+13     1.4563     6     5     0.6467
    7  2.4882e+13     1.4701     7     6     0.7407
    8  6.0660e+12     2.4469     8     7     0.8330
    9  5.6933e+12     2.4999     9     8     0.9238
   10  5.3340e+12     2.5553    10     9     1.0134
   11  5.2676e+12     2.5661    11    10     1.1018
   12  4.6349e+12     2.6779    12    11     1.1894
   13  4.5848e+12     2.6875    13    12     1.2761
   14  4.4044e+12     2.7234    14    13     1.3621
   15  3.8429e+12     2.8481    15    14     1.4474
   16  3.8144e+12     2.8550    16    15     1.5322
   17  3.6275e+12     2.9021    17    16     1.6165
   18  3.2802e+12     2.9981    18    17     1.7003
   19  3.2541e+12     3.0058    19    18     1.7838
   20  3.0598e+12     3.0658    20    19     1.8669
   21  3.0135e+12     3.0808    21    20     1.9496
   22  1.0691e+12     4.2334    22    21     2.0321
   23  9.1441e+11     4.4314    23    22     2.1143
   24  5.8157e+11     5.0430    24    23     2.1963
   25  5.6638e+11     5.0806    25    24     2.2781
   26  5.6083e+11     5.0946    26    25     2.3597
   27  4.3712e+11     5.4593    27    26     2.4411
   28  3.9296e+11     5.6208    28    27     2.5223
   29  3.5767e+11     5.7663    29    28     2.6034
   30  3.5435e+11     5.7809    30    29     2.6844
   31  3.4250e+11     5.8343    31    30     2.7652
   32  3.1585e+11     5.9629    32    31     2.8459
   33  3.1513e+11     5.9666    33    32     2.9266
   34  3.0442e+11     6.0221    34    33     3.0071
   35  2.6080e+11     6.2751    35    34     3.0876
   36  2.6046e+11     6.2773    36    35     3.1680
   37  2.5745e+11     6.2966    37    36     3.2483
   38  2.5396e+11     6.3193    38    37     3.3285
   39  2.5075e+11     6.3406    39    38     3.4087
   40  2.4092e+11     6.4078    40    39     3.4889
   41  2.3647e+11     6.4393    41    40     3.5689
   42  2.3489e+11     6.4506    42    41     3.6490
   43  2.3046e+11     6.4830    43    42     3.7290
   44  2.3020e+11     6.4849    44    43     3.8089
   45  2.2238e+11     6.5438    45    44     3.8889
   46  2.2023e+11     6.5605    46    45     3.9688
   47  2.1079e+11     6.6360    47    46     4.0486
   48  2.0713e+11     6.6663    48    47     4.1285
   49  2.0477e+11     6.6862    49    48     4.2083
   50  2.0242e+11     6.7063    50    49     4.2881
   51  1.9276e+11     6.7919    51    50     4.3678
   52  1.8844e+11     6.8318    52    51     4.4476
   53  1.8654e+11     6.8498    53    52     4.5273
   54  1.8104e+11     6.9028    54    53     4.6070
   55  1.6957e+11     7.0200    55    54     4.6867
   56  1.6831e+11     7.0335    56    55     4.7664
   57  1.6631e+11     7.0551    57    56     4.8460
   58  1.6329e+11     7.0883    58    57     4.9257
   59  1.5601e+11     7.1714    59    58     5.0053
   60  1.3756e+11     7.4043    60    59     5.0849
   61  1.3597e+11     7.4261    61    60     5.1646
   62  1.2866e+11     7.5304    62    61     5.2442
   63  1.2821e+11     7.5370    63    62     5.3238
   64  1.2700e+11     7.5551    64    63     5.4033
   65  1.2570e+11     7.5746    65    64     5.4829
   66  1.2450e+11     7.5929    66    65     5.5625
   67  1.2343e+11     7.6094    67    66     5.6421
   68  1.2256e+11     7.6229    68    67     5.7216
   69  1.2239e+11     7.6256    69    68     5.8012
   70  1.2151e+11     7.6394    70    69     5.8807
   71  1.2004e+11     7.6626    71    70     5.9602
   72  1.1649e+11     7.7205    72    71     6.0398
   73  1.0318e+11     7.9572    73    72     6.1193
   74  9.7986e+10     8.0596    74    73     6.1988
   75  9.6686e+10     8.0862    75    74     6.2783
   76  6.2049e+10     9.0070    76    75     6.3579
   77  4.3629e+10     9.7903    77    76     6.4374
   78  4.3465e+10     9.7989    78    77     6.5169
   79  3.7093e+10    10.1672    79    78     6.5964
   80  3.7089e+10    10.1675    80    79     6.6759
   81  3.5454e+10    10.2740    81    80     6.7554
   82  3.5370e+10    10.2796    82    81     6.8349
   83  3.4313e+10    10.3518    83    82     6.9143
   84  3.4230e+10    10.3576    84    83     6.9938
   85  3.4015e+10    10.3727    85    84     7.0733
   86  3.3559e+10    10.4049    86    85     7.1528
   87  3.3004e+10    10.4449    87    86     7.2323
   88  3.2918e+10    10.4511    88    87     7.3117
   89  3.2460e+10    10.4848    89    88     7.3912
   90  3.2071e+10    10.5139    90    89     7.4707
   91  3.1900e+10    10.5268    91    90     7.5502
   92  3.1325e+10    10.5707    92    91     7.6296
   93  3.1212e+10    10.5795    93    92     7.7091
   94  3.1001e+10    10.5959    94    93     7.7885
   95  2.6850e+10    10.9487    95    94     7.8680
   96  2.6401e+10    10.9906    96    95     7.9475
   97  2.6377e+10    10.9929    97    96     8.0269
   98  2.5593e+10    11.0682    98    97     8.1064
   99  2.5166e+10    11.1104    99    98     8.1858
  100  2.4573e+10    11.1703   100    99     8.2653
