#indx Mass S step-number desc_indx 
    0  3.1600e+13     1.3398     0    -1     0.0134
    1  2.9142e+13     1.3829     1     0     0.1326
    2  2.8239e+13     1.3999     2     1     0.2441
    3  2.2934e+13     1.5167     3     2     0.3500
    4  2.2104e+13     1.5381     4     3     0.4519
    5  2.1801e+13     1.5462     5     4     0.5506
    6  2.1733e+13     1.5481     6     5     0.6467
    7  1.9590e+13     1.6100     7     6     0.7407
    8  1.7958e+13     1.6633     8     7     0.8330
    9  1.4418e+13     1.8038     9     8     0.9238
   10  2.0850e+12     3.4598    10     9     1.0134
   11  2.0180e+12     3.4950    11    10     1.1018
   12  1.8733e+12     3.5761    12    11     1.1894
   13  1.4321e+12     3.8806    13    12     1.2761
   14  1.4209e+12     3.8898    14    13     1.3621
   15  1.2137e+12     4.0775    15    14     1.4474
   16  1.1638e+12     4.1287    16    15     1.5322
   17  1.1138e+12     4.1826    17    16     1.6165
   18  1.1097e+12     4.1872    18    17     1.7003
   19  1.0994e+12     4.1987    19    18     1.7838
   20  9.1101e+11     4.4362    20    19     1.8669
   21  9.0395e+11     4.4462    21    20     1.9496
   22  8.9129e+11     4.4645    22    21     2.0321
   23  8.9090e+11     4.4650    23    22     2.1143
   24  8.3823e+11     4.5445    24    23     2.1963
   25  5.5168e+11     5.1181    25    24     2.2781
   26  5.3895e+11     5.1516    26    25     2.3597
   27  5.3335e+11     5.1666    27    26     2.4411
   28  5.1496e+11     5.2174    28    27     2.5223
   29  5.0145e+11     5.2561    29    28     2.6034
   30  4.9883e+11     5.2637    30    29     2.6844
   31  4.8599e+11     5.3019    31    30     2.7652
   32  4.7980e+11     5.3208    32    31     2.8459
   33  4.7490e+11     5.3359    33    32     2.9266
   34  2.2335e+11     6.5364    34    33     3.0071
   35  2.2107e+11     6.5540    35    34     3.0876
   36  2.1881e+11     6.5716    36    35     3.1680
   37  1.5844e+11     7.1432    37    36     3.2483
   38  1.5276e+11     7.2100    38    37     3.3285
   39  1.4535e+11     7.3017    39    38     3.4087
   40  1.4354e+11     7.3250    40    39     3.4889
   41  1.4149e+11     7.3518    41    40     3.5689
   42  1.3862e+11     7.3901    42    41     3.6490
   43  1.3331e+11     7.4633    43    42     3.7290
   44  1.2305e+11     7.6153    44    43     3.8089
   45  1.1668e+11     7.7173    45    44     3.8889
   46  1.1600e+11     7.7287    46    45     3.9688
   47  1.1581e+11     7.7318    47    46     4.0486
   48  9.3364e+10     8.1562    48    47     4.1285
   49  7.4589e+10     8.6162    49    48     4.2083
   50  6.8251e+10     8.8032    50    49     4.2881
   51  6.7552e+10     8.8251    51    50     4.3678
   52  6.7213e+10     8.8357    52    51     4.4476
   53  6.5628e+10     8.8866    53    52     4.5273
   54  6.4957e+10     8.9086    54    53     4.6070
   55  6.1554e+10     9.0243    55    54     4.6867
   56  4.8358e+10     9.5565    56    55     4.7664
   57  4.8318e+10     9.5584    57    56     4.8460
   58  3.7076e+10    10.1683    58    57     4.9257
   59  3.6249e+10    10.2215    59    58     5.0053
   60  3.5754e+10    10.2540    60    59     5.0849
   61  3.4830e+10    10.3162    61    60     5.1646
   62  3.3193e+10    10.4311    62    61     5.2442
   63  3.0310e+10    10.6507    63    62     5.3238
   64  2.6230e+10    11.0068    64    63     5.4033
   65  2.6129e+10    11.0165    65    64     5.4829
   66  2.5737e+10    11.0542    66    65     5.5625
   67  2.5468e+10    11.0804    67    66     5.6421
   68  2.5298e+10    11.0973    68    67     5.7216
   69  2.5133e+10    11.1136    69    68     5.8012
   70  2.4980e+10    11.1290    70    69     5.8807
   71  2.4601e+10    11.1674    71    70     5.9602
   72  2.4548e+10    11.1729    72    71     6.0398
   73  2.3998e+10    11.2300    73    72     6.1193
   74  2.3967e+10    11.2333    74    73     6.1988
   75  2.3878e+10    11.2427    75    74     6.2783
   76  2.3758e+10    11.2555    76    75     6.3579
   77  1.8745e+10    11.8672    77    76     6.4374
   78  1.8482e+10    11.9045    78    77     6.5169
   79  1.5977e+10    12.2929    79    78     6.5964
   80  1.5593e+10    12.3587    80    79     6.6759
   81  1.5435e+10    12.3862    81    80     6.7554
   82  1.4574e+10    12.5427    82    81     6.8349
   83  1.3984e+10    12.6562    83    82     6.9143
   84  1.3340e+10    12.7865    84    83     6.9938
   85  1.3277e+10    12.7996    85    84     7.0733
   86  1.3252e+10    12.8050    86    85     7.1528
   87  1.3219e+10    12.8119    87    86     7.2323
   88  1.0887e+10    13.3594    88    87     7.3117
   89  1.0723e+10    13.4027    89    88     7.3912
   90  1.0687e+10    13.4124    90    89     7.4707
   91  1.0319e+10    13.5133    91    90     7.5502
   92  1.0283e+10    13.5233    92    91     7.6296
   93  1.0003e+10    13.6034    93    92     7.7091
   94  9.9525e+09    13.6180    94    93     7.7885
   95  9.8044e+09    13.6616    95    94     7.8680
   96  9.5643e+09    13.7339    96    95     7.9475
   97  5.2961e+09    15.5386    97    96     8.0269
   98  5.2387e+09    15.5733    98    97     8.1064
   99  5.2081e+09    15.5920    99    98     8.1858
  100  4.6402e+09    15.9642   100    99     8.2653
