#indx Mass S step-number desc_indx 
    0  3.1600e+13     1.3398     0    -1     0.0134
    1  3.1259e+13     1.3455     1     0     0.1326
    2  2.9580e+13     1.3749     2     1     0.2441
    3  2.7471e+13     1.4150     3     2     0.3500
    4  2.6549e+13     1.4338     4     3     0.4519
    5  2.3708e+13     1.4976     5     4     0.5506
    6  1.7612e+13     1.6754     6     5     0.6467
    7  1.6989e+13     1.6979     7     6     0.7407
    8  1.6550e+13     1.7145     8     7     0.8330
    9  1.5762e+13     1.7457     9     8     0.9238
   10  1.3549e+13     1.8452    10     9     1.0134
   11  1.3051e+13     1.8704    11    10     1.1018
   12  1.1692e+13     1.9461    12    11     1.1894
   13  1.0972e+13     1.9909    13    12     1.2761
   14  4.7548e+12     2.6553    14    13     1.3621
   15  4.5945e+12     2.6856    15    14     1.4474
   16  4.4428e+12     2.7156    16    15     1.5322
   17  4.0685e+12     2.7954    17    16     1.6165
   18  4.0505e+12     2.7995    18    17     1.7003
   19  4.0417e+12     2.8015    19    18     1.7838
   20  4.0228e+12     2.8058    20    19     1.8669
   21  3.5565e+12     2.9207    21    20     1.9496
   22  2.8029e+12     3.1527    22    21     2.0321
   23  2.6353e+12     3.2150    23    22     2.1143
   24  2.6234e+12     3.2196    24    23     2.1963
   25  1.5817e+12     3.7658    25    24     2.2781
   26  1.5698e+12     3.7745    26    25     2.3597
   27  1.2973e+12     3.9974    27    26     2.4411
   28  1.2916e+12     4.0027    28    27     2.5223
   29  1.2456e+12     4.0462    29    28     2.6034
   30  1.2388e+12     4.0528    30    29     2.6844
   31  1.2097e+12     4.0815    31    30     2.7652
   32  1.2069e+12     4.0843    32    31     2.8459
   33  1.1955e+12     4.0959    33    32     2.9266
   34  1.1166e+12     4.1795    34    33     3.0071
   35  8.5323e+11     4.5212    35    34     3.0876
   36  8.4545e+11     4.5332    36    35     3.1680
   37  8.3192e+11     4.5544    37    36     3.2483
   38  8.2540e+11     4.5647    38    37     3.3285
   39  8.1751e+11     4.5774    39    38     3.4087
   40  8.1225e+11     4.5859    40    39     3.4889
   41  5.7473e+11     5.0598    41    40     3.5689
   42  5.7184e+11     5.0669    42    41     3.6490
   43  5.6911e+11     5.0737    43    42     3.7290
   44  5.6425e+11     5.0859    44    43     3.8089
   45  5.4955e+11     5.1236    45    44     3.8889
   46  5.1926e+11     5.2053    46    45     3.9688
   47  5.1201e+11     5.2257    47    46     4.0486
   48  5.0873e+11     5.2351    48    47     4.1285
   49  5.0758e+11     5.2384    49    48     4.2083
   50  4.1623e+11     5.5331    50    49     4.2881
   51  4.1480e+11     5.5383    51    50     4.3678
   52  3.9326e+11     5.6196    52    51     4.4476
   53  3.8831e+11     5.6390    53    52     4.5273
   54  3.5933e+11     5.7591    54    53     4.6070
   55  3.2541e+11     5.9153    55    54     4.6867
   56  3.1779e+11     5.9531    56    55     4.7664
   57  3.0873e+11     5.9995    57    56     4.8460
   58  3.0644e+11     6.0114    58    57     4.9257
   59  3.0254e+11     6.0321    59    58     5.0053
   60  3.0167e+11     6.0367    60    59     5.0849
   61  3.0071e+11     6.0419    61    60     5.1646
   62  2.9610e+11     6.0669    62    61     5.2442
   63  2.9447e+11     6.0758    63    62     5.3238
   64  2.9346e+11     6.0814    64    63     5.4033
   65  2.5472e+11     6.3143    65    64     5.4829
   66  2.5366e+11     6.3213    66    65     5.5625
   67  2.4984e+11     6.3467    67    66     5.6421
   68  2.4435e+11     6.3840    68    67     5.7216
   69  2.3684e+11     6.4366    69    68     5.8012
   70  2.2570e+11     6.5185    70    69     5.8807
   71  2.2339e+11     6.5361    71    70     5.9602
   72  2.1598e+11     6.5939    72    71     6.0398
   73  2.0074e+11     6.7208    73    72     6.1193
   74  1.9982e+11     6.7289    74    73     6.1988
   75  1.9670e+11     6.7564    75    74     6.2783
   76  1.9654e+11     6.7578    76    75     6.3579
   77  1.8560e+11     6.8587    77    76     6.4374
   78  1.7762e+11     6.9369    78    77     6.5169
   79  1.7665e+11     6.9466    79    78     6.5964
   80  1.7480e+11     6.9655    80    79     6.6759
   81  1.7298e+11     6.9842    81    80     6.7554
   82  1.7267e+11     6.9875    82    81     6.8349
   83  1.5265e+11     7.2113    83    82     6.9143
   84  1.5125e+11     7.2283    84    83     6.9938
   85  1.3095e+11     7.4970    85    84     7.0733
   86  1.2712e+11     7.5533    86    85     7.1528
   87  1.2333e+11     7.6109    87    86     7.2323
   88  1.2273e+11     7.6202    88    87     7.3117
   89  1.2113e+11     7.6454    89    88     7.3912
   90  1.1814e+11     7.6934    90    89     7.4707
   91  1.1644e+11     7.7213    91    90     7.5502
   92  1.1139e+11     7.8072    92    91     7.6296
   93  1.1107e+11     7.8129    93    92     7.7091
   94  1.0779e+11     7.8713    94    93     7.7885
   95  1.0723e+11     7.8815    95    94     7.8680
   96  9.9713e+10     8.0249    96    95     7.9475
   97  9.9023e+10     8.0387    97    96     8.0269
   98  9.8510e+10     8.0490    98    97     8.1064
   99  7.7263e+10     8.5428    99    98     8.1858
  100  7.6918e+10     8.5521   100    99     8.2653
