#indx Mass S step-number desc_indx 
    0  3.1600e+13     1.3398     0    -1     0.0134
    1  1.1534e+13     1.9557     1     0     0.1326
    2  4.7677e+12     2.6529     2     1     0.2441
    3  4.6658e+12     2.6720     3     2     0.3500
    4  4.1242e+12     2.7830     4     3     0.4519
    5  4.0341e+12     2.8032     5     4     0.5506
    6  4.0189e+12     2.8067     6     5     0.6467
    7  3.6982e+12     2.8839     7     6     0.7407
    8  3.6931e+12     2.8852     8     7     0.8330
    9  3.6212e+12     2.9037     9     8     0.9238
   10  3.2260e+12     3.0142    10     9     1.0134
   11  3.1872e+12     3.0259    11    10     1.1018
   12  2.5946e+12     3.2308    12    11     1.1894
   13  2.5721e+12     3.2398    13    12     1.2761
   14  2.5511e+12     3.2481    14    13     1.3621
   15  1.4051e+12     3.9029    15    14     1.4474
   16  1.2102e+12     4.0811    16    15     1.5322
   17  1.1733e+12     4.1187    17    16     1.6165
   18  1.1687e+12     4.1235    18    17     1.7003
   19  9.0453e+11     4.4454    19    18     1.7838
   20  8.9525e+11     4.4587    20    19     1.8669
   21  8.8910e+11     4.4676    21    20     1.9496
   22  8.8666e+11     4.4712    22    21     2.0321
   23  7.6880e+11     4.6590    23    22     2.1143
   24  7.2063e+11     4.7460    24    23     2.1963
   25  6.7833e+11     4.8285    25    24     2.2781
   26  6.7624e+11     4.8327    26    25     2.3597
   27  6.6519e+11     4.8553    27    26     2.4411
   28  6.2853e+11     4.9339    28    27     2.5223
   29  6.1833e+11     4.9567    29    28     2.6034
   30  6.1535e+11     4.9635    30    29     2.6844
   31  5.5045e+11     5.1213    31    30     2.7652
   32  5.3696e+11     5.1569    32    31     2.8459
   33  4.7212e+11     5.3446    33    32     2.9266
   34  4.4456e+11     5.4340    34    33     3.0071
   35  1.1224e+11     7.7925    35    34     3.0876
   36  1.0933e+11     7.8435    36    35     3.1680
   37  7.9397e+10     8.4864    37    36     3.2483
   38  7.0477e+10     8.7352    38    37     3.3285
   39  6.9329e+10     8.7700    39    38     3.4087
   40  6.8451e+10     8.7970    40    39     3.4889
   41  6.8329e+10     8.8008    41    40     3.5689
   42  6.7514e+10     8.8262    42    41     3.6490
   43  6.7052e+10     8.8409    43    42     3.7290
   44  6.6998e+10     8.8426    44    43     3.8089
   45  6.6065e+10     8.8724    45    44     3.8889
   46  6.5625e+10     8.8867    46    45     3.9688
   47  6.4929e+10     8.9095    47    46     4.0486
   48  6.4885e+10     8.9110    48    47     4.1285
   49  5.2838e+10     9.3585    49    48     4.2083
   50  5.1291e+10     9.4246    50    49     4.2881
   51  5.0182e+10     9.4734    51    50     4.3678
   52  4.9390e+10     9.5091    52    51     4.4476
   53  4.8641e+10     9.5434    53    52     4.5273
   54  4.5862e+10     9.6764    54    53     4.6070
   55  4.3411e+10     9.8018    55    54     4.6867
   56  4.2129e+10     9.8707    56    55     4.7664
   57  4.0090e+10     9.9855    57    56     4.8460
   58  3.9551e+10    10.0170    58    57     4.9257
   59  3.8418e+10    10.0848    59    58     5.0053
   60  3.7876e+10    10.1181    60    59     5.0849
   61  3.6374e+10    10.2134    61    60     5.1646
   62  3.6350e+10    10.2150    62    61     5.2442
   63  3.5012e+10    10.3038    63    62     5.3238
   64  3.4731e+10    10.3229    64    63     5.4033
   65  3.1951e+10    10.5229    65    64     5.4829
   66  3.1252e+10    10.5764    66    65     5.5625
   67  2.9171e+10    10.7442    67    66     5.6421
   68  2.9150e+10    10.7459    68    67     5.7216
   69  2.8881e+10    10.7687    69    68     5.8012
   70  2.8813e+10    10.7745    70    69     5.8807
   71  2.8129e+10    10.8336    71    70     5.9602
   72  2.7805e+10    10.8621    72    71     6.0398
   73  2.5082e+10    11.1187    73    72     6.1193
   74  2.5074e+10    11.1195    74    73     6.1988
   75  2.4759e+10    11.1513    75    74     6.2783
   76  2.4315e+10    11.1969    76    75     6.3579
   77  2.3915e+10    11.2388    77    76     6.4374
   78  2.3256e+10    11.3097    78    77     6.5169
   79  2.3079e+10    11.3291    79    78     6.5964
   80  2.2550e+10    11.3882    80    79     6.6759
   81  2.2225e+10    11.4254    81    80     6.7554
   82  2.0020e+10    11.6950    82    81     6.8349
   83  1.9967e+10    11.7019    83    82     6.9143
   84  1.9921e+10    11.7080    84    83     6.9938
   85  1.9807e+10    11.7229    85    84     7.0733
   86  1.9361e+10    11.7825    86    85     7.1528
   87  6.7549e+09    14.7764    87    86     7.2323
   88  6.6502e+09    14.8245    88    87     7.3117
   89  6.2993e+09    14.9924    89    88     7.3912
   90  6.2353e+09    15.0242    90    89     7.4707
   91  5.9215e+09    15.1855    91    90     7.5502
   92  5.4972e+09    15.4200    92    91     7.6296
   93  3.5013e+09    16.8983    93    92     7.7091
   94  3.4911e+09    16.9081    94    93     7.7885
   95  3.4342e+09    16.9638    95    94     7.8680
   96  3.4047e+09    16.9932    96    95     7.9475
   97  3.4037e+09    16.9942    97    96     8.0269
   98  3.4014e+09    16.9965    98    97     8.1064
   99  3.3983e+09    16.9996    99    98     8.1858
  100  3.3380e+09    17.0605   100    99     8.2653
