#indx Mass S step-number desc_indx 
    0  3.1600e+13     1.3398     0    -1     0.0134
    1  2.8576e+13     1.3935     1     0     0.1326
    2  2.6718e+13     1.4303     2     1     0.2441
    3  2.6450e+13     1.4359     3     2     0.3500
    4  2.6137e+13     1.4425     4     3     0.4519
    5  2.5830e+13     1.4491     5     4     0.5506
    6  2.2897e+13     1.5176     6     5     0.6467
    7  2.0698e+13     1.5769     7     6     0.7407
    8  2.0271e+13     1.5894     8     7     0.8330
    9  1.9927e+13     1.5997     9     8     0.9238
   10  1.9360e+13     1.6171    10     9     1.0134
   11  1.8893e+13     1.6320    11    10     1.1018
   12  1.1378e+13     1.9652    12    11     1.1894
   13  1.1111e+13     1.9820    13    12     1.2761
   14  1.1039e+13     1.9866    14    13     1.3621
   15  1.0139e+13     2.0476    15    14     1.4474
   16  7.9838e+12     2.2267    16    15     1.5322
   17  7.4837e+12     2.2772    17    16     1.6165
   18  6.3496e+12     2.4092    18    17     1.7003
   19  4.2339e+12     2.7591    19    18     1.7838
   20  4.1205e+12     2.7838    20    19     1.8669
   21  4.0800e+12     2.7929    21    20     1.9496
   22  3.9617e+12     2.8199    22    21     2.0321
   23  3.6598e+12     2.8937    23    22     2.1143
   24  1.6592e+12     3.7115    24    23     2.1963
   25  1.2305e+12     4.0609    25    24     2.2781
   26  1.1485e+12     4.1448    26    25     2.3597
   27  1.1414e+12     4.1525    27    26     2.4411
   28  1.1354e+12     4.1590    28    27     2.5223
   29  1.1108e+12     4.1859    29    28     2.6034
   30  1.0852e+12     4.2148    30    29     2.6844
   31  1.0393e+12     4.2687    31    30     2.7652
   32  9.4057e+11     4.3952    32    31     2.8459
   33  9.3804e+11     4.3986    33    32     2.9266
   34  9.2323e+11     4.4190    34    33     3.0071
   35  9.1878e+11     4.4252    35    34     3.0876
   36  8.5132e+11     4.5242    36    35     3.1680
   37  8.4227e+11     4.5382    37    36     3.2483
   38  6.0807e+11     4.9802    38    37     3.3285
   39  5.6477e+11     5.0846    39    38     3.4087
   40  5.4859e+11     5.1261    40    39     3.4889
   41  5.3348e+11     5.1663    41    40     3.5689
   42  5.0433e+11     5.2477    42    41     3.6490
   43  4.9705e+11     5.2689    43    42     3.7290
   44  4.9635e+11     5.2710    44    43     3.8089
   45  4.8005e+11     5.3200    45    44     3.8889
   46  4.7963e+11     5.3213    46    45     3.9688
   47  4.6584e+11     5.3644    47    46     4.0486
   48  4.6225e+11     5.3758    48    47     4.1285
   49  4.5057e+11     5.4139    49    48     4.2083
   50  4.3584e+11     5.4637    50    49     4.2881
   51  4.3103e+11     5.4803    51    50     4.3678
   52  4.1424e+11     5.5403    52    51     4.4476
   53  4.1176e+11     5.5495    53    52     4.5273
   54  3.8679e+11     5.6450    54    53     4.6070
   55  3.3270e+11     5.8801    55    54     4.6867
   56  3.3063e+11     5.8901    56    55     4.7664
   57  3.0016e+11     6.0448    57    56     4.8460
   58  1.9712e+11     6.7526    58    57     4.9257
   59  1.8196e+11     6.8939    59    58     5.0053
   60  1.8038e+11     6.9093    60    59     5.0849
   61  1.5916e+11     7.1349    61    60     5.1646
   62  1.5883e+11     7.1387    62    61     5.2442
   63  1.5027e+11     7.2402    63    62     5.3238
   64  1.4911e+11     7.2545    64    63     5.4033
   65  1.4248e+11     7.3388    65    64     5.4829
   66  8.5357e+10     8.3377    66    65     5.5625
   67  8.3237e+10     8.3892    67    66     5.6421
   68  8.3098e+10     8.3926    68    67     5.7216
   69  8.1466e+10     8.4333    69    68     5.8012
   70  7.9158e+10     8.4926    70    69     5.8807
   71  7.8921e+10     8.4988    71    70     5.9602
   72  7.6722e+10     8.5574    72    71     6.0398
   73  7.4315e+10     8.6239    73    72     6.1193
   74  7.3744e+10     8.6400    74    73     6.1988
   75  7.3063e+10     8.6595    75    74     6.2783
   76  6.8422e+10     8.7979    76    75     6.3579
   77  6.2955e+10     8.9758    77    76     6.4374
   78  6.2855e+10     8.9792    78    77     6.5169
   79  5.6430e+10     9.2135    79    78     6.5964
   80  5.6319e+10     9.2178    80    79     6.6759
   81  5.5742e+10     9.2404    81    80     6.7554
   82  5.5484e+10     9.2506    82    81     6.8349
   83  5.2940e+10     9.3543    83    82     6.9143
   84  4.1164e+10     9.9242    84    83     6.9938
   85  3.9643e+10    10.0115    85    84     7.0733
   86  3.9372e+10    10.0276    86    85     7.1528
   87  3.8881e+10    10.0568    87    86     7.2323
   88  3.8505e+10    10.0795    88    87     7.3117
   89  3.6640e+10    10.1962    89    88     7.3912
   90  3.6306e+10    10.2178    90    89     7.4707
   91  3.6146e+10    10.2282    91    90     7.5502
   92  3.6064e+10    10.2336    92    91     7.6296
   93  3.4614e+10    10.3310    93    92     7.7091
   94  3.4161e+10    10.3624    94    93     7.7885
   95  3.3864e+10    10.3833    95    94     7.8680
   96  3.1412e+10    10.5640    96    95     7.9475
   97  3.1279e+10    10.5743    97    96     8.0269
   98  3.0108e+10    10.6670    98    97     8.1064
   99  2.9345e+10    10.7297    99    98     8.1858
  100  2.9296e+10    10.7337   100    99     8.2653
