#indx Mass S step-number desc_indx 
    0  3.1600e+13     1.3398     0    -1     0.0134
    1  3.0666e+13     1.3556     1     0     0.1326
    2  1.8890e+13     1.6321     2     1     0.2441
    3  1.8384e+13     1.6488     3     2     0.3500
    4  1.8285e+13     1.6521     4     3     0.4519
    5  1.1245e+13     1.9735     5     4     0.5506
    6  1.1006e+13     1.9887     6     5     0.6467
    7  1.0853e+13     1.9987     7     6     0.7407
    8  1.0477e+13     2.0239     8     7     0.8330
    9  1.0346e+13     2.0330     9     8     0.9238
   10  1.0097e+13     2.0506    10     9     1.0134
   11  9.9671e+12     2.0601    11    10     1.1018
   12  3.0300e+12     3.0754    12    11     1.1894
   13  3.0246e+12     3.0771    13    12     1.2761
   14  2.9815e+12     3.0913    14    13     1.3621
   15  2.9598e+12     3.0985    15    14     1.4474
   16  2.9549e+12     3.1002    16    15     1.5322
   17  1.8749e+12     3.5751    17    16     1.6165
   18  1.8252e+12     3.6048    18    17     1.7003
   19  1.8130e+12     3.6122    19    18     1.7838
   20  1.5812e+12     3.7662    20    19     1.8669
   21  1.3940e+12     3.9122    21    20     1.9496
   22  1.3639e+12     3.9380    22    21     2.0321
   23  1.2588e+12     4.0335    23    22     2.1143
   24  1.2505e+12     4.0415    24    23     2.1963
   25  1.1449e+12     4.1487    25    24     2.2781
   26  1.1278e+12     4.1672    26    25     2.3597
   27  1.1190e+12     4.1768    27    26     2.4411
   28  8.4841e+11     4.5287    28    27     2.5223
   29  8.4008e+11     4.5416    29    28     2.6034
   30  8.0865e+11     4.5918    30    29     2.6844
   31  7.6109e+11     4.6724    31    30     2.7652
   32  7.5719e+11     4.6793    32    31     2.8459
   33  7.5182e+11     4.6889    33    32     2.9266
   34  5.7249e+11     5.0653    34    33     3.0071
   35  1.2194e+11     7.6326    35    34     3.0876
   36  1.2127e+11     7.6432    36    35     3.1680
   37  1.1177e+11     7.8006    37    36     3.2483
   38  9.4826e+10     8.1251    38    37     3.3285
   39  9.4503e+10     8.1319    39    38     3.4087
   40  9.2230e+10     8.1808    40    39     3.4889
   41  9.1766e+10     8.1909    41    40     3.5689
   42  6.2344e+09    15.0246    42    41     3.6490
   43  5.7932e+09    15.2543    43    42     3.7290
   44  5.4757e+09    15.4325    44    43     3.8089
   45  5.4533e+09    15.4455    45    44     3.8889
   46  5.4318e+09    15.4580    46    45     3.9688
   47  5.3802e+09    15.4884    47    46     4.0486
   48  5.3578e+09    15.5016    48    47     4.1285
   49  5.0382e+09    15.6983    49    48     4.2083
   50  5.0186e+09    15.7108    50    49     4.2881
   51  4.4601e+09    16.0932    51    50     4.3678
   52  4.4049e+09    16.1340    52    51     4.4476
   53  4.3991e+09    16.1383    53    52     4.5273
   54  4.3164e+09    16.2005    54    53     4.6070
   55  4.2489e+09    16.2523    55    54     4.6867
   56  4.1428e+09    16.3358    56    55     4.7664
   57  4.0929e+09    16.3758    57    56     4.8460
   58  2.4109e+09    18.1947    58    57     4.9257
   59  2.4103e+09    18.1956    59    58     5.0053
   60  2.4092e+09    18.1972    60    59     5.0849
   61  2.3167e+09    18.3372    61    60     5.1646
   62  2.3130e+09    18.3429    62    61     5.2442
   63  2.1745e+09    18.5654    63    62     5.3238
   64  1.9501e+09    18.9622    64    63     5.4033
   65  1.9490e+09    18.9643    65    64     5.4829
   66  1.8337e+09    19.1891    66    65     5.5625
   67  1.8145e+09    19.2281    67    66     5.6421
   68  1.7669e+09    19.3267    68    67     5.7216
   69  1.7562e+09    19.3493    69    68     5.8012
   70  1.3520e+09    20.3409    70    69     5.8807
   71  1.3469e+09    20.3552    71    70     5.9602
   72  1.3467e+09    20.3558    72    71     6.0398
   73  1.3440e+09    20.3637    73    72     6.1193
   74  1.2815e+09    20.5481    74    73     6.1988
   75  1.2688e+09    20.5867    75    74     6.2783
   76  1.2684e+09    20.5881    76    75     6.3579
   77  4.6690e+08    24.7380    77    76     6.4374
   78  4.6611e+08    24.7455    78    77     6.5169
   79  4.5775e+08    24.8257    79    78     6.5964
   80  4.5539e+08    24.8486    80    79     6.6759
   81  4.5314e+08    24.8705    81    80     6.7554
   82  3.8290e+08    25.6257    82    81     6.8349
   83  3.8022e+08    25.6575    83    82     6.9143
   84  3.7986e+08    25.6618    84    83     6.9938
   85  3.7362e+08    25.7370    85    84     7.0733
   86  3.6487e+08    25.8448    86    85     7.1528
   87  3.6065e+08    25.8979    87    86     7.2323
   88  3.6059e+08    25.8986    88    87     7.3117
   89  3.2404e+08    26.3895    89    88     7.3912
   90  3.2024e+08    26.4440    90    89     7.4707
   91  3.0980e+08    26.5980    91    90     7.5502
   92  3.0819e+08    26.6221    92    91     7.6296
   93  3.0817e+08    26.6224    93    92     7.7091
   94  3.0624e+08    26.6516    94    93     7.7885
   95  2.9013e+08    26.9040    95    94     7.8680
   96  2.8822e+08    26.9349    96    95     7.9475
   97  2.8708e+08    26.9535    97    96     8.0269
   98  2.6890e+08    27.2616    98    97     8.1064
   99  2.1879e+08    28.2484    99    98     8.1858
  100  1.9071e+08    28.9192   100    99     8.2653
