#indx Mass S step-number desc_indx 
    0  3.1600e+13     1.3398     0    -1     0.0134
    1  2.8910e+13     1.3872     1     0     0.1326
    2  2.6028e+13     1.4448     2     1     0.2441
    3  2.3978e+13     1.4911     3     2     0.3500
    4  2.3151e+13     1.5113     4     3     0.4519
    5  2.1305e+13     1.5598     5     4     0.5506
    6  2.0619e+13     1.5792     6     5     0.6467
    7  2.0466e+13     1.5837     7     6     0.7407
    8  2.0022e+13     1.5968     8     7     0.8330
    9  1.8683e+13     1.6388     9     8     0.9238
   10  1.8181e+13     1.6556    10     9     1.0134
   11  1.7609e+13     1.6755    11    10     1.1018
   12  1.0341e+13     2.0333    12    11     1.1894
   13  5.8041e+12     2.4837    13    12     1.2761
   14  5.1322e+12     2.5885    14    13     1.3621
   15  5.0460e+12     2.6032    15    14     1.4474
   16  4.8363e+12     2.6403    16    15     1.5322
   17  4.7565e+12     2.6550    17    16     1.6165
   18  4.6973e+12     2.6660    18    17     1.7003
   19  4.6142e+12     2.6818    19    18     1.7838
   20  4.5316e+12     2.6979    20    19     1.8669
   21  4.2090e+12     2.7645    21    20     1.9496
   22  4.1447e+12     2.7785    22    21     2.0321
   23  4.0078e+12     2.8092    23    22     2.1143
   24  3.7614e+12     2.8681    24    23     2.1963
   25  3.7490e+12     2.8711    25    24     2.2781
   26  1.9844e+12     3.5132    26    25     2.3597
   27  1.7645e+12     3.6424    27    26     2.4411
   28  1.7420e+12     3.6567    28    27     2.5223
   29  1.7053e+12     3.6806    29    28     2.6034
   30  1.6569e+12     3.7130    30    29     2.6844
   31  1.6397e+12     3.7249    31    30     2.7652
   32  1.2884e+12     4.0057    32    31     2.8459
   33  1.2796e+12     4.0139    33    32     2.9266
   34  1.2598e+12     4.0326    34    33     3.0071
   35  1.1654e+12     4.1269    35    34     3.0876
   36  1.1509e+12     4.1423    36    35     3.1680
   37  1.1130e+12     4.1835    37    36     3.2483
   38  1.0674e+12     4.2354    38    37     3.3285
   39  1.0330e+12     4.2763    39    38     3.4087
   40  1.0189e+12     4.2936    40    39     3.4889
   41  9.1872e+11     4.4253    41    40     3.5689
   42  8.9843e+11     4.4541    42    41     3.6490
   43  8.9156e+11     4.4641    43    42     3.7290
   44  8.4928e+11     4.5273    44    43     3.8089
   45  8.1904e+11     4.5749    45    44     3.8889
   46  7.8126e+11     4.6375    46    45     3.9688
   47  7.7940e+11     4.6407    47    46     4.0486
   48  7.6961e+11     4.6576    48    47     4.1285
   49  7.6838e+11     4.6597    49    48     4.2083
   50  5.3612e+11     5.1591    50    49     4.2881
   51  5.2755e+11     5.1824    51    50     4.3678
   52  5.1532e+11     5.2164    52    51     4.4476
   53  5.1349e+11     5.2215    53    52     4.5273
   54  1.5322e+11     7.2045    54    53     4.6070
   55  1.4564e+11     7.2981    55    54     4.6867
   56  1.3432e+11     7.4492    56    55     4.7664
   57  1.3379e+11     7.4565    57    56     4.8460
   58  1.3288e+11     7.4694    58    57     4.9257
   59  1.3029e+11     7.5066    59    58     5.0053
   60  1.3006e+11     7.5100    60    59     5.0849
   61  1.2038e+11     7.6572    61    60     5.1646
   62  1.1285e+11     7.7819    62    61     5.2442
   63  1.1118e+11     7.8109    63    62     5.3238
   64  9.9109e+10     8.0369    64    63     5.4033
   65  9.8810e+10     8.0429    65    64     5.4829
   66  9.8519e+10     8.0488    66    65     5.5625
   67  9.8416e+10     8.0509    67    66     5.6421
   68  7.6121e+10     8.5738    68    67     5.7216
   69  7.2497e+10     8.6758    69    68     5.8012
   70  7.2038e+10     8.6891    70    69     5.8807
   71  7.1958e+10     8.6914    71    70     5.9602
   72  6.9659e+10     8.7599    72    71     6.0398
   73  6.9535e+10     8.7637    73    72     6.1193
   74  6.8421e+10     8.7979    74    73     6.1988
   75  6.3619e+10     8.9532    75    74     6.2783
   76  6.3412e+10     8.9602    76    75     6.3579
   77  5.8035e+10     9.1521    77    76     6.4374
   78  5.7777e+10     9.1619    78    77     6.5169
   79  5.7442e+10     9.1746    79    78     6.5964
   80  5.7061e+10     9.1891    80    79     6.6759
   81  5.6530e+10     9.2096    81    80     6.7554
   82  5.4942e+10     9.2722    82    81     6.8349
   83  5.0412e+10     9.4632    83    82     6.9143
   84  4.9275e+10     9.5143    84    83     6.9938
   85  4.9205e+10     9.5175    85    84     7.0733
   86  4.8869e+10     9.5329    86    85     7.1528
   87  4.4227e+10     9.7591    87    86     7.2323
   88  4.3845e+10     9.7790    88    87     7.3117
   89  4.3090e+10     9.8188    89    88     7.3912
   90  4.1756e+10     9.8912    90    89     7.4707
   91  4.0714e+10     9.9497    91    90     7.5502
   92  3.9748e+10    10.0054    92    91     7.6296
   93  3.9502e+10    10.0199    93    92     7.7091
   94  3.8694e+10    10.0681    94    93     7.7885
   95  3.8479e+10    10.0811    95    94     7.8680
   96  3.7014e+10    10.1722    96    95     7.9475
   97  3.6035e+10    10.2355    97    96     8.0269
   98  2.6323e+10    10.9980    98    97     8.1064
   99  2.6102e+10    11.0190    99    98     8.1858
  100  2.6085e+10    11.0207   100    99     8.2653
