#indx Mass S step-number desc_indx 
    0  3.1600e+13     1.3398     0    -1     0.0134
    1  2.7521e+13     1.4140     1     0     0.1326
    2  2.6919e+13     1.4262     2     1     0.2441
    3  2.6539e+13     1.4340     3     2     0.3500
    4  2.5161e+13     1.4638     4     3     0.4519
    5  2.3502e+13     1.5026     5     4     0.5506
    6  2.3225e+13     1.5094     6     5     0.6467
    7  1.4909e+13     1.7818     7     6     0.7407
    8  1.4835e+13     1.7851     8     7     0.8330
    9  1.4491e+13     1.8005     9     8     0.9238
   10  1.4324e+13     1.8081    10     9     1.0134
   11  1.3696e+13     1.8379    11    10     1.1018
   12  1.3268e+13     1.8593    12    11     1.1894
   13  1.3202e+13     1.8626    13    12     1.2761
   14  1.3041e+13     1.8710    14    13     1.3621
   15  9.7478e+12     2.0763    15    14     1.4474
   16  9.4979e+12     2.0955    16    15     1.5322
   17  8.5232e+12     2.1766    17    16     1.6165
   18  8.3957e+12     2.1881    18    17     1.7003
   19  6.1482e+12     2.4357    19    18     1.7838
   20  5.3988e+12     2.5450    20    19     1.8669
   21  5.3223e+12     2.5572    21    20     1.9496
   22  5.2784e+12     2.5643    22    21     2.0321
   23  5.2146e+12     2.5748    23    22     2.1143
   24  5.1742e+12     2.5815    24    23     2.1963
   25  4.6587e+12     2.6733    25    24     2.2781
   26  3.7858e+12     2.8620    26    25     2.3597
   27  3.5398e+12     2.9252    27    26     2.4411
   28  2.8138e+12     3.1489    28    27     2.5223
   29  2.2958e+12     3.3575    29    28     2.6034
   30  2.2644e+12     3.3720    30    29     2.6844
   31  2.0967e+12     3.4537    31    30     2.7652
   32  1.8155e+12     3.6107    32    31     2.8459
   33  1.8103e+12     3.6139    33    32     2.9266
   34  1.7827e+12     3.6309    34    33     3.0071
   35  1.6772e+12     3.6993    35    34     3.0876
   36  1.5599e+12     3.7817    36    35     3.1680
   37  1.4752e+12     3.8461    37    36     3.2483
   38  1.4563e+12     3.8611    38    37     3.3285
   39  1.4016e+12     3.9059    39    38     3.4087
   40  1.3765e+12     3.9271    40    39     3.4889
   41  1.3677e+12     3.9347    41    40     3.5689
   42  1.0294e+12     4.2807    42    41     3.6490
   43  1.0214e+12     4.2906    43    42     3.7290
   44  1.0101e+12     4.3046    44    43     3.8089
   45  1.0028e+12     4.3137    45    44     3.8889
   46  9.8227e+11     4.3399    46    45     3.9688
   47  9.4443e+11     4.3899    47    46     4.0486
   48  8.8358e+11     4.4757    48    47     4.1285
   49  8.3939e+11     4.5427    49    48     4.2083
   50  8.2261e+11     4.5692    50    49     4.2881
   51  8.0011e+11     4.6058    51    50     4.3678
   52  7.8831e+11     4.6256    52    51     4.4476
   53  7.7690e+11     4.6450    53    52     4.5273
   54  5.7106e+11     5.0688    54    53     4.6070
   55  5.4657e+11     5.1314    55    54     4.6867
   56  5.2739e+11     5.1828    56    55     4.7664
   57  4.4212e+11     5.4422    57    56     4.8460
   58  4.3509e+11     5.4662    58    57     4.9257
   59  4.1747e+11     5.5286    59    58     5.0053
   60  4.1058e+11     5.5538    60    59     5.0849
   61  4.0822e+11     5.5626    61    60     5.1646
   62  4.0072e+11     5.5908    62    61     5.2442
   63  3.8889e+11     5.6367    63    62     5.3238
   64  3.2372e+11     5.9236    64    63     5.4033
   65  3.2115e+11     5.9363    65    64     5.4829
   66  2.9983e+11     6.0466    66    65     5.5625
   67  2.8551e+11     6.1261    67    66     5.6421
   68  2.4953e+11     6.3488    68    67     5.7216
   69  2.4420e+11     6.3850    69    68     5.8012
   70  2.4248e+11     6.3969    70    69     5.8807
   71  2.2644e+11     6.5129    71    70     5.9602
   72  2.2111e+11     6.5536    72    71     6.0398
   73  2.2077e+11     6.5563    73    72     6.1193
   74  2.1982e+11     6.5637    74    73     6.1988
   75  2.1817e+11     6.5766    75    74     6.2783
   76  2.1723e+11     6.5840    76    75     6.3579
   77  2.1712e+11     6.5849    77    76     6.4374
   78  2.1409e+11     6.6091    78    77     6.5169
   79  2.1177e+11     6.6279    79    78     6.5964
   80  2.1100e+11     6.6343    80    79     6.6759
   81  2.0871e+11     6.6531    81    80     6.7554
   82  2.0799e+11     6.6591    82    81     6.8349
   83  2.0741e+11     6.6640    83    82     6.9143
   84  2.0606e+11     6.6753    84    83     6.9938
   85  1.8717e+11     6.8438    85    84     7.0733
   86  1.7922e+11     6.9209    86    85     7.1528
   87  1.7881e+11     6.9249    87    86     7.2323
   88  1.6752e+11     7.0420    88    87     7.3117
   89  1.6280e+11     7.0938    89    88     7.3912
   90  1.6181e+11     7.1048    90    89     7.4707
   91  1.2730e+11     7.5505    91    90     7.5502
   92  1.1624e+11     7.7247    92    91     7.6296
   93  1.1497e+11     7.7459    93    92     7.7091
   94  1.0607e+11     7.9028    94    93     7.7885
   95  1.0479e+11     7.9268    95    94     7.8680
   96  1.0438e+11     7.9345    96    95     7.9475
   97  1.0362e+11     7.9488    97    96     8.0269
   98  1.0257e+11     7.9690    98    97     8.1064
   99  1.0231e+11     7.9739    99    98     8.1858
  100  1.0146e+11     7.9905   100    99     8.2653
