#indx Mass S step-number desc_indx 
    0  3.1600e+13     1.3398     0    -1     0.0134
    1  2.7803e+13     1.4084     1     0     0.1326
    2  2.4195e+13     1.4860     2     1     0.2441
    3  2.2738e+13     1.5217     3     2     0.3500
    4  2.2567e+13     1.5261     4     3     0.4519
    5  2.1838e+13     1.5452     5     4     0.5506
    6  2.1083e+13     1.5660     6     5     0.6467
    7  2.0154e+13     1.5929     7     6     0.7407
    8  1.5784e+13     1.7448     8     7     0.8330
    9  1.3573e+13     1.8440     9     8     0.9238
   10  1.3043e+13     1.8708    10     9     1.0134
   11  1.2083e+13     1.9233    11    10     1.1018
   12  1.1944e+13     1.9313    12    11     1.1894
   13  1.1886e+13     1.9346    13    12     1.2761
   14  9.7143e+12     2.0789    14    13     1.3621
   15  8.4807e+12     2.1804    15    14     1.4474
   16  8.2381e+12     2.2026    16    15     1.5322
   17  7.4964e+12     2.2758    17    16     1.6165
   18  7.3813e+12     2.2880    18    17     1.7003
   19  7.1783e+12     2.3101    19    18     1.7838
   20  7.0351e+12     2.3262    20    19     1.8669
   21  6.9850e+12     2.3319    21    20     1.9496
   22  6.8240e+12     2.3506    22    21     2.0321
   23  6.6211e+12     2.3750    23    22     2.1143
   24  6.2030e+12     2.4284    24    23     2.1963
   25  6.0621e+12     2.4474    25    24     2.2781
   26  6.0053e+12     2.4552    26    25     2.3597
   27  5.7523e+12     2.4912    27    26     2.4411
   28  5.5836e+12     2.5163    28    27     2.5223
   29  5.0080e+12     2.6098    29    28     2.6034
   30  4.8529e+12     2.6373    30    29     2.6844
   31  4.4864e+12     2.7069    31    30     2.7652
   32  4.3773e+12     2.7290    32    31     2.8459
   33  4.1483e+12     2.7777    33    32     2.9266
   34  4.1024e+12     2.7878    34    33     3.0071
   35  3.4315e+12     2.9548    35    34     3.0876
   36  3.3971e+12     2.9644    36    35     3.1680
   37  2.9945e+12     3.0870    37    36     3.2483
   38  2.9181e+12     3.1126    38    37     3.3285
   39  2.7525e+12     3.1710    39    38     3.4087
   40  2.7149e+12     3.1848    40    39     3.4889
   41  2.3625e+12     3.3275    41    40     3.5689
   42  2.3364e+12     3.3391    42    41     3.6490
   43  2.3081e+12     3.3519    43    42     3.7290
   44  2.2206e+12     3.3926    44    43     3.8089
   45  2.0183e+12     3.4948    45    44     3.8889
   46  1.7525e+12     3.6500    46    45     3.9688
   47  1.7377e+12     3.6595    47    46     4.0486
   48  1.7012e+12     3.6832    48    47     4.1285
   49  1.6901e+12     3.6907    49    48     4.2083
   50  1.6448e+12     3.7213    50    49     4.2881
   51  1.6385e+12     3.7257    51    50     4.3678
   52  1.5212e+12     3.8106    52    51     4.4476
   53  1.5140e+12     3.8161    53    52     4.5273
   54  1.4345e+12     3.8787    54    53     4.6070
   55  1.4210e+12     3.8897    55    54     4.6867
   56  1.4184e+12     3.8919    56    55     4.7664
   57  1.3970e+12     3.9098    57    56     4.8460
   58  1.3926e+12     3.9134    58    57     4.9257
   59  1.3640e+12     3.9379    59    58     5.0053
   60  1.3397e+12     3.9591    60    59     5.0849
   61  1.2491e+12     4.0428    61    60     5.1646
   62  1.2238e+12     4.0675    62    61     5.2442
   63  1.1140e+12     4.1824    63    62     5.3238
   64  1.1004e+12     4.1976    64    63     5.4033
   65  1.0831e+12     4.2173    65    64     5.4829
   66  1.0722e+12     4.2298    66    65     5.5625
   67  1.0691e+12     4.2334    67    66     5.6421
   68  1.0203e+12     4.2919    68    67     5.7216
   69  9.8522e+11     4.3361    69    68     5.8012
   70  9.1127e+11     4.4358    70    69     5.8807
   71  8.9415e+11     4.4603    71    70     5.9602
   72  8.7834e+11     4.4834    72    71     6.0398
   73  8.7076e+11     4.4947    73    72     6.1193
   74  8.5513e+11     4.5183    74    73     6.1988
   75  8.5386e+11     4.5203    75    74     6.2783
   76  8.0490e+11     4.5979    76    75     6.3579
   77  3.6179e+11     5.7484    77    76     6.4374
   78  3.5756e+11     5.7668    78    77     6.5169
   79  3.5556e+11     5.7756    79    78     6.5964
   80  3.1960e+11     5.9440    80    79     6.6759
   81  3.1788e+11     5.9527    81    80     6.7554
   82  3.0825e+11     6.0020    82    81     6.8349
   83  3.0502e+11     6.0189    83    82     6.9143
   84  3.0263e+11     6.0316    84    83     6.9938
   85  3.0142e+11     6.0381    85    84     7.0733
   86  2.8818e+11     6.1109    86    85     7.1528
   87  2.5594e+11     6.3064    87    86     7.2323
   88  2.4433e+11     6.3841    88    87     7.3117
   89  2.3021e+11     6.4848    89    88     7.3912
   90  2.2821e+11     6.4997    90    89     7.4707
   91  2.2779e+11     6.5028    91    90     7.5502
   92  2.0621e+11     6.6740    92    91     7.6296
   93  1.9956e+11     6.7311    93    92     7.7091
   94  1.4172e+11     7.3487    94    93     7.7885
   95  1.2219e+11     7.6287    95    94     7.8680
   96  1.1679e+11     7.7155    96    95     7.9475
   97  1.1461e+11     7.7520    97    96     8.0269
   98  1.0122e+11     7.9951    98    97     8.1064
   99  9.5454e+10     8.1118    99    98     8.1858
  100  9.4491e+10     8.1322   100    99     8.2653
