#indx Mass S step-number desc_indx 
    0  3.1600e+13     1.3398     0    -1     0.0134
    1  3.0807e+13     1.3532     1     0     0.1326
    2  2.4645e+13     1.4755     2     1     0.2441
    3  2.2351e+13     1.5317     3     2     0.3500
    4  1.9086e+13     1.6258     4     3     0.4519
    5  1.8755e+13     1.6365     5     4     0.5506
    6  1.5161e+13     1.7709     6     5     0.6467
    7  1.3835e+13     1.8312     7     6     0.7407
    8  1.2713e+13     1.8883     8     7     0.8330
    9  1.1493e+13     1.9581     9     8     0.9238
   10  1.0895e+13     1.9959    10     9     1.0134
   11  1.0860e+13     1.9982    11    10     1.1018
   12  8.8502e+12     2.1481    12    11     1.1894
   13  8.7104e+12     2.1601    13    12     1.2761
   14  8.2401e+12     2.2024    14    13     1.3621
   15  8.1840e+12     2.2076    15    14     1.4474
   16  8.1020e+12     2.2154    16    15     1.5322
   17  7.4959e+12     2.2759    17    16     1.6165
   18  7.4281e+12     2.2830    18    17     1.7003
   19  7.2956e+12     2.2972    19    18     1.7838
   20  7.2171e+12     2.3058    20    19     1.8669
   21  7.1753e+12     2.3104    21    20     1.9496
   22  6.8496e+12     2.3476    22    21     2.0321
   23  5.8158e+12     2.4820    23    22     2.1143
   24  5.7596e+12     2.4901    24    23     2.1963
   25  5.2053e+12     2.5763    25    24     2.2781
   26  5.1513e+12     2.5853    26    25     2.3597
   27  4.9411e+12     2.6215    27    26     2.4411
   28  3.7187e+12     2.8787    28    27     2.5223
   29  3.1011e+12     3.0526    29    28     2.6034
   30  3.0714e+12     3.0621    30    29     2.6844
   31  2.6709e+12     3.2014    31    30     2.7652
   32  2.5195e+12     3.2609    32    31     2.8459
   33  2.4725e+12     3.2803    33    32     2.9266
   34  2.4630e+12     3.2843    34    33     3.0071
   35  1.3088e+12     3.9869    35    34     3.0876
   36  1.2389e+12     4.0527    36    35     3.1680
   37  1.2189e+12     4.0724    37    36     3.2483
   38  1.1971e+12     4.0943    38    37     3.3285
   39  1.1917e+12     4.0998    39    38     3.4087
   40  1.1504e+12     4.1428    40    39     3.4889
   41  1.1350e+12     4.1594    41    40     3.5689
   42  1.0696e+12     4.2328    42    41     3.6490
   43  1.0580e+12     4.2464    43    42     3.7290
   44  1.0109e+12     4.3035    44    43     3.8089
   45  7.4407e+11     4.7028    45    44     3.8889
   46  6.9326e+11     4.7987    46    45     3.9688
   47  5.4561e+11     5.1339    47    46     4.0486
   48  4.3472e+11     5.4675    48    47     4.1285
   49  3.7125e+11     5.7084    49    48     4.2083
   50  3.4934e+11     5.8032    50    49     4.2881
   51  3.4656e+11     5.8158    51    50     4.3678
   52  3.2719e+11     5.9067    52    51     4.4476
   53  3.2436e+11     5.9205    53    52     4.5273
   54  2.6174e+11     6.2692    54    53     4.6070
   55  2.5730e+11     6.2976    55    54     4.6867
   56  2.5512e+11     6.3118    56    55     4.7664
   57  1.2913e+11     7.5234    57    56     4.8460
   58  1.2291e+11     7.6174    58    57     4.9257
   59  1.2267e+11     7.6212    59    58     5.0053
   60  1.1864e+11     7.6852    60    59     5.0849
   61  1.1743e+11     7.7049    61    60     5.1646
   62  1.1672e+11     7.7167    62    61     5.2442
   63  1.1616e+11     7.7259    63    62     5.3238
   64  1.0942e+11     7.8420    64    63     5.4033
   65  1.0752e+11     7.8762    65    64     5.4829
   66  1.0681e+11     7.8892    66    65     5.5625
   67  1.0638e+11     7.8972    67    66     5.6421
   68  1.0544e+11     7.9146    68    67     5.7216
   69  1.0479e+11     7.9268    69    68     5.8012
   70  8.5380e+10     8.3372    70    69     5.8807
   71  8.0929e+10     8.4469    71    70     5.9602
   72  8.0888e+10     8.4480    72    71     6.0398
   73  7.4610e+10     8.6156    73    72     6.1193
   74  7.1035e+10     8.7186    74    73     6.1988
   75  7.0252e+10     8.7420    75    74     6.2783
   76  6.9295e+10     8.7710    76    75     6.3579
   77  6.8729e+10     8.7884    77    76     6.4374
   78  4.9658e+10     9.4969    78    77     6.5169
   79  4.7421e+10     9.6007    79    78     6.5964
   80  4.6879e+10     9.6267    80    79     6.6759
   81  4.5184e+10     9.7103    81    80     6.7554
   82  4.4952e+10     9.7220    82    81     6.8349
   83  4.3297e+10     9.8078    83    82     6.9143
   84  4.3233e+10     9.8112    84    83     6.9938
   85  4.1500e+10     9.9054    85    84     7.0733
   86  4.1357e+10     9.9133    86    85     7.1528
   87  4.0506e+10     9.9615    87    86     7.2323
   88  4.0271e+10     9.9750    88    87     7.3117
   89  4.0245e+10     9.9765    89    88     7.3912
   90  3.9581e+10    10.0152    90    89     7.4707
   91  3.9130e+10    10.0419    91    90     7.5502
   92  3.0920e+10    10.6023    92    91     7.6296
   93  3.0027e+10    10.6736    93    92     7.7091
   94  2.9508e+10    10.7162    94    93     7.7885
   95  2.6563e+10    10.9754    95    94     7.8680
   96  2.5963e+10    11.0323    96    95     7.9475
   97  2.0495e+10    11.6342    97    96     8.0269
   98  2.0439e+10    11.6413    98    97     8.1064
   99  2.0357e+10    11.6517    99    98     8.1858
  100  2.0028e+10    11.6940   100    99     8.2653
