#indx Mass S step-number desc_indx 
    0  3.1600e+13     1.3398     0    -1     0.0134
    1  2.7952e+13     1.4055     1     0     0.1326
    2  1.7769e+13     1.6698     2     1     0.2441
    3  9.6595e+12     2.0830     3     2     0.3500
    4  9.6523e+12     2.0836     4     3     0.4519
    5  8.7302e+12     2.1584     5     4     0.5506
    6  8.5595e+12     2.1734     6     5     0.6467
    7  8.4025e+12     2.1875     7     6     0.7407
    8  8.3840e+12     2.1891     8     7     0.8330
    9  7.1818e+12     2.3097     9     8     0.9238
   10  6.7684e+12     2.3572    10     9     1.0134
   11  6.3552e+12     2.4084    11    10     1.1018
   12  5.1945e+12     2.5781    12    11     1.1894
   13  4.9735e+12     2.6158    13    12     1.2761
   14  4.4434e+12     2.7155    14    13     1.3621
   15  3.9994e+12     2.8112    15    14     1.4474
   16  3.9375e+12     2.8255    16    15     1.5322
   17  3.8957e+12     2.8354    17    16     1.6165
   18  3.6508e+12     2.8960    18    17     1.7003
   19  3.4795e+12     2.9415    19    18     1.7838
   20  3.4205e+12     2.9578    20    19     1.8669
   21  3.2144e+12     3.0177    21    20     1.9496
   22  3.1684e+12     3.0317    22    21     2.0321
   23  3.1077e+12     3.0506    23    22     2.1143
   24  3.0264e+12     3.0766    24    23     2.1963
   25  3.0141e+12     3.0806    25    24     2.2781
   26  2.9648e+12     3.0968    26    25     2.3597
   27  2.9313e+12     3.1081    27    26     2.4411
   28  2.3895e+12     3.3157    28    27     2.5223
   29  2.3705e+12     3.3240    29    28     2.6034
   30  2.3684e+12     3.3249    30    29     2.6844
   31  2.2776e+12     3.3659    31    30     2.7652
   32  2.2215e+12     3.3922    32    31     2.8459
   33  2.1743e+12     3.4149    33    32     2.9266
   34  2.1273e+12     3.4382    34    33     3.0071
   35  1.9798e+12     3.5157    35    34     3.0876
   36  1.9194e+12     3.5494    36    35     3.1680
   37  1.8912e+12     3.5657    37    36     3.2483
   38  1.7405e+12     3.6577    38    37     3.3285
   39  1.6334e+12     3.7292    39    38     3.4087
   40  1.6113e+12     3.7447    40    39     3.4889
   41  1.5383e+12     3.7977    41    40     3.5689
   42  1.4686e+12     3.8513    42    41     3.6490
   43  6.7458e+11     4.8361    43    42     3.7290
   44  6.3988e+11     4.9090    44    43     3.8089
   45  5.5584e+11     5.1073    45    44     3.8889
   46  5.5360e+11     5.1131    46    45     3.9688
   47  5.4819e+11     5.1272    47    46     4.0486
   48  5.4226e+11     5.1428    48    47     4.1285
   49  5.3515e+11     5.1618    49    48     4.2083
   50  5.3166e+11     5.1712    50    49     4.2881
   51  5.3074e+11     5.1737    51    50     4.3678
   52  4.9486e+11     5.2754    52    51     4.4476
   53  4.9139e+11     5.2857    53    52     4.5273
   54  4.9074e+11     5.2876    54    53     4.6070
   55  4.8365e+11     5.3090    55    54     4.6867
   56  4.8061e+11     5.3183    56    55     4.7664
   57  4.3136e+11     5.4792    57    56     4.8460
   58  4.2922e+11     5.4867    58    57     4.9257
   59  2.3769e+11     6.4306    59    58     5.0053
   60  2.3719e+11     6.4341    60    59     5.0849
   61  2.2966e+11     6.4889    61    60     5.1646
   62  2.2443e+11     6.5282    62    61     5.2442
   63  2.2354e+11     6.5349    63    62     5.3238
   64  2.1300e+11     6.6179    64    63     5.4033
   65  2.1282e+11     6.6194    65    64     5.4829
   66  2.0668e+11     6.6701    66    65     5.5625
   67  2.0631e+11     6.6732    67    66     5.6421
   68  1.9320e+11     6.7879    68    67     5.7216
   69  1.8373e+11     6.8767    69    68     5.8012
   70  1.8196e+11     6.8939    70    69     5.8807
   71  1.8017e+11     6.9114    71    70     5.9602
   72  1.6597e+11     7.0588    72    71     6.0398
   73  1.6242e+11     7.0980    73    72     6.1193
   74  1.0069e+11     8.0056    74    73     6.1988
   75  9.1837e+10     8.1894    75    74     6.2783
   76  8.9958e+10     8.2311    76    75     6.3579
   77  8.9825e+10     8.2341    77    76     6.4374
   78  7.6101e+10     8.5743    78    77     6.5169
   79  7.5994e+10     8.5773    79    78     6.5964
   80  7.5835e+10     8.5816    80    79     6.6759
   81  7.4790e+10     8.6105    81    80     6.7554
   82  7.4079e+10     8.6305    82    81     6.8349
   83  7.2925e+10     8.6634    83    82     6.9143
   84  7.2031e+10     8.6893    84    83     6.9938
   85  7.1707e+10     8.6988    85    84     7.0733
   86  6.9245e+10     8.7725    86    85     7.1528
   87  6.8970e+10     8.7810    87    86     7.2323
   88  6.3714e+10     8.9500    88    87     7.3117
   89  6.2995e+10     8.9744    89    88     7.3912
   90  6.1750e+10     9.0174    90    89     7.4707
   91  5.8340e+10     9.1407    91    90     7.5502
   92  5.8295e+10     9.1424    92    91     7.6296
   93  5.8012e+10     9.1530    93    92     7.7091
   94  5.7153e+10     9.1856    94    93     7.7885
   95  5.4841e+10     9.2763    95    94     7.8680
   96  3.0658e+10    10.6229    96    95     7.9475
   97  3.0025e+10    10.6737    97    96     8.0269
   98  2.7595e+10    10.8809    98    97     8.1064
   99  2.5541e+10    11.0733    99    98     8.1858
  100  2.5491e+10    11.0782   100    99     8.2653
