#indx Mass S step-number desc_indx 
    0  3.1600e+13     1.3398     0    -1     0.0134
    1  3.0794e+13     1.3534     1     0     0.1326
    2  3.0376e+13     1.3607     2     1     0.2441
    3  2.3749e+13     1.4966     3     2     0.3500
    4  2.3678e+13     1.4983     4     3     0.4519
    5  2.2056e+13     1.5394     5     4     0.5506
    6  8.5077e+12     2.1780     6     5     0.6467
    7  7.9104e+12     2.2339     7     6     0.7407
    8  7.8380e+12     2.2410     8     7     0.8330
    9  7.7818e+12     2.2466     9     8     0.9238
   10  7.4868e+12     2.2768    10     9     1.0134
   11  7.4339e+12     2.2824    11    10     1.1018
   12  7.2339e+12     2.3040    12    11     1.1894
   13  7.0882e+12     2.3202    13    12     1.2761
   14  7.0519e+12     2.3243    14    13     1.3621
   15  6.0853e+12     2.4442    15    14     1.4474
   16  4.4669e+12     2.7108    16    15     1.5322
   17  4.2971e+12     2.7457    17    16     1.6165
   18  4.2024e+12     2.7659    18    17     1.7003
   19  3.9807e+12     2.8155    19    18     1.7838
   20  3.9051e+12     2.8332    20    19     1.8669
   21  3.8007e+12     2.8584    21    20     1.9496
   22  3.6496e+12     2.8964    22    21     2.0321
   23  3.6053e+12     2.9079    23    22     2.1143
   24  3.5653e+12     2.9184    24    23     2.1963
   25  3.2157e+12     3.0173    25    24     2.2781
   26  3.1970e+12     3.0229    26    25     2.3597
   27  3.1254e+12     3.0450    27    26     2.4411
   28  3.0871e+12     3.0571    28    27     2.5223
   29  3.0680e+12     3.0631    29    28     2.6034
   30  3.0614e+12     3.0653    30    29     2.6844
   31  2.9336e+12     3.1073    31    30     2.7652
   32  2.6175e+12     3.2219    32    31     2.8459
   33  2.4357e+12     3.2958    33    32     2.9266
   34  2.4002e+12     3.3110    34    33     3.0071
   35  2.1857e+12     3.4094    35    34     3.0876
   36  1.6125e+12     3.7439    36    35     3.1680
   37  1.4979e+12     3.8284    37    36     3.2483
   38  1.4753e+12     3.8461    38    37     3.3285
   39  1.4295e+12     3.8828    39    38     3.4087
   40  1.0319e+12     4.2776    40    39     3.4889
   41  9.9552e+11     4.3229    41    40     3.5689
   42  9.8701e+11     4.3338    42    41     3.6490
   43  7.2242e+11     4.7426    43    42     3.7290
   44  5.9150e+11     5.0191    44    43     3.8089
   45  5.8847e+11     5.0263    45    44     3.8889
   46  5.8507e+11     5.0345    46    45     3.9688
   47  5.7824e+11     5.0511    47    46     4.0486
   48  5.4287e+11     5.1412    48    47     4.1285
   49  5.3486e+11     5.1625    49    48     4.2083
   50  5.1430e+11     5.2192    50    49     4.2881
   51  5.0730e+11     5.2391    51    50     4.3678
   52  4.8683e+11     5.2994    52    51     4.4476
   53  4.7933e+11     5.3222    53    52     4.5273
   54  4.7321e+11     5.3412    54    53     4.6070
   55  4.6873e+11     5.3552    55    54     4.6867
   56  4.6802e+11     5.3575    56    55     4.7664
   57  4.2766e+11     5.4921    57    56     4.8460
   58  4.2089e+11     5.5162    58    57     4.9257
   59  4.0899e+11     5.5597    59    58     5.0053
   60  4.0262e+11     5.5836    60    59     5.0849
   61  3.5552e+11     5.7758    61    60     5.1646
   62  3.4657e+11     5.8157    62    61     5.2442
   63  3.4170e+11     5.8380    63    62     5.3238
   64  3.3257e+11     5.8808    64    63     5.4033
   65  3.2972e+11     5.8944    65    64     5.4829
   66  3.2881e+11     5.8988    66    65     5.5625
   67  2.7290e+11     6.2001    67    66     5.6421
   68  2.7113e+11     6.2108    68    67     5.7216
   69  2.7045e+11     6.2150    69    68     5.8012
   70  2.5343e+11     6.3229    70    69     5.8807
   71  1.2301e+11     7.6159    71    70     5.9602
   72  1.2192e+11     7.6330    72    71     6.0398
   73  1.1848e+11     7.6879    73    72     6.1193
   74  1.1632e+11     7.7233    74    73     6.1988
   75  1.1516e+11     7.7426    75    74     6.2783
   76  1.1287e+11     7.7815    76    75     6.3579
   77  1.0413e+11     7.9392    77    76     6.4374
   78  1.0284e+11     7.9638    78    77     6.5169
   79  8.2861e+10     8.3984    79    78     6.5964
   80  7.8665e+10     8.5055    80    79     6.6759
   81  7.8392e+10     8.5127    81    80     6.7554
   82  7.6160e+10     8.5727    82    81     6.8349
   83  7.3221e+10     8.6549    83    82     6.9143
   84  7.3213e+10     8.6551    84    83     6.9938
   85  7.2793e+10     8.6672    85    84     7.0733
   86  6.8596e+10     8.7925    86    85     7.1528
   87  6.3041e+10     8.9729    87    86     7.2323
   88  5.5666e+10     9.2434    88    87     7.3117
   89  5.5580e+10     9.2468    89    88     7.3912
   90  5.1262e+10     9.4259    90    89     7.4707
   91  5.0788e+10     9.4466    91    90     7.5502
   92  4.7343e+10     9.6044    92    91     7.6296
   93  4.6387e+10     9.6506    93    92     7.7091
   94  4.5893e+10     9.6748    94    93     7.7885
   95  4.5351e+10     9.7019    95    94     7.8680
   96  3.6994e+10    10.1735    96    95     7.9475
   97  3.5990e+10    10.2384    97    96     8.0269
   98  3.4870e+10    10.3134    98    97     8.1064
   99  3.4624e+10    10.3303    99    98     8.1858
  100  3.4496e+10    10.3391   100    99     8.2653
