#indx Mass S step-number desc_indx 
    0  3.1600e+13     1.3398     0    -1     0.0134
    1  3.0642e+13     1.3560     1     0     0.1326
    2  3.0370e+13     1.3608     2     1     0.2441
    3  2.7080e+13     1.4229     3     2     0.3500
    4  2.4533e+13     1.4781     4     3     0.4519
    5  2.2617e+13     1.5248     5     4     0.5506
    6  1.7491e+13     1.6797     6     5     0.6467
    7  1.7080e+13     1.6946     7     6     0.7407
    8  1.6102e+13     1.7320     8     7     0.8330
    9  1.5845e+13     1.7423     9     8     0.9238
   10  1.5550e+13     1.7545    10     9     1.0134
   11  1.5348e+13     1.7629    11    10     1.1018
   12  1.4760e+13     1.7884    12    11     1.1894
   13  9.0950e+12     2.1277    13    12     1.2761
   14  9.0602e+12     2.1305    14    13     1.3621
   15  8.8795e+12     2.1456    15    14     1.4474
   16  8.3840e+12     2.1891    16    15     1.5322
   17  8.1729e+12     2.2087    17    16     1.6165
   18  7.4981e+12     2.2757    18    17     1.7003
   19  7.3981e+12     2.2862    19    18     1.7838
   20  7.2606e+12     2.3011    20    19     1.8669
   21  7.1317e+12     2.3153    21    20     1.9496
   22  6.2880e+12     2.4172    22    21     2.0321
   23  5.6174e+12     2.5112    23    22     2.1143
   24  4.8302e+12     2.6414    24    23     2.1963
   25  4.0897e+12     2.7907    25    24     2.2781
   26  3.9925e+12     2.8128    26    25     2.3597
   27  3.7155e+12     2.8795    27    26     2.4411
   28  3.2387e+12     3.0104    28    27     2.5223
   29  3.1152e+12     3.0482    29    28     2.6034
   30  3.0960e+12     3.0542    30    29     2.6844
   31  3.0423e+12     3.0714    31    30     2.7652
   32  2.7185e+12     3.1835    32    31     2.8459
   33  2.6667e+12     3.2029    33    32     2.9266
   34  2.1906e+12     3.4070    34    33     3.0071
   35  2.1520e+12     3.4259    35    34     3.0876
   36  2.1251e+12     3.4393    36    35     3.1680
   37  2.0943e+12     3.4549    37    36     3.2483
   38  1.2635e+12     4.0291    38    37     3.3285
   39  1.1175e+12     4.1785    39    38     3.4087
   40  1.0834e+12     4.2169    40    39     3.4889
   41  1.0536e+12     4.2517    41    40     3.5689
   42  1.0447e+12     4.2622    42    41     3.6490
   43  1.0057e+12     4.3101    43    42     3.7290
   44  1.0012e+12     4.3157    44    43     3.8089
   45  7.8150e+11     4.6371    45    44     3.8889
   46  7.5890e+11     4.6763    46    45     3.9688
   47  7.5037e+11     4.6915    47    46     4.0486
   48  7.3696e+11     4.7157    48    47     4.1285
   49  7.3245e+11     4.7240    49    48     4.2083
   50  6.6716e+11     4.8513    50    49     4.2881
   51  6.4926e+11     4.8888    51    50     4.3678
   52  6.4691e+11     4.8938    52    51     4.4476
   53  6.2689e+11     4.9375    53    52     4.5273
   54  6.1112e+11     4.9732    54    53     4.6070
   55  5.9305e+11     5.0154    55    54     4.6867
   56  5.5213e+11     5.1169    56    55     4.7664
   57  5.0260e+11     5.2527    57    56     4.8460
   58  4.9490e+11     5.2753    58    57     4.9257
   59  4.8520e+11     5.3043    59    58     5.0053
   60  4.7662e+11     5.3306    60    59     5.0849
   61  4.6125e+11     5.3791    61    60     5.1646
   62  4.4041e+11     5.4480    62    61     5.2442
   63  4.3675e+11     5.4605    63    62     5.3238
   64  4.2649e+11     5.4963    64    63     5.4033
   65  3.9636e+11     5.6076    65    64     5.4829
   66  3.6865e+11     5.7193    66    65     5.5625
   67  3.1939e+11     5.9451    67    66     5.6421
   68  3.0429e+11     6.0227    68    67     5.7216
   69  2.7656e+11     6.1782    69    68     5.8012
   70  7.0938e+10     8.7215    70    69     5.8807
   71  7.0412e+10     8.7372    71    70     5.9602
   72  6.4688e+10     8.9175    72    71     6.0398
   73  6.2054e+10     9.0068    73    72     6.1193
   74  6.1686e+10     9.0197    74    73     6.1988
   75  6.0872e+10     9.0484    75    74     6.2783
   76  6.0304e+10     9.0687    76    75     6.3579
   77  5.9605e+10     9.0940    77    76     6.4374
   78  5.9264e+10     9.1065    78    77     6.5169
   79  5.5713e+10     9.2416    79    78     6.5964
   80  5.5289e+10     9.2584    80    79     6.6759
   81  5.5104e+10     9.2658    81    80     6.7554
   82  5.0380e+10     9.4646    82    81     6.8349
   83  4.9974e+10     9.4827    83    82     6.9143
   84  4.9445e+10     9.5066    84    83     6.9938
   85  4.9215e+10     9.5171    85    84     7.0733
   86  4.7259e+10     9.6084    86    85     7.1528
   87  3.9410e+10    10.0253    87    86     7.2323
   88  3.9351e+10    10.0288    88    87     7.3117
   89  3.7708e+10    10.1286    89    88     7.3912
   90  3.5439e+10    10.2750    90    89     7.4707
   91  3.5268e+10    10.2865    91    90     7.5502
   92  3.5035e+10    10.3022    92    91     7.6296
   93  2.9498e+10    10.7170    93    92     7.7091
   94  2.8984e+10    10.7600    94    93     7.7885
   95  2.8294e+10    10.8192    95    94     7.8680
   96  2.7495e+10    10.8899    96    95     7.9475
   97  2.3115e+10    11.3251    97    96     8.0269
   98  2.2912e+10    11.3475    98    97     8.1064
   99  2.2676e+10    11.3739    99    98     8.1858
  100  2.1878e+10    11.4657   100    99     8.2653
