#indx Mass S step-number desc_indx 
    0  3.1600e+13     1.3398     0    -1     0.0134
    1  2.5869e+13     1.4483     1     0     0.1326
    2  2.5655e+13     1.4529     2     1     0.2441
    3  1.6849e+13     1.7032     3     2     0.3500
    4  1.3329e+13     1.8562     4     3     0.4519
    5  1.3232e+13     1.8611     5     4     0.5506
    6  1.2981e+13     1.8741     6     5     0.6467
    7  1.2747e+13     1.8864     7     6     0.7407
    8  8.9945e+12     2.1360     8     7     0.8330
    9  6.6767e+12     2.3682     9     8     0.9238
   10  6.0894e+12     2.4437    10     9     1.0134
   11  3.5765e+12     2.9154    11    10     1.1018
   12  3.2512e+12     3.0066    12    11     1.1894
   13  2.6426e+12     3.2122    13    12     1.2761
   14  2.6246e+12     3.2191    14    13     1.3621
   15  2.5946e+12     3.2308    15    14     1.4474
   16  2.5865e+12     3.2340    16    15     1.5322
   17  2.5567e+12     3.2459    17    16     1.6165
   18  2.4081e+12     3.3076    18    17     1.7003
   19  2.3226e+12     3.3453    19    18     1.7838
   20  2.2650e+12     3.3717    20    19     1.8669
   21  2.2590e+12     3.3745    21    20     1.9496
   22  2.1933e+12     3.4057    22    21     2.0321
   23  2.1485e+12     3.4277    23    22     2.1143
   24  2.1206e+12     3.4416    24    23     2.1963
   25  1.1764e+12     4.1155    25    24     2.2781
   26  1.1266e+12     4.1685    26    25     2.3597
   27  1.1126e+12     4.1840    27    26     2.4411
   28  1.0980e+12     4.2002    28    27     2.5223
   29  1.0710e+12     4.2312    29    28     2.6034
   30  7.4104e+11     4.7083    30    29     2.6844
   31  7.2319e+11     4.7412    31    30     2.7652
   32  6.9754e+11     4.7903    32    31     2.8459
   33  6.9592e+11     4.7934    33    32     2.9266
   34  6.6295e+11     4.8600    34    33     3.0071
   35  6.5144e+11     4.8842    35    34     3.0876
   36  6.0319e+11     4.9915    36    35     3.1680
   37  6.0241e+11     4.9933    37    36     3.2483
   38  4.6661e+11     5.3619    38    37     3.3285
   39  4.4145e+11     5.4445    39    38     3.4087
   40  4.1448e+11     5.5395    40    39     3.4889
   41  3.9816e+11     5.6006    41    40     3.5689
   42  3.9510e+11     5.6124    42    41     3.6490
   43  3.9185e+11     5.6251    43    42     3.7290
   44  3.8705e+11     5.6440    44    43     3.8089
   45  3.7598e+11     5.6888    45    44     3.8889
   46  3.6865e+11     5.7193    46    45     3.9688
   47  3.6074e+11     5.7530    47    46     4.0486
   48  3.5902e+11     5.7604    48    47     4.1285
   49  3.5291e+11     5.7873    49    48     4.2083
   50  3.4281e+11     5.8329    50    49     4.2881
   51  2.9749e+11     6.0593    51    50     4.3678
   52  2.8835e+11     6.1099    52    51     4.4476
   53  2.8373e+11     6.1363    53    52     4.5273
   54  2.6606e+11     6.2420    54    53     4.6070
   55  2.6265e+11     6.2634    55    54     4.6867
   56  2.6196e+11     6.2677    56    55     4.7664
   57  2.5526e+11     6.3108    57    56     4.8460
   58  2.5429e+11     6.3172    58    57     4.9257
   59  2.4819e+11     6.3578    59    58     5.0053
   60  2.3249e+11     6.4681    60    59     5.0849
   61  2.2632e+11     6.5139    61    60     5.1646
   62  2.1231e+11     6.6235    62    61     5.2442
   63  1.9128e+11     6.8055    63    62     5.3238
   64  1.8863e+11     6.8301    64    63     5.4033
   65  1.6214e+11     7.1012    65    64     5.4829
   66  1.6127e+11     7.1109    66    65     5.5625
   67  1.6055e+11     7.1191    67    66     5.6421
   68  1.2641e+11     7.5640    68    67     5.7216
   69  1.2607e+11     7.5690    69    68     5.8012
   70  1.2247e+11     7.6243    70    69     5.8807
   71  1.1978e+11     7.6668    71    70     5.9602
   72  9.3232e+10     8.1591    72    71     6.0398
   73  9.2667e+10     8.1713    73    72     6.1193
   74  8.7623e+10     8.2844    74    73     6.1988
   75  8.0190e+10     8.4658    75    74     6.2783
   76  7.9222e+10     8.4909    76    75     6.3579
   77  7.6902e+10     8.5525    77    76     6.4374
   78  7.6256e+10     8.5701    78    77     6.5169
   79  7.5557e+10     8.5893    79    78     6.5964
   80  7.4744e+10     8.6118    80    79     6.6759
   81  6.2538e+10     8.9901    81    80     6.7554
   82  6.0654e+10     9.0562    82    81     6.8349
   83  5.9603e+10     9.0941    83    82     6.9143
   84  5.3355e+10     9.3370    84    83     6.9938
   85  4.9902e+10     9.4860    85    84     7.0733
   86  4.8518e+10     9.5491    86    85     7.1528
   87  4.8420e+10     9.5537    87    86     7.2323
   88  4.8204e+10     9.5637    88    87     7.3117
   89  4.7271e+10     9.6078    89    88     7.3912
   90  4.6137e+10     9.6628    90    89     7.4707
   91  4.6112e+10     9.6641    91    90     7.5502
   92  4.5664e+10     9.6863    92    91     7.6296
   93  3.6745e+10    10.1894    93    92     7.7091
   94  3.1626e+10    10.5476    94    93     7.7885
   95  3.0567e+10    10.6302    95    94     7.8680
   96  3.0562e+10    10.6306    96    95     7.9475
   97  2.9708e+10    10.6996    97    96     8.0269
   98  2.8747e+10    10.7801    98    97     8.1064
   99  2.8608e+10    10.7921    99    98     8.1858
  100  2.8539e+10    10.7980   100    99     8.2653
