#indx Mass S step-number desc_indx 
    0  3.1600e+13     1.3398     0    -1     0.0134
    1  1.8403e+12     3.5957     1     0     0.1326
    2  1.8351e+12     3.5988     2     1     0.2441
    3  1.7799e+12     3.6327     3     2     0.3500
    4  1.3809e+12     3.9233     4     3     0.4519
    5  1.3311e+12     3.9668     5     4     0.5506
    6  1.3191e+12     3.9776     6     5     0.6467
    7  1.2449e+12     4.0469     7     6     0.7407
    8  1.2330e+12     4.0585     8     7     0.8330
    9  1.1453e+12     4.1483     9     8     0.9238
   10  1.1275e+12     4.1675    10     9     1.0134
   11  1.1205e+12     4.1752    11    10     1.1018
   12  1.1112e+12     4.1855    12    11     1.1894
   13  7.7570e+11     4.6470    13    12     1.2761
   14  7.6990e+11     4.6571    14    13     1.3621
   15  7.6883e+11     4.6589    15    14     1.4474
   16  5.8555e+11     5.0333    16    15     1.5322
   17  5.7532e+11     5.0583    17    16     1.6165
   18  4.6573e+11     5.3647    18    17     1.7003
   19  3.4840e+11     5.8074    19    18     1.7838
   20  3.3988e+11     5.8464    20    19     1.8669
   21  3.3806e+11     5.8549    21    20     1.9496
   22  3.1478e+11     5.9683    22    21     2.0321
   23  3.0491e+11     6.0195    23    22     2.1143
   24  3.0113e+11     6.0396    24    23     2.1963
   25  2.9566e+11     6.0693    25    24     2.2781
   26  2.8997e+11     6.1008    26    25     2.3597
   27  2.7982e+11     6.1590    27    26     2.4411
   28  2.7242e+11     6.2030    28    27     2.5223
   29  2.6126e+11     6.2722    29    28     2.6034
   30  2.5191e+11     6.3329    30    29     2.6844
   31  2.4186e+11     6.4012    31    30     2.7652
   32  2.1575e+11     6.5958    32    31     2.8459
   33  2.0733e+11     6.6646    33    32     2.9266
   34  2.0428e+11     6.6903    34    33     3.0071
   35  1.7497e+11     6.9638    35    34     3.0876
   36  1.7195e+11     6.9950    36    35     3.1680
   37  1.4932e+11     7.2520    37    36     3.2483
   38  1.4847e+11     7.2625    38    37     3.3285
   39  1.1455e+11     7.7529    39    38     3.4087
   40  9.4931e+10     8.1228    40    39     3.4889
   41  9.3625e+10     8.1506    41    40     3.5689
   42  8.9532e+10     8.2407    42    41     3.6490
   43  6.9497e+10     8.7648    43    42     3.7290
   44  6.6998e+10     8.8426    44    43     3.8089
   45  6.5482e+10     8.8914    45    44     3.8889
   46  6.2493e+10     8.9917    46    45     3.9688
   47  6.2234e+10     9.0006    47    46     4.0486
   48  6.1002e+10     9.0438    48    47     4.1285
   49  6.0762e+10     9.0523    49    48     4.2083
   50  5.9441e+10     9.1000    50    49     4.2881
   51  5.5092e+10     9.2663    51    50     4.3678
   52  5.3660e+10     9.3244    52    51     4.4476
   53  5.3370e+10     9.3363    53    52     4.5273
   54  5.3196e+10     9.3436    54    53     4.6070
   55  5.3176e+10     9.3444    55    54     4.6867
   56  5.2804e+10     9.3600    56    55     4.7664
   57  5.2327e+10     9.3801    57    56     4.8460
   58  5.1674e+10     9.4081    58    57     4.9257
   59  4.9381e+10     9.5095    59    58     5.0053
   60  4.6703e+10     9.6351    60    59     5.0849
   61  4.6066e+10     9.6663    61    60     5.1646
   62  4.2154e+10     9.8693    62    61     5.2442
   63  4.2149e+10     9.8696    63    62     5.3238
   64  3.9304e+10    10.0316    64    63     5.4033
   65  3.8490e+10    10.0805    65    64     5.4829
   66  3.8334e+10    10.0899    66    65     5.5625
   67  3.6489e+10    10.2059    67    66     5.6421
   68  3.5208e+10    10.2906    68    67     5.7216
   69  3.5046e+10    10.3015    69    68     5.8012
   70  3.4774e+10    10.3200    70    69     5.8807
   71  3.4757e+10    10.3211    71    70     5.9602
   72  3.4600e+10    10.3320    72    71     6.0398
   73  3.4180e+10    10.3610    73    72     6.1193
   74  3.3286e+10    10.4245    74    73     6.1988
   75  3.3275e+10    10.4252    75    74     6.2783
   76  3.3210e+10    10.4300    76    75     6.3579
   77  3.3194e+10    10.4311    77    76     6.4374
   78  3.3100e+10    10.4379    78    77     6.5169
   79  3.3043e+10    10.4421    79    78     6.5964
   80  3.2530e+10    10.4796    80    79     6.6759
   81  3.2301e+10    10.4966    81    80     6.7554
   82  3.2101e+10    10.5116    82    81     6.8349
   83  3.0498e+10    10.6356    83    82     6.9143
   84  2.9995e+10    10.6761    84    83     6.9938
   85  2.8223e+10    10.8254    85    84     7.0733
   86  2.8176e+10    10.8294    86    85     7.1528
   87  2.8075e+10    10.8383    87    86     7.2323
   88  2.7945e+10    10.8497    88    87     7.3117
   89  2.7781e+10    10.8643    89    88     7.3912
   90  2.7650e+10    10.8759    90    89     7.4707
   91  2.7643e+10    10.8766    91    90     7.5502
   92  2.7610e+10    10.8796    92    91     7.6296
   93  1.8064e+10    11.9648    93    92     7.7091
   94  1.1082e+10    13.3085    94    93     7.7885
   95  1.1072e+10    13.3111    95    94     7.8680
   96  1.0787e+10    13.3858    96    95     7.9475
   97  1.0328e+10    13.5107    97    96     8.0269
   98  1.0299e+10    13.5190    98    97     8.1064
   99  1.0284e+10    13.5232    99    98     8.1858
  100  1.0271e+10    13.5268   100    99     8.2653
