#indx Mass S step-number desc_indx 
    0  3.1600e+13     1.3398     0    -1     0.0134
    1  3.0898e+13     1.3516     1     0     0.1326
    2  3.0558e+13     1.3575     2     1     0.2441
    3  2.6037e+13     1.4447     3     2     0.3500
    4  2.5480e+13     1.4567     4     3     0.4519
    5  2.1418e+13     1.5566     5     4     0.5506
    6  2.0910e+13     1.5709     6     5     0.6467
    7  2.0550e+13     1.5812     7     6     0.7407
    8  1.3148e+13     1.8654     8     7     0.8330
    9  1.1831e+13     1.9379     9     8     0.9238
   10  1.1427e+13     1.9622    10     9     1.0134
   11  1.1118e+13     1.9815    11    10     1.1018
   12  1.0457e+13     2.0253    12    11     1.1894
   13  1.0431e+13     2.0271    13    12     1.2761
   14  8.9229e+12     2.1420    14    13     1.3621
   15  8.8628e+12     2.1471    15    14     1.4474
   16  7.8313e+12     2.2417    16    15     1.5322
   17  6.7386e+12     2.3608    17    16     1.6165
   18  5.9069e+12     2.4690    18    17     1.7003
   19  5.7642e+12     2.4895    19    18     1.7838
   20  5.3740e+12     2.5489    20    19     1.8669
   21  4.7802e+12     2.6506    21    20     1.9496
   22  4.6691e+12     2.6713    22    21     2.0321
   23  4.5626e+12     2.6918    23    22     2.1143
   24  3.9380e+12     2.8254    24    23     2.1963
   25  3.7564e+12     2.8693    25    24     2.2781
   26  3.6990e+12     2.8837    26    25     2.3597
   27  3.6522e+12     2.8957    27    26     2.4411
   28  3.6341e+12     2.9004    28    27     2.5223
   29  3.0807e+12     3.0591    29    28     2.6034
   30  2.9715e+12     3.0946    30    29     2.6844
   31  2.5964e+12     3.2301    31    30     2.7652
   32  2.5104e+12     3.2646    32    31     2.8459
   33  2.2632e+12     3.3725    33    32     2.9266
   34  1.8127e+12     3.6124    34    33     3.0071
   35  1.6563e+12     3.7135    35    34     3.0876
   36  1.5149e+12     3.8154    36    35     3.1680
   37  1.5030e+12     3.8245    37    36     3.2483
   38  1.4793e+12     3.8429    38    37     3.3285
   39  1.4276e+12     3.8843    39    38     3.4087
   40  1.2856e+12     4.0082    40    39     3.4889
   41  1.2104e+12     4.0809    41    40     3.5689
   42  1.1117e+12     4.1850    42    41     3.6490
   43  1.0722e+12     4.2298    43    42     3.7290
   44  1.0532e+12     4.2521    44    43     3.8089
   45  1.0191e+12     4.2933    45    44     3.8889
   46  9.8825e+11     4.3322    46    45     3.9688
   47  9.8665e+11     4.3342    47    46     4.0486
   48  9.7556e+11     4.3486    48    47     4.1285
   49  6.6755e+11     4.8505    49    48     4.2083
   50  6.6190e+11     4.8622    50    49     4.2881
   51  6.5792e+11     4.8705    51    50     4.3678
   52  5.4405e+11     5.1380    52    51     4.4476
   53  5.4336e+11     5.1399    53    52     4.5273
   54  4.5334e+11     5.4048    54    53     4.6070
   55  4.3825e+11     5.4554    55    54     4.6867
   56  2.4101e+11     6.4072    56    55     4.7664
   57  7.2304e+10     8.6814    57    56     4.8460
   58  7.1535e+10     8.7039    58    57     4.9257
   59  7.0764e+10     8.7267    59    58     5.0053
   60  4.5978e+10     9.6707    60    59     5.0849
   61  4.4043e+10     9.7687    61    60     5.1646
   62  4.2872e+10     9.8304    62    61     5.2442
   63  4.0057e+10     9.9874    63    62     5.3238
   64  3.9248e+10    10.0349    64    63     5.4033
   65  3.9117e+10    10.0427    65    64     5.4829
   66  3.7508e+10    10.1411    66    65     5.5625
   67  3.5898e+10    10.2445    67    66     5.6421
   68  3.5727e+10    10.2558    68    67     5.7216
   69  3.5364e+10    10.2800    69    68     5.8012
   70  3.4252e+10    10.3560    70    69     5.8807
   71  3.4071e+10    10.3687    71    70     5.9602
   72  3.3957e+10    10.3767    72    71     6.0398
   73  3.2860e+10    10.4554    73    72     6.1193
   74  2.7216e+10    10.9151    74    73     6.1988
   75  2.4338e+10    11.1945    75    74     6.2783
   76  2.3617e+10    11.2706    76    75     6.3579
   77  2.3553e+10    11.2774    77    76     6.4374
   78  1.8749e+10    11.8667    78    77     6.5169
   79  1.8708e+10    11.8725    79    78     6.5964
   80  1.8209e+10    11.9437    80    79     6.6759
   81  1.6163e+10    12.2617    81    80     6.7554
   82  1.6157e+10    12.2626    82    81     6.8349
   83  1.4979e+10    12.4679    83    82     6.9143
   84  1.4839e+10    12.4935    84    83     6.9938
   85  1.4717e+10    12.5160    85    84     7.0733
   86  1.4673e+10    12.5242    86    85     7.1528
   87  1.4604e+10    12.5370    87    86     7.2323
   88  7.9669e+09    14.2749    88    87     7.3117
   89  6.7197e+09    14.7925    89    88     7.3912
   90  6.2658e+09    15.0090    90    89     7.4707
   91  6.2395e+09    15.0221    91    90     7.5502
   92  6.2068e+09    15.0384    92    91     7.6296
   93  5.7878e+09    15.2573    93    92     7.7091
   94  5.7460e+09    15.2801    94    93     7.7885
   95  5.7341e+09    15.2866    95    94     7.8680
   96  5.5208e+09    15.4064    96    95     7.9475
   97  5.3120e+09    15.5290    97    96     8.0269
   98  5.2585e+09    15.5613    98    97     8.1064
   99  5.1206e+09    15.6463    99    98     8.1858
  100  5.0883e+09    15.6665   100    99     8.2653
