#indx Mass S step-number desc_indx 
    0  3.1600e+13     1.3398     0    -1     0.0134
    1  3.0935e+13     1.3510     1     0     0.1326
    2  2.7759e+13     1.4093     2     1     0.2441
    3  2.6974e+13     1.4250     3     2     0.3500
    4  2.6049e+13     1.4444     4     3     0.4519
    5  2.5636e+13     1.4533     5     4     0.5506
    6  2.2803e+13     1.5200     6     5     0.6467
    7  1.8508e+13     1.6446     7     6     0.7407
    8  1.7576e+13     1.6767     8     7     0.8330
    9  1.5555e+13     1.7542     9     8     0.9238
   10  1.5094e+13     1.7737    10     9     1.0134
   11  1.4678e+13     1.7920    11    10     1.1018
   12  1.4224e+13     1.8127    12    11     1.1894
   13  1.3910e+13     1.8276    13    12     1.2761
   14  1.3086e+13     1.8686    14    13     1.3621
   15  1.2662e+13     1.8910    15    14     1.4474
   16  1.2542e+13     1.8975    16    15     1.5322
   17  7.6748e+12     2.2574    17    16     1.6165
   18  6.7984e+12     2.3536    18    17     1.7003
   19  6.5051e+12     2.3894    19    18     1.7838
   20  6.1476e+12     2.4358    20    19     1.8669
   21  6.1133e+12     2.4404    21    20     1.9496
   22  5.4617e+12     2.5351    22    21     2.0321
   23  3.4096e+12     2.9609    23    22     2.1143
   24  3.3909e+12     2.9661    24    23     2.1963
   25  3.2745e+12     2.9997    25    24     2.2781
   26  3.2300e+12     3.0130    26    25     2.3597
   27  2.9771e+12     3.0927    27    26     2.4411
   28  2.8860e+12     3.1236    28    27     2.5223
   29  2.8428e+12     3.1386    29    28     2.6034
   30  2.7408e+12     3.1753    30    29     2.6844
   31  2.6303e+12     3.2169    31    30     2.7652
   32  2.3253e+12     3.3441    32    31     2.8459
   33  2.2658e+12     3.3713    33    32     2.9266
   34  1.5958e+12     3.7557    34    33     3.0071
   35  1.5779e+12     3.7686    35    34     3.0876
   36  1.4361e+12     3.8774    36    35     3.1680
   37  1.4244e+12     3.8870    37    36     3.2483
   38  7.4953e+11     4.6930    38    37     3.3285
   39  6.6985e+11     4.8457    39    38     3.4087
   40  5.6290e+11     5.0893    40    39     3.4889
   41  5.5109e+11     5.1196    41    40     3.5689
   42  4.5979e+11     5.3838    42    41     3.6490
   43  3.1146e+11     5.9853    43    42     3.7290
   44  3.1034e+11     5.9911    44    43     3.8089
   45  2.8821e+11     6.1108    45    44     3.8889
   46  2.7603e+11     6.1814    46    45     3.9688
   47  2.7492e+11     6.1880    47    46     4.0486
   48  2.5931e+11     6.2847    48    47     4.1285
   49  2.5802e+11     6.2929    49    48     4.2083
   50  2.5529e+11     6.3107    50    49     4.2881
   51  2.5475e+11     6.3141    51    50     4.3678
   52  2.4680e+11     6.3672    52    51     4.4476
   53  2.3579e+11     6.4441    53    52     4.5273
   54  2.3259e+11     6.4673    54    53     4.6070
   55  2.3177e+11     6.4733    55    54     4.6867
   56  2.2684e+11     6.5099    56    55     4.7664
   57  2.0841e+11     6.6556    57    56     4.8460
   58  2.0804e+11     6.6587    58    57     4.9257
   59  1.8165e+11     6.8969    59    58     5.0053
   60  1.7766e+11     6.9365    60    59     5.0849
   61  1.5913e+11     7.1352    61    60     5.1646
   62  1.5846e+11     7.1430    62    61     5.2442
   63  1.5622e+11     7.1689    63    62     5.3238
   64  1.5410e+11     7.1940    64    63     5.4033
   65  1.3233e+11     7.4772    65    64     5.4829
   66  1.2923e+11     7.5220    66    65     5.5625
   67  1.2898e+11     7.5257    67    66     5.6421
   68  1.2402e+11     7.6003    68    67     5.7216
   69  1.0603e+11     7.9036    69    68     5.8012
   70  1.0598e+11     7.9046    70    69     5.8807
   71  1.0332e+11     7.9545    71    70     5.9602
   72  9.8257e+10     8.0541    72    71     6.0398
   73  9.6726e+10     8.0854    73    72     6.1193
   74  9.6557e+10     8.0889    74    73     6.1988
   75  9.6508e+10     8.0899    75    74     6.2783
   76  9.3237e+10     8.1590    76    75     6.3579
   77  9.1310e+10     8.2010    77    76     6.4374
   78  9.0538e+10     8.2181    78    77     6.5169
   79  8.8911e+10     8.2548    79    78     6.5964
   80  7.2324e+10     8.6808    80    79     6.6759
   81  7.1433e+10     8.7069    81    80     6.7554
   82  7.0362e+10     8.7387    82    81     6.8349
   83  5.4441e+10     9.2924    83    82     6.9143
   84  4.9013e+10     9.5263    84    83     6.9938
   85  4.8728e+10     9.5394    85    84     7.0733
   86  4.7618e+10     9.5913    86    85     7.1528
   87  4.7302e+10     9.6064    87    86     7.2323
   88  4.7270e+10     9.6079    88    87     7.3117
   89  4.6657e+10     9.6374    89    88     7.3912
   90  4.6106e+10     9.6643    90    89     7.4707
   91  4.2980e+10     9.8246    91    90     7.5502
   92  4.2723e+10     9.8385    92    91     7.6296
   93  4.2671e+10     9.8412    93    92     7.7091
   94  4.2610e+10     9.8445    94    93     7.7885
   95  4.1380e+10     9.9121    95    94     7.8680
   96  3.6252e+10    10.2213    96    95     7.9475
   97  3.6233e+10    10.2225    97    96     8.0269
   98  3.5925e+10    10.2427    98    97     8.1064
   99  3.3547e+10    10.4058    99    98     8.1858
  100  2.9423e+10    10.7232   100    99     8.2653
