#indx Mass S step-number desc_indx 
    0  3.1600e+13     1.3398     0    -1     0.0134
    1  2.9232e+13     1.3812     1     0     0.1326
    2  2.6672e+13     1.4313     2     1     0.2441
    3  2.1618e+13     1.5512     3     2     0.3500
    4  2.0616e+13     1.5793     4     3     0.4519
    5  1.9946e+13     1.5991     5     4     0.5506
    6  1.9436e+13     1.6148     6     5     0.6467
    7  1.7646e+13     1.6742     7     6     0.7407
    8  1.5453e+13     1.7585     8     7     0.8330
    9  1.5391e+13     1.7611     9     8     0.9238
   10  1.5187e+13     1.7698    10     9     1.0134
   11  1.5149e+13     1.7714    11    10     1.1018
   12  1.4850e+13     1.7844    12    11     1.1894
   13  7.4627e+12     2.2794    13    12     1.2761
   14  7.1952e+12     2.3082    14    13     1.3621
   15  5.5886e+12     2.5156    15    14     1.4474
   16  5.4893e+12     2.5308    16    15     1.5322
   17  4.9316e+12     2.6232    17    16     1.6165
   18  4.8835e+12     2.6318    18    17     1.7003
   19  4.8303e+12     2.6414    19    18     1.7838
   20  3.5290e+12     2.9281    20    19     1.8669
   21  3.2876e+12     2.9959    21    20     1.9496
   22  3.0189e+12     3.0790    22    21     2.0321
   23  2.9704e+12     3.0950    23    22     2.1143
   24  2.5884e+12     3.2333    24    23     2.1963
   25  2.5779e+12     3.2374    25    24     2.2781
   26  2.4756e+12     3.2790    26    25     2.3597
   27  2.3460e+12     3.3348    27    26     2.4411
   28  1.6834e+12     3.6951    28    27     2.5223
   29  1.6299e+12     3.7316    29    28     2.6034
   30  1.5627e+12     3.7796    30    29     2.6844
   31  1.5540e+12     3.7860    31    30     2.7652
   32  1.3338e+12     3.9644    32    31     2.8459
   33  1.3243e+12     3.9729    33    32     2.9266
   34  1.2697e+12     4.0231    34    33     3.0071
   35  1.2347e+12     4.0568    35    34     3.0876
   36  1.1976e+12     4.0937    36    35     3.1680
   37  1.1832e+12     4.1085    37    36     3.2483
   38  1.1664e+12     4.1259    38    37     3.3285
   39  1.0885e+12     4.2111    39    38     3.4087
   40  1.0178e+12     4.2949    40    39     3.4889
   41  9.1531e+11     4.4301    41    40     3.5689
   42  8.0359e+11     4.6001    42    41     3.6490
   43  7.9555e+11     4.6134    43    42     3.7290
   44  7.6492e+11     4.6657    44    43     3.8089
   45  6.3658e+11     4.9162    45    44     3.8889
   46  6.3217e+11     4.9258    46    45     3.9688
   47  6.2724e+11     4.9367    47    46     4.0486
   48  6.2425e+11     4.9434    48    47     4.1285
   49  6.0719e+11     4.9822    49    48     4.2083
   50  5.8822e+11     5.0269    50    49     4.2881
   51  5.8484e+11     5.0350    51    50     4.3678
   52  5.7534e+11     5.0583    52    51     4.4476
   53  5.7136e+11     5.0681    53    52     4.5273
   54  5.4570e+11     5.1337    54    53     4.6070
   55  5.4218e+11     5.1430    55    54     4.6867
   56  5.4057e+11     5.1473    56    55     4.7664
   57  5.0409e+11     5.2484    57    56     4.8460
   58  4.9022e+11     5.2892    58    57     4.9257
   59  4.8202e+11     5.3140    59    58     5.0053
   60  4.1917e+11     5.5224    60    59     5.0849
   61  4.1011e+11     5.5556    61    60     5.1646
   62  3.4524e+11     5.8218    62    61     5.2442
   63  3.3272e+11     5.8801    63    62     5.3238
   64  3.2931e+11     5.8964    64    63     5.4033
   65  3.2516e+11     5.9165    65    64     5.4829
   66  3.2328e+11     5.9258    66    65     5.5625
   67  3.2196e+11     5.9323    67    66     5.6421
   68  2.6067e+11     6.2759    68    67     5.7216
   69  2.5216e+11     6.3312    69    68     5.8012
   70  2.3388e+11     6.4579    70    69     5.8807
   71  2.3246e+11     6.4683    71    70     5.9602
   72  2.2754e+11     6.5047    72    71     6.0398
   73  2.1757e+11     6.5814    73    72     6.1193
   74  2.0946e+11     6.6469    74    73     6.1988
   75  1.9779e+11     6.7467    75    74     6.2783
   76  1.9754e+11     6.7489    76    75     6.3579
   77  1.5689e+11     7.1611    77    76     6.4374
   78  1.5635e+11     7.1674    78    77     6.5169
   79  1.2768e+11     7.5450    79    78     6.5964
   80  1.2521e+11     7.5821    80    79     6.6759
   81  1.0640e+11     7.8967    81    80     6.7554
   82  1.0255e+11     7.9694    82    81     6.8349
   83  1.0211e+11     7.9778    83    82     6.9143
   84  9.3805e+10     8.1468    84    83     6.9938
   85  9.2847e+10     8.1674    85    84     7.0733
   86  9.1011e+10     8.2076    86    85     7.1528
   87  8.9553e+10     8.2402    87    86     7.2323
   88  7.7331e+10     8.5410    88    87     7.3117
   89  7.7157e+10     8.5457    89    88     7.3912
   90  6.5583e+10     8.8881    90    89     7.4707
   91  6.5432e+10     8.8930    91    90     7.5502
   92  6.4474e+10     8.9246    92    91     7.6296
   93  5.9842e+10     9.0854    93    92     7.7091
   94  5.1006e+10     9.4370    94    93     7.7885
   95  5.0573e+10     9.4561    95    94     7.8680
   96  4.0690e+10     9.9510    96    95     7.9475
   97  4.0567e+10     9.9580    97    96     8.0269
   98  3.9973e+10     9.9922    98    97     8.1064
   99  3.9218e+10    10.0366    99    98     8.1858
  100  3.9155e+10    10.0404   100    99     8.2653
