#indx Mass S step-number desc_indx 
    0  3.1600e+13     1.3398     0    -1     0.0134
    1  2.8470e+13     1.3955     1     0     0.1326
    2  1.7170e+13     1.6913     2     1     0.2441
    3  1.5412e+13     1.7602     3     2     0.3500
    4  1.4858e+13     1.7841     4     3     0.4519
    5  1.3963e+13     1.8250     5     4     0.5506
    6  1.2905e+13     1.8781     6     5     0.6467
    7  1.2693e+13     1.8894     7     6     0.7407
    8  1.2495e+13     1.9001     8     7     0.8330
    9  1.2479e+13     1.9010     9     8     0.9238
   10  1.2360e+13     1.9076    10     9     1.0134
   11  1.0431e+13     2.0271    11    10     1.1018
   12  1.0067e+13     2.0528    12    11     1.1894
   13  9.2311e+12     2.1166    13    12     1.2761
   14  8.3206e+12     2.1949    14    13     1.3621
   15  6.9008e+12     2.3416    15    14     1.4474
   16  6.0982e+12     2.4425    16    15     1.5322
   17  6.0360e+12     2.4510    17    16     1.6165
   18  5.8716e+12     2.4740    18    17     1.7003
   19  5.6824e+12     2.5015    19    18     1.7838
   20  5.6273e+12     2.5097    20    19     1.8669
   21  5.4998e+12     2.5292    21    20     1.9496
   22  5.3727e+12     2.5491    22    21     2.0321
   23  5.3645e+12     2.5504    23    22     2.1143
   24  4.8629e+12     2.6355    24    23     2.1963
   25  4.8527e+12     2.6373    25    24     2.2781
   26  4.7915e+12     2.6485    26    25     2.3597
   27  4.7176e+12     2.6622    27    26     2.4411
   28  4.6632e+12     2.6725    28    27     2.5223
   29  4.5973e+12     2.6851    29    28     2.6034
   30  4.2460e+12     2.7565    30    29     2.6844
   31  4.1820e+12     2.7703    31    30     2.7652
   32  3.9119e+12     2.8316    32    31     2.8459
   33  3.6354e+12     2.9000    33    32     2.9266
   34  3.2259e+12     3.0142    34    33     3.0071
   35  3.2083e+12     3.0195    35    34     3.0876
   36  3.0802e+12     3.0592    36    35     3.1680
   37  2.9293e+12     3.1088    37    36     3.2483
   38  2.8086e+12     3.1507    38    37     3.3285
   39  1.3933e+12     3.9128    39    38     3.4087
   40  1.1920e+12     4.0995    40    39     3.4889
   41  1.1268e+12     4.1683    41    40     3.5689
   42  1.1085e+12     4.1885    42    41     3.6490
   43  5.7394e+11     5.0617    43    42     3.7290
   44  5.5227e+11     5.1166    44    43     3.8089
   45  5.5036e+11     5.1215    45    44     3.8889
   46  3.1748e+11     5.9547    46    45     3.9688
   47  3.1125e+11     5.9864    47    46     4.0486
   48  2.7637e+11     6.1794    48    47     4.1285
   49  2.6994e+11     6.2181    49    48     4.2083
   50  2.6321e+11     6.2599    50    49     4.2881
   51  2.6108e+11     6.2733    51    50     4.3678
   52  2.6037e+11     6.2778    52    51     4.4476
   53  2.5732e+11     6.2974    53    52     4.5273
   54  2.4676e+11     6.3675    54    53     4.6070
   55  2.4485e+11     6.3805    55    54     4.6867
   56  2.2357e+11     6.5347    56    55     4.7664
   57  2.1411e+11     6.6089    57    56     4.8460
   58  2.1219e+11     6.6245    58    57     4.9257
   59  2.0959e+11     6.6459    59    58     5.0053
   60  2.0791e+11     6.6598    60    59     5.0849
   61  2.0629e+11     6.6734    61    60     5.1646
   62  2.0017e+11     6.7258    62    61     5.2442
   63  1.9964e+11     6.7304    63    62     5.3238
   64  1.8424e+11     6.8718    64    63     5.4033
   65  1.7598e+11     6.9534    65    64     5.4829
   66  1.7546e+11     6.9588    66    65     5.5625
   67  1.7529e+11     6.9605    67    66     5.6421
   68  1.7441e+11     6.9695    68    67     5.7216
   69  1.7095e+11     7.0055    69    68     5.8012
   70  1.6545e+11     7.0645    70    69     5.8807
   71  1.6188e+11     7.1041    71    70     5.9602
   72  1.6169e+11     7.1062    72    71     6.0398
   73  1.5343e+11     7.2020    73    72     6.1193
   74  1.5196e+11     7.2196    74    73     6.1988
   75  1.5048e+11     7.2377    75    74     6.2783
   76  1.4374e+11     7.3224    76    75     6.3579
   77  1.2538e+11     7.5794    77    76     6.4374
   78  1.2487e+11     7.5873    78    77     6.5169
   79  1.1449e+11     7.7539    79    78     6.5964
   80  1.1431e+11     7.7570    80    79     6.6759
   81  1.0705e+11     7.8848    81    80     6.7554
   82  9.1796e+10     8.1903    82    81     6.8349
   83  8.0281e+10     8.4635    83    82     6.9143
   84  7.6618e+10     8.5602    84    83     6.9938
   85  7.6569e+10     8.5616    85    84     7.0733
   86  7.0904e+10     8.7225    86    85     7.1528
   87  6.3308e+10     8.9638    87    86     7.2323
   88  6.2755e+10     8.9826    88    87     7.3117
   89  2.4462e+10    11.1817    89    88     7.3912
   90  2.4389e+10    11.1892    90    89     7.4707
   91  1.6740e+10    12.1675    91    90     7.5502
   92  1.3279e+10    12.7992    92    91     7.6296
   93  1.3167e+10    12.8227    93    92     7.7091
   94  1.3136e+10    12.8293    94    93     7.7885
   95  1.3092e+10    12.8387    95    94     7.8680
   96  1.2733e+10    12.9162    96    95     7.9475
   97  1.2561e+10    12.9543    97    96     8.0269
   98  1.2480e+10    12.9725    98    97     8.1064
   99  1.2462e+10    12.9764    99    98     8.1858
  100  1.2452e+10    12.9786   100    99     8.2653
