#indx Mass S step-number desc_indx 
    0  3.1600e+13     1.3398     0    -1     0.0134
    1  2.9201e+13     1.3818     1     0     0.1326
    2  2.8866e+13     1.3880     2     1     0.2441
    3  2.4978e+13     1.4679     3     2     0.3500
    4  2.4584e+13     1.4769     4     3     0.4519
    5  2.3491e+13     1.5029     5     4     0.5506
    6  2.1444e+13     1.5559     6     5     0.6467
    7  2.0168e+13     1.5924     7     6     0.7407
    8  1.6900e+13     1.7013     8     7     0.8330
    9  1.5943e+13     1.7384     9     8     0.9238
   10  1.5376e+13     1.7617    10     9     1.0134
   11  1.5259e+13     1.7667    11    10     1.1018
   12  1.5094e+13     1.7737    12    11     1.1894
   13  1.1620e+13     1.9504    13    12     1.2761
   14  1.1286e+13     1.9709    14    13     1.3621
   15  1.0598e+13     2.0156    15    14     1.4474
   16  9.3978e+12     2.1033    16    15     1.5322
   17  9.0646e+12     2.1302    17    16     1.6165
   18  8.6805e+12     2.1627    18    17     1.7003
   19  8.5748e+12     2.1720    19    18     1.7838
   20  7.2661e+12     2.3005    20    19     1.8669
   21  7.1882e+12     2.3090    21    20     1.9496
   22  7.0396e+12     2.3257    22    21     2.0321
   23  6.3979e+12     2.4030    23    22     2.1143
   24  5.0767e+12     2.5980    24    23     2.1963
   25  4.9990e+12     2.6114    25    24     2.2781
   26  4.9918e+12     2.6126    26    25     2.3597
   27  4.7780e+12     2.6510    27    26     2.4411
   28  4.6964e+12     2.6662    28    27     2.5223
   29  3.8220e+12     2.8532    29    28     2.6034
   30  3.4169e+12     2.9588    30    29     2.6844
   31  3.3268e+12     2.9845    31    30     2.7652
   32  3.2967e+12     2.9932    32    31     2.8459
   33  3.2711e+12     3.0007    33    32     2.9266
   34  3.0732e+12     3.0615    34    33     3.0071
   35  2.5420e+12     3.2518    35    34     3.0876
   36  2.5011e+12     3.2685    36    35     3.1680
   37  2.1101e+12     3.4469    37    36     3.2483
   38  2.0487e+12     3.4786    38    37     3.3285
   39  2.0260e+12     3.4907    39    38     3.4087
   40  2.0177e+12     3.4951    40    39     3.4889
   41  1.8632e+12     3.5820    41    40     3.5689
   42  1.7921e+12     3.6251    42    41     3.6490
   43  1.7073e+12     3.6792    43    42     3.7290
   44  1.6621e+12     3.7095    44    43     3.8089
   45  1.4625e+12     3.8562    45    44     3.8889
   46  1.4439e+12     3.8711    46    45     3.9688
   47  1.4381e+12     3.8758    47    46     4.0486
   48  1.4052e+12     3.9028    48    47     4.1285
   49  1.4027e+12     3.9050    49    48     4.2083
   50  1.3728e+12     3.9303    50    49     4.2881
   51  1.3724e+12     3.9306    51    50     4.3678
   52  1.1488e+12     4.1446    52    51     4.4476
   53  1.1082e+12     4.1888    53    52     4.5273
   54  1.0984e+12     4.1998    54    53     4.6070
   55  1.0483e+12     4.2580    55    54     4.6867
   56  1.0395e+12     4.2684    56    55     4.7664
   57  6.7019e+11     4.8450    57    56     4.8460
   58  6.4537e+11     4.8971    58    57     4.9257
   59  6.4473e+11     4.8985    59    58     5.0053
   60  6.1758e+11     4.9584    60    59     5.0849
   61  6.1296e+11     4.9689    61    60     5.1646
   62  5.9752e+11     5.0048    62    61     5.2442
   63  5.3622e+11     5.1589    63    62     5.3238
   64  5.3363e+11     5.1659    64    63     5.4033
   65  5.1541e+11     5.2161    65    64     5.4829
   66  5.0317e+11     5.2511    66    65     5.5625
   67  5.0010e+11     5.2600    67    66     5.6421
   68  4.9936e+11     5.2622    68    67     5.7216
   69  4.6913e+11     5.3540    69    68     5.8012
   70  4.0491e+11     5.5750    70    69     5.8807
   71  2.9429e+11     6.0768    71    70     5.9602
   72  2.8967e+11     6.1025    72    71     6.0398
   73  2.8363e+11     6.1369    73    72     6.1193
   74  2.8361e+11     6.1370    74    73     6.1988
   75  2.7928e+11     6.1622    75    74     6.2783
   76  2.7914e+11     6.1630    76    75     6.3579
   77  2.7789e+11     6.1704    77    76     6.4374
   78  2.7406e+11     6.1932    78    77     6.5169
   79  2.5910e+11     6.2860    79    78     6.5964
   80  2.5733e+11     6.2974    80    79     6.6759
   81  2.5573e+11     6.3078    81    80     6.7554
   82  1.5686e+11     7.1614    82    81     6.8349
   83  1.4735e+11     7.2765    83    82     6.9143
   84  1.4639e+11     7.2886    84    83     6.9938
   85  1.4393e+11     7.3199    85    84     7.0733
   86  1.1100e+11     7.8141    86    85     7.1528
   87  1.0982e+11     7.8348    87    86     7.2323
   88  1.0354e+11     7.9503    88    87     7.3117
   89  1.0008e+11     8.0177    89    88     7.3912
   90  5.4580e+10     9.2868    90    89     7.4707
   91  4.8686e+10     9.5413    91    90     7.5502
   92  4.8243e+10     9.5619    92    91     7.6296
   93  4.7576e+10     9.5933    93    92     7.7091
   94  4.7090e+10     9.6165    94    93     7.7885
   95  4.6411e+10     9.6494    95    94     7.8680
   96  4.6137e+10     9.6628    96    95     7.9475
   97  4.3850e+10     9.7787    97    96     8.0269
   98  3.9895e+10     9.9968    98    97     8.1064
   99  3.9520e+10    10.0188    99    98     8.1858
  100  3.9032e+10    10.0477   100    99     8.2653
