#indx Mass S step-number desc_indx 
    0  3.1600e+13     1.3398     0    -1     0.0134
    1  3.1071e+13     1.3487     1     0     0.1326
    2  1.6300e+13     1.7242     2     1     0.2441
    3  1.5906e+13     1.7399     3     2     0.3500
    4  1.5434e+13     1.7593     4     3     0.4519
    5  1.4651e+13     1.7933     5     4     0.5506
    6  1.4319e+13     1.8084     6     5     0.6467
    7  1.4204e+13     1.8137     7     6     0.7407
    8  1.4036e+13     1.8216     8     7     0.8330
    9  1.2898e+13     1.8784     9     8     0.9238
   10  1.1069e+13     1.9846    10     9     1.0134
   11  7.8553e+12     2.2393    11    10     1.1018
   12  7.7312e+12     2.2517    12    11     1.1894
   13  7.3348e+12     2.2930    13    12     1.2761
   14  6.3770e+12     2.4056    14    13     1.3621
   15  5.8543e+12     2.4765    15    14     1.4474
   16  5.7112e+12     2.4973    16    15     1.5322
   17  4.8575e+12     2.6365    17    16     1.6165
   18  3.6245e+12     2.9028    18    17     1.7003
   19  3.2579e+12     3.0046    19    18     1.7838
   20  3.2247e+12     3.0146    20    19     1.8669
   21  3.1731e+12     3.0302    21    20     1.9496
   22  1.5067e+12     3.8217    22    21     2.0321
   23  1.0581e+12     4.2463    23    22     2.1143
   24  9.8757e+11     4.3331    24    23     2.1963
   25  9.7723e+11     4.3464    25    24     2.2781
   26  9.6570e+11     4.3615    26    25     2.3597
   27  9.3259e+11     4.4061    27    26     2.4411
   28  8.7605e+11     4.4868    28    27     2.5223
   29  8.7153e+11     4.4936    29    28     2.6034
   30  8.6706e+11     4.5003    30    29     2.6844
   31  8.6299e+11     4.5064    31    30     2.7652
   32  8.5794e+11     4.5140    32    31     2.8459
   33  8.5552e+11     4.5177    33    32     2.9266
   34  7.8514e+11     4.6309    34    33     3.0071
   35  7.8162e+11     4.6369    35    34     3.0876
   36  6.6428e+11     4.8572    36    35     3.1680
   37  5.8813e+11     5.0271    37    36     3.2483
   38  5.2615e+11     5.1862    38    37     3.3285
   39  5.1042e+11     5.2302    39    38     3.4087
   40  4.8732e+11     5.2979    40    39     3.4889
   41  4.8370e+11     5.3089    41    40     3.5689
   42  4.8139e+11     5.3159    42    41     3.6490
   43  4.5954e+11     5.3846    43    42     3.7290
   44  4.5746e+11     5.3913    44    43     3.8089
   45  4.4313e+11     5.4388    45    44     3.8889
   46  4.3394e+11     5.4702    46    45     3.9688
   47  4.3331e+11     5.4724    47    46     4.0486
   48  3.8770e+11     5.6414    48    47     4.1285
   49  3.4948e+11     5.8026    49    48     4.2083
   50  3.4877e+11     5.8058    50    49     4.2881
   51  3.4786e+11     5.8099    51    50     4.3678
   52  3.4633e+11     5.8168    52    51     4.4476
   53  3.4365e+11     5.8290    53    52     4.5273
   54  3.3108e+11     5.8879    54    53     4.6070
   55  3.1184e+11     5.9834    55    54     4.6867
   56  3.1123e+11     5.9865    56    55     4.7664
   57  3.0102e+11     6.0402    57    56     4.8460
   58  2.9771e+11     6.0581    58    57     4.9257
   59  2.9647e+11     6.0648    59    58     5.0053
   60  2.8316e+11     6.1396    60    59     5.0849
   61  2.8090e+11     6.1527    61    60     5.1646
   62  2.2858e+11     6.4969    62    61     5.2442
   63  2.1764e+11     6.5808    63    62     5.3238
   64  2.0999e+11     6.6425    64    63     5.4033
   65  2.0658e+11     6.6709    65    64     5.4829
   66  2.0360e+11     6.6962    66    65     5.5625
   67  1.9464e+11     6.7749    67    66     5.6421
   68  1.8993e+11     6.8180    68    67     5.7216
   69  1.4125e+11     7.3549    69    68     5.8012
   70  1.3855e+11     7.3910    70    69     5.8807
   71  8.1083e+10     8.4430    71    70     5.9602
   72  7.8329e+10     8.5144    72    71     6.0398
   73  7.1905e+10     8.6930    73    72     6.1193
   74  7.0657e+10     8.7299    74    73     6.1988
   75  6.8732e+10     8.7883    75    74     6.2783
   76  6.7490e+10     8.8270    76    75     6.3579
   77  4.7227e+10     9.6099    77    76     6.4374
   78  4.6671e+10     9.6367    78    77     6.5169
   79  4.6483e+10     9.6459    79    78     6.5964
   80  4.6213e+10     9.6591    80    79     6.6759
   81  4.6066e+10     9.6663    81    80     6.7554
   82  4.5000e+10     9.7196    82    81     6.8349
   83  4.1694e+10     9.8946    83    82     6.9143
   84  4.0417e+10     9.9666    84    83     6.9938
   85  3.9863e+10     9.9987    85    84     7.0733
   86  3.9589e+10    10.0147    86    85     7.1528
   87  3.8890e+10    10.0563    87    86     7.2323
   88  3.7183e+10    10.1615    88    87     7.3117
   89  2.6234e+10    11.0064    89    88     7.3912
   90  2.5853e+10    11.0429    90    89     7.4707
   91  2.5608e+10    11.0667    91    90     7.5502
   92  2.5557e+10    11.0717    92    91     7.6296
   93  2.5447e+10    11.0825    93    92     7.7091
   94  2.5430e+10    11.0842    94    93     7.7885
   95  2.5301e+10    11.0969    95    94     7.8680
   96  2.5297e+10    11.0973    96    95     7.9475
   97  2.3783e+10    11.2528    97    96     8.0269
   98  2.3543e+10    11.2785    98    97     8.1064
   99  1.8293e+10    11.9316    99    98     8.1858
  100  1.7838e+10    11.9982   100    99     8.2653
