#indx Mass S step-number desc_indx 
    0  3.1600e+13     1.3398     0    -1     0.0134
    1  3.0983e+13     1.3502     1     0     0.1326
    2  2.8406e+13     1.3967     2     1     0.2441
    3  2.6875e+13     1.4271     3     2     0.3500
    4  1.5960e+13     1.7377     4     3     0.4519
    5  1.4396e+13     1.8048     5     4     0.5506
    6  1.3858e+13     1.8301     6     5     0.6467
    7  1.2541e+13     1.8976     7     6     0.7407
    8  1.2139e+13     1.9200     8     7     0.8330
    9  1.1362e+13     1.9662     9     8     0.9238
   10  1.0418e+13     2.0280    10     9     1.0134
   11  1.0090e+13     2.0511    11    10     1.1018
   12  8.7787e+12     2.1542    12    11     1.1894
   13  8.2831e+12     2.1984    13    12     1.2761
   14  7.5533e+12     2.2699    14    13     1.3621
   15  6.6849e+12     2.3672    15    14     1.4474
   16  6.5860e+12     2.3793    16    15     1.5322
   17  5.9636e+12     2.4610    17    16     1.6165
   18  1.6276e+12     3.7332    18    17     1.7003
   19  1.5773e+12     3.7691    19    18     1.7838
   20  8.9775e+11     4.4551    20    19     1.8669
   21  8.7980e+11     4.4813    21    20     1.9496
   22  8.7239e+11     4.4923    22    21     2.0321
   23  8.5372e+11     4.5205    23    22     2.1143
   24  8.0458e+11     4.5985    24    23     2.1963
   25  7.9639e+11     4.6120    25    24     2.2781
   26  7.9306e+11     4.6176    26    25     2.3597
   27  7.6180e+11     4.6712    27    26     2.4411
   28  7.1210e+11     4.7622    28    27     2.5223
   29  6.6622e+11     4.8532    29    28     2.6034
   30  6.6572e+11     4.8543    30    29     2.6844
   31  6.6088e+11     4.8643    31    30     2.7652
   32  6.5943e+11     4.8673    32    31     2.8459
   33  6.5850e+11     4.8693    33    32     2.9266
   34  6.3258e+11     4.9249    34    33     3.0071
   35  6.1513e+11     4.9640    35    34     3.0876
   36  5.9657e+11     5.0070    36    35     3.1680
   37  5.5407e+11     5.1119    37    36     3.2483
   38  4.3836e+11     5.4550    38    37     3.3285
   39  4.3002e+11     5.4839    39    38     3.4087
   40  4.2764e+11     5.4922    40    39     3.4889
   41  4.2542e+11     5.5001    41    40     3.5689
   42  4.2353e+11     5.5068    42    41     3.6490
   43  4.0718e+11     5.5665    43    42     3.7290
   44  3.9293e+11     5.6209    44    43     3.8089
   45  3.9284e+11     5.6212    45    44     3.8889
   46  3.5365e+11     5.7840    46    45     3.9688
   47  3.5077e+11     5.7968    47    46     4.0486
   48  3.0749e+11     6.0059    48    47     4.1285
   49  3.0564e+11     6.0156    49    48     4.2083
   50  3.0267e+11     6.0314    50    49     4.2881
   51  2.8863e+11     6.1083    51    50     4.3678
   52  2.7628e+11     6.1799    52    51     4.4476
   53  2.6886e+11     6.2247    53    52     4.5273
   54  2.5767e+11     6.2952    54    53     4.6070
   55  2.5475e+11     6.3141    55    54     4.6867
   56  2.4692e+11     6.3664    56    55     4.7664
   57  2.4559e+11     6.3755    57    56     4.8460
   58  1.9582e+11     6.7642    58    57     4.9257
   59  1.8969e+11     6.8202    59    58     5.0053
   60  1.8854e+11     6.8309    60    59     5.0849
   61  1.8606e+11     6.8543    61    60     5.1646
   62  1.7980e+11     6.9151    62    61     5.2442
   63  1.7745e+11     6.9386    63    62     5.3238
   64  1.6341e+11     7.0869    64    63     5.4033
   65  1.3582e+11     7.4283    65    64     5.4829
   66  1.3153e+11     7.4887    66    65     5.5625
   67  1.2265e+11     7.6215    67    66     5.6421
   68  1.2198e+11     7.6320    68    67     5.7216
   69  1.2105e+11     7.6466    69    68     5.8012
   70  1.2094e+11     7.6483    70    69     5.8807
   71  1.1893e+11     7.6806    71    70     5.9602
   72  9.5421e+10     8.1125    72    71     6.0398
   73  9.4751e+10     8.1266    73    72     6.1193
   74  8.6010e+10     8.3222    74    73     6.1988
   75  6.4103e+10     8.9370    75    74     6.2783
   76  6.4076e+10     8.9378    76    75     6.3579
   77  6.0424e+10     9.0644    77    76     6.4374
   78  5.9600e+10     9.0942    78    77     6.5169
   79  5.7389e+10     9.1766    79    78     6.5964
   80  5.1192e+10     9.4289    80    79     6.6759
   81  5.0124e+10     9.4760    81    80     6.7554
   82  4.3741e+10     9.7844    82    81     6.8349
   83  4.3686e+10     9.7873    83    82     6.9143
   84  4.3383e+10     9.8032    84    83     6.9938
   85  4.3111e+10     9.8177    85    84     7.0733
   86  4.0092e+10     9.9853    86    85     7.1528
   87  3.9900e+10     9.9965    87    86     7.2323
   88  3.7164e+10    10.1627    88    87     7.3117
   89  3.5534e+10    10.2687    89    88     7.3912
   90  3.4026e+10    10.3718    90    89     7.4707
   91  3.3865e+10    10.3832    91    90     7.5502
   92  3.3848e+10    10.3843    92    91     7.6296
   93  2.4485e+10    11.1794    93    92     7.7091
   94  2.2943e+10    11.3441    94    93     7.7885
   95  2.2861e+10    11.3532    95    94     7.8680
   96  2.2150e+10    11.4340    96    95     7.9475
   97  2.1530e+10    11.5068    97    96     8.0269
   98  2.0306e+10    11.6581    98    97     8.1064
   99  1.8267e+10    11.9353    99    98     8.1858
  100  1.7802e+10    12.0036   100    99     8.2653
