#indx Mass S step-number desc_indx 
    0  3.1600e+13     1.3398     0    -1     0.0134
    1  3.1057e+13     1.3489     1     0     0.1326
    2  3.0558e+13     1.3575     2     1     0.2441
    3  3.0381e+13     1.3606     3     2     0.3500
    4  3.0025e+13     1.3669     4     3     0.4519
    5  2.9279e+13     1.3804     5     4     0.5506
    6  2.5790e+13     1.4500     6     5     0.6467
    7  2.5093e+13     1.4653     7     6     0.7407
    8  2.4373e+13     1.4818     8     7     0.8330
    9  2.5386e+12     3.2532     9     8     0.9238
   10  2.5194e+12     3.2610    10     9     1.0134
   11  2.5152e+12     3.2627    11    10     1.1018
   12  2.4889e+12     3.2735    12    11     1.1894
   13  2.4712e+12     3.2808    13    12     1.2761
   14  1.8284e+12     3.6029    14    13     1.3621
   15  1.4628e+12     3.8560    15    14     1.4474
   16  1.4574e+12     3.8603    16    15     1.5322
   17  1.4500e+12     3.8662    17    16     1.6165
   18  1.3843e+12     3.9204    18    17     1.7003
   19  1.3476e+12     3.9522    19    18     1.7838
   20  1.3428e+12     3.9564    20    19     1.8669
   21  1.3218e+12     3.9751    21    20     1.9496
   22  1.2120e+12     4.0793    22    21     2.0321
   23  1.1498e+12     4.1435    23    22     2.1143
   24  1.1388e+12     4.1553    24    23     2.1963
   25  8.4432e+11     4.5350    25    24     2.2781
   26  8.4351e+11     4.5362    26    25     2.3597
   27  8.1111e+11     4.5878    27    26     2.4411
   28  7.8546e+11     4.6304    28    27     2.5223
   29  7.6065e+11     4.6732    29    28     2.6034
   30  7.5534e+11     4.6826    30    29     2.6844
   31  5.9681e+11     5.0064    31    30     2.7652
   32  5.9532e+11     5.0100    32    31     2.8459
   33  5.9058e+11     5.0212    33    32     2.9266
   34  5.3207e+11     5.1701    34    33     3.0071
   35  5.1692e+11     5.2118    35    34     3.0876
   36  4.3410e+11     5.4697    36    35     3.1680
   37  4.3304e+11     5.4733    37    36     3.2483
   38  2.1341e+11     6.6146    38    37     3.3285
   39  2.1216e+11     6.6247    39    38     3.4087
   40  2.1000e+11     6.6425    40    39     3.4889
   41  2.0665e+11     6.6703    41    40     3.5689
   42  2.0347e+11     6.6973    42    41     3.6490
   43  2.0264e+11     6.7044    43    42     3.7290
   44  1.9855e+11     6.7400    44    43     3.8089
   45  1.7564e+11     6.9570    45    44     3.8889
   46  1.7148e+11     6.9999    46    45     3.9688
   47  1.4232e+11     7.3409    47    46     4.0486
   48  1.1772e+11     7.7002    48    47     4.1285
   49  1.1530e+11     7.7402    49    48     4.2083
   50  1.1058e+11     7.8214    50    49     4.2881
   51  6.1430e+10     9.0287    51    50     4.3678
   52  5.9542e+10     9.0963    52    51     4.4476
   53  5.9075e+10     9.1134    53    52     4.5273
   54  5.8450e+10     9.1366    54    53     4.6070
   55  5.0485e+10     9.4600    55    54     4.6867
   56  4.8780e+10     9.5370    56    55     4.7664
   57  4.4809e+10     9.7293    57    56     4.8460
   58  4.4733e+10     9.7331    58    57     4.9257
   59  4.3509e+10     9.7966    59    58     5.0053
   60  4.3146e+10     9.8158    60    59     5.0849
   61  4.2416e+10     9.8550    61    60     5.1646
   62  4.2217e+10     9.8658    62    61     5.2442
   63  4.2131e+10     9.8705    63    62     5.3238
   64  4.1486e+10     9.9062    64    63     5.4033
   65  4.1363e+10     9.9130    65    64     5.4829
   66  2.0220e+10    11.6692    66    65     5.5625
   67  1.9982e+10    11.7000    67    66     5.6421
   68  1.6982e+10    12.1291    68    67     5.7216
   69  1.5800e+10    12.3230    69    68     5.8012
   70  1.5715e+10    12.3376    70    69     5.8807
   71  1.5645e+10    12.3496    71    70     5.9602
   72  1.5435e+10    12.3863    72    71     6.0398
   73  1.5398e+10    12.3928    73    72     6.1193
   74  1.5310e+10    12.4083    74    73     6.1988
   75  1.4545e+10    12.5482    75    74     6.2783
   76  1.1056e+10    13.3151    76    75     6.3579
   77  1.0740e+10    13.3983    77    76     6.4374
   78  1.0555e+10    13.4481    78    77     6.5169
   79  1.0494e+10    13.4647    79    78     6.5964
   80  1.0177e+10    13.5533    80    79     6.6759
   81  1.0104e+10    13.5742    81    80     6.7554
   82  1.0059e+10    13.5871    82    81     6.8349
   83  9.9751e+09    13.6114    83    82     6.9143
   84  9.8628e+09    13.6443    84    83     6.9938
   85  9.7460e+09    13.6789    85    84     7.0733
   86  9.0045e+09    13.9108    86    85     7.1528
   87  8.8294e+09    13.9687    87    86     7.2323
   88  8.7149e+09    14.0073    88    87     7.3117
   89  8.6674e+09    14.0235    89    88     7.3912
   90  7.3497e+09    14.5184    90    89     7.4707
   91  6.8095e+09    14.7517    91    90     7.5502
   92  6.7414e+09    14.7826    92    91     7.6296
   93  5.9138e+09    15.1896    93    92     7.7091
   94  5.9095e+09    15.1919    94    93     7.7885
   95  5.8641e+09    15.2161    95    94     7.8680
   96  5.8080e+09    15.2463    96    95     7.9475
   97  5.7957e+09    15.2530    97    96     8.0269
   98  5.7411e+09    15.2828    98    97     8.1064
   99  5.6703e+09    15.3219    99    98     8.1858
  100  5.6453e+09    15.3359   100    99     8.2653
