#indx Mass S step-number desc_indx 
    0  3.1600e+13     1.3398     0    -1     0.0134
    1  2.7272e+13     1.4190     1     0     0.1326
    2  2.2306e+13     1.5328     2     1     0.2441
    3  2.1909e+13     1.5433     3     2     0.3500
    4  2.1503e+13     1.5543     4     3     0.4519
    5  1.2558e+13     1.8967     5     4     0.5506
    6  1.1666e+13     1.9477     6     5     0.6467
    7  1.1597e+13     1.9518     7     6     0.7407
    8  1.1452e+13     1.9606     8     7     0.8330
    9  1.1078e+13     1.9841     9     8     0.9238
   10  1.0389e+13     2.0300    10     9     1.0134
   11  9.4924e+12     2.0959    11    10     1.1018
   12  9.4363e+12     2.1003    12    11     1.1894
   13  8.5893e+12     2.1707    13    12     1.2761
   14  3.9628e+12     2.8197    14    13     1.3621
   15  3.8609e+12     2.8437    15    14     1.4474
   16  3.8559e+12     2.8449    16    15     1.5322
   17  3.7474e+12     2.8715    17    16     1.6165
   18  3.4006e+12     2.9634    18    17     1.7003
   19  3.1401e+12     3.0404    19    18     1.7838
   20  2.9789e+12     3.0921    20    19     1.8669
   21  2.8647e+12     3.1309    21    20     1.9496
   22  2.8255e+12     3.1447    22    21     2.0321
   23  2.7690e+12     3.1650    23    22     2.1143
   24  2.6167e+12     3.2222    24    23     2.1963
   25  2.1220e+12     3.4409    25    24     2.2781
   26  1.8510e+12     3.5893    26    25     2.3597
   27  1.8024e+12     3.6187    27    26     2.4411
   28  1.6712e+12     3.7033    28    27     2.5223
   29  1.6052e+12     3.7490    29    28     2.6034
   30  1.5826e+12     3.7652    30    29     2.6844
   31  1.5483e+12     3.7903    31    30     2.7652
   32  1.4655e+12     3.8538    32    31     2.8459
   33  1.4562e+12     3.8612    33    32     2.9266
   34  1.4457e+12     3.8696    34    33     3.0071
   35  1.4436e+12     3.8713    35    34     3.0876
   36  1.2888e+12     4.0053    36    35     3.1680
   37  1.2881e+12     4.0059    37    36     3.2483
   38  1.1286e+12     4.1663    38    37     3.3285
   39  1.0823e+12     4.2181    39    38     3.4087
   40  1.0630e+12     4.2405    40    39     3.4889
   41  1.0442e+12     4.2628    41    40     3.5689
   42  7.5327e+11     4.6863    42    41     3.6490
   43  7.4668e+11     4.6981    43    42     3.7290
   44  7.3717e+11     4.7153    44    43     3.8089
   45  7.2121e+11     4.7449    45    44     3.8889
   46  7.1831e+11     4.7504    46    45     3.9688
   47  6.2918e+11     4.9325    47    46     4.0486
   48  5.9701e+11     5.0060    48    47     4.1285
   49  5.9133e+11     5.0194    49    48     4.2083
   50  4.9766e+11     5.2671    50    49     4.2881
   51  4.6028e+11     5.3822    51    50     4.3678
   52  4.4030e+11     5.4484    52    51     4.4476
   53  4.3659e+11     5.4611    53    52     4.5273
   54  4.1601e+11     5.5339    54    53     4.6070
   55  4.1356e+11     5.5428    55    54     4.6867
   56  3.8544e+11     5.6504    56    55     4.7664
   57  4.7888e+10     9.5785    57    56     4.8460
   58  4.1640e+10     9.8976    58    57     4.9257
   59  2.0700e+10    11.6084    59    58     5.0053
   60  2.0607e+10    11.6200    60    59     5.0849
   61  1.8943e+10    11.8396    61    60     5.1646
   62  1.7543e+10    12.0425    62    61     5.2442
   63  1.7148e+10    12.1032    63    62     5.3238
   64  1.6725e+10    12.1700    64    63     5.4033
   65  1.6113e+10    12.2701    65    64     5.4829
   66  1.5786e+10    12.3254    66    65     5.5625
   67  1.5668e+10    12.3457    67    66     5.6421
   68  1.5556e+10    12.3650    68    67     5.7216
   69  1.5402e+10    12.3920    69    68     5.8012
   70  1.5009e+10    12.4624    70    69     5.8807
   71  1.3172e+10    12.8217    71    70     5.9602
   72  1.0892e+10    13.3581    72    71     6.0398
   73  1.0623e+10    13.4297    73    72     6.1193
   74  1.0509e+10    13.4606    74    73     6.1988
   75  9.4212e+09    13.7779    75    74     6.2783
   76  8.3733e+09    14.1261    76    75     6.3579
   77  7.9883e+09    14.2669    77    76     6.4374
   78  7.8154e+09    14.3326    78    77     6.5169
   79  7.0665e+09    14.6382    79    78     6.5964
   80  6.6795e+09    14.8110    80    79     6.6759
   81  6.5756e+09    14.8594    81    80     6.7554
   82  6.5012e+09    14.8946    82    81     6.8349
   83  6.4237e+09    14.9317    83    82     6.9143
   84  6.2148e+09    15.0344    84    83     6.9938
   85  5.8241e+09    15.2376    85    84     7.0733
   86  5.8197e+09    15.2400    86    85     7.1528
   87  5.8137e+09    15.2432    87    86     7.2323
   88  5.1274e+09    15.6420    88    87     7.3117
   89  4.7290e+09    15.9026    89    88     7.3912
   90  4.7264e+09    15.9044    90    89     7.4707
   91  4.0396e+09    16.4192    91    90     7.5502
   92  3.9752e+09    16.4725    92    91     7.6296
   93  2.9412e+09    17.4955    93    92     7.7091
   94  2.9298e+09    17.5090    94    93     7.7885
   95  2.9065e+09    17.5367    95    94     7.8680
   96  2.8934e+09    17.5525    96    95     7.9475
   97  2.8909e+09    17.5554    97    96     8.0269
   98  2.8800e+09    17.5686    98    97     8.1064
   99  2.8205e+09    17.6413    99    98     8.1858
  100  2.6796e+09    17.8207   100    99     8.2653
