#indx Mass S step-number desc_indx 
    0  3.1600e+13     1.3398     0    -1     0.0134
    1  3.0282e+13     1.3623     1     0     0.1326
    2  2.4250e+13     1.4847     2     1     0.2441
    3  2.3282e+13     1.5080     3     2     0.3500
    4  2.3233e+13     1.5092     4     3     0.4519
    5  2.2602e+13     1.5251     5     4     0.5506
    6  2.2210e+13     1.5353     6     5     0.6467
    7  1.7609e+13     1.6755     7     6     0.7407
    8  1.6761e+13     1.7065     8     7     0.8330
    9  1.5966e+13     1.7374     9     8     0.9238
   10  9.8013e+12     2.0723    10     9     1.0134
   11  9.6845e+12     2.0811    11    10     1.1018
   12  8.3272e+12     2.1943    12    11     1.1894
   13  7.5431e+12     2.2709    13    12     1.2761
   14  6.9123e+12     2.3403    14    13     1.3621
   15  6.7431e+12     2.3602    15    14     1.4474
   16  5.4358e+12     2.5392    16    15     1.5322
   17  4.7778e+12     2.6510    17    16     1.6165
   18  4.2148e+12     2.7632    18    17     1.7003
   19  3.7635e+12     2.8675    19    18     1.7838
   20  3.7361e+12     2.8744    20    19     1.8669
   21  3.6977e+12     2.8841    21    20     1.9496
   22  3.4237e+12     2.9569    22    21     2.0321
   23  3.2313e+12     3.0126    23    22     2.1143
   24  3.2263e+12     3.0141    24    23     2.1963
   25  2.8437e+12     3.1383    25    24     2.2781
   26  2.7737e+12     3.1633    26    25     2.3597
   27  2.2853e+12     3.3623    27    26     2.4411
   28  2.2687e+12     3.3700    28    27     2.5223
   29  1.9431e+12     3.5360    29    28     2.6034
   30  1.9041e+12     3.5582    30    29     2.6844
   31  1.8285e+12     3.6028    31    30     2.7652
   32  1.5622e+12     3.7800    32    31     2.8459
   33  1.4873e+12     3.8366    33    32     2.9266
   34  1.2920e+12     4.0023    34    33     3.0071
   35  1.2742e+12     4.0189    35    34     3.0876
   36  1.2733e+12     4.0197    36    35     3.1680
   37  1.2698e+12     4.0231    37    36     3.2483
   38  1.2661e+12     4.0265    38    37     3.3285
   39  1.2157e+12     4.0755    39    38     3.4087
   40  1.2076e+12     4.0837    40    39     3.4889
   41  1.1664e+12     4.1259    41    40     3.5689
   42  7.9067e+11     4.6216    42    41     3.6490
   43  7.7815e+11     4.6428    43    42     3.7290
   44  7.6137e+11     4.6719    44    43     3.8089
   45  7.5149e+11     4.6895    45    44     3.8889
   46  7.4998e+11     4.6922    46    45     3.9688
   47  7.4850e+11     4.6948    47    46     4.0486
   48  7.4709e+11     4.6974    48    47     4.1285
   49  7.4176e+11     4.7070    49    48     4.2083
   50  5.0880e+11     5.2349    50    49     4.2881
   51  5.0763e+11     5.2382    51    50     4.3678
   52  4.3118e+11     5.4798    52    51     4.4476
   53  3.5145e+11     5.7938    53    52     4.5273
   54  3.4435e+11     5.8258    54    53     4.6070
   55  3.2298e+11     5.9272    55    54     4.6867
   56  3.1637e+11     5.9602    56    55     4.7664
   57  2.5925e+11     6.2850    57    56     4.8460
   58  2.5456e+11     6.3154    58    57     4.9257
   59  2.4953e+11     6.3488    59    58     5.0053
   60  2.4836e+11     6.3566    60    59     5.0849
   61  2.3670e+11     6.4376    61    60     5.1646
   62  2.3404e+11     6.4568    62    61     5.2442
   63  1.9735e+11     6.7506    63    62     5.3238
   64  1.9485e+11     6.7730    64    63     5.4033
   65  1.9198e+11     6.7990    65    64     5.4829
   66  1.9014e+11     6.8160    66    65     5.5625
   67  1.7229e+11     6.9915    67    66     5.6421
   68  1.1714e+11     7.7097    68    67     5.7216
   69  1.1503e+11     7.7448    69    68     5.8012
   70  1.1357e+11     7.7695    70    69     5.8807
   71  1.1053e+11     7.8222    71    70     5.9602
   72  1.0724e+11     7.8814    72    71     6.0398
   73  1.0704e+11     7.8851    73    72     6.1193
   74  1.0366e+11     7.9480    74    73     6.1988
   75  1.0118e+11     7.9960    75    74     6.2783
   76  9.1396e+10     8.1991    76    75     6.3579
   77  8.7595e+10     8.2850    77    76     6.4374
   78  8.3426e+10     8.3845    78    77     6.5169
   79  8.1969e+10     8.4207    79    78     6.5964
   80  8.1950e+10     8.4211    80    79     6.6759
   81  7.9778e+10     8.4765    81    80     6.7554
   82  7.9425e+10     8.4856    82    81     6.8349
   83  7.6057e+10     8.5755    83    82     6.9143
   84  7.2420e+10     8.6780    84    83     6.9938
   85  7.0564e+10     8.7327    85    84     7.0733
   86  5.6982e+10     9.1922    86    85     7.1528
   87  5.5735e+10     9.2407    87    86     7.2323
   88  5.5544e+10     9.2483    88    87     7.3117
   89  5.5411e+10     9.2535    89    88     7.3912
   90  5.2950e+10     9.3538    90    89     7.4707
   91  5.2599e+10     9.3686    91    90     7.5502
   92  4.9543e+10     9.5021    92    91     7.6296
   93  4.9324e+10     9.5121    93    92     7.7091
   94  4.7700e+10     9.5874    94    93     7.7885
   95  4.7649e+10     9.5898    95    94     7.8680
   96  3.2780e+10    10.4612    96    95     7.9475
   97  3.1901e+10    10.5267    97    96     8.0269
   98  3.1646e+10    10.5460    98    97     8.1064
   99  3.1348e+10    10.5689    99    98     8.1858
  100  3.0706e+10    10.6191   100    99     8.2653
