#indx Mass S step-number desc_indx 
    0  3.1600e+13     1.3398     0    -1     0.0134
    1  3.1146e+13     1.3474     1     0     0.1326
    2  2.9631e+13     1.3739     2     1     0.2441
    3  2.8121e+13     1.4022     3     2     0.3500
    4  2.5591e+13     1.4543     4     3     0.4519
    5  2.4083e+13     1.4886     5     4     0.5506
    6  2.2692e+13     1.5229     6     5     0.6467
    7  2.2475e+13     1.5284     7     6     0.7407
    8  1.8525e+13     1.6441     8     7     0.8330
    9  1.6452e+13     1.7183     9     8     0.9238
   10  1.4833e+13     1.7851    10     9     1.0134
   11  1.4638e+13     1.7938    11    10     1.1018
   12  1.4303e+13     1.8091    12    11     1.1894
   13  1.4196e+13     1.8140    13    12     1.2761
   14  4.7545e+12     2.6553    14    13     1.3621
   15  4.0267e+12     2.8049    15    14     1.4474
   16  3.6738e+12     2.8901    16    15     1.5322
   17  3.4858e+12     2.9398    17    16     1.6165
   18  2.7249e+12     3.1811    18    17     1.7003
   19  2.6732e+12     3.2005    19    18     1.7838
   20  2.6502e+12     3.2093    20    19     1.8669
   21  2.6425e+12     3.2122    21    20     1.9496
   22  2.6408e+12     3.2129    22    21     2.0321
   23  2.6238e+12     3.2194    23    22     2.1143
   24  2.4916e+12     3.2724    24    23     2.1963
   25  2.4713e+12     3.2808    25    24     2.2781
   26  2.4465e+12     3.2912    26    25     2.3597
   27  2.3941e+12     3.3137    27    26     2.4411
   28  2.0242e+12     3.4916    28    27     2.5223
   29  1.9845e+12     3.5131    29    28     2.6034
   30  1.7228e+12     3.6691    30    29     2.6844
   31  1.4758e+12     3.8456    31    30     2.7652
   32  1.4198e+12     3.8907    32    31     2.8459
   33  1.3869e+12     3.9183    33    32     2.9266
   34  1.3387e+12     3.9600    34    33     3.0071
   35  1.3010e+12     3.9940    35    34     3.0876
   36  6.8223e+11     4.8206    36    35     3.1680
   37  6.7289e+11     4.8395    37    36     3.2483
   38  6.4424e+11     4.8996    38    37     3.3285
   39  5.4312e+11     5.1405    39    38     3.4087
   40  5.3822e+11     5.1535    40    39     3.4889
   41  5.1428e+11     5.2193    41    40     3.5689
   42  5.0810e+11     5.2369    42    41     3.6490
   43  4.9949e+11     5.2618    43    42     3.7290
   44  4.1299e+11     5.5450    44    43     3.8089
   45  3.6977e+11     5.7145    45    44     3.8889
   46  3.6796e+11     5.7222    46    45     3.9688
   47  3.5628e+11     5.7724    47    46     4.0486
   48  3.2440e+11     5.9203    48    47     4.1285
   49  2.9170e+11     6.0911    49    48     4.2083
   50  2.8896e+11     6.1065    50    49     4.2881
   51  2.8001e+11     6.1579    51    50     4.3678
   52  2.7772e+11     6.1714    52    51     4.4476
   53  2.7451e+11     6.1905    53    52     4.5273
   54  8.0812e+10     8.4499    54    53     4.6070
   55  7.6575e+10     8.5614    55    54     4.6867
   56  7.6101e+10     8.5743    56    55     4.7664
   57  7.4212e+10     8.6268    57    56     4.8460
   58  7.3442e+10     8.6486    58    57     4.9257
   59  6.2470e+10     8.9924    59    58     5.0053
   60  6.1867e+10     9.0134    60    59     5.0849
   61  5.9881e+10     9.0840    61    60     5.1646
   62  5.9734e+10     9.0893    62    61     5.2442
   63  5.2264e+10     9.3828    63    62     5.3238
   64  5.1840e+10     9.4009    64    63     5.4033
   65  5.1013e+10     9.4367    65    64     5.4829
   66  5.0010e+10     9.4811    66    65     5.5625
   67  4.9954e+10     9.4837    67    66     5.6421
   68  4.9218e+10     9.5169    68    67     5.7216
   69  4.5929e+10     9.6731    69    68     5.8012
   70  4.5809e+10     9.6790    70    69     5.8807
   71  4.3692e+10     9.7870    71    70     5.9602
   72  4.2921e+10     9.8278    72    71     6.0398
   73  4.1618e+10     9.8988    73    72     6.1193
   74  3.2260e+10    10.4997    74    73     6.1988
   75  3.1832e+10    10.5319    75    74     6.2783
   76  3.1256e+10    10.5761    76    75     6.3579
   77  2.9859e+10    10.6872    77    76     6.4374
   78  2.8516e+10    10.8000    78    77     6.5169
   79  2.8496e+10    10.8017    79    78     6.5964
   80  2.8453e+10    10.8054    80    79     6.6759
   81  2.5012e+10    11.1258    81    80     6.7554
   82  2.4650e+10    11.1624    82    81     6.8349
   83  2.4054e+10    11.2241    83    82     6.9143
   84  2.3988e+10    11.2311    84    83     6.9938
   85  2.3814e+10    11.2495    85    84     7.0733
   86  2.3672e+10    11.2647    86    85     7.1528
   87  2.2824e+10    11.3574    87    86     7.2323
   88  2.2778e+10    11.3625    88    87     7.3117
   89  2.2688e+10    11.3726    89    88     7.3912
   90  1.9154e+10    11.8106    90    89     7.4707
   91  1.3228e+10    12.8100    91    90     7.5502
   92  1.3143e+10    12.8278    92    91     7.6296
   93  1.2975e+10    12.8635    93    92     7.7091
   94  1.2351e+10    13.0015    94    93     7.7885
   95  1.2336e+10    13.0050    95    94     7.8680
   96  1.0982e+10    13.3344    96    95     7.9475
   97  1.0684e+10    13.4131    97    96     8.0269
   98  1.0160e+10    13.5583    98    97     8.1064
   99  1.0118e+10    13.5702    99    98     8.1858
  100  1.0068e+10    13.5845   100    99     8.2653
