#indx Mass S step-number desc_indx 
    0  3.1600e+13     1.3398     0    -1     0.0134
    1  2.9714e+13     1.3724     1     0     0.1326
    2  2.8406e+13     1.3967     2     1     0.2441
    3  2.8317e+13     1.3984     3     2     0.3500
    4  2.7372e+13     1.4170     4     3     0.4519
    5  2.6194e+13     1.4413     5     4     0.5506
    6  2.5854e+13     1.4486     6     5     0.6467
    7  2.4125e+13     1.4876     7     6     0.7407
    8  2.4076e+13     1.4888     8     7     0.8330
    9  2.1609e+13     1.5514     9     8     0.9238
   10  2.1549e+13     1.5531    10     9     1.0134
   11  1.6803e+13     1.7049    11    10     1.1018
   12  1.6583e+13     1.7133    12    11     1.1894
   13  1.6369e+13     1.7215    13    12     1.2761
   14  1.6266e+13     1.7255    14    13     1.3621
   15  1.3753e+13     1.8351    15    14     1.4474
   16  1.3306e+13     1.8573    16    15     1.5322
   17  1.2883e+13     1.8792    17    16     1.6165
   18  1.2120e+13     1.9211    18    17     1.7003
   19  8.9910e+12     2.1363    19    18     1.7838
   20  8.0916e+12     2.2164    20    19     1.8669
   21  7.8401e+12     2.2408    21    20     1.9496
   22  7.4275e+12     2.2831    22    21     2.0321
   23  7.3982e+12     2.2862    23    22     2.1143
   24  7.1632e+12     2.3118    24    23     2.1963
   25  6.4469e+12     2.3967    25    24     2.2781
   26  5.8486e+12     2.4773    26    25     2.3597
   27  5.8093e+12     2.4829    27    26     2.4411
   28  3.5590e+12     2.9201    28    27     2.5223
   29  2.9837e+12     3.0906    29    28     2.6034
   30  2.9608e+12     3.0982    30    29     2.6844
   31  2.3322e+12     3.3410    31    30     2.7652
   32  2.2539e+12     3.3769    32    31     2.8459
   33  2.1223e+12     3.4408    33    32     2.9266
   34  1.8828e+12     3.5705    34    33     3.0071
   35  1.6892e+12     3.6912    35    34     3.0876
   36  1.6687e+12     3.7050    36    35     3.1680
   37  1.4427e+12     3.8721    37    36     3.2483
   38  1.4376e+12     3.8761    38    37     3.3285
   39  1.4151e+12     3.8946    39    38     3.4087
   40  1.3750e+12     3.9284    40    39     3.4889
   41  1.1850e+12     4.1067    41    40     3.5689
   42  9.2121e+11     4.4218    42    41     3.6490
   43  9.0808e+11     4.4403    43    42     3.7290
   44  8.9150e+11     4.4642    44    43     3.8089
   45  8.1332e+11     4.5842    45    44     3.8889
   46  7.9228e+11     4.6189    46    45     3.9688
   47  7.8541e+11     4.6305    47    46     4.0486
   48  7.7937e+11     4.6407    48    47     4.1285
   49  7.6973e+11     4.6574    49    48     4.2083
   50  6.8348e+11     4.8181    50    49     4.2881
   51  6.4243e+11     4.9035    51    50     4.3678
   52  6.0177e+11     4.9948    52    51     4.4476
   53  5.7801e+11     5.0517    53    52     4.5273
   54  5.2080e+11     5.2010    54    53     4.6070
   55  5.0958e+11     5.2326    55    54     4.6867
   56  3.4849e+11     5.8070    56    55     4.7664
   57  3.2478e+11     5.9184    57    56     4.8460
   58  3.2228e+11     5.9307    58    57     4.9257
   59  3.2197e+11     5.9322    59    58     5.0053
   60  3.1126e+11     5.9863    60    59     5.0849
   61  3.0728e+11     6.0070    61    60     5.1646
   62  2.9817e+11     6.0556    62    61     5.2442
   63  2.9748e+11     6.0593    63    62     5.3238
   64  2.9098e+11     6.0952    64    63     5.4033
   65  2.6177e+11     6.2690    65    64     5.4829
   66  2.3573e+11     6.4446    66    65     5.5625
   67  2.2449e+11     6.5277    67    66     5.6421
   68  2.1946e+11     6.5665    68    67     5.7216
   69  1.6245e+11     7.0977    69    68     5.8012
   70  1.2404e+11     7.5999    70    69     5.8807
   71  1.2351e+11     7.6081    71    70     5.9602
   72  1.2105e+11     7.6466    72    71     6.0398
   73  7.6938e+10     8.5516    73    72     6.1193
   74  7.6859e+10     8.5537    74    73     6.1988
   75  7.4057e+10     8.6311    75    74     6.2783
   76  6.5138e+10     8.9026    76    75     6.3579
   77  6.2435e+10     8.9936    77    76     6.4374
   78  5.0648e+10     9.4528    78    77     6.5169
   79  5.0241e+10     9.4708    79    78     6.5964
   80  4.6250e+10     9.6573    80    79     6.6759
   81  4.2218e+10     9.8658    81    80     6.7554
   82  4.1933e+10     9.8814    82    81     6.8349
   83  4.1925e+10     9.8819    83    82     6.9143
   84  4.0529e+10     9.9602    84    83     6.9938
   85  3.3723e+10    10.3932    85    84     7.0733
   86  3.2394e+10    10.4897    86    85     7.1528
   87  3.2291e+10    10.4974    87    86     7.2323
   88  3.1689e+10    10.5428    88    87     7.3117
   89  2.6655e+10    10.9668    89    88     7.3912
   90  2.6458e+10    10.9853    90    89     7.4707
   91  2.6230e+10    11.0068    91    90     7.5502
   92  2.6086e+10    11.0206    92    91     7.6296
   93  2.6070e+10    11.0221    93    92     7.7091
   94  2.5282e+10    11.0988    94    93     7.7885
   95  2.4930e+10    11.1340    95    94     7.8680
   96  2.2617e+10    11.3807    96    95     7.9475
   97  2.2137e+10    11.4354    97    96     8.0269
   98  2.1544e+10    11.5052    98    97     8.1064
   99  2.1157e+10    11.5519    99    98     8.1858
  100  2.0672e+10    11.6118   100    99     8.2653
