#indx Mass S step-number desc_indx 
    0  3.1600e+13     1.3398     0    -1     0.0134
    1  3.0786e+13     1.3536     1     0     0.1326
    2  3.0214e+13     1.3635     2     1     0.2441
    3  2.8451e+13     1.3959     3     2     0.3500
    4  2.5551e+13     1.4552     4     3     0.4519
    5  2.4288e+13     1.4838     5     4     0.5506
    6  2.2732e+13     1.5218     6     5     0.6467
    7  2.1444e+13     1.5559     7     6     0.7407
    8  1.5102e+13     1.7734     8     7     0.8330
    9  1.4043e+13     1.8212     9     8     0.9238
   10  1.2174e+13     1.9180    10     9     1.0134
   11  1.1814e+13     1.9389    11    10     1.1018
   12  1.1310e+13     1.9694    12    11     1.1894
   13  9.6633e+12     2.0827    13    12     1.2761
   14  8.9945e+12     2.1360    14    13     1.3621
   15  8.7519e+12     2.1565    15    14     1.4474
   16  8.6908e+12     2.1618    16    15     1.5322
   17  8.4408e+12     2.1840    17    16     1.6165
   18  8.1782e+12     2.2082    18    17     1.7003
   19  8.1596e+12     2.2099    19    18     1.7838
   20  7.7154e+12     2.2533    20    19     1.8669
   21  7.2954e+12     2.2973    21    20     1.9496
   22  6.6267e+12     2.3743    22    21     2.0321
   23  6.4856e+12     2.3918    23    22     2.1143
   24  6.4274e+12     2.3992    24    23     2.1963
   25  5.7401e+12     2.4930    25    24     2.2781
   26  5.0807e+12     2.5973    26    25     2.3597
   27  4.9938e+12     2.6123    27    26     2.4411
   28  4.6119e+12     2.6823    28    27     2.5223
   29  4.4900e+12     2.7062    29    28     2.6034
   30  4.4094e+12     2.7224    30    29     2.6844
   31  4.1664e+12     2.7737    31    30     2.7652
   32  4.1350e+12     2.7806    32    31     2.8459
   33  3.9399e+12     2.8250    33    32     2.9266
   34  3.8186e+12     2.8540    34    33     3.0071
   35  3.7971e+12     2.8593    35    34     3.0876
   36  3.6911e+12     2.8857    36    35     3.1680
   37  2.6216e+12     3.2203    37    36     3.2483
   38  2.4443e+12     3.2922    38    37     3.3285
   39  2.3825e+12     3.3188    39    38     3.4087
   40  2.0028e+12     3.5031    40    39     3.4889
   41  1.9987e+12     3.5053    41    40     3.5689
   42  1.2866e+12     4.0073    42    41     3.6490
   43  1.2760e+12     4.0172    43    42     3.7290
   44  1.0779e+12     4.2232    44    43     3.8089
   45  1.0616e+12     4.2421    45    44     3.8889
   46  1.0390e+12     4.2691    46    45     3.9688
   47  9.1740e+11     4.4272    47    46     4.0486
   48  8.9925e+11     4.4530    48    47     4.1285
   49  8.5996e+11     4.5110    49    48     4.2083
   50  6.2464e+11     4.9425    50    49     4.2881
   51  6.0451e+11     4.9884    51    50     4.3678
   52  5.9637e+11     5.0075    52    51     4.4476
   53  5.8191e+11     5.0421    53    52     4.5273
   54  5.7579e+11     5.0571    54    53     4.6070
   55  5.0964e+11     5.2325    55    54     4.6867
   56  5.0060e+11     5.2585    56    55     4.7664
   57  4.7884e+11     5.3237    57    56     4.8460
   58  4.7862e+11     5.3244    58    57     4.9257
   59  4.0293e+11     5.5825    59    58     5.0053
   60  3.9870e+11     5.5986    60    59     5.0849
   61  3.8717e+11     5.6436    61    60     5.1646
   62  3.6613e+11     5.7299    62    61     5.2442
   63  3.6186e+11     5.7482    63    62     5.3238
   64  3.6164e+11     5.7491    64    63     5.4033
   65  2.7047e+11     6.2149    65    64     5.4829
   66  2.3274e+11     6.4662    66    65     5.5625
   67  2.2680e+11     6.5102    67    66     5.6421
   68  2.0611e+11     6.6749    68    67     5.7216
   69  2.0451e+11     6.6884    69    68     5.8012
   70  1.7886e+11     6.9245    70    69     5.8807
   71  1.7535e+11     6.9598    71    70     5.9602
   72  1.7263e+11     6.9879    72    71     6.0398
   73  1.6277e+11     7.0942    73    72     6.1193
   74  1.5218e+11     7.2170    74    73     6.1988
   75  1.5121e+11     7.2287    75    74     6.2783
   76  1.5017e+11     7.2414    76    75     6.3579
   77  1.4006e+11     7.3707    77    76     6.4374
   78  1.3784e+11     7.4006    78    77     6.5169
   79  1.2896e+11     7.5260    79    78     6.5964
   80  1.2055e+11     7.6546    80    79     6.6759
   81  1.2040e+11     7.6569    81    80     6.7554
   82  1.0379e+11     7.9456    82    81     6.8349
   83  1.0337e+11     7.9536    83    82     6.9143
   84  9.9647e+10     8.0262    84    83     6.9938
   85  9.8301e+10     8.0532    85    84     7.0733
   86  9.1783e+10     8.1906    86    85     7.1528
   87  8.2737e+10     8.4015    87    86     7.2323
   88  8.1187e+10     8.4404    88    87     7.3117
   89  7.8036e+10     8.5222    89    88     7.3912
   90  7.7906e+10     8.5256    90    89     7.4707
   91  7.7718e+10     8.5306    91    90     7.5502
   92  7.7563e+10     8.5348    92    91     7.6296
   93  7.5271e+10     8.5972    93    92     7.7091
   94  6.7015e+10     8.8420    94    93     7.7885
   95  6.6617e+10     8.8547    95    94     7.8680
   96  5.8014e+10     9.1529    96    95     7.9475
   97  5.7192e+10     9.1841    97    96     8.0269
   98  5.7157e+10     9.1855    98    97     8.1064
   99  4.4238e+10     9.7585    99    98     8.1858
  100  4.3985e+10     9.7717   100    99     8.2653
