#indx Mass S step-number desc_indx 
    0  3.1600e+13     1.3398     0    -1     0.0134
    1  2.7084e+13     1.4228     1     0     0.1326
    2  2.5993e+13     1.4456     2     1     0.2441
    3  2.4726e+13     1.4737     3     2     0.3500
    4  2.4164e+13     1.4867     4     3     0.4519
    5  2.3878e+13     1.4935     5     4     0.5506
    6  2.3328e+13     1.5069     6     5     0.6467
    7  2.2095e+13     1.5384     7     6     0.7407
    8  2.0662e+13     1.5780     8     7     0.8330
    9  2.0235e+13     1.5904     9     8     0.9238
   10  1.2524e+13     1.8985    10     9     1.0134
   11  1.2061e+13     1.9245    11    10     1.1018
   12  1.1874e+13     1.9353    12    11     1.1894
   13  1.1697e+13     1.9458    13    12     1.2761
   14  1.0469e+13     2.0245    14    13     1.3621
   15  8.9401e+12     2.1405    15    14     1.4474
   16  8.8130e+12     2.1513    16    15     1.5322
   17  8.5301e+12     2.1760    17    16     1.6165
   18  8.2915e+12     2.1976    18    17     1.7003
   19  8.2850e+12     2.1982    19    18     1.7838
   20  7.5164e+12     2.2737    20    19     1.8669
   21  7.1933e+12     2.3084    21    20     1.9496
   22  7.1550e+12     2.3127    22    21     2.0321
   23  7.1326e+12     2.3152    23    22     2.1143
   24  5.8585e+12     2.4759    24    23     2.1963
   25  5.7152e+12     2.4967    25    24     2.2781
   26  5.5944e+12     2.5147    26    25     2.3597
   27  4.2278e+12     2.7604    27    26     2.4411
   28  4.0376e+12     2.8024    28    27     2.5223
   29  3.9303e+12     2.8272    29    28     2.6034
   30  3.8524e+12     2.8458    30    29     2.6844
   31  3.6345e+12     2.9002    31    30     2.7652
   32  3.5027e+12     2.9352    32    31     2.8459
   33  3.4503e+12     2.9495    33    32     2.9266
   34  3.3411e+12     2.9803    34    33     3.0071
   35  3.2513e+12     3.0066    35    34     3.0876
   36  3.2459e+12     3.0082    36    35     3.1680
   37  3.1039e+12     3.0517    37    36     3.2483
   38  3.0291e+12     3.0757    38    37     3.3285
   39  2.0261e+12     3.4906    39    38     3.4087
   40  2.0196e+12     3.4941    40    39     3.4889
   41  1.9593e+12     3.5270    41    40     3.5689
   42  1.8491e+12     3.5904    42    41     3.6490
   43  1.7385e+12     3.6589    43    42     3.7290
   44  1.7200e+12     3.6710    44    43     3.8089
   45  1.7146e+12     3.6744    45    44     3.8889
   46  1.5498e+12     3.7892    46    45     3.9688
   47  1.5402e+12     3.7963    47    46     4.0486
   48  1.4424e+12     3.8723    48    47     4.1285
   49  1.4391e+12     3.8750    49    48     4.2083
   50  1.4191e+12     3.8913    50    49     4.2881
   51  1.2980e+12     3.9968    51    50     4.3678
   52  1.2726e+12     4.0205    52    51     4.4476
   53  1.2072e+12     4.0841    53    52     4.5273
   54  1.1473e+12     4.1461    54    53     4.6070
   55  1.0473e+12     4.2591    55    54     4.6867
   56  1.0100e+12     4.3046    56    55     4.7664
   57  9.8700e+11     4.3338    57    56     4.8460
   58  9.2748e+11     4.4131    58    57     4.9257
   59  9.1861e+11     4.4255    59    58     5.0053
   60  9.0655e+11     4.4425    60    59     5.0849
   61  9.0165e+11     4.4495    61    60     5.1646
   62  8.0183e+11     4.6030    62    61     5.2442
   63  7.3037e+11     4.7279    63    62     5.3238
   64  7.2723e+11     4.7337    64    63     5.4033
   65  7.0238e+11     4.7808    65    64     5.4829
   66  6.8850e+11     4.8081    66    65     5.5625
   67  6.8686e+11     4.8113    67    66     5.6421
   68  6.2615e+11     4.9392    68    67     5.7216
   69  6.1679e+11     4.9602    69    68     5.8012
   70  5.7036e+11     5.0706    70    69     5.8807
   71  5.6740e+11     5.0780    71    70     5.9602
   72  3.9663e+11     5.6065    72    71     6.0398
   73  3.6851e+11     5.7198    73    72     6.1193
   74  3.6739e+11     5.7246    74    73     6.1988
   75  3.5137e+11     5.7941    75    74     6.2783
   76  3.4841e+11     5.8074    76    75     6.3579
   77  3.3386e+11     5.8747    77    76     6.4374
   78  3.3238e+11     5.8817    78    77     6.5169
   79  3.3164e+11     5.8852    79    78     6.5964
   80  2.2738e+11     6.5059    80    79     6.6759
   81  2.1924e+11     6.5682    81    80     6.7554
   82  2.1846e+11     6.5743    82    81     6.8349
   83  2.1581e+11     6.5953    83    82     6.9143
   84  2.1024e+11     6.6404    84    83     6.9938
   85  2.0739e+11     6.6641    85    84     7.0733
   86  2.0140e+11     6.7151    86    85     7.1528
   87  1.9279e+11     6.7916    87    86     7.2323
   88  9.9975e+10     8.0197    88    87     7.3117
   89  9.9624e+10     8.0266    89    88     7.3912
   90  9.9256e+10     8.0340    90    89     7.4707
   91  9.8431e+10     8.0506    91    90     7.5502
   92  9.2105e+10     8.1835    92    91     7.6296
   93  9.2022e+10     8.1853    93    92     7.7091
   94  8.6695e+10     8.3061    94    93     7.7885
   95  8.4370e+10     8.3615    95    94     7.8680
   96  8.2488e+10     8.4077    96    95     7.9475
   97  7.9319e+10     8.4884    97    96     8.0269
   98  6.6120e+10     8.8707    98    97     8.1064
   99  6.5136e+10     8.9027    99    98     8.1858
  100  6.3722e+10     8.9498   100    99     8.2653
