#indx Mass S step-number desc_indx 
    0  3.1600e+13     1.3398     0    -1     0.0134
    1  3.1163e+13     1.3471     1     0     0.1326
    2  2.3012e+13     1.5147     2     1     0.2441
    3  2.1491e+13     1.5546     3     2     0.3500
    4  1.8726e+13     1.6375     4     3     0.4519
    5  1.7396e+13     1.6831     5     4     0.5506
    6  1.6700e+13     1.7088     6     5     0.6467
    7  1.6488e+13     1.7169     7     6     0.7407
    8  1.3675e+13     1.8390     8     7     0.8330
    9  1.1229e+13     1.9745     9     8     0.9238
   10  1.1183e+13     1.9774    10     9     1.0134
   11  1.0240e+13     2.0404    11    10     1.1018
   12  9.9480e+12     2.0615    12    11     1.1894
   13  9.7446e+12     2.0766    13    12     1.2761
   14  9.5771e+12     2.0893    14    13     1.3621
   15  8.8892e+12     2.1448    15    14     1.4474
   16  8.8308e+12     2.1498    16    15     1.5322
   17  8.4460e+12     2.1835    17    16     1.6165
   18  6.8102e+12     2.3522    18    17     1.7003
   19  6.7120e+12     2.3640    19    18     1.7838
   20  5.7399e+12     2.4930    20    19     1.8669
   21  5.3197e+12     2.5576    21    20     1.9496
   22  5.1002e+12     2.5940    22    21     2.0321
   23  4.7544e+12     2.6553    23    22     2.1143
   24  3.0740e+12     3.0612    24    23     2.1963
   25  2.8938e+12     3.1209    25    24     2.2781
   26  2.8379e+12     3.1403    26    25     2.3597
   27  2.7837e+12     3.1597    27    26     2.4411
   28  1.3911e+12     3.9147    28    27     2.5223
   29  1.3445e+12     3.9549    29    28     2.6034
   30  1.0782e+12     4.2229    30    29     2.6844
   31  7.5550e+11     4.6823    31    30     2.7652
   32  7.4768e+11     4.6963    32    31     2.8459
   33  7.0812e+11     4.7698    33    32     2.9266
   34  6.2560e+11     4.9404    34    33     3.0071
   35  6.0875e+11     4.9786    35    34     3.0876
   36  5.6522e+11     5.0835    36    35     3.1680
   37  5.2386e+11     5.1925    37    36     3.2483
   38  3.1921e+11     5.9460    38    37     3.3285
   39  3.1464e+11     5.9691    39    38     3.4087
   40  3.0002e+11     6.0456    40    39     3.4889
   41  2.9613e+11     6.0667    41    40     3.5689
   42  2.9025e+11     6.0993    42    41     3.6490
   43  2.8013e+11     6.1572    43    42     3.7290
   44  2.6320e+11     6.2599    44    43     3.8089
   45  2.5917e+11     6.2855    45    44     3.8889
   46  2.0647e+11     6.6718    46    45     3.9688
   47  2.0490e+11     6.6851    47    46     4.0486
   48  1.9867e+11     6.7389    48    47     4.1285
   49  1.9785e+11     6.7462    49    48     4.2083
   50  1.5778e+11     7.1508    50    49     4.2881
   51  1.5422e+11     7.1925    51    50     4.3678
   52  1.5053e+11     7.2371    52    51     4.4476
   53  1.4921e+11     7.2533    53    52     4.5273
   54  8.1672e+10     8.4281    54    53     4.6070
   55  8.1030e+10     8.4444    55    54     4.6867
   56  8.0734e+10     8.4519    56    55     4.7664
   57  7.9878e+10     8.4739    57    56     4.8460
   58  7.5763e+10     8.5836    58    57     4.9257
   59  7.2004e+10     8.6901    59    58     5.0053
   60  6.9784e+10     8.7561    60    59     5.0849
   61  6.8995e+10     8.7802    61    60     5.1646
   62  6.1562e+10     9.0240    62    61     5.2442
   63  5.5491e+10     9.2504    63    62     5.3238
   64  5.4088e+10     9.3068    64    63     5.4033
   65  4.9360e+10     9.5104    65    64     5.4829
   66  4.9104e+10     9.5221    66    65     5.5625
   67  4.9091e+10     9.5227    67    66     5.6421
   68  4.3037e+10     9.8216    68    67     5.7216
   69  4.2744e+10     9.8373    69    68     5.8012
   70  4.2688e+10     9.8403    70    69     5.8807
   71  4.1701e+10     9.8942    71    70     5.9602
   72  4.1654e+10     9.8968    72    71     6.0398
   73  4.1579e+10     9.9010    73    72     6.1193
   74  4.1166e+10     9.9241    74    73     6.1988
   75  4.0879e+10     9.9403    75    74     6.2783
   76  3.5136e+10    10.2954    76    75     6.3579
   77  2.7948e+10    10.8495    77    76     6.4374
   78  2.4792e+10    11.1479    78    77     6.5169
   79  2.4543e+10    11.1734    79    78     6.5964
   80  1.6676e+10    12.1778    80    79     6.6759
   81  1.3115e+10    12.8337    81    80     6.7554
   82  1.0419e+10    13.4855    82    81     6.8349
   83  1.0268e+10    13.5276    83    82     6.9143
   84  9.7544e+09    13.6764    84    83     6.9938
   85  9.3665e+09    13.7949    85    84     7.0733
   86  9.1960e+09    13.8489    86    85     7.1528
   87  9.1709e+09    13.8569    87    86     7.2323
   88  9.0761e+09    13.8874    88    87     7.3117
   89  9.0598e+09    13.8927    89    88     7.3912
   90  8.8494e+09    13.9620    90    89     7.4707
   91  8.7367e+09    14.0000    91    90     7.5502
   92  8.5540e+09    14.0626    92    91     7.6296
   93  8.5486e+09    14.0645    93    92     7.7091
   94  8.3837e+09    14.1224    94    93     7.7885
   95  8.3638e+09    14.1295    95    94     7.8680
   96  7.4512e+09    14.4768    96    95     7.9475
   97  7.4405e+09    14.4811    97    96     8.0269
   98  6.0497e+09    15.1185    98    97     8.1064
   99  5.9463e+09    15.1724    99    98     8.1858
  100  5.4358e+09    15.4557   100    99     8.2653
