#indx Mass S step-number desc_indx 
    0  3.1600e+13     1.3398     0    -1     0.0134
    1  2.7746e+13     1.4096     1     0     0.1326
    2  2.7356e+13     1.4173     2     1     0.2441
    3  2.3104e+13     1.5124     3     2     0.3500
    4  2.1279e+13     1.5605     4     3     0.4519
    5  1.7194e+13     1.6904     5     4     0.5506
    6  1.7011e+13     1.6971     6     5     0.6467
    7  1.6665e+13     1.7101     7     6     0.7407
    8  1.4818e+13     1.7858     8     7     0.8330
    9  1.4775e+13     1.7877     9     8     0.9238
   10  1.4479e+13     1.8010    10     9     1.0134
   11  1.3710e+13     1.8372    11    10     1.1018
   12  1.2268e+13     1.9127    12    11     1.1894
   13  1.2040e+13     1.9257    13    12     1.2761
   14  1.1815e+13     1.9388    14    13     1.3621
   15  1.1669e+13     1.9475    15    14     1.4474
   16  1.1659e+13     1.9481    16    15     1.5322
   17  1.1603e+13     1.9514    17    16     1.6165
   18  9.9216e+12     2.0634    18    17     1.7003
   19  9.8925e+12     2.0656    19    18     1.7838
   20  9.2510e+12     2.1150    20    19     1.8669
   21  9.0667e+12     2.1300    21    20     1.9496
   22  8.0298e+12     2.2223    22    21     2.0321
   23  6.3591e+12     2.4079    23    22     2.1143
   24  5.8874e+12     2.4717    24    23     2.1963
   25  5.7498e+12     2.4916    25    24     2.2781
   26  5.4394e+12     2.5386    26    25     2.3597
   27  5.3137e+12     2.5586    27    26     2.4411
   28  5.2147e+12     2.5748    28    27     2.5223
   29  5.0326e+12     2.6055    29    28     2.6034
   30  4.8184e+12     2.6436    30    29     2.6844
   31  4.5141e+12     2.7014    31    30     2.7652
   32  4.2879e+12     2.7476    32    31     2.8459
   33  4.2749e+12     2.7504    33    32     2.9266
   34  4.2340e+12     2.7591    34    33     3.0071
   35  4.2103e+12     2.7642    35    34     3.0876
   36  3.9446e+12     2.8239    36    35     3.1680
   37  3.8789e+12     2.8394    37    36     3.2483
   38  3.8610e+12     2.8437    38    37     3.3285
   39  3.8283e+12     2.8516    39    38     3.4087
   40  3.6786e+12     2.8889    40    39     3.4889
   41  3.4896e+12     2.9387    41    40     3.5689
   42  2.8712e+12     3.1287    42    41     3.6490
   43  2.8531e+12     3.1350    43    42     3.7290
   44  7.1522e+11     4.7562    44    43     3.8089
   45  7.0780e+11     4.7704    45    44     3.8889
   46  6.7805e+11     4.8290    46    45     3.9688
   47  6.7578e+11     4.8336    47    46     4.0486
   48  6.2883e+11     4.9332    48    47     4.1285
   49  6.2499e+11     4.9418    49    48     4.2083
   50  6.1053e+11     4.9745    50    49     4.2881
   51  6.0645e+11     4.9839    51    50     4.3678
   52  5.8917e+11     5.0246    52    51     4.4476
   53  5.8550e+11     5.0334    53    52     4.5273
   54  5.5922e+11     5.0987    54    53     4.6070
   55  5.4693e+11     5.1305    55    54     4.6867
   56  5.4076e+11     5.1468    56    55     4.7664
   57  5.2511e+11     5.1891    57    56     4.8460
   58  4.9784e+11     5.2666    58    57     4.9257
   59  4.9376e+11     5.2787    59    58     5.0053
   60  4.8545e+11     5.3036    60    59     5.0849
   61  4.8189e+11     5.3144    61    60     5.1646
   62  4.7434e+11     5.3376    62    61     5.2442
   63  4.5684e+11     5.3933    63    62     5.3238
   64  4.5619e+11     5.3954    64    63     5.4033
   65  4.2030e+11     5.5184    65    64     5.4829
   66  3.8901e+11     5.6363    66    65     5.5625
   67  3.7222e+11     5.7043    67    66     5.6421
   68  3.6655e+11     5.7281    68    67     5.7216
   69  3.4203e+11     5.8364    69    68     5.8012
   70  3.2132e+11     5.9355    70    69     5.8807
   71  3.1780e+11     5.9530    71    70     5.9602
   72  3.0005e+11     6.0454    72    71     6.0398
   73  2.8291e+11     6.1410    73    72     6.1193
   74  2.7785e+11     6.1706    74    73     6.1988
   75  2.7373e+11     6.1951    75    74     6.2783
   76  2.7238e+11     6.2033    76    75     6.3579
   77  2.6184e+11     6.2685    77    76     6.4374
   78  2.1941e+11     6.5669    78    77     6.5169
   79  2.1866e+11     6.5728    79    78     6.5964
   80  2.0586e+11     6.6769    80    79     6.6759
   81  2.0464e+11     6.6873    81    80     6.7554
   82  2.0443e+11     6.6891    82    81     6.8349
   83  2.0299e+11     6.7014    83    82     6.9143
   84  1.6123e+11     7.1114    84    83     6.9938
   85  1.4844e+11     7.2628    85    84     7.0733
   86  1.4795e+11     7.2689    86    85     7.1528
   87  1.4728e+11     7.2773    87    86     7.2323
   88  1.4608e+11     7.2925    88    87     7.3117
   89  1.4513e+11     7.3046    89    88     7.3912
   90  1.4382e+11     7.3214    90    89     7.4707
   91  1.4117e+11     7.3559    91    90     7.5502
   92  1.3521e+11     7.4367    92    91     7.6296
   93  1.3490e+11     7.4411    93    92     7.7091
   94  1.3452e+11     7.4463    94    93     7.7885
   95  5.4234e+10     9.3008    95    94     7.8680
   96  3.5838e+10    10.2484    96    95     7.9475
   97  3.5802e+10    10.2508    97    96     8.0269
   98  3.5499e+10    10.2710    98    97     8.1064
   99  3.3987e+10    10.3746    99    98     8.1858
  100  3.3849e+10    10.3843   100    99     8.2653
