#indx Mass S step-number desc_indx 
    0  3.1600e+13     1.3398     0    -1     0.0134
    1  3.0112e+13     1.3653     1     0     0.1326
    2  2.7285e+13     1.4187     2     1     0.2441
    3  2.6246e+13     1.4402     3     2     0.3500
    4  2.6172e+13     1.4418     4     3     0.4519
    5  2.4062e+13     1.4891     5     4     0.5506
    6  2.2346e+13     1.5318     6     5     0.6467
    7  1.4693e+13     1.7913     7     6     0.7407
    8  1.4448e+13     1.8024     8     7     0.8330
    9  1.4430e+13     1.8032     9     8     0.9238
   10  1.4298e+13     1.8093    10     9     1.0134
   11  1.2126e+13     1.9208    11    10     1.1018
   12  9.8366e+12     2.0697    12    11     1.1894
   13  9.1247e+12     2.1252    13    12     1.2761
   14  6.3719e+12     2.4063    14    13     1.3621
   15  6.3062e+12     2.4148    15    14     1.4474
   16  6.2836e+12     2.4177    16    15     1.5322
   17  6.0394e+12     2.4505    17    16     1.6165
   18  3.8477e+12     2.8469    18    17     1.7003
   19  3.7786e+12     2.8638    19    18     1.7838
   20  3.4028e+12     2.9628    20    19     1.8669
   21  2.9248e+12     3.1103    21    20     1.9496
   22  2.9025e+12     3.1179    22    21     2.0321
   23  2.6332e+12     3.2158    23    22     2.1143
   24  2.0893e+12     3.4575    24    23     2.1963
   25  1.7717e+12     3.6379    25    24     2.2781
   26  1.7657e+12     3.6416    26    25     2.3597
   27  1.7121e+12     3.6761    27    26     2.4411
   28  1.4534e+12     3.8634    28    27     2.5223
   29  1.2148e+12     4.0764    29    28     2.6034
   30  1.2099e+12     4.0813    30    29     2.6844
   31  1.2001e+12     4.0912    31    30     2.7652
   32  1.1848e+12     4.1069    32    31     2.8459
   33  1.1799e+12     4.1119    33    32     2.9266
   34  1.1121e+12     4.1845    34    33     3.0071
   35  1.0151e+12     4.2983    35    34     3.0876
   36  9.3477e+11     4.4031    36    35     3.1680
   37  6.8194e+11     4.8212    37    36     3.2483
   38  6.2277e+11     4.9467    38    37     3.3285
   39  5.9148e+11     5.0191    39    38     3.4087
   40  5.8567e+11     5.0330    40    39     3.4889
   41  5.7089e+11     5.0693    41    40     3.5689
   42  5.6057e+11     5.0952    42    41     3.6490
   43  5.4614e+11     5.1325    43    42     3.7290
   44  5.3385e+11     5.1653    44    43     3.8089
   45  5.3016e+11     5.1753    45    44     3.8889
   46  4.5136e+11     5.4113    46    45     3.9688
   47  3.6324e+11     5.7422    47    46     4.0486
   48  3.6153e+11     5.7496    48    47     4.1285
   49  3.3840e+11     5.8533    49    48     4.2083
   50  3.2909e+11     5.8975    50    49     4.2881
   51  1.3192e+11     7.4830    51    50     4.3678
   52  1.2941e+11     7.5194    52    51     4.4476
   53  1.0919e+11     7.8462    53    52     4.5273
   54  9.7480e+10     8.0699    54    53     4.6070
   55  9.5577e+10     8.1093    55    54     4.6867
   56  9.5316e+10     8.1147    56    55     4.7664
   57  9.1065e+10     8.2064    57    56     4.8460
   58  9.0653e+10     8.2155    58    57     4.9257
   59  8.9877e+10     8.2329    59    58     5.0053
   60  8.8900e+10     8.2550    60    59     5.0849
   61  6.5520e+10     8.8901    61    60     5.1646
   62  6.5010e+10     8.9069    62    61     5.2442
   63  6.1256e+10     9.0348    63    62     5.3238
   64  6.1092e+10     9.0406    64    63     5.4033
   65  6.0823e+10     9.0502    65    64     5.4829
   66  5.8997e+10     9.1163    66    65     5.5625
   67  5.8851e+10     9.1217    67    66     5.6421
   68  3.5596e+10    10.2645    68    67     5.7216
   69  3.4572e+10    10.3339    69    68     5.8012
   70  3.4512e+10    10.3380    70    69     5.8807
   71  3.4346e+10    10.3495    71    70     5.9602
   72  3.3547e+10    10.4057    72    71     6.0398
   73  3.0708e+10    10.6190    73    72     6.1193
   74  2.6674e+10    10.9650    74    73     6.1988
   75  2.4018e+10    11.2279    75    74     6.2783
   76  2.3593e+10    11.2731    76    75     6.3579
   77  2.3138e+10    11.3226    77    76     6.4374
   78  2.2988e+10    11.3391    78    77     6.5169
   79  2.2969e+10    11.3413    79    78     6.5964
   80  2.2177e+10    11.4309    80    79     6.6759
   81  1.7209e+10    12.0937    81    80     6.7554
   82  1.7149e+10    12.1030    82    81     6.8349
   83  1.6678e+10    12.1775    83    82     6.9143
   84  1.6639e+10    12.1838    84    83     6.9938
   85  1.6480e+10    12.2094    85    84     7.0733
   86  1.5881e+10    12.3092    86    85     7.1528
   87  1.5240e+10    12.4208    87    86     7.2323
   88  1.4601e+10    12.5377    88    87     7.3117
   89  1.4562e+10    12.5449    89    88     7.3912
   90  1.4131e+10    12.6273    90    89     7.4707
   91  1.4079e+10    12.6375    91    90     7.5502
   92  1.3173e+10    12.8215    92    91     7.6296
   93  1.3001e+10    12.8580    93    92     7.7091
   94  1.2879e+10    12.8844    94    93     7.7885
   95  1.2675e+10    12.9289    95    94     7.8680
   96  1.1735e+10    13.1456    96    95     7.9475
   97  1.1718e+10    13.1500    97    96     8.0269
   98  1.1594e+10    13.1800    98    97     8.1064
   99  1.0790e+10    13.3850    99    98     8.1858
  100  1.0664e+10    13.4186   100    99     8.2653
