#indx Mass S step-number desc_indx 
    0  3.1600e+13     1.3398     0    -1     0.0134
    1  3.0279e+13     1.3624     1     0     0.1326
    2  2.8107e+13     1.4025     2     1     0.2441
    3  2.4251e+13     1.4847     3     2     0.3500
    4  2.2045e+13     1.5397     4     3     0.4519
    5  1.6075e+13     1.7331     5     4     0.5506
    6  1.4847e+13     1.7845     6     5     0.6467
    7  1.3401e+13     1.8525     7     6     0.7407
    8  8.7657e+12     2.1554     8     7     0.8330
    9  8.4222e+12     2.1857     9     8     0.9238
   10  8.1951e+12     2.2066    10     9     1.0134
   11  7.5295e+12     2.2724    11    10     1.1018
   12  6.2690e+12     2.4196    12    11     1.1894
   13  5.8075e+12     2.4832    13    12     1.2761
   14  3.6524e+12     2.8956    14    13     1.3621
   15  3.2987e+12     2.9926    15    14     1.4474
   16  3.1315e+12     3.0431    16    15     1.5322
   17  2.9164e+12     3.1132    17    16     1.6165
   18  2.4674e+12     3.2824    18    17     1.7003
   19  2.4532e+12     3.2884    19    18     1.7838
   20  2.4315e+12     3.2976    20    19     1.8669
   21  2.3564e+12     3.3302    21    20     1.9496
   22  2.3464e+12     3.3347    22    21     2.0321
   23  2.3057e+12     3.3530    23    22     2.1143
   24  2.2894e+12     3.3604    24    23     2.1963
   25  2.2376e+12     3.3845    25    24     2.2781
   26  2.2289e+12     3.3886    26    25     2.3597
   27  2.2093e+12     3.3980    27    26     2.4411
   28  1.6754e+12     3.7005    28    27     2.5223
   29  1.6712e+12     3.7033    29    28     2.6034
   30  1.6667e+12     3.7064    30    29     2.6844
   31  9.9445e+11     4.3243    31    30     2.7652
   32  9.9388e+11     4.3250    32    31     2.8459
   33  9.7723e+11     4.3464    33    32     2.9266
   34  9.3507e+11     4.4027    34    33     3.0071
   35  9.0031e+11     4.4514    35    34     3.0876
   36  8.8866e+11     4.4683    36    35     3.1680
   37  8.6846e+11     4.4982    37    36     3.2483
   38  8.5901e+11     4.5124    38    37     3.3285
   39  8.1254e+11     4.5854    39    38     3.4087
   40  7.8077e+11     4.6383    40    39     3.4889
   41  7.7076e+11     4.6556    41    40     3.5689
   42  5.5536e+11     5.1086    42    41     3.6490
   43  5.4635e+11     5.1320    43    42     3.7290
   44  4.6369e+11     5.3712    44    43     3.8089
   45  4.5397e+11     5.4027    45    44     3.8889
   46  4.3681e+11     5.4603    46    45     3.9688
   47  4.2961e+11     5.4853    47    46     4.0486
   48  4.1134e+11     5.5510    48    47     4.1285
   49  3.8879e+11     5.6371    49    48     4.2083
   50  3.6579e+11     5.7314    50    49     4.2881
   51  2.9319e+11     6.0829    51    50     4.3678
   52  2.8740e+11     6.1153    52    51     4.4476
   53  2.7463e+11     6.1897    53    52     4.5273
   54  2.7321e+11     6.1983    54    53     4.6070
   55  2.7263e+11     6.2018    55    54     4.6867
   56  2.6750e+11     6.2331    56    55     4.7664
   57  2.5876e+11     6.2882    57    56     4.8460
   58  2.5774e+11     6.2947    58    57     4.9257
   59  1.1095e+11     7.8149    59    58     5.0053
   60  3.3542e+10    10.4061    60    59     5.0849
   61  3.3316e+10    10.4223    61    60     5.1646
   62  9.4566e+09    13.7669    62    61     5.2442
   63  8.4194e+09    14.1098    63    62     5.3238
   64  7.2316e+09    14.5677    64    63     5.4033
   65  6.7689e+09    14.7700    65    64     5.4829
   66  5.9726e+09    15.1586    66    65     5.5625
   67  5.9485e+09    15.1713    67    66     5.6421
   68  5.7252e+09    15.2915    68    67     5.7216
   69  5.2592e+09    15.5608    69    68     5.8012
   70  4.8120e+09    15.8463    70    69     5.8807
   71  4.5933e+09    15.9972    71    70     5.9602
   72  4.5270e+09    16.0446    72    71     6.0398
   73  4.4374e+09    16.1099    73    72     6.1193
   74  4.4142e+09    16.1270    74    73     6.1988
   75  4.3318e+09    16.1888    75    74     6.2783
   76  4.3008e+09    16.2124    76    75     6.3579
   77  4.2308e+09    16.2664    77    76     6.4374
   78  4.0836e+09    16.3833    78    77     6.5169
   79  3.8803e+09    16.5530    79    78     6.5964
   80  3.8554e+09    16.5745    80    79     6.6759
   81  3.3717e+09    17.0263    81    80     6.7554
   82  3.3689e+09    17.0291    82    81     6.8349
   83  2.8107e+09    17.6534    83    82     6.9143
   84  2.6740e+09    17.8280    84    83     6.9938
   85  2.6459e+09    17.8653    85    84     7.0733
   86  2.6063e+09    17.9183    86    85     7.1528
   87  2.5403e+09    18.0090    87    86     7.2323
   88  2.4996e+09    18.0662    88    87     7.3117
   89  2.4990e+09    18.0670    89    88     7.3912
   90  2.4855e+09    18.0863    90    89     7.4707
   91  2.2535e+09    18.4366    91    90     7.5502
   92  2.2304e+09    18.4737    92    91     7.6296
   93  2.2278e+09    18.4779    93    92     7.7091
   94  2.1949e+09    18.5316    94    93     7.7885
   95  2.0865e+09    18.7152    95    94     7.8680
   96  2.0688e+09    18.7462    96    95     7.9475
   97  2.0662e+09    18.7508    97    96     8.0269
   98  2.0346e+09    18.8069    98    97     8.1064
   99  2.0214e+09    18.8307    99    98     8.1858
  100  2.0187e+09    18.8356   100    99     8.2653
