#indx Mass S step-number desc_indx 
    0  3.1600e+13     1.3398     0    -1     0.0134
    1  2.8152e+13     1.4016     1     0     0.1326
    2  2.7940e+13     1.4057     2     1     0.2441
    3  2.7567e+13     1.4131     3     2     0.3500
    4  2.0707e+13     1.5767     4     3     0.4519
    5  2.0576e+13     1.5805     5     4     0.5506
    6  1.9355e+13     1.6173     6     5     0.6467
    7  1.8961e+13     1.6298     7     6     0.7407
    8  1.8731e+13     1.6373     8     7     0.8330
    9  1.8158e+13     1.6564     9     8     0.9238
   10  1.7439e+13     1.6815    10     9     1.0134
   11  1.7413e+13     1.6825    11    10     1.1018
   12  1.7206e+13     1.6900    12    11     1.1894
   13  1.5422e+13     1.7598    13    12     1.2761
   14  8.3412e+12     2.1931    14    13     1.3621
   15  7.8678e+12     2.2381    15    14     1.4474
   16  7.6727e+12     2.2576    16    15     1.5322
   17  7.4203e+12     2.2839    17    16     1.6165
   18  7.2767e+12     2.2993    18    17     1.7003
   19  7.2179e+12     2.3057    19    18     1.7838
   20  5.8354e+12     2.4792    20    19     1.8669
   21  5.6011e+12     2.5137    21    20     1.9496
   22  5.5158e+12     2.5267    22    21     2.0321
   23  3.6472e+12     2.8970    23    22     2.1143
   24  3.5871e+12     2.9126    24    23     2.1963
   25  3.5681e+12     2.9177    25    24     2.2781
   26  3.4445e+12     2.9511    26    25     2.3597
   27  3.2862e+12     2.9963    27    26     2.4411
   28  3.2465e+12     3.0080    28    27     2.5223
   29  3.0038e+12     3.0840    29    28     2.6034
   30  2.8591e+12     3.1329    30    29     2.6844
   31  2.8033e+12     3.1526    31    30     2.7652
   32  2.7977e+12     3.1546    32    31     2.8459
   33  2.7718e+12     3.1639    33    32     2.9266
   34  2.5613e+12     3.2440    34    33     3.0071
   35  2.4232e+12     3.3011    35    34     3.0876
   36  2.1852e+12     3.4096    36    35     3.1680
   37  2.0444e+12     3.4809    37    36     3.2483
   38  1.8571e+12     3.5857    38    37     3.3285
   39  1.4169e+12     3.8931    39    38     3.4087
   40  1.4144e+12     3.8952    40    39     3.4889
   41  1.2841e+12     4.0096    41    40     3.5689
   42  1.2775e+12     4.0158    42    41     3.6490
   43  1.2458e+12     4.0460    43    42     3.7290
   44  1.2391e+12     4.0525    44    43     3.8089
   45  1.2305e+12     4.0609    45    44     3.8889
   46  1.1983e+12     4.0930    46    45     3.9688
   47  1.1791e+12     4.1127    47    46     4.0486
   48  1.1744e+12     4.1175    48    47     4.1285
   49  1.1624e+12     4.1301    49    48     4.2083
   50  1.1344e+12     4.1601    50    49     4.2881
   51  5.9351e+11     5.0142    51    50     4.3678
   52  5.5769e+11     5.1026    52    51     4.4476
   53  5.5207e+11     5.1171    53    52     4.5273
   54  5.3901e+11     5.1514    54    53     4.6070
   55  5.3566e+11     5.1604    55    54     4.6867
   56  3.6382e+11     5.7398    56    55     4.7664
   57  3.5813e+11     5.7643    57    56     4.8460
   58  3.2448e+11     5.9199    58    57     4.9257
   59  3.1855e+11     5.9493    59    58     5.0053
   60  3.1818e+11     5.9511    60    59     5.0849
   61  2.9535e+11     6.0710    61    60     5.1646
   62  1.9376e+11     6.7828    62    61     5.2442
   63  1.9321e+11     6.7878    63    62     5.3238
   64  1.8502e+11     6.8642    64    63     5.4033
   65  1.8432e+11     6.8710    65    64     5.4829
   66  1.8331e+11     6.8807    66    65     5.5625
   67  1.7260e+11     6.9882    67    66     5.6421
   68  1.5977e+11     7.1279    68    67     5.7216
   69  1.3814e+11     7.3964    69    68     5.8012
   70  1.3389e+11     7.4552    70    69     5.8807
   71  9.4797e+10     8.1257    71    70     5.9602
   72  8.7002e+10     8.2988    72    71     6.0398
   73  8.6764e+10     8.3044    73    72     6.1193
   74  8.6700e+10     8.3059    74    73     6.1988
   75  8.5040e+10     8.3453    75    74     6.2783
   76  7.6831e+10     8.5545    76    75     6.3579
   77  7.6493e+10     8.5636    77    76     6.4374
   78  7.5985e+10     8.5775    78    77     6.5169
   79  6.7681e+10     8.8210    79    78     6.5964
   80  6.7464e+10     8.8278    80    79     6.6759
   81  6.2376e+10     8.9957    81    80     6.7554
   82  6.1043e+10     9.0423    82    81     6.8349
   83  5.6146e+10     9.2246    83    82     6.9143
   84  5.5606e+10     9.2458    84    83     6.9938
   85  5.5536e+10     9.2486    85    84     7.0733
   86  5.3558e+10     9.3286    86    85     7.1528
   87  4.6421e+10     9.6489    87    86     7.2323
   88  4.5943e+10     9.6724    88    87     7.3117
   89  4.3790e+10     9.7818    89    88     7.3912
   90  4.2393e+10     9.8563    90    89     7.4707
   91  4.0164e+10     9.9812    91    90     7.5502
   92  3.2752e+10    10.4632    92    91     7.6296
   93  3.2198e+10    10.5043    93    92     7.7091
   94  3.0652e+10    10.6234    94    93     7.7885
   95  3.0183e+10    10.6609    95    94     7.8680
   96  3.0015e+10    10.6745    96    95     7.9475
   97  2.9419e+10    10.7235    97    96     8.0269
   98  1.8863e+10    11.8507    98    97     8.1064
   99  1.8651e+10    11.8805    99    98     8.1858
  100  1.8629e+10    11.8836   100    99     8.2653
