#indx Mass S step-number desc_indx 
    0  3.1600e+13     1.3398     0    -1     0.0134
    1  3.1155e+13     1.3473     1     0     0.1326
    2  3.0978e+13     1.3503     2     1     0.2441
    3  2.3829e+13     1.4947     3     2     0.3500
    4  2.2236e+13     1.5347     4     3     0.4519
    5  2.0592e+13     1.5800     5     4     0.5506
    6  1.6325e+13     1.7232     6     5     0.6467
    7  1.5723e+13     1.7473     7     6     0.7407
    8  1.3735e+13     1.8360     8     7     0.8330
    9  1.3102e+13     1.8678     9     8     0.9238
   10  1.2914e+13     1.8776    10     9     1.0134
   11  1.2597e+13     1.8945    11    10     1.1018
   12  1.2378e+13     1.9066    12    11     1.1894
   13  1.2190e+13     1.9171    13    12     1.2761
   14  8.7352e+12     2.1580    14    13     1.3621
   15  6.8451e+12     2.3481    15    14     1.4474
   16  6.3339e+12     2.4112    16    15     1.5322
   17  5.3126e+12     2.5588    17    16     1.6165
   18  5.2806e+12     2.5639    18    17     1.7003
   19  2.9730e+12     3.0941    19    18     1.7838
   20  2.9032e+12     3.1176    20    19     1.8669
   21  2.8763e+12     3.1269    21    20     1.9496
   22  2.8192e+12     3.1469    22    21     2.0321
   23  9.3881e+10     8.1451    23    22     2.1143
   24  9.1645e+10     8.1936    24    23     2.1963
   25  8.9836e+10     8.2339    25    24     2.2781
   26  8.5151e+10     8.3427    26    25     2.3597
   27  8.4819e+10     8.3506    27    26     2.4411
   28  8.3953e+10     8.3716    28    27     2.5223
   29  8.3013e+10     8.3947    29    28     2.6034
   30  7.9324e+10     8.4883    30    29     2.6844
   31  7.8464e+10     8.5108    31    30     2.7652
   32  7.7344e+10     8.5407    32    31     2.8459
   33  6.9479e+10     8.7654    33    32     2.9266
   34  6.8293e+10     8.8019    34    33     3.0071
   35  6.5081e+10     8.9045    35    34     3.0876
   36  6.2946e+10     8.9761    36    35     3.1680
   37  6.2806e+10     8.9809    37    36     3.2483
   38  5.6315e+10     9.2180    38    37     3.3285
   39  5.5602e+10     9.2460    39    38     3.4087
   40  4.8564e+10     9.5470    40    39     3.4889
   41  4.0792e+10     9.9452    41    40     3.5689
   42  4.0057e+10     9.9874    42    41     3.6490
   43  3.9496e+10    10.0202    43    42     3.7290
   44  3.9288e+10    10.0325    44    43     3.8089
   45  3.8595e+10    10.0741    45    44     3.8889
   46  3.8511e+10    10.0792    46    45     3.9688
   47  3.8427e+10    10.0843    47    46     4.0486
   48  3.8350e+10    10.0889    48    47     4.1285
   49  3.7122e+10    10.1653    49    48     4.2083
   50  3.6899e+10    10.1795    50    49     4.2881
   51  2.5528e+10    11.0745    51    50     4.3678
   52  1.4155e+10    12.6227    52    51     4.4476
   53  1.3133e+10    12.8299    53    52     4.5273
   54  1.3111e+10    12.8345    54    53     4.6070
   55  1.3048e+10    12.8481    55    54     4.6867
   56  1.3027e+10    12.8525    56    55     4.7664
   57  1.2949e+10    12.8691    57    56     4.8460
   58  1.0909e+10    13.3536    58    57     4.9257
   59  1.0906e+10    13.3544    59    58     5.0053
   60  1.0630e+10    13.4278    60    59     5.0849
   61  9.9572e+09    13.6166    61    60     5.1646
   62  7.5839e+09    14.4233    62    61     5.2442
   63  7.1342e+09    14.6091    63    62     5.3238
   64  6.4807e+09    14.9043    64    63     5.4033
   65  6.4361e+09    14.9257    65    64     5.4829
   66  6.2491e+09    15.0173    66    65     5.5625
   67  6.0535e+09    15.1165    67    66     5.6421
   68  6.0256e+09    15.1309    68    67     5.7216
   69  5.9632e+09    15.1635    69    68     5.8012
   70  5.8721e+09    15.2118    70    69     5.8807
   71  5.8640e+09    15.2162    71    70     5.9602
   72  5.7935e+09    15.2542    72    71     6.0398
   73  5.7376e+09    15.2847    73    72     6.1193
   74  5.7219e+09    15.2933    74    73     6.1988
   75  5.6041e+09    15.3590    75    74     6.2783
   76  4.6652e+09    15.9467    76    75     6.3579
   77  4.5657e+09    16.0168    77    76     6.4374
   78  4.5417e+09    16.0340    78    77     6.5169
   79  4.4997e+09    16.0643    79    78     6.5964
   80  4.4654e+09    16.0893    80    79     6.6759
   81  4.3967e+09    16.1401    81    80     6.7554
   82  4.2841e+09    16.2252    82    81     6.8349
   83  4.2332e+09    16.2646    83    82     6.9143
   84  3.9937e+09    16.4572    84    83     6.9938
   85  2.8089e+09    17.6556    85    84     7.0733
   86  2.7561e+09    17.7220    86    85     7.1528
   87  2.1893e+09    18.5407    87    86     7.2323
   88  2.1706e+09    18.5718    88    87     7.3117
   89  2.1380e+09    18.6266    89    88     7.3912
   90  2.1310e+09    18.6384    90    89     7.4707
   91  2.1230e+09    18.6521    91    90     7.5502
   92  1.6406e+09    19.6042    92    91     7.6296
   93  1.6317e+09    19.6246    93    92     7.7091
   94  1.5815e+09    19.7423    94    93     7.7885
   95  1.2972e+09    20.5008    95    94     7.8680
   96  1.2735e+09    20.5724    96    95     7.9475
   97  1.2661e+09    20.5950    97    96     8.0269
   98  1.2589e+09    20.6173    98    97     8.1064
   99  1.2552e+09    20.6287    99    98     8.1858
  100  1.2452e+09    20.6598   100    99     8.2653
