#indx Mass S step-number desc_indx 
    0  3.1600e+13     1.3398     0    -1     0.0134
    1  3.1423e+13     1.3427     1     0     0.1326
    2  2.9868e+13     1.3697     2     1     0.2441
    3  2.7876e+13     1.4070     3     2     0.3500
    4  2.7647e+13     1.4115     4     3     0.4519
    5  1.8937e+13     1.6306     5     4     0.5506
    6  1.8247e+13     1.6534     6     5     0.6467
    7  1.7651e+13     1.6740     7     6     0.7407
    8  1.7228e+13     1.6892     8     7     0.8330
    9  1.6397e+13     1.7204     9     8     0.9238
   10  1.5997e+13     1.7362    10     9     1.0134
   11  1.5760e+13     1.7458    11    10     1.1018
   12  6.9318e+12     2.3380    12    11     1.1894
   13  6.9250e+12     2.3388    13    12     1.2761
   14  6.8797e+12     2.3441    14    13     1.3621
   15  6.1400e+12     2.4368    15    14     1.4474
   16  6.1115e+12     2.4407    16    15     1.5322
   17  5.9896e+12     2.4574    17    16     1.6165
   18  5.9625e+12     2.4612    18    17     1.7003
   19  5.7696e+12     2.4887    19    18     1.7838
   20  4.0962e+12     2.7892    20    19     1.8669
   21  3.8210e+12     2.8534    21    20     1.9496
   22  3.6881e+12     2.8865    22    21     2.0321
   23  3.6541e+12     2.8952    23    22     2.1143
   24  3.2317e+12     3.0125    24    23     2.1963
   25  3.1284e+12     3.0441    25    24     2.2781
   26  3.0935e+12     3.0550    26    25     2.3597
   27  2.7569e+12     3.1694    27    26     2.4411
   28  2.7517e+12     3.1713    28    27     2.5223
   29  2.2177e+12     3.3940    29    28     2.6034
   30  2.2001e+12     3.4024    30    29     2.6844
   31  2.1244e+12     3.4397    31    30     2.7652
   32  2.0824e+12     3.4611    32    31     2.8459
   33  1.9855e+12     3.5126    33    32     2.9266
   34  1.3142e+12     3.9820    34    33     3.0071
   35  1.3067e+12     3.9888    35    34     3.0876
   36  1.2102e+12     4.0811    36    35     3.1680
   37  1.2031e+12     4.0882    37    36     3.2483
   38  1.1788e+12     4.1130    38    37     3.3285
   39  1.1452e+12     4.1483    39    38     3.4087
   40  1.0478e+12     4.2585    40    39     3.4889
   41  1.0437e+12     4.2634    41    40     3.5689
   42  9.4673e+11     4.3868    42    41     3.6490
   43  9.2626e+11     4.4148    43    42     3.7290
   44  9.1641e+11     4.4286    44    43     3.8089
   45  8.4519e+11     4.5336    45    44     3.8889
   46  2.6993e+11     6.2182    46    45     3.9688
   47  2.6878e+11     6.2252    47    46     4.0486
   48  2.5079e+11     6.3403    48    47     4.1285
   49  2.4286e+11     6.3943    49    48     4.2083
   50  2.4215e+11     6.3992    50    49     4.2881
   51  2.4055e+11     6.4104    51    50     4.3678
   52  2.3718e+11     6.4342    52    51     4.4476
   53  2.3255e+11     6.4676    53    52     4.5273
   54  1.8993e+11     6.8179    54    53     4.6070
   55  1.8334e+11     6.8804    55    54     4.6867
   56  1.7285e+11     6.9856    56    55     4.7664
   57  1.6771e+11     7.0400    57    56     4.8460
   58  1.6756e+11     7.0416    58    57     4.9257
   59  1.6632e+11     7.0550    59    58     5.0053
   60  1.6541e+11     7.0650    60    59     5.0849
   61  1.6524e+11     7.0668    61    60     5.1646
   62  1.6430e+11     7.0771    62    61     5.2442
   63  1.6267e+11     7.0953    63    62     5.3238
   64  1.5519e+11     7.1810    64    63     5.4033
   65  1.4764e+11     7.2728    65    64     5.4829
   66  1.4654e+11     7.2867    66    65     5.5625
   67  1.4409e+11     7.3179    67    66     5.6421
   68  1.4354e+11     7.3250    68    67     5.7216
   69  1.3973e+11     7.3751    69    68     5.8012
   70  1.2055e+11     7.6545    70    69     5.8807
   71  1.1598e+11     7.7289    71    70     5.9602
   72  1.0276e+11     7.9653    72    71     6.0398
   73  9.4871e+10     8.1241    73    72     6.1193
   74  9.1883e+10     8.1884    74    73     6.1988
   75  8.9334e+10     8.2452    75    74     6.2783
   76  8.6848e+10     8.3025    76    75     6.3579
   77  7.5108e+10     8.6017    77    76     6.4374
   78  7.1783e+10     8.6966    78    77     6.5169
   79  6.8315e+10     8.8012    79    78     6.5964
   80  6.7566e+10     8.8246    80    79     6.6759
   81  6.7081e+10     8.8399    81    80     6.7554
   82  6.6547e+10     8.8569    82    81     6.8349
   83  6.5249e+10     8.8990    83    82     6.9143
   84  6.5074e+10     8.9048    84    83     6.9938
   85  5.0644e+10     9.4530    85    84     7.0733
   86  4.8486e+10     9.5506    86    85     7.1528
   87  4.6874e+10     9.6269    87    86     7.2323
   88  4.6794e+10     9.6308    88    87     7.3117
   89  4.3691e+10     9.7870    89    88     7.3912
   90  3.8894e+10    10.0561    90    89     7.4707
   91  3.8453e+10    10.0827    91    90     7.5502
   92  3.8223e+10    10.0968    92    91     7.6296
   93  2.9963e+10    10.6788    93    92     7.7091
   94  2.9178e+10    10.7436    94    93     7.7885
   95  2.7155e+10    10.9207    95    94     7.8680
   96  2.6073e+10    11.0218    96    95     7.9475
   97  2.5956e+10    11.0330    97    96     8.0269
   98  2.5757e+10    11.0522    98    97     8.1064
   99  2.5246e+10    11.1024    99    98     8.1858
  100  2.5188e+10    11.1081   100    99     8.2653
