#indx Mass S step-number desc_indx 
    0  3.1600e+13     1.3398     0    -1     0.0134
    1  3.0924e+13     1.3512     1     0     0.1326
    2  2.8968e+13     1.3861     2     1     0.2441
    3  2.7608e+13     1.4123     3     2     0.3500
    4  2.7490e+13     1.4146     4     3     0.4519
    5  2.7011e+13     1.4243     5     4     0.5506
    6  2.6664e+13     1.4314     6     5     0.6467
    7  2.6246e+13     1.4402     7     6     0.7407
    8  2.4790e+13     1.4722     8     7     0.8330
    9  1.7804e+13     1.6686     9     8     0.9238
   10  1.6178e+13     1.7290    10     9     1.0134
   11  1.5954e+13     1.7379    11    10     1.1018
   12  1.3691e+13     1.8382    12    11     1.1894
   13  1.3527e+13     1.8462    13    12     1.2761
   14  1.3489e+13     1.8481    14    13     1.3621
   15  1.2807e+13     1.8833    15    14     1.4474
   16  1.2339e+13     1.9087    16    15     1.5322
   17  1.2110e+13     1.9217    17    16     1.6165
   18  1.0997e+13     1.9893    18    17     1.7003
   19  6.9536e+12     2.3355    19    18     1.7838
   20  5.2505e+12     2.5689    20    19     1.8669
   21  5.2109e+12     2.5754    21    20     1.9496
   22  4.2348e+12     2.7589    22    21     2.0321
   23  3.9446e+12     2.8239    23    22     2.1143
   24  3.7938e+12     2.8601    24    23     2.1963
   25  3.6336e+12     2.9005    25    24     2.2781
   26  3.0096e+12     3.0821    26    25     2.3597
   27  2.9328e+12     3.1076    27    26     2.4411
   28  2.8293e+12     3.1434    28    27     2.5223
   29  2.5865e+12     3.2340    29    28     2.6034
   30  2.5461e+12     3.2501    30    29     2.6844
   31  2.4705e+12     3.2811    31    30     2.7652
   32  2.3892e+12     3.3158    32    31     2.8459
   33  2.1211e+12     3.4414    33    32     2.9266
   34  2.0196e+12     3.4941    34    33     3.0071
   35  1.9832e+12     3.5138    35    34     3.0876
   36  1.8418e+12     3.5948    36    35     3.1680
   37  1.8131e+12     3.6122    37    36     3.2483
   38  1.7789e+12     3.6333    38    37     3.3285
   39  1.7666e+12     3.6410    39    38     3.4087
   40  1.6924e+12     3.6891    40    39     3.4889
   41  1.4831e+12     3.8400    41    40     3.5689
   42  1.3588e+12     3.9424    42    41     3.6490
   43  1.2339e+12     4.0576    43    42     3.7290
   44  1.1689e+12     4.1233    44    43     3.8089
   45  8.9815e+11     4.4545    45    44     3.8889
   46  8.9439e+11     4.4600    46    45     3.9688
   47  7.6195e+11     4.6709    47    46     4.0486
   48  7.3988e+11     4.7104    48    47     4.1285
   49  7.3032e+11     4.7279    49    48     4.2083
   50  7.1510e+11     4.7565    50    49     4.2881
   51  5.8539e+11     5.0337    51    50     4.3678
   52  5.7929e+11     5.0485    52    51     4.4476
   53  5.7881e+11     5.0497    53    52     4.5273
   54  5.7397e+11     5.0616    54    53     4.6070
   55  5.7346e+11     5.0629    55    54     4.6867
   56  5.7139e+11     5.0680    56    55     4.7664
   57  5.0451e+11     5.2472    57    56     4.8460
   58  4.9072e+11     5.2877    58    57     4.9257
   59  4.7017e+11     5.3507    59    58     5.0053
   60  4.6461e+11     5.3683    60    59     5.0849
   61  4.6006e+11     5.3829    61    60     5.1646
   62  4.4261e+11     5.4406    62    61     5.2442
   63  4.2964e+11     5.4852    63    62     5.3238
   64  4.2584e+11     5.4986    64    63     5.4033
   65  4.1320e+11     5.5442    65    64     5.4829
   66  4.0870e+11     5.5608    66    65     5.5625
   67  4.0145e+11     5.5881    67    66     5.6421
   68  3.9486e+11     5.6134    68    67     5.7216
   69  3.7990e+11     5.6727    69    68     5.8012
   70  3.7784e+11     5.6811    70    69     5.8807
   71  3.6833e+11     5.7206    71    70     5.9602
   72  2.6379e+11     6.2562    72    71     6.0398
   73  1.6414e+11     7.0789    73    72     6.1193
   74  1.5883e+11     7.1386    74    73     6.1988
   75  1.5830e+11     7.1448    75    74     6.2783
   76  1.4733e+11     7.2767    76    75     6.3579
   77  1.4661e+11     7.2858    77    76     6.4374
   78  1.4486e+11     7.3080    78    77     6.5169
   79  1.2065e+11     7.6530    79    78     6.5964
   80  1.1772e+11     7.7002    80    79     6.6759
   81  1.0738e+11     7.8788    81    80     6.7554
   82  1.0712e+11     7.8836    82    81     6.8349
   83  1.0572e+11     7.9095    83    82     6.9143
   84  1.0508e+11     7.9212    84    83     6.9938
   85  1.0044e+11     8.0104    85    84     7.0733
   86  9.6298e+10     8.0942    86    85     7.1528
   87  8.2453e+10     8.4086    87    86     7.2323
   88  8.2392e+10     8.4101    88    87     7.3117
   89  6.9490e+10     8.7651    89    88     7.3912
   90  6.2183e+10     9.0024    90    89     7.4707
   91  6.1761e+10     9.0171    91    90     7.5502
   92  5.9830e+10     9.0858    92    91     7.6296
   93  5.7541e+10     9.1708    93    92     7.7091
   94  5.7198e+10     9.1839    94    93     7.7885
   95  5.5591e+10     9.2464    95    94     7.8680
   96  5.2212e+10     9.3850    96    95     7.9475
   97  4.4442e+10     9.7481    97    96     8.0269
   98  4.3946e+10     9.7737    98    97     8.1064
   99  4.2490e+10     9.8510    99    98     8.1858
  100  4.0647e+10     9.9534   100    99     8.2653
