#indx Mass S step-number desc_indx 
    0  3.1600e+13     1.3398     0    -1     0.0134
    1  2.9696e+13     1.3728     1     0     0.1326
    2  1.7153e+13     1.6919     2     1     0.2441
    3  1.5261e+13     1.7666     3     2     0.3500
    4  1.4478e+13     1.8010     4     3     0.4519
    5  1.3902e+13     1.8280     5     4     0.5506
    6  1.3823e+13     1.8318     6     5     0.6467
    7  9.4834e+12     2.0966     7     6     0.7407
    8  9.3880e+12     2.1041     8     7     0.8330
    9  9.3482e+12     2.1072     9     8     0.9238
   10  8.0684e+12     2.2186    10     9     1.0134
   11  7.1556e+12     2.3126    11    10     1.1018
   12  7.0986e+12     2.3190    12    11     1.1894
   13  6.8312e+12     2.3498    13    12     1.2761
   14  6.4489e+12     2.3965    14    13     1.3621
   15  6.0536e+12     2.4485    15    14     1.4474
   16  5.6311e+12     2.5092    16    15     1.5322
   17  5.1169e+12     2.5911    17    16     1.6165
   18  4.7395e+12     2.6581    18    17     1.7003
   19  4.6252e+12     2.6797    19    18     1.7838
   20  4.6024e+12     2.6841    20    19     1.8669
   21  3.9280e+12     2.8278    21    20     1.9496
   22  3.9256e+12     2.8284    22    21     2.0321
   23  3.2520e+12     3.0064    23    22     2.1143
   24  3.1077e+12     3.0506    24    23     2.1963
   25  2.8475e+12     3.1370    25    24     2.2781
   26  1.8783e+12     3.5732    26    25     2.3597
   27  1.8481e+12     3.5911    27    26     2.4411
   28  1.8291e+12     3.6024    28    27     2.5223
   29  1.7306e+12     3.6641    29    28     2.6034
   30  1.7036e+12     3.6817    30    29     2.6844
   31  1.6842e+12     3.6946    31    30     2.7652
   32  1.5617e+12     3.7804    32    31     2.8459
   33  1.5471e+12     3.7912    33    32     2.9266
   34  1.3841e+12     3.9206    34    33     3.0071
   35  1.3806e+12     3.9236    35    34     3.0876
   36  1.3131e+12     3.9829    36    35     3.1680
   37  1.1170e+12     4.1791    37    36     3.2483
   38  1.0322e+12     4.2774    38    37     3.3285
   39  1.0201e+12     4.2922    39    38     3.4087
   40  9.6596e+11     4.3612    40    39     3.4889
   41  9.6295e+11     4.3651    41    40     3.5689
   42  9.4861e+11     4.3843    42    41     3.6490
   43  9.4532e+11     4.3887    43    42     3.7290
   44  7.3846e+11     4.7130    44    43     3.8089
   45  6.4800e+11     4.8915    45    44     3.8889
   46  4.4292e+11     5.4395    46    45     3.9688
   47  3.8290e+11     5.6606    47    46     4.0486
   48  3.6808e+11     5.7217    48    47     4.1285
   49  3.6342e+11     5.7414    49    48     4.2083
   50  3.5726e+11     5.7682    50    49     4.2881
   51  3.4398e+11     5.8275    51    50     4.3678
   52  3.3522e+11     5.8682    52    51     4.4476
   53  3.0940e+11     5.9960    53    52     4.5273
   54  3.0768e+11     6.0049    54    53     4.6070
   55  3.0691e+11     6.0090    55    54     4.6867
   56  3.0398e+11     6.0244    56    55     4.7664
   57  3.0343e+11     6.0273    57    56     4.8460
   58  2.8853e+11     6.1089    58    57     4.9257
   59  2.8553e+11     6.1260    59    58     5.0053
   60  1.4852e+11     7.2619    60    59     5.0849
   61  1.4779e+11     7.2710    61    60     5.1646
   62  1.4023e+11     7.3685    62    61     5.2442
   63  1.3542e+11     7.4338    63    62     5.3238
   64  1.3456e+11     7.4458    64    63     5.4033
   65  1.3435e+11     7.4487    65    64     5.4829
   66  1.1286e+11     7.7818    66    65     5.5625
   67  1.0913e+11     7.8472    67    66     5.6421
   68  1.0884e+11     7.8524    68    67     5.7216
   69  1.0325e+11     7.9559    69    68     5.8012
   70  1.0296e+11     7.9614    70    69     5.8807
   71  9.2901e+10     8.1662    71    70     5.9602
   72  9.2304e+10     8.1792    72    71     6.0398
   73  5.2984e+10     9.3524    73    72     6.1193
   74  5.0479e+10     9.4602    74    73     6.1988
   75  3.7079e+10    10.1681    75    74     6.2783
   76  3.6838e+10    10.1835    76    75     6.3579
   77  3.6085e+10    10.2322    77    76     6.4374
   78  2.8600e+10    10.7927    78    77     6.5169
   79  2.6986e+10    10.9361    79    78     6.5964
   80  2.6034e+10    11.0255    80    79     6.6759
   81  2.5894e+10    11.0390    81    80     6.7554
   82  2.4210e+10    11.2078    82    81     6.8349
   83  2.4163e+10    11.2128    83    82     6.9143
   84  2.3641e+10    11.2680    84    83     6.9938
   85  2.1979e+10    11.4538    85    84     7.0733
   86  2.1930e+10    11.4595    86    85     7.1528
   87  2.1798e+10    11.4751    87    86     7.2323
   88  2.1559e+10    11.5034    88    87     7.3117
   89  2.1342e+10    11.5295    89    88     7.3912
   90  1.8498e+10    11.9022    90    89     7.4707
   91  1.2527e+10    12.9619    91    90     7.5502
   92  1.2319e+10    13.0089    92    91     7.6296
   93  1.1957e+10    13.0927    93    92     7.7091
   94  9.7143e+09    13.6884    94    93     7.7885
   95  9.6836e+09    13.6976    95    94     7.8680
   96  9.6699e+09    13.7018    96    95     7.9475
   97  8.7528e+09    13.9945    97    96     8.0269
   98  7.8938e+09    14.3026    98    97     8.1064
   99  7.6757e+09    14.3870    99    98     8.1858
  100  7.6612e+09    14.3927   100    99     8.2653
