#indx Mass S step-number desc_indx 
    0  3.1600e+13     1.3398     0    -1     0.0134
    1  2.4563e+13     1.4774     1     0     0.1326
    2  2.3879e+13     1.4935     2     1     0.2441
    3  2.3612e+13     1.4999     3     2     0.3500
    4  2.3326e+13     1.5069     4     3     0.4519
    5  2.1990e+13     1.5412     5     4     0.5506
    6  1.7296e+13     1.6867     6     5     0.6467
    7  9.8590e+12     2.0680     7     6     0.7407
    8  7.8317e+12     2.2416     8     7     0.8330
    9  6.8549e+12     2.3470     9     8     0.9238
   10  6.7010e+12     2.3653    10     9     1.0134
   11  3.8122e+12     2.8555    11    10     1.1018
   12  3.4856e+12     2.9399    12    11     1.1894
   13  3.4760e+12     2.9425    13    12     1.2761
   14  3.3605e+12     2.9748    14    13     1.3621
   15  3.3268e+12     2.9845    15    14     1.4474
   16  3.1965e+12     3.0231    16    15     1.5322
   17  3.1754e+12     3.0295    17    16     1.6165
   18  3.1362e+12     3.0416    18    17     1.7003
   19  2.6178e+12     3.2218    19    18     1.7838
   20  2.5891e+12     3.2330    20    19     1.8669
   21  2.5648e+12     3.2426    21    20     1.9496
   22  2.4958e+12     3.2706    22    21     2.0321
   23  2.4901e+12     3.2730    23    22     2.1143
   24  2.2086e+12     3.3983    24    23     2.1963
   25  1.8814e+12     3.5714    25    24     2.2781
   26  1.8705e+12     3.5778    26    25     2.3597
   27  1.8674e+12     3.5795    27    26     2.4411
   28  1.6859e+12     3.6934    28    27     2.5223
   29  1.4957e+12     3.8301    29    28     2.6034
   30  1.3549e+12     3.9458    30    29     2.6844
   31  1.3457e+12     3.9539    31    30     2.7652
   32  1.8560e+10    11.8934    32    31     2.8459
   33  1.8206e+10    11.9443    33    32     2.9266
   34  1.8180e+10    11.9480    34    33     3.0071
   35  1.7935e+10    11.9839    35    34     3.0876
   36  1.5176e+10    12.4323    36    35     3.1680
   37  1.5112e+10    12.4438    37    36     3.2483
   38  1.5096e+10    12.4467    38    37     3.3285
   39  1.4902e+10    12.4820    39    38     3.4087
   40  1.2025e+10    13.0769    40    39     3.4889
   41  1.1952e+10    13.0941    41    40     3.5689
   42  8.1884e+09    14.1928    42    41     3.6490
   43  8.1850e+09    14.1940    43    42     3.7290
   44  8.1789e+09    14.1963    44    43     3.8089
   45  8.1681e+09    14.2002    45    44     3.8889
   46  8.0209e+09    14.2546    46    45     3.9688
   47  7.9498e+09    14.2814    47    46     4.0486
   48  7.6522e+09    14.3963    48    47     4.1285
   49  7.2729e+09    14.5503    49    48     4.2083
   50  7.2467e+09    14.5613    50    49     4.2881
   51  7.2062e+09    14.5784    51    50     4.3678
   52  7.1500e+09    14.6023    52    51     4.4476
   53  6.3289e+09    14.9778    53    52     4.5273
   54  6.1410e+09    15.0716    54    53     4.6070
   55  6.0419e+09    15.1225    55    54     4.6867
   56  6.0197e+09    15.1340    56    55     4.7664
   57  5.8237e+09    15.2378    57    56     4.8460
   58  5.8233e+09    15.2381    58    57     4.9257
   59  5.8210e+09    15.2393    59    58     5.0053
   60  5.8140e+09    15.2431    60    59     5.0849
   61  4.5389e+09    16.0360    61    60     5.1646
   62  4.5214e+09    16.0486    62    61     5.2442
   63  4.2374e+09    16.2612    63    62     5.3238
   64  3.7740e+09    16.6458    64    63     5.4033
   65  3.7171e+09    16.6968    65    64     5.4829
   66  3.7091e+09    16.7040    66    65     5.5625
   67  3.7079e+09    16.7050    67    66     5.6421
   68  3.5403e+09    16.8608    68    67     5.7216
   69  1.9683e+09    18.9280    69    68     5.8012
   70  1.9572e+09    18.9488    70    69     5.8807
   71  1.9453e+09    18.9712    71    70     5.9602
   72  1.8937e+09    19.0702    72    71     6.0398
   73  1.8863e+09    19.0847    73    72     6.1193
   74  1.8807e+09    19.0956    74    73     6.1988
   75  1.6144e+09    19.6648    75    74     6.2783
   76  1.6054e+09    19.6858    76    75     6.3579
   77  1.5721e+09    19.7650    77    76     6.4374
   78  1.5594e+09    19.7956    78    77     6.5169
   79  1.5590e+09    19.7965    79    78     6.5964
   80  1.5299e+09    19.8678    80    79     6.6759
   81  1.5135e+09    19.9088    81    80     6.7554
   82  1.5089e+09    19.9203    82    81     6.8349
   83  1.4797e+09    19.9947    83    82     6.9143
   84  1.4706e+09    20.0182    84    83     6.9938
   85  1.4673e+09    20.0269    85    84     7.0733
   86  1.4627e+09    20.0388    86    85     7.1528
   87  1.4326e+09    20.1182    87    86     7.2323
   88  1.4197e+09    20.1529    88    87     7.3117
   89  1.4075e+09    20.1860    89    88     7.3912
   90  1.3725e+09    20.2829    90    89     7.4707
   91  1.3688e+09    20.2931    91    90     7.5502
   92  8.7055e+08    22.0888    92    91     7.6296
   93  8.6983e+08    22.0922    93    92     7.7091
   94  8.3989e+08    22.2356    94    93     7.7885
   95  8.3865e+08    22.2417    95    94     7.8680
   96  8.3474e+08    22.2609    96    95     7.9475
   97  8.3011e+08    22.2837    97    96     8.0269
   98  4.8131e+08    24.6039    98    97     8.1064
   99  4.4995e+08    24.9019    99    98     8.1858
  100  4.4447e+08    24.9563   100    99     8.2653
