#indx Mass S step-number desc_indx 
    0  3.1600e+13     1.3398     0    -1     0.0134
    1  2.5177e+13     1.4635     1     0     0.1326
    2  2.4339e+13     1.4826     2     1     0.2441
    3  2.3642e+13     1.4992     3     2     0.3500
    4  1.2978e+13     1.8742     4     3     0.4519
    5  1.2671e+13     1.8905     5     4     0.5506
    6  1.2399e+13     1.9054     6     5     0.6467
    7  1.0189e+13     2.0440     7     6     0.7407
    8  8.3798e+12     2.1895     8     7     0.8330
    9  7.2524e+12     2.3020     9     8     0.9238
   10  7.1501e+12     2.3132    10     9     1.0134
   11  6.9133e+12     2.3402    11    10     1.1018
   12  6.8737e+12     2.3448    12    11     1.1894
   13  6.6581e+12     2.3705    13    12     1.2761
   14  6.5296e+12     2.3863    14    13     1.3621
   15  6.2249e+12     2.4255    15    14     1.4474
   16  6.1713e+12     2.4326    16    15     1.5322
   17  5.9269e+12     2.4662    17    16     1.6165
   18  5.6773e+12     2.5023    18    17     1.7003
   19  4.5746e+12     2.6895    19    18     1.7838
   20  4.3984e+12     2.7246    20    19     1.8669
   21  4.2308e+12     2.7598    21    20     1.9496
   22  4.1853e+12     2.7696    22    21     2.0321
   23  4.0644e+12     2.7964    23    22     2.1143
   24  3.8792e+12     2.8394    24    23     2.1963
   25  3.8672e+12     2.8422    25    24     2.2781
   26  3.7650e+12     2.8672    26    25     2.3597
   27  3.6620e+12     2.8931    27    26     2.4411
   28  3.4882e+12     2.9391    28    27     2.5223
   29  2.9478e+12     3.1025    29    28     2.6034
   30  2.9087e+12     3.1158    30    29     2.6844
   31  2.6801e+12     3.1979    31    30     2.7652
   32  2.6571e+12     3.2066    32    31     2.8459
   33  2.6093e+12     3.2251    33    32     2.9266
   34  1.7892e+12     3.6269    34    33     3.0071
   35  1.7056e+12     3.6804    35    34     3.0876
   36  1.6610e+12     3.7102    36    35     3.1680
   37  1.5322e+12     3.8023    37    36     3.2483
   38  1.5108e+12     3.8185    38    37     3.3285
   39  1.4814e+12     3.8412    39    38     3.4087
   40  1.4511e+12     3.8652    40    39     3.4889
   41  1.4215e+12     3.8893    41    40     3.5689
   42  1.3770e+12     3.9267    42    41     3.6490
   43  1.2895e+12     4.0046    43    42     3.7290
   44  1.2694e+12     4.0235    44    43     3.8089
   45  1.2252e+12     4.0661    45    44     3.8889
   46  1.1557e+12     4.1373    46    45     3.9688
   47  1.0781e+12     4.2230    47    46     4.0486
   48  1.0499e+12     4.2560    48    47     4.1285
   49  1.0042e+12     4.3119    49    48     4.2083
   50  9.7738e+11     4.3462    50    49     4.2881
   51  9.7305e+11     4.3519    51    50     4.3678
   52  9.4829e+11     4.3847    52    51     4.4476
   53  8.0774e+11     4.5933    53    52     4.5273
   54  7.9463e+11     4.6149    54    53     4.6070
   55  6.9363e+11     4.7979    55    54     4.6867
   56  6.5956e+11     4.8671    56    55     4.7664
   57  6.4256e+11     4.9032    57    56     4.8460
   58  5.9429e+11     5.0124    58    57     4.9257
   59  5.8564e+11     5.0331    59    58     5.0053
   60  5.1827e+11     5.2081    60    59     5.0849
   61  5.1227e+11     5.2250    61    60     5.1646
   62  5.0250e+11     5.2530    62    61     5.2442
   63  5.0152e+11     5.2559    63    62     5.3238
   64  4.6413e+11     5.3698    64    63     5.4033
   65  4.5137e+11     5.4113    65    64     5.4829
   66  4.4943e+11     5.4177    66    65     5.5625
   67  4.1421e+11     5.5405    67    66     5.6421
   68  3.4210e+11     5.8361    68    67     5.7216
   69  3.2609e+11     5.9120    69    68     5.8012
   70  3.2495e+11     5.9176    70    69     5.8807
   71  3.2397e+11     5.9224    71    70     5.9602
   72  3.2317e+11     5.9263    72    71     6.0398
   73  3.1856e+11     5.9492    73    72     6.1193
   74  3.1754e+11     5.9544    74    73     6.1988
   75  3.0801e+11     6.0032    75    74     6.2783
   76  2.8167e+11     6.1482    76    75     6.3579
   77  2.0573e+11     6.6780    77    76     6.4374
   78  1.9080e+11     6.8099    78    77     6.5169
   79  1.9054e+11     6.8123    79    78     6.5964
   80  1.9009e+11     6.8165    80    79     6.6759
   81  1.8743e+11     6.8413    81    80     6.7554
   82  1.8569e+11     6.8579    82    81     6.8349
   83  1.7684e+11     6.9448    83    82     6.9143
   84  1.7492e+11     6.9643    84    83     6.9938
   85  1.7165e+11     6.9982    85    84     7.0733
   86  1.5735e+11     7.1558    86    85     7.1528
   87  1.5548e+11     7.1777    87    86     7.2323
   88  1.5531e+11     7.1796    88    87     7.3117
   89  1.5424e+11     7.1923    89    88     7.3912
   90  1.4519e+11     7.3038    90    89     7.4707
   91  1.3912e+11     7.3833    91    90     7.5502
   92  4.6658e+10     9.6373    92    91     7.6296
   93  4.5116e+10     9.7137    93    92     7.7091
   94  4.5048e+10     9.7171    94    93     7.7885
   95  4.4904e+10     9.7245    95    94     7.8680
   96  4.4532e+10     9.7434    96    95     7.9475
   97  4.3872e+10     9.7776    97    96     8.0269
   98  3.6405e+10    10.2114    98    97     8.1064
   99  3.4945e+10    10.3083    99    98     8.1858
  100  3.3822e+10    10.3862   100    99     8.2653
