#indx Mass S step-number desc_indx 
    0  3.1600e+13     1.3398     0    -1     0.0134
    1  3.1140e+13     1.3475     1     0     0.1326
    2  2.9178e+13     1.3822     2     1     0.2441
    3  2.8665e+13     1.3918     3     2     0.3500
    4  2.6735e+13     1.4300     4     3     0.4519
    5  2.4117e+13     1.4878     5     4     0.5506
    6  2.3888e+13     1.4933     6     5     0.6467
    7  2.3309e+13     1.5074     7     6     0.7407
    8  2.3202e+13     1.5100     8     7     0.8330
    9  2.0206e+13     1.5913     9     8     0.9238
   10  1.9676e+13     1.6073    10     9     1.0134
   11  1.9428e+13     1.6150    11    10     1.1018
   12  1.8570e+13     1.6426    12    11     1.1894
   13  1.8522e+13     1.6442    13    12     1.2761
   14  1.7621e+13     1.6751    14    13     1.3621
   15  1.7249e+13     1.6884    15    14     1.4474
   16  1.6443e+13     1.7187    16    15     1.5322
   17  1.6219e+13     1.7274    17    16     1.6165
   18  1.5798e+13     1.7442    18    17     1.7003
   19  1.3788e+13     1.8334    19    18     1.7838
   20  1.3302e+13     1.8575    20    19     1.8669
   21  1.2171e+13     1.9182    21    20     1.9496
   22  1.1571e+13     1.9534    22    21     2.0321
   23  1.1373e+13     1.9655    23    22     2.1143
   24  1.1075e+13     1.9843    24    23     2.1963
   25  7.7124e+12     2.2536    25    24     2.2781
   26  7.0734e+12     2.3218    26    25     2.3597
   27  7.0186e+12     2.3280    27    26     2.4411
   28  6.2724e+12     2.4192    28    27     2.5223
   29  6.2438e+12     2.4230    29    28     2.6034
   30  4.3026e+12     2.7445    30    29     2.6844
   31  4.1280e+12     2.7821    31    30     2.7652
   32  3.8831e+12     2.8384    32    31     2.8459
   33  3.7594e+12     2.8685    33    32     2.9266
   34  3.2766e+12     2.9991    34    33     3.0071
   35  2.6847e+12     3.1962    35    34     3.0876
   36  2.5278e+12     3.2576    36    35     3.1680
   37  2.4799e+12     3.2772    37    36     3.2483
   38  1.8285e+12     3.6028    38    37     3.3285
   39  1.4226e+12     3.8884    39    38     3.4087
   40  1.3087e+12     3.9870    40    39     3.4889
   41  1.3034e+12     3.9919    41    40     3.5689
   42  1.0189e+12     4.2936    42    41     3.6490
   43  9.9999e+11     4.3173    43    42     3.7290
   44  9.9063e+11     4.3291    44    43     3.8089
   45  9.7940e+11     4.3436    45    44     3.8889
   46  9.7792e+11     4.3455    46    45     3.9688
   47  5.6795e+11     5.0766    47    46     4.0486
   48  5.6200e+11     5.0916    48    47     4.1285
   49  5.5782e+11     5.1023    49    48     4.2083
   50  5.4996e+11     5.1226    50    49     4.2881
   51  5.3545e+11     5.1609    51    50     4.3678
   52  3.3378e+11     5.8750    52    51     4.4476
   53  3.3097e+11     5.8884    53    52     4.5273
   54  3.1946e+11     5.9447    54    53     4.6070
   55  3.1005e+11     5.9926    55    54     4.6867
   56  3.0627e+11     6.0123    56    55     4.7664
   57  3.0275e+11     6.0309    57    56     4.8460
   58  2.9709e+11     6.0615    58    57     4.9257
   59  2.9429e+11     6.0768    59    58     5.0053
   60  2.2751e+11     6.5049    60    59     5.0849
   61  2.2471e+11     6.5260    61    60     5.1646
   62  2.0754e+11     6.6629    62    61     5.2442
   63  1.5791e+11     7.1493    63    62     5.3238
   64  1.5487e+11     7.1848    64    63     5.4033
   65  1.5485e+11     7.1851    65    64     5.4829
   66  1.1390e+11     7.7639    66    65     5.5625
   67  1.0950e+11     7.8405    67    66     5.6421
   68  1.0716e+11     7.8828    68    67     5.7216
   69  1.0693e+11     7.8869    69    68     5.8012
   70  1.0555e+11     7.9125    70    69     5.8807
   71  1.0397e+11     7.9421    71    70     5.9602
   72  1.0276e+11     7.9653    72    71     6.0398
   73  1.0194e+11     7.9811    73    72     6.1193
   74  9.7885e+10     8.0617    74    73     6.1988
   75  9.4602e+10     8.1298    75    74     6.2783
   76  9.2823e+10     8.1679    76    75     6.3579
   77  9.0752e+10     8.2134    77    76     6.4374
   78  8.9622e+10     8.2387    78    77     6.5169
   79  8.0289e+10     8.4633    79    78     6.5964
   80  7.9792e+10     8.4761    80    79     6.6759
   81  7.6779e+10     8.5559    81    80     6.7554
   82  7.3703e+10     8.6412    82    81     6.8349
   83  6.8055e+10     8.8093    83    82     6.9143
   84  6.8029e+10     8.8101    84    83     6.9938
   85  6.5517e+10     8.8902    85    84     7.0733
   86  6.4421e+10     8.9263    86    85     7.1528
   87  6.3752e+10     8.9487    87    86     7.2323
   88  3.1106e+10    10.5877    88    87     7.3117
   89  3.0624e+10    10.6256    89    88     7.3912
   90  2.8826e+10    10.7734    90    89     7.4707
   91  2.8601e+10    10.7927    91    90     7.5502
   92  2.7593e+10    10.8810    92    91     7.6296
   93  2.7577e+10    10.8825    93    92     7.7091
   94  2.6411e+10    10.9897    94    93     7.7885
   95  2.6384e+10    10.9923    95    94     7.8680
   96  2.6265e+10    11.0035    96    95     7.9475
   97  2.4266e+10    11.2020    97    96     8.0269
   98  1.9450e+10    11.7704    98    97     8.1064
   99  1.9316e+10    11.7885    99    98     8.1858
  100  1.9225e+10    11.8008   100    99     8.2653
