#indx Mass S step-number desc_indx 
    0  3.1600e+13     1.3398     0    -1     0.0134
    1  3.0631e+13     1.3562     1     0     0.1326
    2  2.9894e+13     1.3692     2     1     0.2441
    3  2.8773e+13     1.3898     3     2     0.3500
    4  2.7715e+13     1.4102     4     3     0.4519
    5  2.7647e+13     1.4115     5     4     0.5506
    6  2.7220e+13     1.4200     6     5     0.6467
    7  2.6378e+13     1.4374     7     6     0.7407
    8  2.5975e+13     1.4460     8     7     0.8330
    9  2.5921e+13     1.4471     9     8     0.9238
   10  2.5804e+13     1.4497    10     9     1.0134
   11  2.4414e+13     1.4809    11    10     1.1018
   12  2.3725e+13     1.4972    12    11     1.1894
   13  2.3478e+13     1.5032    13    12     1.2761
   14  5.9539e+12     2.4624    14    13     1.3621
   15  1.8374e+12     3.5974    15    14     1.4474
   16  1.7843e+12     3.6299    16    15     1.5322
   17  1.6500e+12     3.7177    17    16     1.6165
   18  1.3315e+12     3.9664    18    17     1.7003
   19  1.3227e+12     3.9743    19    18     1.7838
   20  1.2960e+12     3.9986    20    19     1.8669
   21  1.1722e+12     4.1199    21    20     1.9496
   22  1.1218e+12     4.1738    22    21     2.0321
   23  8.9782e+11     4.4550    23    22     2.1143
   24  8.9400e+11     4.4605    24    23     2.1963
   25  8.8856e+11     4.4684    25    24     2.2781
   26  8.8307e+11     4.4765    26    25     2.3597
   27  8.3086e+11     4.5561    27    26     2.4411
   28  8.1187e+11     4.5865    28    27     2.5223
   29  8.0563e+11     4.5967    29    28     2.6034
   30  6.2365e+11     4.9448    30    29     2.6844
   31  6.1012e+11     4.9754    31    30     2.7652
   32  5.0168e+11     5.2554    32    31     2.8459
   33  3.2161e+11     5.9340    33    32     2.9266
   34  3.1769e+11     5.9536    34    33     3.0071
   35  2.6138e+11     6.2714    35    34     3.0876
   36  2.5569e+11     6.3081    36    35     3.1680
   37  2.3158e+11     6.4747    37    36     3.2483
   38  2.1182e+11     6.6275    38    37     3.3285
   39  2.0863e+11     6.6538    39    38     3.4087
   40  2.0611e+11     6.6748    40    39     3.4889
   41  1.5120e+11     7.2289    41    40     3.5689
   42  1.4983e+11     7.2457    42    41     3.6490
   43  1.0797e+11     7.8681    43    42     3.7290
   44  1.0515e+11     7.9200    44    43     3.8089
   45  1.0150e+11     7.9898    45    44     3.8889
   46  9.5001e+10     8.1214    46    45     3.9688
   47  9.3822e+10     8.1464    47    46     4.0486
   48  7.2912e+10     8.6638    48    47     4.1285
   49  7.1846e+10     8.6947    49    48     4.2083
   50  6.7329e+10     8.8321    50    49     4.2881
   51  6.4362e+10     8.9283    51    50     4.3678
   52  6.3882e+10     8.9444    52    51     4.4476
   53  6.2211e+10     9.0014    53    52     4.5273
   54  6.1305e+10     9.0331    54    53     4.6070
   55  6.0131e+10     9.0749    55    54     4.6867
   56  6.0024e+10     9.0788    56    55     4.7664
   57  5.8833e+10     9.1224    57    56     4.8460
   58  5.4206e+10     9.3020    58    57     4.9257
   59  4.9992e+10     9.4819    59    58     5.0053
   60  4.9423e+10     9.5076    60    59     5.0849
   61  4.7302e+10     9.6063    61    60     5.1646
   62  4.6988e+10     9.6214    62    61     5.2442
   63  4.5766e+10     9.6811    63    62     5.3238
   64  4.2884e+10     9.8298    64    63     5.4033
   65  4.1820e+10     9.8876    65    64     5.4829
   66  4.1634e+10     9.8979    66    65     5.5625
   67  3.9845e+10     9.9998    67    66     5.6421
   68  3.8385e+10    10.0868    68    67     5.7216
   69  3.8145e+10    10.1015    69    68     5.8012
   70  2.6304e+10    10.9998    70    69     5.8807
   71  2.6157e+10    11.0138    71    70     5.9602
   72  2.6138e+10    11.0156    72    71     6.0398
   73  2.5539e+10    11.0735    73    72     6.1193
   74  2.5362e+10    11.0909    74    73     6.1988
   75  2.4989e+10    11.1281    75    74     6.2783
   76  2.4395e+10    11.1886    76    75     6.3579
   77  2.0351e+10    11.6524    77    76     6.4374
   78  1.9009e+10    11.8305    78    77     6.5169
   79  1.5718e+10    12.3371    79    78     6.5964
   80  1.5560e+10    12.3643    80    79     6.6759
   81  1.5528e+10    12.3701    81    80     6.7554
   82  1.5391e+10    12.3941    82    81     6.8349
   83  1.5335e+10    12.4039    83    82     6.9143
   84  1.2890e+10    12.8820    84    83     6.9938
   85  1.2706e+10    12.9222    85    84     7.0733
   86  1.2523e+10    12.9627    86    85     7.1528
   87  1.1754e+10    13.1413    87    86     7.2323
   88  1.1389e+10    13.2306    88    87     7.3117
   89  1.1253e+10    13.2649    89    88     7.3912
   90  1.1113e+10    13.3004    90    89     7.4707
   91  1.0927e+10    13.3489    91    90     7.5502
   92  1.0879e+10    13.3614    92    91     7.6296
   93  1.0870e+10    13.3637    93    92     7.7091
   94  1.0817e+10    13.3777    94    93     7.7885
   95  1.0617e+10    13.4312    95    94     7.8680
   96  3.3152e+09    17.0838    96    95     7.9475
   97  3.2606e+09    17.1405    97    96     8.0269
   98  3.2599e+09    17.1413    98    97     8.1064
   99  3.2448e+09    17.1571    99    98     8.1858
  100  3.2415e+09    17.1607   100    99     8.2653
