#indx Mass S step-number desc_indx 
    0  3.1600e+13     1.3398     0    -1     0.0134
    1  3.0799e+13     1.3533     1     0     0.1326
    2  2.2816e+13     1.5197     2     1     0.2441
    3  2.1945e+13     1.5424     3     2     0.3500
    4  2.1085e+13     1.5659     4     3     0.4519
    5  2.0807e+13     1.5738     5     4     0.5506
    6  2.0372e+13     1.5864     6     5     0.6467
    7  1.9362e+13     1.6171     7     6     0.7407
    8  1.8860e+13     1.6331     8     7     0.8330
    9  1.8775e+13     1.6358     9     8     0.9238
   10  1.8600e+13     1.6416    10     9     1.0134
   11  1.8582e+13     1.6422    11    10     1.1018
   12  1.8480e+13     1.6456    12    11     1.1894
   13  1.7730e+13     1.6712    13    12     1.2761
   14  1.6916e+13     1.7007    14    13     1.3621
   15  1.4233e+13     1.8123    15    14     1.4474
   16  1.3102e+13     1.8678    16    15     1.5322
   17  1.2761e+13     1.8857    17    16     1.6165
   18  1.2227e+13     1.9150    18    17     1.7003
   19  9.6554e+12     2.0833    19    18     1.7838
   20  9.5670e+12     2.0901    20    19     1.8669
   21  9.2144e+12     2.1179    21    20     1.9496
   22  9.0787e+12     2.1290    22    21     2.0321
   23  4.8729e+12     2.6337    23    22     2.1143
   24  4.6761e+12     2.6700    24    23     2.1963
   25  4.5649e+12     2.6914    25    24     2.2781
   26  4.2533e+12     2.7549    26    25     2.3597
   27  3.5281e+12     2.9283    27    26     2.4411
   28  3.5060e+12     2.9343    28    27     2.5223
   29  3.4126e+12     2.9601    29    28     2.6034
   30  3.1644e+12     3.0329    30    29     2.6844
   31  3.1077e+12     3.0506    31    30     2.7652
   32  1.7251e+12     3.6676    32    31     2.8459
   33  1.7223e+12     3.6694    33    32     2.9266
   34  1.6860e+12     3.6934    34    33     3.0071
   35  1.6717e+12     3.7030    35    34     3.0876
   36  1.6665e+12     3.7065    36    35     3.1680
   37  1.6316e+12     3.7304    37    36     3.2483
   38  1.6026e+12     3.7508    38    37     3.3285
   39  1.5854e+12     3.7632    39    38     3.4087
   40  1.5791e+12     3.7677    40    39     3.4889
   41  1.5781e+12     3.7684    41    40     3.5689
   42  1.5126e+12     3.8171    42    41     3.6490
   43  1.4777e+12     3.8442    43    42     3.7290
   44  1.4638e+12     3.8551    44    43     3.8089
   45  1.4301e+12     3.8823    45    44     3.8889
   46  1.3897e+12     3.9159    46    45     3.9688
   47  1.2611e+12     4.0313    47    46     4.0486
   48  1.2124e+12     4.0789    48    47     4.1285
   49  1.2002e+12     4.0911    49    48     4.2083
   50  6.6540e+11     4.8549    50    49     4.2881
   51  6.6001e+11     4.8661    51    50     4.3678
   52  6.3362e+11     4.9227    52    51     4.4476
   53  6.2919e+11     4.9324    53    52     4.5273
   54  6.2093e+11     4.9509    54    53     4.6070
   55  6.1694e+11     4.9599    55    54     4.6867
   56  6.1251e+11     4.9700    56    55     4.7664
   57  5.4961e+11     5.1235    57    56     4.8460
   58  5.4248e+11     5.1422    58    57     4.9257
   59  5.1899e+11     5.2061    59    58     5.0053
   60  4.5881e+11     5.3869    60    59     5.0849
   61  4.5049e+11     5.4142    61    60     5.1646
   62  4.4169e+11     5.4436    62    61     5.2442
   63  4.1535e+11     5.5363    63    62     5.3238
   64  4.1110e+11     5.5519    64    63     5.4033
   65  3.2020e+11     5.9410    65    64     5.4829
   66  3.1691e+11     5.9576    66    65     5.5625
   67  2.6269e+11     6.2631    67    66     5.6421
   68  2.4076e+11     6.4089    68    67     5.7216
   69  2.3909e+11     6.4206    69    68     5.8012
   70  2.2640e+11     6.5132    70    69     5.8807
   71  2.2568e+11     6.5187    71    70     5.9602
   72  2.2357e+11     6.5347    72    71     6.0398
   73  2.2341e+11     6.5359    73    72     6.1193
   74  2.1999e+11     6.5624    74    73     6.1988
   75  1.8830e+11     6.8331    75    74     6.2783
   76  1.8812e+11     6.8348    76    75     6.3579
   77  1.8611e+11     6.8538    77    76     6.4374
   78  1.8506e+11     6.8639    78    77     6.5169
   79  1.8011e+11     6.9120    79    78     6.5964
   80  1.5243e+11     7.2139    80    79     6.6759
   81  1.3957e+11     7.3772    81    80     6.7554
   82  1.3745e+11     7.4059    82    81     6.8349
   83  1.3618e+11     7.4233    83    82     6.9143
   84  1.2376e+11     7.6043    84    83     6.9938
   85  1.6233e+10    12.2500    85    84     7.0733
   86  1.5831e+10    12.3176    86    85     7.1528
   87  1.5690e+10    12.3419    87    86     7.2323
   88  4.7610e+09    15.8808    88    87     7.3117
   89  4.6660e+09    15.9462    89    88     7.3912
   90  4.5067e+09    16.0593    90    89     7.4707
   91  4.2978e+09    16.2147    91    90     7.5502
   92  4.2869e+09    16.2230    92    91     7.6296
   93  4.1400e+09    16.3380    93    92     7.7091
   94  3.9713e+09    16.4758    94    93     7.7885
   95  3.9157e+09    16.5227    95    94     7.8680
   96  3.9154e+09    16.5230    96    95     7.9475
   97  3.9118e+09    16.5261    97    96     8.0269
   98  3.8087e+09    16.6152    98    97     8.1064
   99  3.7746e+09    16.6453    99    98     8.1858
  100  3.7725e+09    16.6472   100    99     8.2653
