#indx Mass S step-number desc_indx 
    0  3.1600e+13     1.3398     0    -1     0.0134
    1  3.1393e+13     1.3432     1     0     0.1326
    2  2.7644e+13     1.4116     2     1     0.2441
    3  2.6215e+13     1.4409     3     2     0.3500
    4  1.8345e+13     1.6501     4     3     0.4519
    5  1.2854e+13     1.8808     5     4     0.5506
    6  1.1919e+13     1.9327     6     5     0.6467
    7  8.2230e+12     2.2040     7     6     0.7407
    8  7.7883e+12     2.2460     8     7     0.8330
    9  7.0886e+12     2.3201     9     8     0.9238
   10  6.5516e+12     2.3836    10     9     1.0134
   11  5.4997e+12     2.5292    11    10     1.1018
   12  5.3319e+12     2.5557    12    11     1.1894
   13  3.4604e+12     2.9468    13    12     1.2761
   14  3.1916e+12     3.0246    14    13     1.3621
   15  3.1715e+12     3.0307    15    14     1.4474
   16  2.9922e+12     3.0878    16    15     1.5322
   17  2.9549e+12     3.1002    17    16     1.6165
   18  2.4783e+12     3.2779    18    17     1.7003
   19  2.4297e+12     3.2984    19    18     1.7838
   20  2.2491e+12     3.3791    20    19     1.8669
   21  2.2451e+12     3.3810    21    20     1.9496
   22  1.8954e+12     3.5632    22    21     2.0321
   23  1.8258e+12     3.6044    23    22     2.1143
   24  1.7691e+12     3.6395    24    23     2.1963
   25  1.7658e+12     3.6415    25    24     2.2781
   26  1.6541e+12     3.7149    26    25     2.3597
   27  1.6436e+12     3.7221    27    26     2.4411
   28  1.6050e+12     3.7492    28    27     2.5223
   29  1.6009e+12     3.7520    29    28     2.6034
   30  1.5519e+12     3.7876    30    29     2.6844
   31  1.5172e+12     3.8137    31    30     2.7652
   32  1.0375e+12     4.2709    32    31     2.8459
   33  9.0797e+11     4.4405    33    32     2.9266
   34  8.3922e+11     4.5429    34    33     3.0071
   35  7.8274e+11     4.6350    35    34     3.0876
   36  7.7441e+11     4.6493    36    35     3.1680
   37  7.6934e+11     4.6580    37    36     3.2483
   38  7.6807e+11     4.6602    38    37     3.3285
   39  7.6128e+11     4.6721    39    38     3.4087
   40  7.5679e+11     4.6800    40    39     3.4889
   41  6.7023e+11     4.8450    41    40     3.5689
   42  6.6588e+11     4.8539    42    41     3.6490
   43  6.6070e+11     4.8647    43    42     3.7290
   44  6.5916e+11     4.8679    44    43     3.8089
   45  6.0138e+11     4.9957    45    44     3.8889
   46  5.7421e+11     5.0610    46    45     3.9688
   47  5.7205e+11     5.0664    47    46     4.0486
   48  5.6164e+11     5.0925    48    47     4.1285
   49  5.4731e+11     5.1295    49    48     4.2083
   50  5.2537e+11     5.1884    50    49     4.2881
   51  5.2152e+11     5.1990    51    50     4.3678
   52  3.9939e+11     5.5959    52    51     4.4476
   53  3.4376e+11     5.8285    53    52     4.5273
   54  3.2664e+11     5.9093    54    53     4.6070
   55  3.1523e+11     5.9660    55    54     4.6867
   56  3.0940e+11     5.9960    56    55     4.7664
   57  3.0254e+11     6.0321    57    56     4.8460
   58  3.0145e+11     6.0379    58    57     4.9257
   59  2.3323e+11     6.4627    59    58     5.0053
   60  2.3310e+11     6.4636    60    59     5.0849
   61  2.1778e+11     6.5797    61    60     5.1646
   62  2.1696e+11     6.5862    62    61     5.2442
   63  2.1339e+11     6.6148    63    62     5.3238
   64  2.0805e+11     6.6586    64    63     5.4033
   65  2.0647e+11     6.6718    65    64     5.4829
   66  2.0365e+11     6.6957    66    65     5.5625
   67  1.0289e+11     7.9627    67    66     5.6421
   68  9.4047e+10     8.1416    68    67     5.7216
   69  8.1479e+10     8.4330    69    68     5.8012
   70  7.9949e+10     8.4721    70    69     5.8807
   71  7.7899e+10     8.5258    71    70     5.9602
   72  6.2670e+10     8.9856    72    71     6.0398
   73  5.4774e+10     9.2790    73    72     6.1193
   74  5.4580e+10     9.2868    74    73     6.1988
   75  5.3878e+10     9.3154    75    74     6.2783
   76  5.3791e+10     9.3190    76    75     6.3579
   77  5.3567e+10     9.3282    77    76     6.4374
   78  5.2225e+10     9.3845    78    77     6.5169
   79  1.3492e+10    12.7552    79    78     6.5964
   80  1.2354e+10    13.0008    80    79     6.6759
   81  1.1946e+10    13.0954    81    80     6.7554
   82  1.1751e+10    13.1418    82    81     6.8349
   83  1.1731e+10    13.1467    83    82     6.9143
   84  1.1558e+10    13.1887    84    83     6.9938
   85  1.1377e+10    13.2336    85    84     7.0733
   86  1.1264e+10    13.2620    86    85     7.1528
   87  1.1144e+10    13.2925    87    86     7.2323
   88  1.1012e+10    13.3267    88    87     7.3117
   89  1.0791e+10    13.3847    89    88     7.3912
   90  1.0727e+10    13.4018    90    89     7.4707
   91  1.0592e+10    13.4382    91    90     7.5502
   92  1.0360e+10    13.5018    92    91     7.6296
   93  1.0328e+10    13.5109    93    92     7.7091
   94  1.0218e+10    13.5418    94    93     7.7885
   95  1.0163e+10    13.5573    95    94     7.8680
   96  9.6520e+09    13.7072    96    95     7.9475
   97  9.5778e+09    13.7297    97    96     8.0269
   98  9.4852e+09    13.7581    98    97     8.1064
   99  9.4662e+09    13.7639    99    98     8.1858
  100  8.1141e+09    14.2200   100    99     8.2653
