#indx Mass S step-number desc_indx 
    0  3.1600e+13     1.3398     0    -1     0.0134
    1  2.9527e+13     1.3758     1     0     0.1326
    2  2.7316e+13     1.4181     2     1     0.2441
    3  2.6209e+13     1.4410     3     2     0.3500
    4  1.9188e+13     1.6225     4     3     0.4519
    5  1.8819e+13     1.6344     5     4     0.5506
    6  1.2909e+13     1.8778     6     5     0.6467
    7  1.2670e+13     1.8906     7     6     0.7407
    8  1.2531e+13     1.8981     8     7     0.8330
    9  1.1704e+13     1.9454     9     8     0.9238
   10  8.1624e+12     2.2097    10     9     1.0134
   11  8.9120e+11     4.4646    11    10     1.1018
   12  8.7504e+11     4.4883    12    11     1.1894
   13  8.4704e+11     4.5308    13    12     1.2761
   14  5.5523e+11     5.1089    14    13     1.3621
   15  5.4104e+11     5.1460    15    14     1.4474
   16  4.7947e+11     5.3218    16    15     1.5322
   17  4.7275e+11     5.3426    17    16     1.6165
   18  4.6495e+11     5.3672    18    17     1.7003
   19  4.0408e+11     5.5781    19    18     1.7838
   20  3.8774e+11     5.6413    20    19     1.8669
   21  3.7573e+11     5.6898    21    20     1.9496
   22  3.7151e+11     5.7073    22    21     2.0321
   23  3.6936e+11     5.7163    23    22     2.1143
   24  3.6691e+11     5.7266    24    23     2.1963
   25  1.6338e+11     7.0874    25    24     2.2781
   26  1.4797e+11     7.2687    26    25     2.3597
   27  1.4429e+11     7.3153    27    26     2.4411
   28  1.4323e+11     7.3290    28    27     2.5223
   29  1.4302e+11     7.3317    29    28     2.6034
   30  1.3997e+11     7.3719    30    29     2.6844
   31  1.3841e+11     7.3929    31    30     2.7652
   32  1.3578e+11     7.4288    32    31     2.8459
   33  1.3573e+11     7.4295    33    32     2.9266
   34  1.3157e+11     7.4881    34    33     3.0071
   35  8.9334e+10     8.2452    35    34     3.0876
   36  8.7194e+10     8.2944    36    35     3.1680
   37  8.5773e+10     8.3278    37    36     3.2483
   38  8.4308e+10     8.3630    38    37     3.3285
   39  8.3885e+10     8.3733    39    38     3.4087
   40  8.3242e+10     8.3890    40    39     3.4889
   41  7.6473e+10     8.5642    41    40     3.5689
   42  7.3788e+10     8.6387    42    41     3.6490
   43  7.1561e+10     8.7031    43    42     3.7290
   44  7.1191e+10     8.7140    44    43     3.8089
   45  6.6926e+10     8.8448    45    44     3.8889
   46  6.6562e+10     8.8565    46    45     3.9688
   47  6.3778e+10     8.9479    47    46     4.0486
   48  5.8582e+10     9.1317    48    47     4.1285
   49  5.6211e+10     9.2220    49    48     4.2083
   50  5.6115e+10     9.2258    50    49     4.2881
   51  5.4608e+10     9.2857    51    50     4.3678
   52  5.4530e+10     9.2888    52    51     4.4476
   53  5.4322e+10     9.2972    53    52     4.5273
   54  4.9001e+10     9.5268    54    53     4.6070
   55  4.7796e+10     9.5829    55    54     4.6867
   56  4.7011e+10     9.6203    56    55     4.7664
   57  4.6388e+10     9.6505    57    56     4.8460
   58  4.3084e+10     9.8191    58    57     4.9257
   59  4.2494e+10     9.8508    59    58     5.0053
   60  4.1674e+10     9.8957    60    59     5.0849
   61  3.9373e+10    10.0275    61    60     5.1646
   62  3.7898e+10    10.1167    62    61     5.2442
   63  3.7787e+10    10.1236    63    62     5.3238
   64  3.7576e+10    10.1368    64    63     5.4033
   65  3.5416e+10    10.2766    65    64     5.4829
   66  3.4364e+10    10.3483    66    65     5.5625
   67  3.4123e+10    10.3650    67    66     5.6421
   68  3.3667e+10    10.3972    68    67     5.7216
   69  3.3297e+10    10.4237    69    68     5.8012
   70  3.2732e+10    10.4647    70    69     5.8807
   71  2.6952e+10    10.9393    71    70     5.9602
   72  2.6755e+10    10.9575    72    71     6.0398
   73  2.5717e+10    11.0561    73    72     6.1193
   74  2.3497e+10    11.2835    74    73     6.1988
   75  2.3010e+10    11.3367    75    74     6.2783
   76  2.2806e+10    11.3594    76    75     6.3579
   77  2.2569e+10    11.3860    77    76     6.4374
   78  2.0204e+10    11.6712    78    77     6.5169
   79  1.8866e+10    11.8503    79    78     6.5964
   80  1.8682e+10    11.8761    80    79     6.6759
   81  1.8192e+10    11.9463    81    80     6.7554
   82  1.8097e+10    11.9601    82    81     6.8349
   83  9.9261e+09    13.6257    83    82     6.9143
   84  9.9246e+09    13.6262    84    83     6.9938
   85  9.8106e+09    13.6597    85    84     7.0733
   86  9.7769e+09    13.6697    86    85     7.1528
   87  9.3268e+09    13.8074    87    86     7.2323
   88  8.9839e+09    13.9175    88    87     7.3117
   89  8.9183e+09    13.9391    89    88     7.3912
   90  8.7360e+09    14.0002    90    89     7.4707
   91  5.0757e+09    15.6745    91    90     7.5502
   92  5.0498e+09    15.6909    92    91     7.6296
   93  4.8818e+09    15.7998    93    92     7.7091
   94  4.8781e+09    15.8023    94    93     7.7885
   95  4.8730e+09    15.8056    95    94     7.8680
   96  4.7398e+09    15.8953    96    95     7.9475
   97  4.7363e+09    15.8976    97    96     8.0269
   98  4.7048e+09    15.9192    98    97     8.1064
   99  3.7395e+09    16.6766    99    98     8.1858
  100  2.9644e+09    17.4683   100    99     8.2653
