#indx Mass S step-number desc_indx 
    0  3.1600e+13     1.3398     0    -1     0.0134
    1  3.0806e+13     1.3532     1     0     0.1326
    2  2.4610e+13     1.4763     2     1     0.2441
    3  2.3734e+13     1.4970     3     2     0.3500
    4  2.3514e+13     1.5023     4     3     0.4519
    5  2.2109e+13     1.5380     5     4     0.5506
    6  2.1681e+13     1.5495     6     5     0.6467
    7  2.0875e+13     1.5718     7     6     0.7407
    8  1.7035e+13     1.6963     8     7     0.8330
    9  1.6676e+13     1.7097     9     8     0.9238
   10  1.5682e+13     1.7490    10     9     1.0134
   11  1.5153e+13     1.7712    11    10     1.1018
   12  1.3071e+13     1.8694    12    11     1.1894
   13  1.3034e+13     1.8713    13    12     1.2761
   14  1.2936e+13     1.8764    14    13     1.3621
   15  1.2589e+13     1.8950    15    14     1.4474
   16  1.2466e+13     1.9017    16    15     1.5322
   17  1.1342e+13     1.9674    17    16     1.6165
   18  1.0206e+13     2.0429    18    17     1.7003
   19  1.0044e+13     2.0545    19    18     1.7838
   20  6.8301e+12     2.3499    20    19     1.8669
   21  6.7926e+12     2.3543    21    20     1.9496
   22  6.3566e+12     2.4083    22    21     2.0321
   23  5.9214e+12     2.4669    23    22     2.1143
   24  5.3412e+12     2.5542    24    23     2.1963
   25  4.0272e+12     2.8048    25    24     2.2781
   26  3.8714e+12     2.8412    26    25     2.3597
   27  3.4795e+12     2.9415    27    26     2.4411
   28  3.4688e+12     2.9444    28    27     2.5223
   29  2.9627e+12     3.0975    29    28     2.6034
   30  2.9391e+12     3.1055    30    29     2.6844
   31  2.8686e+12     3.1296    31    30     2.7652
   32  2.7534e+12     3.1706    32    31     2.8459
   33  2.0951e+12     3.4546    33    32     2.9266
   34  2.0562e+12     3.4747    34    33     3.0071
   35  1.7985e+12     3.6211    35    34     3.0876
   36  1.7763e+12     3.6349    36    35     3.1680
   37  1.6095e+12     3.7460    37    36     3.2483
   38  1.3873e+12     3.9179    38    37     3.3285
   39  1.3770e+12     3.9267    39    38     3.4087
   40  1.3686e+12     3.9339    40    39     3.4889
   41  1.3529e+12     3.9476    41    40     3.5689
   42  1.3084e+12     3.9873    42    41     3.6490
   43  1.3054e+12     3.9900    43    42     3.7290
   44  1.2878e+12     4.0062    44    43     3.8089
   45  1.2478e+12     4.0441    45    44     3.8889
   46  1.2256e+12     4.0658    46    45     3.9688
   47  1.2070e+12     4.0842    47    46     4.0486
   48  1.1678e+12     4.1245    48    47     4.1285
   49  1.0446e+12     4.2624    49    48     4.2083
   50  9.9771e+11     4.3201    50    49     4.2881
   51  7.8999e+11     4.6227    51    50     4.3678
   52  7.5193e+11     4.6887    52    51     4.4476
   53  7.4982e+11     4.6924    53    52     4.5273
   54  7.4513e+11     4.7009    54    53     4.6070
   55  7.2703e+11     4.7340    55    54     4.6867
   56  6.1504e+11     4.9642    56    55     4.7664
   57  4.8162e+11     5.3152    57    56     4.8460
   58  3.1105e+11     5.9874    58    57     4.9257
   59  3.0997e+11     5.9930    59    58     5.0053
   60  3.0921e+11     5.9970    60    59     5.0849
   61  2.9932e+11     6.0494    61    60     5.1646
   62  2.9822e+11     6.0553    62    61     5.2442
   63  2.5509e+11     6.3119    63    62     5.3238
   64  2.5444e+11     6.3162    64    63     5.4033
   65  2.2987e+11     6.4873    65    64     5.4829
   66  2.2376e+11     6.5332    66    65     5.5625
   67  2.2180e+11     6.5483    67    66     5.6421
   68  2.1509e+11     6.6011    68    67     5.7216
   69  2.1227e+11     6.6239    69    68     5.8012
   70  1.9990e+11     6.7281    70    69     5.8807
   71  1.9908e+11     6.7353    71    70     5.9602
   72  1.8369e+11     6.8771    72    71     6.0398
   73  1.7534e+11     6.9600    73    72     6.1193
   74  1.5886e+11     7.1384    74    73     6.1988
   75  1.5854e+11     7.1420    75    74     6.2783
   76  1.5727e+11     7.1567    76    75     6.3579
   77  1.1108e+11     7.8127    77    76     6.4374
   78  1.1040e+11     7.8246    78    77     6.5169
   79  1.0503e+11     7.9223    79    78     6.5964
   80  1.0017e+11     8.0158    80    79     6.6759
   81  9.9620e+10     8.0267    81    80     6.7554
   82  9.1521e+10     8.1963    82    81     6.8349
   83  9.0694e+10     8.2146    83    82     6.9143
   84  9.0276e+10     8.2240    84    83     6.9938
   85  8.8756e+10     8.2583    85    84     7.0733
   86  8.0989e+10     8.4454    86    85     7.1528
   87  8.0481e+10     8.4584    87    86     7.2323
   88  8.0261e+10     8.4640    88    87     7.3117
   89  7.9788e+10     8.4762    89    88     7.3912
   90  7.9117e+10     8.4937    90    89     7.4707
   91  7.5649e+10     8.5867    91    90     7.5502
   92  7.2415e+10     8.6782    92    91     7.6296
   93  6.7709e+10     8.8201    93    92     7.7091
   94  6.7443e+10     8.8285    94    93     7.7885
   95  6.6061e+10     8.8726    95    94     7.8680
   96  6.5981e+10     8.8751    96    95     7.9475
   97  6.5103e+10     8.9038    97    96     8.0269
   98  6.4880e+10     8.9111    98    97     8.1064
   99  6.4179e+10     8.9344    99    98     8.1858
  100  6.1992e+10     9.0090   100    99     8.2653
