#indx Mass S step-number desc_indx 
    0  3.1600e+13     1.3398     0    -1     0.0134
    1  3.1207e+13     1.3464     1     0     0.1326
    2  3.1108e+13     1.3480     2     1     0.2441
    3  1.3029e+13     1.8716     3     2     0.3500
    4  1.2717e+13     1.8880     4     3     0.4519
    5  1.1772e+13     1.9414     5     4     0.5506
    6  1.1397e+13     1.9641     6     5     0.6467
    7  1.0698e+13     2.0089     7     6     0.7407
    8  1.0360e+13     2.0320     8     7     0.8330
    9  1.0115e+13     2.0494     9     8     0.9238
   10  9.6824e+12     2.0813    10     9     1.0134
   11  9.1955e+12     2.1195    11    10     1.1018
   12  9.0569e+12     2.1308    12    11     1.1894
   13  8.8735e+12     2.1461    13    12     1.2761
   14  8.6159e+12     2.1684    14    13     1.3621
   15  7.9990e+12     2.2253    15    14     1.4474
   16  7.8346e+12     2.2413    16    15     1.5322
   17  7.7488e+12     2.2499    17    16     1.6165
   18  6.7099e+12     2.3642    18    17     1.7003
   19  5.4639e+12     2.5348    19    18     1.7838
   20  5.4495e+12     2.5370    20    19     1.8669
   21  5.0871e+12     2.5962    21    20     1.9496
   22  4.6536e+12     2.6743    22    21     2.0321
   23  4.6021e+12     2.6842    23    22     2.1143
   24  4.5599e+12     2.6924    24    23     2.1963
   25  4.4764e+12     2.7089    25    24     2.2781
   26  4.3741e+12     2.7296    26    25     2.3597
   27  4.3042e+12     2.7442    27    26     2.4411
   28  4.2279e+12     2.7604    28    27     2.5223
   29  4.0976e+12     2.7889    29    28     2.6034
   30  4.0910e+12     2.7904    30    29     2.6844
   31  4.0073e+12     2.8094    31    30     2.7652
   32  3.9698e+12     2.8180    32    31     2.8459
   33  3.3612e+12     2.9746    33    32     2.9266
   34  3.3561e+12     2.9760    34    33     3.0071
   35  2.2401e+12     3.3834    35    34     3.0876
   36  2.2363e+12     3.3851    36    35     3.1680
   37  1.0465e+12     4.2601    37    36     3.2483
   38  8.5149e+11     4.5239    38    37     3.3285
   39  8.3217e+11     4.5540    39    38     3.4087
   40  5.7074e+11     5.0696    40    39     3.4889
   41  4.1556e+11     5.5355    41    40     3.5689
   42  3.8252e+11     5.6621    42    41     3.6490
   43  3.1985e+11     5.9428    43    42     3.7290
   44  3.1956e+11     5.9442    44    43     3.8089
   45  3.1187e+11     5.9832    45    44     3.8889
   46  3.0170e+11     6.0365    46    45     3.9688
   47  2.9020e+11     6.0995    47    46     4.0486
   48  2.5493e+11     6.3130    48    47     4.1285
   49  2.5448e+11     6.3160    49    48     4.2083
   50  2.5282e+11     6.3269    50    49     4.2881
   51  2.4691e+11     6.3665    51    50     4.3678
   52  2.1777e+11     6.5798    52    51     4.4476
   53  2.1711e+11     6.5850    53    52     4.5273
   54  2.1679e+11     6.5875    54    53     4.6070
   55  2.1601e+11     6.5937    55    54     4.6867
   56  1.9525e+11     6.7693    56    55     4.7664
   57  1.6874e+11     7.0290    57    56     4.8460
   58  1.6255e+11     7.0966    58    57     4.9257
   59  1.5100e+11     7.2314    59    58     5.0053
   60  4.9391e+10     9.5090    60    59     5.0849
   61  4.9123e+10     9.5213    61    60     5.1646
   62  4.8889e+10     9.5320    62    61     5.2442
   63  4.8828e+10     9.5348    63    62     5.3238
   64  4.8538e+10     9.5482    64    63     5.4033
   65  4.8380e+10     9.5555    65    64     5.4829
   66  4.7989e+10     9.5738    66    65     5.5625
   67  4.2554e+10     9.8475    67    66     5.6421
   68  4.2424e+10     9.8546    68    67     5.7216
   69  3.9110e+10    10.0431    69    68     5.8012
   70  3.8839e+10    10.0593    70    69     5.8807
   71  3.8551e+10    10.0767    71    70     5.9602
   72  3.8044e+10    10.1077    72    71     6.0398
   73  8.8127e+09    13.9743    73    72     6.1193
   74  8.7032e+09    14.0113    74    73     6.1988
   75  8.6252e+09    14.0380    75    74     6.2783
   76  8.5969e+09    14.0478    76    75     6.3579
   77  7.9931e+09    14.2651    77    76     6.4374
   78  7.9253e+09    14.2906    78    77     6.5169
   79  7.8125e+09    14.3338    79    78     6.5964
   80  7.8040e+09    14.3370    80    79     6.6759
   81  7.5984e+09    14.4176    81    80     6.7554
   82  7.5613e+09    14.4324    82    81     6.8349
   83  7.4853e+09    14.4630    83    82     6.9143
   84  7.4768e+09    14.4664    84    83     6.9938
   85  7.4566e+09    14.4746    85    84     7.0733
   86  7.3725e+09    14.5090    86    85     7.1528
   87  7.1380e+09    14.6074    87    86     7.2323
   88  6.8728e+09    14.7233    88    87     7.3117
   89  6.6063e+09    14.8450    89    88     7.3912
   90  6.5714e+09    14.8613    90    89     7.4707
   91  6.5589e+09    14.8672    91    90     7.5502
   92  6.4929e+09    14.8985    92    91     7.6296
   93  6.2900e+09    14.9970    93    92     7.7091
   94  6.0830e+09    15.1013    94    93     7.7885
   95  6.0643e+09    15.1109    95    94     7.8680
   96  5.8428e+09    15.2275    96    95     7.9475
   97  5.8349e+09    15.2318    97    96     8.0269
   98  5.5157e+09    15.4093    98    97     8.1064
   99  5.4401e+09    15.4532    99    98     8.1858
  100  3.3928e+09    17.0051   100    99     8.2653
