#indx Mass S step-number desc_indx 
    0  3.1600e+13     1.3398     0    -1     0.0134
    1  1.6927e+13     1.7003     1     0     0.1326
    2  1.6591e+13     1.7130     2     1     0.2441
    3  1.5987e+13     1.7366     3     2     0.3500
    4  1.4458e+13     1.8020     4     3     0.4519
    5  1.4354e+13     1.8067     5     4     0.5506
    6  1.3279e+13     1.8587     6     5     0.6467
    7  1.1328e+13     1.9683     7     6     0.7407
    8  1.0904e+13     1.9953     8     7     0.8330
    9  9.5599e+12     2.0907     9     8     0.9238
   10  8.0228e+12     2.2230    10     9     1.0134
   11  7.3476e+12     2.2916    11    10     1.1018
   12  7.2961e+12     2.2972    12    11     1.1894
   13  5.6232e+12     2.5104    13    12     1.2761
   14  5.0819e+12     2.5971    14    13     1.3621
   15  4.9845e+12     2.6139    15    14     1.4474
   16  3.9148e+12     2.8309    16    15     1.5322
   17  3.8532e+12     2.8456    17    16     1.6165
   18  3.7902e+12     2.8609    18    17     1.7003
   19  3.7457e+12     2.8720    19    18     1.7838
   20  3.6916e+12     2.8856    20    19     1.8669
   21  3.6456e+12     2.8974    21    20     1.9496
   22  3.3533e+12     2.9768    22    21     2.0321
   23  3.2100e+12     3.0190    23    22     2.1143
   24  3.1691e+12     3.0315    24    23     2.1963
   25  2.9645e+12     3.0969    25    24     2.2781
   26  2.8902e+12     3.1221    26    25     2.3597
   27  2.7170e+12     3.1841    27    26     2.4411
   28  2.0572e+12     3.4742    28    27     2.5223
   29  1.3115e+12     3.9844    29    28     2.6034
   30  1.2428e+12     4.0489    30    29     2.6844
   31  1.1611e+12     4.1314    31    30     2.7652
   32  1.0068e+12     4.3086    32    31     2.8459
   33  9.7986e+11     4.3430    33    32     2.9266
   34  9.7880e+11     4.3444    34    33     3.0071
   35  9.2092e+11     4.4223    35    34     3.0876
   36  8.3329e+11     4.5522    36    35     3.1680
   37  7.9672e+11     4.6115    37    36     3.2483
   38  7.0002e+11     4.7854    38    37     3.3285
   39  6.0612e+11     4.9847    39    38     3.4087
   40  6.0270e+11     4.9926    40    39     3.4889
   41  5.5953e+11     5.0979    41    40     3.5689
   42  5.5669e+11     5.1052    42    41     3.6490
   43  5.3470e+11     5.1630    43    42     3.7290
   44  2.2359e+11     6.5346    44    43     3.8089
   45  2.0120e+11     6.7168    45    44     3.8889
   46  1.9655e+11     6.7577    46    45     3.9688
   47  1.9460e+11     6.7752    47    46     4.0486
   48  1.8678e+11     6.8475    48    47     4.1285
   49  1.8614e+11     6.8536    49    48     4.2083
   50  1.5985e+11     7.1270    50    49     4.2881
   51  1.5910e+11     7.1356    51    50     4.3678
   52  1.5345e+11     7.2017    52    51     4.4476
   53  1.4619e+11     7.2911    53    52     4.5273
   54  1.3911e+11     7.3834    54    53     4.6070
   55  1.3502e+11     7.4393    55    54     4.6867
   56  1.0655e+11     7.8941    56    55     4.7664
   57  1.0537e+11     7.9159    57    56     4.8460
   58  1.0454e+11     7.9315    58    57     4.9257
   59  9.9019e+10     8.0387    59    58     5.0053
   60  8.9089e+10     8.2507    60    59     5.0849
   61  8.7366e+10     8.2904    61    60     5.1646
   62  7.9228e+10     8.4908    62    61     5.2442
   63  7.9142e+10     8.4930    63    62     5.3238
   64  7.7707e+10     8.5309    64    63     5.4033
   65  7.7491e+10     8.5367    65    64     5.4829
   66  7.3680e+10     8.6418    66    65     5.5625
   67  6.8071e+10     8.8088    67    66     5.6421
   68  6.7880e+10     8.8147    68    67     5.7216
   69  6.6619e+10     8.8547    69    68     5.8012
   70  6.5991e+10     8.8749    70    69     5.8807
   71  6.5372e+10     8.8950    71    70     5.9602
   72  6.4124e+10     8.9363    72    71     6.0398
   73  6.1992e+10     9.0090    73    72     6.1193
   74  6.1114e+10     9.0398    74    73     6.1988
   75  6.0690e+10     9.0549    75    74     6.2783
   76  5.7714e+10     9.1642    76    75     6.3579
   77  5.4583e+10     9.2867    77    76     6.4374
   78  5.4345e+10     9.2963    78    77     6.5169
   79  4.8718e+10     9.5399    79    78     6.5964
   80  4.7993e+10     9.5736    80    79     6.6759
   81  4.7950e+10     9.5756    81    80     6.7554
   82  4.7168e+10     9.6127    82    81     6.8349
   83  4.6058e+10     9.6667    83    82     6.9143
   84  4.5805e+10     9.6792    84    83     6.9938
   85  4.5592e+10     9.6898    85    84     7.0733
   86  4.4482e+10     9.7460    86    85     7.1528
   87  3.9631e+10    10.0123    87    86     7.2323
   88  3.8312e+10    10.0913    88    87     7.3117
   89  3.8163e+10    10.1004    89    88     7.3912
   90  3.6583e+10    10.1998    90    89     7.4707
   91  3.5596e+10    10.2645    91    90     7.5502
   92  3.5048e+10    10.3014    92    91     7.6296
   93  3.4790e+10    10.3189    93    92     7.7091
   94  3.4604e+10    10.3317    94    93     7.7885
   95  3.4550e+10    10.3354    95    94     7.8680
   96  3.4289e+10    10.3535    96    95     7.9475
   97  3.3712e+10    10.3940    97    96     8.0269
   98  3.0079e+10    10.6693    98    97     8.1064
   99  3.0012e+10    10.6747    99    98     8.1858
  100  2.9463e+10    10.7199   100    99     8.2653
