#indx Mass S step-number desc_indx 
    0  3.1600e+13     1.3398     0    -1     0.0134
    1  3.0022e+13     1.3669     1     0     0.1326
    2  2.3082e+13     1.5130     2     1     0.2441
    3  2.2623e+13     1.5246     3     2     0.3500
    4  2.2137e+13     1.5373     4     3     0.4519
    5  2.0994e+13     1.5685     5     4     0.5506
    6  1.6601e+13     1.7126     6     5     0.6467
    7  1.3943e+13     1.8260     7     6     0.7407
    8  1.3439e+13     1.8506     8     7     0.8330
    9  1.2460e+13     1.9020     9     8     0.9238
   10  1.2428e+13     1.9038    10     9     1.0134
   11  1.1920e+13     1.9327    11    10     1.1018
   12  1.0725e+13     2.0071    12    11     1.1894
   13  9.4687e+12     2.0977    13    12     1.2761
   14  9.2219e+12     2.1173    14    13     1.3621
   15  9.1184e+12     2.1257    15    14     1.4474
   16  8.5505e+12     2.1742    16    15     1.5322
   17  8.3341e+12     2.1937    17    16     1.6165
   18  8.1475e+12     2.2111    18    17     1.7003
   19  8.0601e+12     2.2194    19    18     1.7838
   20  7.8237e+12     2.2424    20    19     1.8669
   21  6.7420e+12     2.3604    21    20     1.9496
   22  6.5105e+12     2.3887    22    21     2.0321
   23  6.3775e+12     2.4056    23    22     2.1143
   24  4.8712e+12     2.6340    24    23     2.1963
   25  4.5942e+12     2.6857    25    24     2.2781
   26  3.9976e+12     2.8116    26    25     2.3597
   27  3.5578e+12     2.9204    27    26     2.4411
   28  3.5344e+12     2.9266    28    27     2.5223
   29  3.4582e+12     2.9474    29    28     2.6034
   30  3.4138e+12     2.9597    30    29     2.6844
   31  3.2666e+12     3.0021    31    30     2.7652
   32  3.2469e+12     3.0079    32    31     2.8459
   33  3.2098e+12     3.0191    33    32     2.9266
   34  3.1786e+12     3.0285    34    33     3.0071
   35  2.9447e+12     3.1036    35    34     3.0876
   36  2.9251e+12     3.1102    36    35     3.1680
   37  2.8080e+12     3.1509    37    36     3.2483
   38  2.7511e+12     3.1715    38    37     3.3285
   39  2.6861e+12     3.1956    39    38     3.4087
   40  2.5732e+12     3.2393    40    39     3.4889
   41  2.3550e+12     3.3308    41    40     3.5689
   42  2.2438e+12     3.3816    42    41     3.6490
   43  1.7550e+12     3.6484    43    42     3.7290
   44  1.6335e+12     3.7291    44    43     3.8089
   45  1.6160e+12     3.7414    45    44     3.8889
   46  1.6042e+12     3.7497    46    45     3.9688
   47  1.1046e+12     4.1929    47    46     4.0486
   48  6.1436e+11     4.9657    48    47     4.1285
   49  5.9793e+11     5.0038    49    48     4.2083
   50  5.6363e+11     5.0875    50    49     4.2881
   51  5.6230e+11     5.0909    51    50     4.3678
   52  5.5794e+11     5.1019    52    51     4.4476
   53  5.4297e+11     5.1409    53    52     4.5273
   54  5.3622e+11     5.1589    54    53     4.6070
   55  5.3038e+11     5.1747    55    54     4.6867
   56  3.5635e+11     5.7721    56    55     4.7664
   57  3.5422e+11     5.7815    57    56     4.8460
   58  1.8091e+11     6.9042    58    57     4.9257
   59  1.5530e+11     7.1798    59    58     5.0053
   60  1.3388e+11     7.4554    60    59     5.0849
   61  1.2977e+11     7.5141    61    60     5.1646
   62  1.2775e+11     7.5438    62    61     5.2442
   63  1.2655e+11     7.5618    63    62     5.3238
   64  1.1424e+11     7.7582    64    63     5.4033
   65  1.1415e+11     7.7597    65    64     5.4829
   66  1.1246e+11     7.7886    66    65     5.5625
   67  1.1172e+11     7.8014    67    66     5.6421
   68  1.0334e+11     7.9542    68    67     5.7216
   69  1.0025e+11     8.0141    69    68     5.8012
   70  9.9950e+10     8.0202    70    69     5.8807
   71  9.9817e+10     8.0228    71    70     5.9602
   72  9.1541e+10     8.1959    72    71     6.0398
   73  9.0929e+10     8.2094    73    72     6.1193
   74  9.0860e+10     8.2110    74    73     6.1988
   75  8.9205e+10     8.2481    75    74     6.2783
   76  8.8921e+10     8.2546    76    75     6.3579
   77  8.7941e+10     8.2770    77    76     6.4374
   78  7.6182e+10     8.5721    78    77     6.5169
   79  7.5783e+10     8.5830    79    78     6.5964
   80  7.5622e+10     8.5875    80    79     6.6759
   81  7.5301e+10     8.5964    81    80     6.7554
   82  7.4269e+10     8.6252    82    81     6.8349
   83  7.3222e+10     8.6549    83    82     6.9143
   84  7.2874e+10     8.6649    84    83     6.9938
   85  7.1852e+10     8.6946    85    84     7.0733
   86  7.1735e+10     8.6980    86    85     7.1528
   87  7.1220e+10     8.7131    87    86     7.2323
   88  7.0886e+10     8.7231    88    87     7.3117
   89  6.9009e+10     8.7798    89    88     7.3912
   90  6.5226e+10     8.8998    90    89     7.4707
   91  4.0936e+10     9.9371    91    90     7.5502
   92  3.7012e+10    10.1724    92    91     7.6296
   93  3.6433e+10    10.2096    93    92     7.7091
   94  3.5896e+10    10.2446    94    93     7.7885
   95  3.3470e+10    10.4113    95    94     7.8680
   96  3.0349e+10    10.6476    96    95     7.9475
   97  2.9306e+10    10.7329    97    96     8.0269
   98  2.5621e+10    11.0654    98    97     8.1064
   99  2.5109e+10    11.1161    99    98     8.1858
  100  2.5049e+10    11.1220   100    99     8.2653
