#indx Mass S step-number desc_indx 
    0  3.1600e+13     1.3398     0    -1     0.0134
    1  2.6805e+13     1.4285     1     0     0.1326
    2  1.3335e+13     1.8558     2     1     0.2441
    3  1.3296e+13     1.8578     3     2     0.3500
    4  1.2922e+13     1.8772     4     3     0.4519
    5  1.2464e+13     1.9018     5     4     0.5506
    6  9.1284e+12     2.1249     6     5     0.6467
    7  9.1067e+12     2.1267     7     6     0.7407
    8  8.3489e+12     2.1924     8     7     0.8330
    9  7.5742e+12     2.2677     9     8     0.9238
   10  6.0871e+12     2.4440    10     9     1.0134
   11  5.9747e+12     2.4595    11    10     1.1018
   12  4.4476e+12     2.7147    12    11     1.1894
   13  4.4053e+12     2.7233    13    12     1.2761
   14  3.6347e+12     2.9002    14    13     1.3621
   15  3.6184e+12     2.9044    15    14     1.4474
   16  3.5966e+12     2.9101    16    15     1.5322
   17  3.3137e+12     2.9883    17    16     1.6165
   18  3.2591e+12     3.0043    18    17     1.7003
   19  2.8816e+12     3.1251    19    18     1.7838
   20  2.8686e+12     3.1296    20    19     1.8669
   21  2.6702e+12     3.2016    21    20     1.9496
   22  2.6048e+12     3.2268    22    21     2.0321
   23  2.5756e+12     3.2383    23    22     2.1143
   24  2.5362e+12     3.2541    24    23     2.1963
   25  2.4135e+12     3.3053    25    24     2.2781
   26  2.1317e+12     3.4360    26    25     2.3597
   27  2.1244e+12     3.4397    27    26     2.4411
   28  1.7166e+12     3.6731    28    27     2.5223
   29  1.7124e+12     3.6759    29    28     2.6034
   30  1.6821e+12     3.6960    30    29     2.6844
   31  1.6681e+12     3.7054    31    30     2.7652
   32  1.6553e+12     3.7141    32    31     2.8459
   33  1.6429e+12     3.7227    33    32     2.9266
   34  1.6325e+12     3.7298    34    33     3.0071
   35  1.6292e+12     3.7322    35    34     3.0876
   36  1.4176e+12     3.8926    36    35     3.1680
   37  1.3671e+12     3.9352    37    36     3.2483
   38  1.3255e+12     3.9718    38    37     3.3285
   39  1.3167e+12     3.9797    39    38     3.4087
   40  1.2825e+12     4.0111    40    39     3.4889
   41  1.2652e+12     4.0275    41    40     3.5689
   42  1.2074e+12     4.0839    42    41     3.6490
   43  1.1000e+12     4.1980    43    42     3.7290
   44  1.0532e+12     4.2521    44    43     3.8089
   45  9.2415e+11     4.4178    45    44     3.8889
   46  8.7684e+11     4.4857    46    45     3.9688
   47  5.9890e+11     5.0015    47    46     4.0486
   48  5.2308e+11     5.1947    48    47     4.1285
   49  4.9562e+11     5.2732    49    48     4.2083
   50  4.8657e+11     5.3002    50    49     4.2881
   51  4.8571e+11     5.3028    51    50     4.3678
   52  4.7204e+11     5.3448    52    51     4.4476
   53  4.6221e+11     5.3760    53    52     4.5273
   54  4.5921e+11     5.3857    54    53     4.6070
   55  3.5643e+11     5.7717    55    54     4.6867
   56  3.3695e+11     5.8601    56    55     4.7664
   57  3.3520e+11     5.8683    57    56     4.8460
   58  3.3369e+11     5.8755    58    57     4.9257
   59  3.2777e+11     5.9038    59    58     5.0053
   60  3.2062e+11     5.9389    60    59     5.0849
   61  2.6995e+11     6.2180    61    60     5.1646
   62  2.6899e+11     6.2239    62    61     5.2442
   63  2.4840e+11     6.3564    63    62     5.3238
   64  2.4673e+11     6.3677    64    63     5.4033
   65  2.4066e+11     6.4096    65    64     5.4829
   66  2.4005e+11     6.4139    66    65     5.5625
   67  2.3852e+11     6.4247    67    66     5.6421
   68  2.2975e+11     6.4882    68    67     5.7216
   69  2.2940e+11     6.4908    69    68     5.8012
   70  2.1383e+11     6.6112    70    69     5.8807
   71  2.0075e+11     6.7207    71    70     5.9602
   72  1.9092e+11     6.8088    72    71     6.0398
   73  1.9052e+11     6.8125    73    72     6.1193
   74  1.8872e+11     6.8292    74    73     6.1988
   75  1.8526e+11     6.8620    75    74     6.2783
   76  1.7715e+11     6.9417    76    75     6.3579
   77  1.7588e+11     6.9545    77    76     6.4374
   78  1.6637e+11     7.0544    78    77     6.5169
   79  1.6501e+11     7.0693    79    78     6.5964
   80  1.5846e+11     7.1429    80    79     6.6759
   81  1.3952e+11     7.3779    81    80     6.7554
   82  1.3905e+11     7.3842    82    81     6.8349
   83  1.3533e+11     7.4350    83    82     6.9143
   84  1.3163e+11     7.4873    84    83     6.9938
   85  1.2903e+11     7.5250    85    84     7.0733
   86  1.2612e+11     7.5683    86    85     7.1528
   87  1.2214e+11     7.6295    87    86     7.2323
   88  1.2104e+11     7.6467    88    87     7.3117
   89  1.1538e+11     7.7390    89    88     7.3912
   90  1.1343e+11     7.7719    90    89     7.4707
   91  1.1263e+11     7.7856    91    90     7.5502
   92  1.0956e+11     7.8395    92    91     7.6296
   93  9.7323e+10     8.0731    93    92     7.7091
   94  9.5134e+10     8.1186    94    93     7.7885
   95  8.7854e+10     8.2790    95    94     7.8680
   96  8.7200e+10     8.2942    96    95     7.9475
   97  5.6919e+10     9.1946    97    96     8.0269
   98  5.4606e+10     9.2858    98    97     8.1064
   99  5.4010e+10     9.3100    99    98     8.1858
  100  5.1189e+10     9.4291   100    99     8.2653
