#indx Mass S step-number desc_indx 
    0  3.1600e+13     1.3398     0    -1     0.0134
    1  2.7121e+13     1.4221     1     0     0.1326
    2  2.5780e+13     1.4502     2     1     0.2441
    3  2.4478e+13     1.4794     3     2     0.3500
    4  2.4161e+13     1.4868     4     3     0.4519
    5  2.3866e+13     1.4938     5     4     0.5506
    6  2.3837e+13     1.4945     6     5     0.6467
    7  2.1137e+13     1.5645     7     6     0.7407
    8  9.7422e+12     2.0768     8     7     0.8330
    9  9.6518e+12     2.0836     9     8     0.9238
   10  8.6178e+12     2.1682    10     9     1.0134
   11  8.0655e+12     2.2189    11    10     1.1018
   12  6.1257e+12     2.4387    12    11     1.1894
   13  2.8946e+12     3.1206    13    12     1.2761
   14  2.8214e+12     3.1462    14    13     1.3621
   15  2.8030e+12     3.1527    15    14     1.4474
   16  2.6719e+12     3.2010    16    15     1.5322
   17  2.5616e+12     3.2439    17    16     1.6165
   18  2.4872e+12     3.2742    18    17     1.7003
   19  2.4715e+12     3.2807    19    18     1.7838
   20  2.4100e+12     3.3068    20    19     1.8669
   21  2.0002e+12     3.5045    21    20     1.9496
   22  8.2944e+11     4.5583    22    21     2.0321
   23  4.7066e+11     5.3491    23    22     2.1143
   24  4.6901e+11     5.3543    24    23     2.1963
   25  4.5091e+11     5.4128    25    24     2.2781
   26  4.2444e+11     5.5036    26    25     2.3597
   27  4.1721e+11     5.5295    27    26     2.4411
   28  4.1546e+11     5.5359    28    27     2.5223
   29  3.6394e+11     5.7392    29    28     2.6034
   30  3.5672e+11     5.7705    30    29     2.6844
   31  3.4867e+11     5.8062    31    30     2.7652
   32  3.4674e+11     5.8150    32    31     2.8459
   33  2.5580e+11     6.3073    33    32     2.9266
   34  2.5020e+11     6.3443    34    33     3.0071
   35  2.1900e+11     6.5701    35    34     3.0876
   36  2.1836e+11     6.5751    36    35     3.1680
   37  2.1669e+11     6.5883    37    36     3.2483
   38  2.1646e+11     6.5902    38    37     3.3285
   39  2.0666e+11     6.6702    39    38     3.4087
   40  2.0602e+11     6.6756    40    39     3.4889
   41  2.0519e+11     6.6827    41    40     3.5689
   42  2.0438e+11     6.6895    42    41     3.6490
   43  2.0336e+11     6.6982    43    42     3.7290
   44  2.0019e+11     6.7256    44    43     3.8089
   45  1.9958e+11     6.7310    45    44     3.8889
   46  1.9598e+11     6.7628    46    45     3.9688
   47  1.8653e+11     6.8499    47    46     4.0486
   48  1.8425e+11     6.8717    48    47     4.1285
   49  1.8356e+11     6.8783    49    48     4.2083
   50  1.8282e+11     6.8855    50    49     4.2881
   51  1.7933e+11     6.9198    51    50     4.3678
   52  1.7826e+11     6.9304    52    51     4.4476
   53  1.6995e+11     7.0161    53    52     4.5273
   54  1.6905e+11     7.0257    54    53     4.6070
   55  1.6583e+11     7.0603    55    54     4.6867
   56  1.1295e+11     7.7801    56    55     4.7664
   57  1.1088e+11     7.8162    57    56     4.8460
   58  1.0769e+11     7.8732    58    57     4.9257
   59  1.0687e+11     7.8881    59    58     5.0053
   60  9.4981e+10     8.1218    60    59     5.0849
   61  5.3489e+10     9.3314    61    60     5.1646
   62  5.1295e+10     9.4244    62    61     5.2442
   63  5.1106e+10     9.4327    63    62     5.3238
   64  4.0787e+10     9.9455    64    63     5.4033
   65  3.9934e+10     9.9945    65    64     5.4829
   66  3.7953e+10    10.1133    66    65     5.5625
   67  3.7575e+10    10.1368    67    66     5.6421
   68  3.7078e+10    10.1682    68    67     5.7216
   69  3.7029e+10    10.1712    69    68     5.8012
   70  3.6315e+10    10.2172    70    69     5.8807
   71  3.2467e+10    10.4843    71    70     5.9602
   72  3.0914e+10    10.6028    72    71     6.0398
   73  3.0269e+10    10.6540    73    72     6.1193
   74  2.9600e+10    10.7085    74    73     6.1988
   75  2.9544e+10    10.7131    75    74     6.2783
   76  2.7699e+10    10.8716    76    75     6.3579
   77  2.3961e+10    11.2340    77    76     6.4374
   78  2.3875e+10    11.2431    78    77     6.5169
   79  2.3798e+10    11.2513    79    78     6.5964
   80  2.1762e+10    11.4793    80    79     6.6759
   81  1.9535e+10    11.7590    81    80     6.7554
   82  1.9304e+10    11.7901    82    81     6.8349
   83  1.9222e+10    11.8013    83    82     6.9143
   84  1.6855e+10    12.1493    84    83     6.9938
   85  1.6735e+10    12.1683    85    84     7.0733
   86  1.6120e+10    12.2689    86    85     7.1528
   87  1.6104e+10    12.2716    87    86     7.2323
   88  1.4444e+10    12.5672    88    87     7.3117
   89  1.2759e+10    12.9105    89    88     7.3912
   90  1.2747e+10    12.9131    90    89     7.4707
   91  1.2346e+10    13.0027    91    90     7.5502
   92  1.2290e+10    13.0154    92    91     7.6296
   93  9.6387e+09    13.7112    93    92     7.7091
   94  9.6155e+09    13.7183    94    93     7.7885
   95  9.5976e+09    13.7237    95    94     7.8680
   96  8.0251e+09    14.2531    96    95     7.9475
   97  7.9762e+09    14.2714    97    96     8.0269
   98  7.9586e+09    14.2780    98    97     8.1064
   99  7.9237e+09    14.2912    99    98     8.1858
  100  7.8495e+09    14.3195   100    99     8.2653
