#indx Mass S step-number desc_indx 
    0  3.1600e+13     1.3398     0    -1     0.0134
    1  3.1391e+13     1.3433     1     0     0.1326
    2  1.8928e+13     1.6309     2     1     0.2441
    3  1.8575e+13     1.6424     3     2     0.3500
    4  1.2004e+13     1.9278     4     3     0.4519
    5  8.4057e+12     2.1872     5     4     0.5506
    6  8.0816e+12     2.2173     6     5     0.6467
    7  7.9881e+12     2.2263     7     6     0.7407
    8  7.3670e+12     2.2895     8     7     0.8330
    9  7.1773e+12     2.3102     9     8     0.9238
   10  6.9728e+12     2.3333    10     9     1.0134
   11  5.9878e+12     2.4576    11    10     1.1018
   12  5.0171e+12     2.6082    12    11     1.1894
   13  4.9201e+12     2.6253    13    12     1.2761
   14  4.8243e+12     2.6425    14    13     1.3621
   15  4.5608e+12     2.6922    15    14     1.4474
   16  4.5285e+12     2.6985    16    15     1.5322
   17  3.8657e+12     2.8426    17    16     1.6165
   18  3.6247e+12     2.9028    18    17     1.7003
   19  3.6217e+12     2.9036    19    18     1.7838
   20  3.4700e+12     2.9441    20    19     1.8669
   21  3.4658e+12     2.9453    21    20     1.9496
   22  3.3819e+12     2.9687    22    21     2.0321
   23  3.3374e+12     2.9814    23    22     2.1143
   24  3.1804e+12     3.0280    24    23     2.1963
   25  3.0887e+12     3.0565    25    24     2.2781
   26  3.0725e+12     3.0617    26    25     2.3597
   27  2.9447e+12     3.1036    27    26     2.4411
   28  2.8812e+12     3.1252    28    27     2.5223
   29  2.6702e+12     3.2016    29    28     2.6034
   30  2.6334e+12     3.2157    30    29     2.6844
   31  2.5136e+12     3.2633    31    30     2.7652
   32  2.2370e+12     3.3848    32    31     2.8459
   33  2.0676e+12     3.4688    33    32     2.9266
   34  7.8879e+11     4.6248    34    33     3.0071
   35  7.7733e+11     4.6442    35    34     3.0876
   36  7.6301e+11     4.6691    36    35     3.1680
   37  7.6090e+11     4.6728    37    36     3.2483
   38  7.5743e+11     4.6789    38    37     3.3285
   39  7.4346e+11     4.7039    39    38     3.4087
   40  7.3171e+11     4.7254    40    39     3.4889
   41  7.2601e+11     4.7359    41    40     3.5689
   42  6.3646e+11     4.9164    42    41     3.6490
   43  5.9600e+11     5.0084    43    42     3.7290
   44  5.3586e+11     5.1599    44    43     3.8089
   45  4.4906e+11     5.4189    45    44     3.8889
   46  4.4510e+11     5.4322    46    45     3.9688
   47  4.4219e+11     5.4420    47    46     4.0486
   48  3.5406e+11     5.7822    48    47     4.1285
   49  3.0632e+11     6.0121    49    48     4.2083
   50  3.0245e+11     6.0326    50    49     4.2881
   51  2.9708e+11     6.0615    51    50     4.3678
   52  2.7591e+11     6.1821    52    51     4.4476
   53  2.7449e+11     6.1906    53    52     4.5273
   54  2.6711e+11     6.2355    54    53     4.6070
   55  2.6176e+11     6.2690    55    54     4.6867
   56  2.5429e+11     6.3172    56    55     4.7664
   57  2.5241e+11     6.3296    57    56     4.8460
   58  2.2765e+11     6.5039    58    57     4.9257
   59  2.1600e+11     6.5938    59    58     5.0053
   60  2.1445e+11     6.6062    60    59     5.0849
   61  2.1224e+11     6.6241    61    60     5.1646
   62  2.1095e+11     6.6346    62    61     5.2442
   63  2.0950e+11     6.6466    63    62     5.3238
   64  2.0857e+11     6.6543    64    63     5.4033
   65  1.9911e+11     6.7350    65    64     5.4829
   66  1.6848e+11     7.0317    66    65     5.5625
   67  1.6819e+11     7.0349    67    66     5.6421
   68  1.5375e+11     7.1982    68    67     5.7216
   69  1.5329e+11     7.2037    69    68     5.8012
   70  1.3434e+11     7.4489    70    69     5.8807
   71  1.3382e+11     7.4561    71    70     5.9602
   72  1.1226e+11     7.7921    72    71     6.0398
   73  9.9000e+10     8.0391    73    72     6.1193
   74  9.7741e+10     8.0646    74    73     6.1988
   75  9.4957e+10     8.1223    75    74     6.2783
   76  9.3377e+10     8.1559    76    75     6.3579
   77  9.2697e+10     8.1706    77    76     6.4374
   78  9.0890e+10     8.2103    78    77     6.5169
   79  9.0688e+10     8.2148    79    78     6.5964
   80  8.9875e+10     8.2330    80    79     6.6759
   81  8.6405e+10     8.3129    81    80     6.7554
   82  8.5743e+10     8.3285    82    81     6.8349
   83  8.5389e+10     8.3370    83    82     6.9143
   84  8.5319e+10     8.3386    84    83     6.9938
   85  4.3773e+10     9.7827    85    84     7.0733
   86  4.3531e+10     9.7955    86    85     7.1528
   87  4.3500e+10     9.7971    87    86     7.2323
   88  4.2645e+10     9.8426    88    87     7.3117
   89  2.8579e+10    10.7945    89    88     7.3912
   90  1.6826e+10    12.1539    90    89     7.4707
   91  1.6510e+10    12.2046    91    90     7.5502
   92  1.6489e+10    12.2080    92    91     7.6296
   93  1.6366e+10    12.2281    93    92     7.7091
   94  1.5466e+10    12.3809    94    93     7.7885
   95  1.5460e+10    12.3819    95    94     7.8680
   96  1.2853e+10    12.8900    96    95     7.9475
   97  9.1590e+09    13.8607    97    96     8.0269
   98  9.1513e+09    13.8632    98    97     8.1064
   99  8.7502e+09    13.9954    99    98     8.1858
  100  7.8489e+09    14.3198   100    99     8.2653
