#indx Mass S step-number desc_indx 
    0  3.1600e+13     1.3398     0    -1     0.0134
    1  3.0745e+13     1.3543     1     0     0.1326
    2  2.9709e+13     1.3725     2     1     0.2441
    3  2.7164e+13     1.4212     3     2     0.3500
    4  2.7000e+13     1.4245     4     3     0.4519
    5  2.1890e+13     1.5438     5     4     0.5506
    6  2.1425e+13     1.5565     6     5     0.6467
    7  1.3613e+13     1.8420     7     6     0.7407
    8  1.3404e+13     1.8524     8     7     0.8330
    9  1.1975e+13     1.9294     9     8     0.9238
   10  9.4080e+12     2.1025    10     9     1.0134
   11  9.1991e+12     2.1192    11    10     1.1018
   12  9.0210e+12     2.1338    12    11     1.1894
   13  8.0905e+12     2.2165    13    12     1.2761
   14  7.1153e+12     2.3171    14    13     1.3621
   15  6.6397e+12     2.3727    15    14     1.4474
   16  6.3632e+12     2.4074    16    15     1.5322
   17  6.2907e+12     2.4168    17    16     1.6165
   18  6.2586e+12     2.4210    18    17     1.7003
   19  6.0691e+12     2.4464    19    18     1.7838
   20  5.7882e+12     2.4860    20    19     1.8669
   21  5.7744e+12     2.4880    21    20     1.9496
   22  5.6765e+12     2.5024    22    21     2.0321
   23  5.6546e+12     2.5056    23    22     2.1143
   24  5.6289e+12     2.5095    24    23     2.1963
   25  5.5612e+12     2.5197    25    24     2.2781
   26  5.4497e+12     2.5370    26    25     2.3597
   27  3.7733e+12     2.8651    27    26     2.4411
   28  3.6806e+12     2.8884    28    27     2.5223
   29  3.3479e+12     2.9784    29    28     2.6034
   30  3.2430e+12     3.0091    30    29     2.6844
   31  3.1900e+12     3.0251    31    30     2.7652
   32  2.9481e+12     3.1025    32    31     2.8459
   33  2.8501e+12     3.1360    33    32     2.9266
   34  2.8396e+12     3.1397    34    33     3.0071
   35  2.5332e+12     3.2553    35    34     3.0876
   36  2.4887e+12     3.2736    36    35     3.1680
   37  2.4682e+12     3.2821    37    36     3.2483
   38  2.3068e+12     3.3525    38    37     3.3285
   39  9.9996e+11     4.3173    39    38     3.4087
   40  8.9752e+11     4.4554    40    39     3.4889
   41  8.2050e+11     4.5726    41    40     3.5689
   42  8.1787e+11     4.5768    42    41     3.6490
   43  7.7943e+11     4.6406    43    42     3.7290
   44  6.8063e+11     4.8238    44    43     3.8089
   45  6.7340e+11     4.8385    45    44     3.8889
   46  6.5300e+11     4.8809    46    45     3.9688
   47  6.0575e+11     4.9855    47    46     4.0486
   48  5.8061e+11     5.0453    48    47     4.1285
   49  5.4576e+11     5.1335    49    48     4.2083
   50  5.3683e+11     5.1573    50    49     4.2881
   51  5.3150e+11     5.1716    51    50     4.3678
   52  5.3015e+11     5.1753    52    51     4.4476
   53  4.7692e+11     5.3296    53    52     4.5273
   54  4.5612e+11     5.3957    54    53     4.6070
   55  4.4834e+11     5.4213    55    54     4.6867
   56  3.7163e+11     5.7068    56    55     4.7664
   57  3.6720e+11     5.7254    57    56     4.8460
   58  3.4367e+11     5.8289    58    57     4.9257
   59  3.4054e+11     5.8434    59    58     5.0053
   60  3.3419e+11     5.8731    60    59     5.0849
   61  3.3006e+11     5.8928    61    60     5.1646
   62  3.1738e+11     5.9552    62    61     5.2442
   63  2.4910e+11     6.3516    63    62     5.3238
   64  2.3728e+11     6.4335    64    63     5.4033
   65  2.3580e+11     6.4441    65    64     5.4829
   66  2.2523e+11     6.5221    66    65     5.5625
   67  2.2130e+11     6.5522    67    66     5.6421
   68  2.2036e+11     6.5594    68    67     5.7216
   69  2.1907e+11     6.5696    69    68     5.8012
   70  1.5128e+11     7.2278    70    69     5.8807
   71  1.4699e+11     7.2810    71    70     5.9602
   72  1.4602e+11     7.2932    72    71     6.0398
   73  1.4231e+11     7.3411    73    72     6.1193
   74  1.3995e+11     7.3722    74    73     6.1988
   75  1.3642e+11     7.4199    75    74     6.2783
   76  1.3310e+11     7.4662    76    75     6.3579
   77  1.3236e+11     7.4768    77    76     6.4374
   78  1.2352e+11     7.6080    78    77     6.5169
   79  1.1654e+11     7.7197    79    78     6.5964
   80  1.1643e+11     7.7214    80    79     6.6759
   81  1.1301e+11     7.7792    81    80     6.7554
   82  1.1248e+11     7.7883    82    81     6.8349
   83  1.0504e+11     7.9221    83    82     6.9143
   84  1.0444e+11     7.9334    84    83     6.9938
   85  1.0369e+11     7.9475    85    84     7.0733
   86  1.0160e+11     7.9877    86    85     7.1528
   87  9.5797e+10     8.1047    87    86     7.2323
   88  7.2024e+10     8.6895    88    87     7.3117
   89  7.1128e+10     8.7159    89    88     7.3912
   90  6.4585e+10     8.9209    90    89     7.4707
   91  6.1560e+10     9.0241    91    90     7.5502
   92  5.7155e+10     9.1855    92    91     7.6296
   93  5.7048e+10     9.1896    93    92     7.7091
   94  5.5925e+10     9.2332    94    93     7.7885
   95  5.4619e+10     9.2852    95    94     7.8680
   96  5.3649e+10     9.3248    96    95     7.9475
   97  5.1325e+10     9.4232    97    96     8.0269
   98  5.0908e+10     9.4414    98    97     8.1064
   99  4.9171e+10     9.5191    99    98     8.1858
  100  4.8841e+10     9.5342   100    99     8.2653
