#indx Mass S step-number desc_indx 
    0  3.1600e+13     1.3398     0    -1     0.0134
    1  2.3068e+13     1.5133     1     0     0.1326
    2  2.1952e+13     1.5422     2     1     0.2441
    3  1.8477e+13     1.6457     3     2     0.3500
    4  1.6942e+13     1.6997     4     3     0.4519
    5  9.4806e+12     2.0968     5     4     0.5506
    6  5.4141e+12     2.5426     6     5     0.6467
    7  5.3539e+12     2.5521     7     6     0.7407
    8  5.1945e+12     2.5781     8     7     0.8330
    9  4.2598e+12     2.7535     9     8     0.9238
   10  3.8385e+12     2.8491    10     9     1.0134
   11  3.6737e+12     2.8901    11    10     1.1018
   12  3.6211e+12     2.9037    12    11     1.1894
   13  1.7150e+12     3.6742    13    12     1.2761
   14  1.7054e+12     3.6805    14    13     1.3621
   15  1.6994e+12     3.6845    15    14     1.4474
   16  1.6703e+12     3.7040    16    15     1.5322
   17  1.6620e+12     3.7096    17    16     1.6165
   18  1.6100e+12     3.7456    18    17     1.7003
   19  1.5108e+12     3.8185    19    18     1.7838
   20  1.5052e+12     3.8228    20    19     1.8669
   21  1.4950e+12     3.8306    21    20     1.9496
   22  1.4756e+12     3.8458    22    21     2.0321
   23  1.4673e+12     3.8524    23    22     2.1143
   24  1.4219e+12     3.8890    24    23     2.1963
   25  1.3761e+12     3.9275    25    24     2.2781
   26  1.1445e+12     4.1492    26    25     2.3597
   27  1.0380e+12     4.2702    27    26     2.4411
   28  1.0071e+12     4.3083    28    27     2.5223
   29  1.0061e+12     4.3096    29    28     2.6034
   30  8.4401e+11     4.5355    30    29     2.6844
   31  8.3274e+11     4.5531    31    30     2.7652
   32  8.2232e+11     4.5697    32    31     2.8459
   33  7.8756e+11     4.6268    33    32     2.9266
   34  7.7462e+11     4.6489    34    33     3.0071
   35  7.5557e+11     4.6822    35    34     3.0876
   36  7.5256e+11     4.6876    36    35     3.1680
   37  7.0713e+11     4.7717    37    36     3.2483
   38  6.8767e+11     4.8097    38    37     3.3285
   39  6.6017e+11     4.8658    39    38     3.4087
   40  6.4631e+11     4.8951    40    39     3.4889
   41  6.3894e+11     4.9110    41    40     3.5689
   42  5.8352e+11     5.0382    42    41     3.6490
   43  5.7620e+11     5.0561    43    42     3.7290
   44  5.6850e+11     5.0752    44    43     3.8089
   45  5.6574e+11     5.0822    45    44     3.8889
   46  4.9250e+11     5.2824    46    45     3.9688
   47  4.8708e+11     5.2986    47    46     4.0486
   48  4.4029e+11     5.4484    48    47     4.1285
   49  4.3751e+11     5.4579    49    48     4.2083
   50  4.2225e+11     5.5114    50    49     4.2881
   51  4.2009e+11     5.5191    51    50     4.3678
   52  3.3955e+11     5.8480    52    51     4.4476
   53  3.2279e+11     5.9282    53    52     4.5273
   54  3.0820e+11     6.0022    54    53     4.6070
   55  3.0150e+11     6.0376    55    54     4.6867
   56  2.6268e+11     6.2632    56    55     4.7664
   57  2.6146e+11     6.2709    57    56     4.8460
   58  2.5206e+11     6.3319    58    57     4.9257
   59  2.4968e+11     6.3478    59    58     5.0053
   60  2.3974e+11     6.4161    60    59     5.0849
   61  2.3149e+11     6.4753    61    60     5.1646
   62  2.0630e+11     6.6733    62    61     5.2442
   63  2.0495e+11     6.6847    63    62     5.3238
   64  1.8412e+11     6.8729    64    63     5.4033
   65  1.8318e+11     6.8820    65    64     5.4829
   66  1.8255e+11     6.8881    66    65     5.5625
   67  1.8130e+11     6.9003    67    66     5.6421
   68  1.7636e+11     6.9496    68    67     5.7216
   69  1.7611e+11     6.9521    69    68     5.8012
   70  1.7433e+11     6.9704    70    69     5.8807
   71  1.7376e+11     6.9762    71    70     5.9602
   72  1.7331e+11     6.9808    72    71     6.0398
   73  1.7290e+11     6.9851    73    72     6.1193
   74  1.6284e+11     7.0934    74    73     6.1988
   75  1.6200e+11     7.1027    75    74     6.2783
   76  1.5879e+11     7.1391    76    75     6.3579
   77  1.5828e+11     7.1450    77    76     6.4374
   78  1.5762e+11     7.1526    78    77     6.5169
   79  1.2271e+11     7.6205    79    78     6.5964
   80  1.1180e+11     7.8001    80    79     6.6759
   81  1.0505e+11     7.9218    81    80     6.7554
   82  1.0452e+11     7.9318    82    81     6.8349
   83  9.8266e+10     8.0539    83    82     6.9143
   84  9.7886e+10     8.0616    84    83     6.9938
   85  9.5436e+10     8.1122    85    84     7.0733
   86  9.5063e+10     8.1201    86    85     7.1528
   87  9.3823e+10     8.1464    87    86     7.2323
   88  9.3279e+10     8.1581    88    87     7.3117
   89  8.9809e+10     8.2345    89    88     7.3912
   90  8.7019e+10     8.2985    90    89     7.4707
   91  8.5953e+10     8.3235    91    90     7.5502
   92  8.5586e+10     8.3323    92    91     7.6296
   93  7.9607e+10     8.4809    93    92     7.7091
   94  7.8206e+10     8.5176    94    93     7.7885
   95  6.8608e+10     8.7921    95    94     7.8680
   96  6.7888e+10     8.8145    96    95     7.9475
   97  6.5658e+10     8.8857    97    96     8.0269
   98  6.5036e+10     8.9060    98    97     8.1064
   99  6.4976e+10     8.9080    99    98     8.1858
  100  6.3379e+10     8.9614   100    99     8.2653
