#indx Mass S step-number desc_indx 
    0  3.1600e+13     1.3398     0    -1     0.0134
    1  3.0993e+13     1.3500     1     0     0.1326
    2  2.7698e+13     1.4105     2     1     0.2441
    3  2.2667e+13     1.5235     3     2     0.3500
    4  2.1408e+13     1.5569     4     3     0.4519
    5  2.0607e+13     1.5796     5     4     0.5506
    6  9.3408e+12     2.1078     6     5     0.6467
    7  9.2239e+12     2.1172     7     6     0.7407
    8  8.5717e+12     2.1723     8     7     0.8330
    9  8.3178e+12     2.1952     9     8     0.9238
   10  8.2002e+12     2.2061    10     9     1.0134
   11  8.1342e+12     2.2123    11    10     1.1018
   12  7.9099e+12     2.2339    12    11     1.1894
   13  7.4749e+12     2.2781    13    12     1.2761
   14  7.3909e+12     2.2870    14    13     1.3621
   15  6.2170e+12     2.4265    15    14     1.4474
   16  5.9765e+12     2.4592    16    15     1.5322
   17  5.4891e+12     2.5308    17    16     1.6165
   18  5.3978e+12     2.5451    18    17     1.7003
   19  5.3833e+12     2.5474    19    18     1.7838
   20  5.3147e+12     2.5584    20    19     1.8669
   21  4.7087e+12     2.6639    21    20     1.9496
   22  3.7496e+12     2.8710    22    21     2.0321
   23  3.7330e+12     2.8751    23    22     2.1143
   24  3.6911e+12     2.8857    24    23     2.1963
   25  3.4643e+12     2.9457    25    24     2.2781
   26  3.3543e+12     2.9765    26    25     2.3597
   27  2.9583e+12     3.0990    27    26     2.4411
   28  2.2411e+12     3.3829    28    27     2.5223
   29  2.2101e+12     3.3976    29    28     2.6034
   30  1.7622e+12     3.6438    30    29     2.6844
   31  1.6182e+12     3.7398    31    30     2.7652
   32  1.6017e+12     3.7515    32    31     2.8459
   33  1.4976e+12     3.8287    33    32     2.9266
   34  1.4636e+12     3.8553    34    33     3.0071
   35  1.4545e+12     3.8626    35    34     3.0876
   36  1.4429e+12     3.8718    36    35     3.1680
   37  1.4265e+12     3.8852    37    36     3.2483
   38  1.3538e+12     3.9467    38    37     3.3285
   39  1.3136e+12     3.9825    39    38     3.4087
   40  1.2942e+12     4.0003    40    39     3.4889
   41  1.1148e+12     4.1815    41    40     3.5689
   42  1.0991e+12     4.1991    42    41     3.6490
   43  9.9616e+11     4.3221    43    42     3.7290
   44  8.4213e+11     4.5384    44    43     3.8089
   45  7.8086e+11     4.6382    45    44     3.8889
   46  7.6715e+11     4.6618    46    45     3.9688
   47  7.3853e+11     4.7129    47    46     4.0486
   48  7.2424e+11     4.7392    48    47     4.1285
   49  7.1814e+11     4.7507    49    48     4.2083
   50  6.9594e+11     4.7934    50    49     4.2881
   51  6.9038e+11     4.8043    51    50     4.3678
   52  6.8390e+11     4.8173    52    51     4.4476
   53  6.7591e+11     4.8334    53    52     4.5273
   54  4.6260e+11     5.3747    54    53     4.6070
   55  4.4747e+11     5.4242    55    54     4.6867
   56  4.4408e+11     5.4356    56    55     4.7664
   57  4.1317e+11     5.5443    57    56     4.8460
   58  4.0898e+11     5.5597    58    57     4.9257
   59  4.0806e+11     5.5632    59    58     5.0053
   60  4.0674e+11     5.5681    60    59     5.0849
   61  3.8264e+11     5.6617    61    60     5.1646
   62  3.8188e+11     5.6647    62    61     5.2442
   63  3.7433e+11     5.6956    63    62     5.3238
   64  3.6938e+11     5.7162    64    63     5.4033
   65  3.6525e+11     5.7337    65    64     5.4829
   66  3.1080e+11     5.9887    66    65     5.5625
   67  1.8331e+11     6.8808    67    66     5.6421
   68  1.6841e+11     7.0325    68    67     5.7216
   69  1.6490e+11     7.0705    69    68     5.8012
   70  1.6487e+11     7.0708    70    69     5.8807
   71  1.6322e+11     7.0891    71    70     5.9602
   72  1.5973e+11     7.1284    72    71     6.0398
   73  1.5923e+11     7.1341    73    72     6.1193
   74  1.5851e+11     7.1424    74    73     6.1988
   75  1.5799e+11     7.1483    75    74     6.2783
   76  1.2510e+11     7.5837    76    75     6.3579
   77  1.2492e+11     7.5865    77    76     6.4374
   78  1.2317e+11     7.6134    78    77     6.5169
   79  1.0768e+11     7.8734    79    78     6.5964
   80  1.0114e+11     7.9967    80    79     6.6759
   81  1.0095e+11     8.0005    81    80     6.7554
   82  1.0058e+11     8.0076    82    81     6.8349
   83  9.8863e+10     8.0419    83    82     6.9143
   84  9.8171e+10     8.0558    84    83     6.9938
   85  9.4548e+10     8.1309    85    84     7.0733
   86  9.0299e+10     8.2234    86    85     7.1528
   87  8.9264e+10     8.2468    87    86     7.2323
   88  8.8943e+10     8.2541    88    87     7.3117
   89  8.7079e+10     8.2971    89    88     7.3912
   90  7.9882e+10     8.4738    90    89     7.4707
   91  7.7489e+10     8.5368    91    90     7.5502
   92  7.7093e+10     8.5474    92    91     7.6296
   93  7.6172e+10     8.5724    93    92     7.7091
   94  7.4204e+10     8.6270    94    93     7.7885
   95  7.3832e+10     8.6375    95    94     7.8680
   96  2.4459e+10    11.1820    96    95     7.9475
   97  2.3885e+10    11.2420    97    96     8.0269
   98  2.2118e+10    11.4377    98    97     8.1064
   99  2.1717e+10    11.4846    99    98     8.1858
  100  1.7161e+10    12.1011   100    99     8.2653
