#indx Mass S step-number desc_indx 
    0  3.1600e+13     1.3398     0    -1     0.0134
    1  3.0895e+13     1.3517     1     0     0.1326
    2  3.0414e+13     1.3600     2     1     0.2441
    3  2.6564e+13     1.4335     3     2     0.3500
    4  2.6014e+13     1.4451     4     3     0.4519
    5  2.0341e+13     1.5873     5     4     0.5506
    6  1.8823e+13     1.6343     6     5     0.6467
    7  1.8235e+13     1.6538     7     6     0.7407
    8  1.7710e+13     1.6719     8     7     0.8330
    9  1.7528e+13     1.6784     9     8     0.9238
   10  1.3975e+13     1.8245    10     9     1.0134
   11  1.3780e+13     1.8338    11    10     1.1018
   12  1.3202e+13     1.8626    12    11     1.1894
   13  1.2088e+13     1.9229    13    12     1.2761
   14  1.1893e+13     1.9343    14    13     1.3621
   15  1.1164e+13     1.9786    15    14     1.4474
   16  1.1099e+13     1.9827    16    15     1.5322
   17  9.5242e+12     2.0934    17    16     1.6165
   18  9.4259e+12     2.1011    18    17     1.7003
   19  9.3340e+12     2.1083    19    18     1.7838
   20  8.1224e+12     2.2134    20    19     1.8669
   21  8.0867e+12     2.2168    21    20     1.9496
   22  7.9144e+12     2.2335    22    21     2.0321
   23  7.8668e+12     2.2382    23    22     2.1143
   24  7.7176e+12     2.2531    24    23     2.1963
   25  7.6763e+12     2.2573    25    24     2.2781
   26  6.4480e+12     2.3966    26    25     2.3597
   27  6.1722e+12     2.4325    27    26     2.4411
   28  6.1253e+12     2.4388    28    27     2.5223
   29  6.0642e+12     2.4471    29    28     2.6034
   30  4.5565e+12     2.6930    30    29     2.6844
   31  4.4919e+12     2.7058    31    30     2.7652
   32  4.2768e+12     2.7499    32    31     2.8459
   33  4.1901e+12     2.7685    33    32     2.9266
   34  4.1255e+12     2.7827    34    33     3.0071
   35  4.1165e+12     2.7847    35    34     3.0876
   36  4.0155e+12     2.8075    36    35     3.1680
   37  3.8179e+12     2.8542    37    36     3.2483
   38  3.8127e+12     2.8554    38    37     3.3285
   39  3.3021e+12     2.9916    39    38     3.4087
   40  3.0680e+12     3.0632    40    39     3.4889
   41  2.8664e+12     3.1304    41    40     3.5689
   42  2.2040e+12     3.4005    42    41     3.6490
   43  2.1039e+12     3.4501    43    42     3.7290
   44  2.0829e+12     3.4609    44    43     3.8089
   45  2.0654e+12     3.4699    45    44     3.8889
   46  1.7685e+12     3.6398    46    45     3.9688
   47  1.4884e+12     3.8358    47    46     4.0486
   48  1.2384e+12     4.0532    48    47     4.1285
   49  7.2632e+11     4.7354    49    48     4.2083
   50  2.0303e+11     6.7010    50    49     4.2881
   51  1.8542e+11     6.8604    51    50     4.3678
   52  1.7716e+11     6.9415    52    51     4.4476
   53  1.7688e+11     6.9444    53    52     4.5273
   54  1.7649e+11     6.9483    54    53     4.6070
   55  1.7289e+11     6.9852    55    54     4.6867
   56  1.6934e+11     7.0225    56    55     4.7664
   57  1.4941e+11     7.2508    57    56     4.8460
   58  1.4885e+11     7.2577    58    57     4.9257
   59  1.3319e+11     7.4650    59    58     5.0053
   60  3.2194e+10    10.5047    60    59     5.0849
   61  3.1888e+10    10.5276    61    60     5.1646
   62  3.1859e+10    10.5299    62    61     5.2442
   63  3.0829e+10    10.6094    63    62     5.3238
   64  2.9981e+10    10.6773    64    63     5.4033
   65  2.9321e+10    10.7316    65    64     5.4829
   66  2.8846e+10    10.7716    66    65     5.5625
   67  2.7696e+10    10.8719    67    66     5.6421
   68  2.3698e+10    11.2619    68    67     5.7216
   69  2.3298e+10    11.3050    69    68     5.8012
   70  2.2315e+10    11.4150    70    69     5.8807
   71  2.1974e+10    11.4544    71    70     5.9602
   72  2.1700e+10    11.4867    72    71     6.0398
   73  2.0876e+10    11.5864    73    72     6.1193
   74  2.0430e+10    11.6424    74    73     6.1988
   75  1.5668e+10    12.3457    75    74     6.2783
   76  1.5567e+10    12.3631    76    75     6.3579
   77  1.5485e+10    12.3775    77    76     6.4374
   78  1.4715e+10    12.5163    78    77     6.5169
   79  1.4104e+10    12.6326    79    78     6.5964
   80  1.1401e+10    13.2276    80    79     6.6759
   81  1.1102e+10    13.3034    81    80     6.7554
   82  8.2835e+09    14.1583    82    81     6.8349
   83  8.1603e+09    14.2031    83    82     6.9143
   84  8.1479e+09    14.2076    84    83     6.9938
   85  7.9506e+09    14.2810    85    84     7.0733
   86  7.9343e+09    14.2872    86    85     7.1528
   87  7.8772e+09    14.3089    87    86     7.2323
   88  6.8391e+09    14.7384    88    87     7.3117
   89  6.7766e+09    14.7666    89    88     7.3912
   90  6.6972e+09    14.8029    90    89     7.4707
   91  6.5660e+09    14.8639    91    90     7.5502
   92  6.3338e+09    14.9754    92    91     7.6296
   93  6.3138e+09    14.9852    93    92     7.7091
   94  5.7197e+09    15.2945    94    93     7.7885
   95  5.7181e+09    15.2954    95    94     7.8680
   96  5.6969e+09    15.3071    96    95     7.9475
   97  3.7192e+09    16.6949    97    96     8.0269
   98  3.6530e+09    16.7552    98    97     8.1064
   99  3.5991e+09    16.8052    99    98     8.1858
  100  3.5769e+09    16.8261   100    99     8.2653
