#indx Mass S step-number desc_indx 
    0  3.1600e+13     1.3398     0    -1     0.0134
    1  2.6403e+13     1.4369     1     0     0.1326
    2  2.5928e+13     1.4470     2     1     0.2441
    3  2.2016e+13     1.5405     3     2     0.3500
    4  1.7528e+13     1.6783     4     3     0.4519
    5  1.7374e+13     1.6839     5     4     0.5506
    6  1.7231e+13     1.6891     6     5     0.6467
    7  1.6326e+13     1.7232     7     6     0.7407
    8  1.5484e+13     1.7572     8     7     0.8330
    9  1.5314e+13     1.7644     9     8     0.9238
   10  1.4210e+13     1.8134    10     9     1.0134
   11  1.3664e+13     1.8395    11    10     1.1018
   12  8.5169e+12     2.1772    12    11     1.1894
   13  8.3456e+12     2.1926    13    12     1.2761
   14  8.3407e+12     2.1931    14    13     1.3621
   15  7.4795e+12     2.2776    15    14     1.4474
   16  5.7545e+12     2.4909    16    15     1.5322
   17  5.5133e+12     2.5271    17    16     1.6165
   18  5.4411e+12     2.5383    18    17     1.7003
   19  3.4355e+12     2.9536    19    18     1.7838
   20  3.4176e+12     2.9586    20    19     1.8669
   21  3.3995e+12     2.9637    21    20     1.9496
   22  2.8807e+12     3.1254    22    21     2.0321
   23  2.8365e+12     3.1408    23    22     2.1143
   24  2.7589e+12     3.1687    24    23     2.1963
   25  2.5058e+12     3.2665    25    24     2.2781
   26  2.3044e+12     3.3535    26    25     2.3597
   27  2.1570e+12     3.4234    27    26     2.4411
   28  2.1140e+12     3.4449    28    27     2.5223
   29  2.0843e+12     3.4601    29    28     2.6034
   30  1.7217e+12     3.6698    30    29     2.6844
   31  1.6087e+12     3.7465    31    30     2.7652
   32  1.5087e+12     3.8201    32    31     2.8459
   33  1.4646e+12     3.8545    33    32     2.9266
   34  8.8868e+11     4.4683    34    33     3.0071
   35  8.1751e+11     4.5774    35    34     3.0876
   36  8.1440e+11     4.5824    36    35     3.1680
   37  6.4262e+11     4.9031    37    36     3.2483
   38  5.2782e+11     5.1817    38    37     3.3285
   39  5.0097e+11     5.2575    39    38     3.4087
   40  4.3753e+11     5.4578    40    39     3.4889
   41  3.9931e+11     5.5962    41    40     3.5689
   42  3.7271e+11     5.7023    42    41     3.6490
   43  3.7169e+11     5.7065    43    42     3.7290
   44  3.0235e+11     6.0331    44    43     3.8089
   45  2.2787e+11     6.5022    45    44     3.8889
   46  2.2090e+11     6.5552    46    45     3.9688
   47  2.1385e+11     6.6110    47    46     4.0486
   48  2.0576e+11     6.6778    48    47     4.1285
   49  1.9260e+11     6.7934    49    48     4.2083
   50  1.8673e+11     6.8479    50    49     4.2881
   51  1.8656e+11     6.8496    51    50     4.3678
   52  1.8628e+11     6.8522    52    51     4.4476
   53  1.8408e+11     6.8733    53    52     4.5273
   54  1.8110e+11     6.9023    54    53     4.6070
   55  1.7423e+11     6.9713    55    54     4.6867
   56  1.6890e+11     7.0273    56    55     4.7664
   57  1.6807e+11     7.0361    57    56     4.8460
   58  1.6138e+11     7.1097    58    57     4.9257
   59  1.6112e+11     7.1126    59    58     5.0053
   60  1.5793e+11     7.1491    60    59     5.0849
   61  1.3362e+11     7.4589    61    60     5.1646
   62  1.3314e+11     7.4658    62    61     5.2442
   63  1.3189e+11     7.4835    63    62     5.3238
   64  1.2740e+11     7.5491    64    63     5.4033
   65  1.2595e+11     7.5709    65    64     5.4829
   66  1.2574e+11     7.5739    66    65     5.5625
   67  1.1794e+11     7.6967    67    66     5.6421
   68  1.1712e+11     7.7100    68    67     5.7216
   69  8.3124e+10     8.3919    69    68     5.8012
   70  8.1369e+10     8.4358    70    69     5.8807
   71  8.0740e+10     8.4518    71    70     5.9602
   72  6.8456e+10     8.7968    72    71     6.0398
   73  6.7835e+10     8.8162    73    72     6.1193
   74  6.5571e+10     8.8885    74    73     6.1988
   75  6.5262e+10     8.8986    75    74     6.2783
   76  6.5165e+10     8.9018    76    75     6.3579
   77  6.4830e+10     8.9128    77    76     6.4374
   78  2.9032e+10    10.7560    78    77     6.5169
   79  2.8405e+10    10.8095    79    78     6.5964
   80  2.8313e+10    10.8175    80    79     6.6759
   81  2.6030e+10    11.0259    81    80     6.7554
   82  2.5232e+10    11.1038    82    81     6.8349
   83  2.5040e+10    11.1230    83    82     6.9143
   84  2.4091e+10    11.2203    84    83     6.9938
   85  2.2854e+10    11.3540    85    84     7.0733
   86  2.2559e+10    11.3872    86    85     7.1528
   87  2.0935e+10    11.5791    87    86     7.2323
   88  2.0912e+10    11.5819    88    87     7.3117
   89  2.0783e+10    11.5980    89    88     7.3912
   90  2.0158e+10    11.6772    90    89     7.4707
   91  2.0092e+10    11.6858    91    90     7.5502
   92  1.7156e+10    12.1019    92    91     7.6296
   93  1.2451e+10    12.9789    93    92     7.7091
   94  1.2401e+10    12.9901    94    93     7.7885
   95  1.2399e+10    12.9907    95    94     7.8680
   96  1.2357e+10    13.0003    96    95     7.9475
   97  1.2261e+10    13.0221    97    96     8.0269
   98  1.1535e+10    13.1944    98    97     8.1064
   99  1.0998e+10    13.3303    99    98     8.1858
  100  8.7763e+09    13.9866   100    99     8.2653
