#indx Mass S step-number desc_indx 
    0  3.1600e+13     1.3398     0    -1     0.0134
    1  3.0947e+13     1.3508     1     0     0.1326
    2  1.6040e+13     1.7345     2     1     0.2441
    3  1.5469e+13     1.7578     3     2     0.3500
    4  1.5255e+13     1.7669     4     3     0.4519
    5  1.4101e+13     1.8185     5     4     0.5506
    6  1.3359e+13     1.8547     6     5     0.6467
    7  1.2653e+13     1.8915     7     6     0.7407
    8  1.1859e+13     1.9362     8     7     0.8330
    9  1.1707e+13     1.9452     9     8     0.9238
   10  1.1237e+13     1.9740    10     9     1.0134
   11  1.0881e+13     1.9968    11    10     1.1018
   12  9.8704e+12     2.0672    12    11     1.1894
   13  8.7831e+12     2.1539    13    12     1.2761
   14  7.8553e+12     2.2393    14    13     1.3621
   15  6.2374e+12     2.4238    15    14     1.4474
   16  5.6628e+12     2.5044    16    15     1.5322
   17  5.2381e+12     2.5709    17    16     1.6165
   18  5.2295e+12     2.5723    18    17     1.7003
   19  5.2168e+12     2.5744    19    18     1.7838
   20  5.1568e+12     2.5844    20    19     1.8669
   21  5.1369e+12     2.5877    21    20     1.9496
   22  2.7639e+12     3.1668    22    21     2.0321
   23  2.7595e+12     3.1684    23    22     2.1143
   24  2.6850e+12     3.1960    24    23     2.1963
   25  2.6807e+12     3.1977    25    24     2.2781
   26  2.0717e+12     3.4666    26    25     2.3597
   27  2.0278e+12     3.4897    27    26     2.4411
   28  1.8567e+12     3.5859    28    27     2.5223
   29  1.6961e+12     3.6867    29    28     2.6034
   30  1.5360e+12     3.7994    30    29     2.6844
   31  1.5070e+12     3.8214    31    30     2.7652
   32  1.4022e+12     3.9053    32    31     2.8459
   33  1.1195e+12     4.1763    33    32     2.9266
   34  1.0688e+12     4.2338    34    33     3.0071
   35  1.0340e+12     4.2751    35    34     3.0876
   36  1.0280e+12     4.2825    36    35     3.1680
   37  9.9327e+11     4.3258    37    36     3.2483
   38  9.8699e+11     4.3338    38    37     3.3285
   39  9.3337e+11     4.4050    39    38     3.4087
   40  8.8224e+11     4.4777    40    39     3.4889
   41  8.7366e+11     4.4904    41    40     3.5689
   42  7.8640e+11     4.6288    42    41     3.6490
   43  6.8114e+11     4.8228    43    42     3.7290
   44  6.6173e+11     4.8625    44    43     3.8089
   45  6.1714e+11     4.9594    45    44     3.8889
   46  6.0564e+11     4.9858    46    45     3.9688
   47  5.9735e+11     5.0052    47    46     4.0486
   48  5.3027e+11     5.1750    48    47     4.1285
   49  5.0531e+11     5.2449    49    48     4.2083
   50  4.5160e+11     5.4105    50    49     4.2881
   51  4.4834e+11     5.4213    51    50     4.3678
   52  4.4107e+11     5.4458    52    51     4.4476
   53  3.9329e+11     5.6195    53    52     4.5273
   54  3.8961e+11     5.6339    54    53     4.6070
   55  3.8222e+11     5.6633    55    54     4.6867
   56  3.7743e+11     5.6828    56    55     4.7664
   57  3.7690e+11     5.6850    57    56     4.8460
   58  3.7416e+11     5.6963    58    57     4.9257
   59  3.7038e+11     5.7120    59    58     5.0053
   60  3.1056e+11     5.9900    60    59     5.0849
   61  3.0332e+11     6.0279    61    60     5.1646
   62  2.2601e+11     6.5162    62    61     5.2442
   63  2.2511e+11     6.5230    63    62     5.3238
   64  1.9504e+11     6.7712    64    63     5.4033
   65  1.8948e+11     6.8222    65    64     5.4829
   66  1.8491e+11     6.8653    66    65     5.5625
   67  7.1209e+10     8.7135    67    66     5.6421
   68  6.7430e+10     8.8289    68    67     5.7216
   69  6.7392e+10     8.8301    69    68     5.8012
   70  6.4241e+10     8.9323    70    69     5.8807
   71  5.7696e+10     9.1649    71    70     5.9602
   72  5.4878e+10     9.2748    72    71     6.0398
   73  5.4330e+10     9.2970    73    72     6.1193
   74  5.3988e+10     9.3109    74    73     6.1988
   75  5.3125e+10     9.3465    75    74     6.2783
   76  5.2870e+10     9.3572    76    75     6.3579
   77  3.9748e+10    10.0054    77    76     6.4374
   78  3.8394e+10    10.0863    78    77     6.5169
   79  3.7223e+10    10.1590    79    78     6.5964
   80  3.6778e+10    10.1873    80    79     6.6759
   81  3.6243e+10    10.2219    81    80     6.7554
   82  3.5144e+10    10.2948    82    81     6.8349
   83  3.5055e+10    10.3009    83    82     6.9143
   84  3.4660e+10    10.3279    84    83     6.9938
   85  3.3280e+10    10.4249    85    84     7.0733
   86  3.2144e+10    10.5084    86    85     7.1528
   87  9.1214e+09    13.8728    87    86     7.2323
   88  9.0930e+09    13.8819    88    87     7.3117
   89  8.7282e+09    14.0028    89    88     7.3912
   90  8.6790e+09    14.0196    90    89     7.4707
   91  8.6659e+09    14.0240    91    90     7.5502
   92  8.4373e+09    14.1034    92    91     7.6296
   93  8.3934e+09    14.1190    93    92     7.7091
   94  8.3803e+09    14.1236    94    93     7.7885
   95  8.1864e+09    14.1935    95    94     7.8680
   96  8.1472e+09    14.2079    96    95     7.9475
   97  8.1372e+09    14.2115    97    96     8.0269
   98  8.1133e+09    14.2203    98    97     8.1064
   99  8.1074e+09    14.2225    99    98     8.1858
  100  8.0768e+09    14.2338   100    99     8.2653
