#indx Mass S step-number desc_indx 
    0  3.1600e+13     1.3398     0    -1     0.0134
    1  2.9123e+13     1.3832     1     0     0.1326
    2  2.5647e+13     1.4531     2     1     0.2441
    3  2.4961e+13     1.4683     3     2     0.3500
    4  1.2274e+13     1.9124     4     3     0.4519
    5  1.1846e+13     1.9370     5     4     0.5506
    6  1.1706e+13     1.9453     6     5     0.6467
    7  4.1230e+12     2.7833     7     6     0.7407
    8  3.8781e+12     2.8396     8     7     0.8330
    9  3.8531e+12     2.8456     9     8     0.9238
   10  3.3682e+12     2.9726    10     9     1.0134
   11  3.3566e+12     2.9759    11    10     1.1018
   12  3.0739e+12     3.0613    12    11     1.1894
   13  3.0132e+12     3.0809    13    12     1.2761
   14  2.6871e+12     3.1952    14    13     1.3621
   15  2.5793e+12     3.2369    15    14     1.4474
   16  2.4996e+12     3.2691    16    15     1.5322
   17  2.3656e+12     3.3261    17    16     1.6165
   18  2.3587e+12     3.3292    18    17     1.7003
   19  1.7580e+12     3.6465    19    18     1.7838
   20  1.7277e+12     3.6659    20    19     1.8669
   21  1.5700e+12     3.7743    21    20     1.9496
   22  1.2742e+12     4.0189    22    21     2.0321
   23  1.0631e+12     4.2405    23    22     2.1143
   24  1.0483e+12     4.2579    24    23     2.1963
   25  1.0463e+12     4.2604    25    24     2.2781
   26  1.0299e+12     4.2801    26    25     2.3597
   27  9.8580e+11     4.3353    27    26     2.4411
   28  9.5966e+11     4.3695    28    27     2.5223
   29  9.5402e+11     4.3770    29    28     2.6034
   30  9.4492e+11     4.3893    30    29     2.6844
   31  8.0245e+11     4.6020    31    30     2.7652
   32  4.3108e+11     5.4802    32    31     2.8459
   33  4.2086e+11     5.5163    33    32     2.9266
   34  4.2059e+11     5.5173    34    33     3.0071
   35  4.1740e+11     5.5289    35    34     3.0876
   36  4.0745e+11     5.5655    36    35     3.1680
   37  4.0385e+11     5.5790    37    36     3.2483
   38  4.0033e+11     5.5923    38    37     3.3285
   39  3.9719e+11     5.6044    39    38     3.4087
   40  3.9200e+11     5.6245    40    39     3.4889
   41  3.8372e+11     5.6573    41    40     3.5689
   42  3.6351e+11     5.7411    42    41     3.6490
   43  3.5951e+11     5.7583    43    42     3.7290
   44  2.3926e+11     6.4194    44    43     3.8089
   45  2.3580e+11     6.4441    45    44     3.8889
   46  2.3008e+11     6.4857    46    45     3.9688
   47  2.2710e+11     6.5080    47    46     4.0486
   48  2.1552e+11     6.5977    48    47     4.1285
   49  2.0882e+11     6.6522    49    48     4.2083
   50  1.8433e+11     6.8709    50    49     4.2881
   51  1.8384e+11     6.8756    51    50     4.3678
   52  1.7757e+11     6.9374    52    51     4.4476
   53  1.0073e+11     8.0046    53    52     4.5273
   54  9.7524e+10     8.0690    54    53     4.6070
   55  9.5287e+10     8.1154    55    54     4.6867
   56  9.0242e+10     8.2247    56    55     4.7664
   57  8.2249e+10     8.4137    57    56     4.8460
   58  7.7875e+10     8.5265    58    57     4.9257
   59  6.9634e+10     8.7607    59    58     5.0053
   60  5.1589e+10     9.4117    60    59     5.0849
   61  5.1374e+10     9.4210    61    60     5.1646
   62  5.0466e+10     9.4608    62    61     5.2442
   63  4.9999e+10     9.4816    63    62     5.3238
   64  4.9459e+10     9.5059    64    63     5.4033
   65  4.8137e+10     9.5669    65    64     5.4829
   66  3.8025e+10    10.1089    66    65     5.5625
   67  3.3605e+10    10.4016    67    66     5.6421
   68  3.1317e+10    10.5714    68    67     5.7216
   69  3.1258e+10    10.5759    69    68     5.8012
   70  3.0283e+10    10.6529    70    69     5.8807
   71  2.9708e+10    10.6996    71    70     5.9602
   72  2.9033e+10    10.7558    72    71     6.0398
   73  2.8873e+10    10.7693    73    72     6.1193
   74  2.8235e+10    10.8243    74    73     6.1988
   75  2.7817e+10    10.8611    75    74     6.2783
   76  2.7633e+10    10.8775    76    75     6.3579
   77  2.7431e+10    10.8956    77    76     6.4374
   78  2.7179e+10    10.9185    78    77     6.5169
   79  2.6865e+10    10.9473    79    78     6.5964
   80  2.6768e+10    10.9563    80    79     6.6759
   81  2.5889e+10    11.0394    81    80     6.7554
   82  2.5701e+10    11.0577    82    81     6.8349
   83  2.5245e+10    11.1025    83    82     6.9143
   84  2.4472e+10    11.1806    84    83     6.9938
   85  2.4247e+10    11.2040    85    84     7.0733
   86  2.3917e+10    11.2386    86    85     7.1528
   87  1.9406e+10    11.7763    87    86     7.2323
   88  1.1989e+10    13.0852    88    87     7.3117
   89  1.1807e+10    13.1284    89    88     7.3912
   90  1.1551e+10    13.1905    90    89     7.4707
   91  1.1284e+10    13.2570    91    90     7.5502
   92  1.0329e+10    13.5104    92    91     7.6296
   93  9.9235e+09    13.6265    93    92     7.7091
   94  9.7701e+09    13.6718    94    93     7.7885
   95  8.1071e+09    14.2226    95    94     7.8680
   96  8.1045e+09    14.2236    96    95     7.9475
   97  8.0757e+09    14.2342    97    96     8.0269
   98  7.9320e+09    14.2881    98    97     8.1064
   99  7.2106e+09    14.5765    99    98     8.1858
  100  7.1213e+09    14.6146   100    99     8.2653
