#indx Mass S step-number desc_indx 
    0  3.1600e+13     1.3398     0    -1     0.0134
    1  2.9175e+13     1.3823     1     0     0.1326
    2  2.7599e+13     1.4125     2     1     0.2441
    3  2.7106e+13     1.4224     3     2     0.3500
    4  2.6165e+13     1.4419     4     3     0.4519
    5  2.3170e+13     1.5108     5     4     0.5506
    6  2.2258e+13     1.5341     6     5     0.6467
    7  2.1782e+13     1.5467     7     6     0.7407
    8  2.0963e+13     1.5694     8     7     0.8330
    9  1.7250e+13     1.6884     9     8     0.9238
   10  1.6939e+13     1.6998    10     9     1.0134
   11  1.6821e+13     1.7042    11    10     1.1018
   12  1.6309e+13     1.7238    12    11     1.1894
   13  1.5877e+13     1.7410    13    12     1.2761
   14  1.5269e+13     1.7663    14    13     1.3621
   15  1.3604e+13     1.8425    15    14     1.4474
   16  7.3345e+12     2.2930    16    15     1.5322
   17  7.1442e+12     2.3139    17    16     1.6165
   18  7.0813e+12     2.3209    18    17     1.7003
   19  1.5409e+12     3.7958    19    18     1.7838
   20  1.5034e+12     3.8241    20    19     1.8669
   21  1.4901e+12     3.8345    21    20     1.9496
   22  1.4539e+12     3.8630    22    21     2.0321
   23  1.4502e+12     3.8660    23    22     2.1143
   24  1.4396e+12     3.8746    24    23     2.1963
   25  1.4308e+12     3.8817    25    24     2.2781
   26  1.2806e+12     4.0129    26    25     2.3597
   27  1.1971e+12     4.0942    27    26     2.4411
   28  1.1820e+12     4.1097    28    27     2.5223
   29  1.1627e+12     4.1298    29    28     2.6034
   30  1.1314e+12     4.1633    30    29     2.6844
   31  1.1188e+12     4.1771    31    30     2.7652
   32  1.1062e+12     4.1911    32    31     2.8459
   33  1.0683e+12     4.2344    33    32     2.9266
   34  9.9932e+11     4.3181    34    33     3.0071
   35  8.2904e+11     4.5590    35    34     3.0876
   36  8.2139e+11     4.5712    36    35     3.1680
   37  7.9335e+11     4.6171    37    36     3.2483
   38  7.9135e+11     4.6204    38    37     3.3285
   39  7.8869e+11     4.6249    39    38     3.4087
   40  5.0643e+11     5.2416    40    39     3.4889
   41  5.0177e+11     5.2551    41    40     3.5689
   42  4.9398e+11     5.2780    42    41     3.6490
   43  4.6610e+11     5.3635    43    42     3.7290
   44  2.7829e+11     6.1680    44    43     3.8089
   45  2.6674e+11     6.2378    45    44     3.8889
   46  2.4079e+11     6.4087    46    45     3.9688
   47  2.3618e+11     6.4414    47    46     4.0486
   48  2.3556e+11     6.4458    48    47     4.1285
   49  2.3102e+11     6.4788    49    48     4.2083
   50  2.2326e+11     6.5370    50    49     4.2881
   51  2.0958e+11     6.6459    51    50     4.3678
   52  2.0358e+11     6.6963    52    51     4.4476
   53  1.9317e+11     6.7881    53    52     4.5273
   54  1.9070e+11     6.8108    54    53     4.6070
   55  1.8706e+11     6.8449    55    54     4.6867
   56  1.8127e+11     6.9006    56    55     4.7664
   57  1.6120e+11     7.1118    57    56     4.8460
   58  1.4415e+11     7.3172    58    57     4.9257
   59  1.3690e+11     7.4134    59    58     5.0053
   60  1.3674e+11     7.4155    60    59     5.0849
   61  1.3518e+11     7.4371    61    60     5.1646
   62  1.2807e+11     7.5391    62    61     5.2442
   63  1.2257e+11     7.6228    63    62     5.3238
   64  1.2231e+11     7.6268    64    63     5.4033
   65  1.1945e+11     7.6722    65    64     5.4829
   66  1.1937e+11     7.6734    66    65     5.5625
   67  1.1278e+11     7.7831    67    66     5.6421
   68  1.1203e+11     7.7961    68    67     5.7216
   69  1.0730e+11     7.8802    69    68     5.8012
   70  1.0343e+11     7.9525    70    69     5.8807
   71  1.0217e+11     7.9767    71    70     5.9602
   72  1.0198e+11     7.9802    72    71     6.0398
   73  1.0146e+11     7.9905    73    72     6.1193
   74  1.0092e+11     8.0011    74    73     6.1988
   75  1.0048e+11     8.0097    75    74     6.2783
   76  9.5611e+10     8.1086    76    75     6.3579
   77  9.3909e+10     8.1445    77    76     6.4374
   78  8.5445e+10     8.3356    78    77     6.5169
   79  5.8197e+10     9.1461    79    78     6.5964
   80  5.3985e+10     9.3110    80    79     6.6759
   81  5.3365e+10     9.3366    81    80     6.7554
   82  5.1601e+10     9.4112    82    81     6.8349
   83  4.5453e+10     9.6968    83    82     6.9143
   84  4.4404e+10     9.7500    84    83     6.9938
   85  4.3520e+10     9.7960    85    84     7.0733
   86  4.3236e+10     9.8110    86    85     7.1528
   87  4.2985e+10     9.8244    87    86     7.2323
   88  4.2758e+10     9.8366    88    87     7.3117
   89  4.2700e+10     9.8396    89    88     7.3912
   90  4.2680e+10     9.8408    90    89     7.4707
   91  4.0880e+10     9.9402    91    90     7.5502
   92  4.0773e+10     9.9463    92    91     7.6296
   93  4.0614e+10     9.9553    93    92     7.7091
   94  4.0583e+10     9.9571    94    93     7.7885
   95  3.9500e+10    10.0200    95    94     7.8680
   96  3.9317e+10    10.0308    96    95     7.9475
   97  3.9039e+10    10.0474    97    96     8.0269
   98  3.8949e+10    10.0527    98    97     8.1064
   99  3.8253e+10    10.0949    99    98     8.1858
  100  3.8148e+10    10.1013   100    99     8.2653
