#indx Mass S step-number desc_indx 
    0  3.1600e+13     1.3398     0    -1     0.0134
    1  3.0483e+13     1.3588     1     0     0.1326
    2  3.0117e+13     1.3652     2     1     0.2441
    3  2.8236e+13     1.4000     3     2     0.3500
    4  2.6917e+13     1.4262     4     3     0.4519
    5  2.0939e+13     1.5700     5     4     0.5506
    6  1.8122e+13     1.6577     6     5     0.6467
    7  1.7750e+13     1.6705     7     6     0.7407
    8  1.7310e+13     1.6862     8     7     0.8330
    9  1.5422e+13     1.7598     9     8     0.9238
   10  1.4048e+13     1.8210    10     9     1.0134
   11  1.3966e+13     1.8249    11    10     1.1018
   12  1.3065e+13     1.8697    12    11     1.1894
   13  1.1389e+13     1.9645    13    12     1.2761
   14  1.1314e+13     1.9692    14    13     1.3621
   15  1.0301e+13     2.0362    15    14     1.4474
   16  8.4249e+12     2.1854    16    15     1.5322
   17  3.1572e+12     3.0351    17    16     1.6165
   18  3.0329e+12     3.0744    18    17     1.7003
   19  2.9361e+12     3.1065    19    18     1.7838
   20  2.1335e+12     3.4351    20    19     1.8669
   21  2.1230e+12     3.4404    21    20     1.9496
   22  1.8884e+12     3.5673    22    21     2.0321
   23  1.8245e+12     3.6052    23    22     2.1143
   24  1.6300e+12     3.7316    24    23     2.1963
   25  1.5693e+12     3.7748    25    24     2.2781
   26  1.5151e+12     3.8152    26    25     2.3597
   27  1.5000e+12     3.8268    27    26     2.4411
   28  1.3948e+12     3.9115    28    27     2.5223
   29  1.3833e+12     3.9213    29    28     2.6034
   30  1.3286e+12     3.9690    30    29     2.6844
   31  1.3048e+12     3.9905    31    30     2.7652
   32  1.2856e+12     4.0082    32    31     2.8459
   33  1.0320e+12     4.2775    33    32     2.9266
   34  1.0142e+12     4.2994    34    33     3.0071
   35  9.2054e+11     4.4228    35    34     3.0876
   36  8.1301e+11     4.5847    36    35     3.1680
   37  7.8512e+11     4.6310    37    36     3.2483
   38  7.8179e+11     4.6366    38    37     3.3285
   39  7.5105e+11     4.6902    39    38     3.4087
   40  7.4689e+11     4.6977    40    39     3.4889
   41  7.4492e+11     4.7013    41    40     3.5689
   42  7.2694e+11     4.7342    42    41     3.6490
   43  6.0646e+11     4.9839    43    42     3.7290
   44  5.9133e+11     5.0194    44    43     3.8089
   45  5.6938e+11     5.0730    45    44     3.8889
   46  4.6635e+11     5.3628    46    45     3.9688
   47  4.6517e+11     5.3665    47    46     4.0486
   48  4.6305e+11     5.3733    48    47     4.1285
   49  4.6018e+11     5.3825    49    48     4.2083
   50  4.5224e+11     5.4084    50    49     4.2881
   51  4.3922e+11     5.4521    51    50     4.3678
   52  4.2871e+11     5.4885    52    51     4.4476
   53  4.2624e+11     5.4972    53    52     4.5273
   54  3.7459e+11     5.6945    54    53     4.6070
   55  3.7239e+11     5.7036    55    54     4.6867
   56  3.6783e+11     5.7227    56    55     4.7664
   57  3.6611e+11     5.7300    57    56     4.8460
   58  3.5199e+11     5.7914    58    57     4.9257
   59  3.3056e+11     5.8904    59    58     5.0053
   60  3.2078e+11     5.9381    60    59     5.0849
   61  3.1712e+11     5.9565    61    60     5.1646
   62  3.0802e+11     6.0032    62    61     5.2442
   63  2.9780e+11     6.0576    63    62     5.3238
   64  2.7410e+11     6.1929    64    63     5.4033
   65  2.6520e+11     6.2474    65    64     5.4829
   66  2.6292e+11     6.2617    66    65     5.5625
   67  2.5761e+11     6.2956    67    66     5.6421
   68  2.5730e+11     6.2976    68    67     5.7216
   69  2.4954e+11     6.3487    69    68     5.8012
   70  2.4892e+11     6.3529    70    69     5.8807
   71  2.3289e+11     6.4651    71    70     5.9602
   72  2.2004e+11     6.5620    72    71     6.0398
   73  2.1930e+11     6.5677    73    72     6.1193
   74  2.1731e+11     6.5834    74    73     6.1988
   75  2.1519e+11     6.6002    75    74     6.2783
   76  2.0871e+11     6.6531    76    75     6.3579
   77  2.0847e+11     6.6551    77    76     6.4374
   78  2.0574e+11     6.6779    78    77     6.5169
   79  1.9309e+11     6.7889    79    78     6.5964
   80  1.4355e+11     7.3249    80    79     6.6759
   81  1.4322e+11     7.3291    81    80     6.7554
   82  1.3756e+11     7.4044    82    81     6.8349
   83  1.3498e+11     7.4399    83    82     6.9143
   84  1.3402e+11     7.4533    84    83     6.9938
   85  1.3103e+11     7.4959    85    84     7.0733
   86  1.2654e+11     7.5619    86    85     7.1528
   87  1.2359e+11     7.6068    87    86     7.2323
   88  1.2195e+11     7.6324    88    87     7.3117
   89  1.2149e+11     7.6396    89    88     7.3912
   90  1.2137e+11     7.6416    90    89     7.4707
   91  1.2075e+11     7.6515    91    90     7.5502
   92  1.1886e+11     7.6817    92    91     7.6296
   93  1.1781e+11     7.6987    93    92     7.7091
   94  1.0805e+11     7.8666    94    93     7.7885
   95  1.0617e+11     7.9010    95    94     7.8680
   96  1.0564e+11     7.9108    96    95     7.9475
   97  8.9296e+10     8.2460    97    96     8.0269
   98  8.7842e+10     8.2793    98    97     8.1064
   99  6.1634e+10     9.0215    99    98     8.1858
  100  6.0518e+10     9.0610   100    99     8.2653
