#indx Mass S step-number desc_indx 
    0  3.1600e+13     1.3398     0    -1     0.0134
    1  2.3329e+13     1.5069     1     0     0.1326
    2  1.2856e+13     1.8806     2     1     0.2441
    3  1.2227e+13     1.9150     3     2     0.3500
    4  1.1182e+13     1.9774     4     3     0.4519
    5  1.0813e+13     2.0013     5     4     0.5506
    6  1.0064e+13     2.0530     6     5     0.6467
    7  9.5984e+12     2.0877     7     6     0.7407
    8  8.8292e+12     2.1499     8     7     0.8330
    9  3.7482e+12     2.8713     9     8     0.9238
   10  3.7334e+12     2.8750    10     9     1.0134
   11  3.6950e+12     2.8847    11    10     1.1018
   12  3.6215e+12     2.9036    12    11     1.1894
   13  3.6055e+12     2.9078    13    12     1.2761
   14  3.4312e+12     2.9548    14    13     1.3621
   15  3.3805e+12     2.9691    15    14     1.4474
   16  1.0398e+12     4.2681    16    15     1.5322
   17  8.2675e+11     4.5626    17    16     1.6165
   18  7.9332e+11     4.6171    18    17     1.7003
   19  7.8977e+11     4.6231    19    18     1.7838
   20  7.3693e+11     4.7158    20    19     1.8669
   21  6.4028e+11     4.9081    21    20     1.9496
   22  6.3485e+11     4.9200    22    21     2.0321
   23  6.1537e+11     4.9634    23    22     2.1143
   24  6.1181e+11     4.9716    24    23     2.1963
   25  6.0635e+11     4.9841    25    24     2.2781
   26  5.9647e+11     5.0072    26    25     2.3597
   27  5.8757e+11     5.0285    27    26     2.4411
   28  5.7806e+11     5.0515    28    27     2.5223
   29  3.9113e+11     5.6279    29    28     2.6034
   30  3.7784e+11     5.6811    30    29     2.6844
   31  3.7354e+11     5.6988    31    30     2.7652
   32  3.7194e+11     5.7055    32    31     2.8459
   33  3.6281e+11     5.7441    33    32     2.9266
   34  3.6092e+11     5.7522    34    33     3.0071
   35  3.6063e+11     5.7535    35    34     3.0876
   36  3.5558e+11     5.7755    36    35     3.1680
   37  3.5407e+11     5.7821    37    36     3.2483
   38  3.5134e+11     5.7943    38    37     3.3285
   39  3.2251e+11     5.9296    39    38     3.4087
   40  3.1826e+11     5.9507    40    39     3.4889
   41  3.0812e+11     6.0027    41    40     3.5689
   42  2.9942e+11     6.0488    42    41     3.6490
   43  2.9378e+11     6.0796    43    42     3.7290
   44  2.1428e+11     6.6076    44    43     3.8089
   45  2.0335e+11     6.6983    45    44     3.8889
   46  1.9913e+11     6.7349    46    45     3.9688
   47  1.9130e+11     6.8053    47    46     4.0486
   48  1.7119e+11     7.0030    48    47     4.1285
   49  1.6965e+11     7.0192    49    48     4.2083
   50  1.5230e+11     7.2155    50    49     4.2881
   51  1.5073e+11     7.2346    51    50     4.3678
   52  1.4795e+11     7.2689    52    51     4.4476
   53  7.2227e+10     8.6836    53    52     4.5273
   54  6.9134e+10     8.7759    54    53     4.6070
   55  6.6535e+10     8.8573    55    54     4.6867
   56  6.5614e+10     8.8871    56    55     4.7664
   57  6.5505e+10     8.8906    57    56     4.8460
   58  6.1976e+10     9.0096    58    57     4.9257
   59  6.1841e+10     9.0143    59    58     5.0053
   60  6.0768e+10     9.0521    60    59     5.0849
   61  6.0654e+10     9.0562    61    60     5.1646
   62  6.0394e+10     9.0655    62    61     5.2442
   63  5.9682e+10     9.0912    63    62     5.3238
   64  5.8955e+10     9.1178    64    63     5.4033
   65  5.8290e+10     9.1426    65    64     5.4829
   66  5.7419e+10     9.1755    66    65     5.5625
   67  5.1922e+10     9.3974    67    66     5.6421
   68  5.1085e+10     9.4336    68    67     5.7216
   69  4.7894e+10     9.5783    69    68     5.8012
   70  2.7524e+10    10.8872    70    69     5.8807
   71  2.7176e+10    10.9187    71    70     5.9602
   72  2.6764e+10    10.9566    72    71     6.0398
   73  2.2332e+10    11.4130    73    72     6.1193
   74  2.2294e+10    11.4174    74    73     6.1988
   75  2.1958e+10    11.4563    75    74     6.2783
   76  1.6087e+10    12.2744    76    75     6.3579
   77  1.6017e+10    12.2861    77    76     6.4374
   78  1.5545e+10    12.3671    78    77     6.5169
   79  1.5461e+10    12.3817    79    78     6.5964
   80  1.5380e+10    12.3960    80    79     6.6759
   81  1.5022e+10    12.4599    81    80     6.7554
   82  1.4978e+10    12.4680    82    81     6.8349
   83  1.4841e+10    12.4930    83    82     6.9143
   84  1.4466e+10    12.5630    84    83     6.9938
   85  1.4423e+10    12.5711    85    84     7.0733
   86  1.4368e+10    12.5817    86    85     7.1528
   87  1.4086e+10    12.6362    87    86     7.2323
   88  9.8610e+09    13.6448    88    87     7.3117
   89  9.8390e+09    13.6513    89    88     7.3912
   90  5.8448e+09    15.2265    90    89     7.4707
   91  5.7865e+09    15.2580    91    90     7.5502
   92  5.7516e+09    15.2770    92    91     7.6296
   93  5.7298e+09    15.2890    93    92     7.7091
   94  5.6406e+09    15.3385    94    93     7.7885
   95  5.5759e+09    15.3750    95    94     7.8680
   96  5.4915e+09    15.4233    96    95     7.9475
   97  5.3813e+09    15.4877    97    96     8.0269
   98  5.3723e+09    15.4930    98    97     8.1064
   99  5.2440e+09    15.5701    99    98     8.1858
  100  5.2291e+09    15.5791   100    99     8.2653
