#indx Mass S step-number desc_indx 
    0  3.1600e+13     1.3398     0    -1     0.0134
    1  3.0066e+13     1.3662     1     0     0.1326
    2  1.8126e+13     1.6575     2     1     0.2441
    3  1.8111e+13     1.6580     3     2     0.3500
    4  1.7672e+13     1.6733     4     3     0.4519
    5  1.7562e+13     1.6772     5     4     0.5506
    6  1.6838e+13     1.7036     6     5     0.6467
    7  1.3461e+13     1.8495     7     6     0.7407
    8  1.1704e+13     1.9454     8     7     0.8330
    9  1.1065e+13     1.9849     9     8     0.9238
   10  7.5581e+12     2.2694    10     9     1.0134
   11  7.3702e+12     2.2892    11    10     1.1018
   12  7.1734e+12     2.3106    12    11     1.1894
   13  6.9939e+12     2.3309    13    12     1.2761
   14  6.5770e+12     2.3804    14    13     1.3621
   15  5.8150e+12     2.4821    15    14     1.4474
   16  5.3827e+12     2.5475    16    15     1.5322
   17  5.0891e+12     2.5958    17    16     1.6165
   18  5.0101e+12     2.6094    18    17     1.7003
   19  4.3414e+12     2.7364    19    18     1.7838
   20  4.2631e+12     2.7528    20    19     1.8669
   21  4.2400e+12     2.7578    21    20     1.9496
   22  4.1910e+12     2.7683    22    21     2.0321
   23  4.1670e+12     2.7736    23    22     2.1143
   24  4.1235e+12     2.7832    24    23     2.1963
   25  3.9611e+12     2.8200    25    24     2.2781
   26  3.8874e+12     2.8374    26    25     2.3597
   27  2.5338e+12     3.2551    27    26     2.4411
   28  2.3097e+12     3.3512    28    27     2.5223
   29  2.2882e+12     3.3610    29    28     2.6034
   30  1.7333e+12     3.6623    30    29     2.6844
   31  1.6122e+12     3.7441    31    30     2.7652
   32  1.2995e+12     3.9954    32    31     2.8459
   33  1.2905e+12     4.0037    33    32     2.9266
   34  1.2834e+12     4.0103    34    33     3.0071
   35  1.2805e+12     4.0130    35    34     3.0876
   36  1.2170e+12     4.0743    36    35     3.1680
   37  1.1131e+12     4.1834    37    36     3.2483
   38  1.1063e+12     4.1910    38    37     3.3285
   39  1.0831e+12     4.2172    39    38     3.4087
   40  8.3168e+11     4.5548    40    39     3.4889
   41  8.0427e+11     4.5990    41    40     3.5689
   42  6.4184e+11     4.9047    42    41     3.6490
   43  6.0408e+11     4.9894    43    42     3.7290
   44  5.8530e+11     5.0339    44    43     3.8089
   45  5.6197e+11     5.0917    45    44     3.8889
   46  5.6062e+11     5.0951    46    45     3.9688
   47  5.5520e+11     5.1090    47    46     4.0486
   48  5.0678e+11     5.2406    48    47     4.1285
   49  4.9788e+11     5.2665    49    48     4.2083
   50  4.9094e+11     5.2871    50    49     4.2881
   51  4.3008e+11     5.4837    51    50     4.3678
   52  4.2166e+11     5.5135    52    51     4.4476
   53  3.5050e+11     5.7980    53    52     4.5273
   54  3.4942e+11     5.8029    54    53     4.6070
   55  2.5957e+11     6.2830    55    54     4.6867
   56  2.5550e+11     6.3093    56    55     4.7664
   57  2.5522e+11     6.3111    57    56     4.8460
   58  2.2846e+11     6.4978    58    57     4.9257
   59  2.2707e+11     6.5082    59    58     5.0053
   60  1.9703e+11     6.7535    60    59     5.0849
   61  1.9633e+11     6.7597    61    60     5.1646
   62  1.7739e+11     6.9392    62    61     5.2442
   63  1.7466e+11     6.9669    63    62     5.3238
   64  1.6051e+11     7.1196    64    63     5.4033
   65  1.4601e+11     7.2933    65    64     5.4829
   66  1.4338e+11     7.3271    66    65     5.5625
   67  1.4318e+11     7.3297    67    66     5.6421
   68  1.4073e+11     7.3618    68    67     5.7216
   69  1.3018e+11     7.5081    69    68     5.8012
   70  1.2635e+11     7.5649    70    69     5.8807
   71  1.1610e+11     7.7270    71    70     5.9602
   72  1.1599e+11     7.7288    72    71     6.0398
   73  1.0475e+11     7.9274    73    72     6.1193
   74  1.0117e+11     7.9961    74    73     6.1988
   75  1.0102e+11     7.9991    75    74     6.2783
   76  1.0090e+11     8.0013    76    75     6.3579
   77  9.2896e+10     8.1663    77    76     6.4374
   78  9.0790e+10     8.2125    78    77     6.5169
   79  8.6725e+10     8.3053    79    78     6.5964
   80  8.5900e+10     8.3248    80    79     6.6759
   81  8.5703e+10     8.3295    81    80     6.7554
   82  8.4657e+10     8.3545    82    81     6.8349
   83  8.3277e+10     8.3882    83    82     6.9143
   84  8.3214e+10     8.3897    84    83     6.9938
   85  5.5764e+10     9.2396    85    84     7.0733
   86  5.5654e+10     9.2439    86    85     7.1528
   87  5.4239e+10     9.3006    87    86     7.2323
   88  5.3929e+10     9.3133    88    87     7.3117
   89  5.1021e+10     9.4364    89    88     7.3912
   90  5.0127e+10     9.4759    90    89     7.4707
   91  4.9012e+10     9.5264    91    90     7.5502
   92  4.6684e+10     9.6361    92    91     7.6296
   93  4.6375e+10     9.6511    93    92     7.7091
   94  4.6320e+10     9.6538    94    93     7.7885
   95  4.5555e+10     9.6916    95    94     7.8680
   96  3.6491e+10    10.2058    96    95     7.9475
   97  2.7834e+10    10.8596    97    96     8.0269
   98  2.7637e+10    10.8771    98    97     8.1064
   99  2.7631e+10    10.8777    99    98     8.1858
  100  2.4241e+10    11.2046   100    99     8.2653
