#indx Mass S step-number desc_indx 
    0  3.1600e+13     1.3398     0    -1     0.0134
    1  2.6399e+13     1.4370     1     0     0.1326
    2  2.5810e+13     1.4495     2     1     0.2441
    3  2.5322e+13     1.4602     3     2     0.3500
    4  2.4466e+13     1.4796     4     3     0.4519
    5  2.1413e+13     1.5568     5     4     0.5506
    6  1.9168e+13     1.6232     6     5     0.6467
    7  1.8974e+13     1.6294     7     6     0.7407
    8  1.2899e+13     1.8784     8     7     0.8330
    9  1.2221e+13     1.9154     9     8     0.9238
   10  1.2023e+13     1.9267    10     9     1.0134
   11  1.1861e+13     1.9361    11    10     1.1018
   12  1.1731e+13     1.9438    12    11     1.1894
   13  1.1043e+13     1.9863    13    12     1.2761
   14  1.0424e+13     2.0275    14    13     1.3621
   15  8.6542e+12     2.1650    15    14     1.4474
   16  8.5824e+12     2.1713    16    15     1.5322
   17  8.4540e+12     2.1828    17    16     1.6165
   18  8.4189e+12     2.1860    18    17     1.7003
   19  7.9994e+12     2.2252    19    18     1.7838
   20  4.9605e+12     2.6181    20    19     1.8669
   21  4.2489e+12     2.7559    21    20     1.9496
   22  3.8221e+12     2.8531    22    21     2.0321
   23  3.7747e+12     2.8648    23    22     2.1143
   24  3.6306e+12     2.9013    24    23     2.1963
   25  3.2562e+12     3.0052    25    24     2.2781
   26  3.0044e+12     3.0837    26    25     2.3597
   27  2.5138e+12     3.2632    27    26     2.4411
   28  2.5014e+12     3.2683    28    27     2.5223
   29  2.4500e+12     3.2898    29    28     2.6034
   30  2.1003e+12     3.4519    30    29     2.6844
   31  2.0054e+12     3.5017    31    30     2.7652
   32  1.9971e+12     3.5062    32    31     2.8459
   33  1.9233e+12     3.5472    33    32     2.9266
   34  1.8866e+12     3.5684    34    33     3.0071
   35  1.7454e+12     3.6545    35    34     3.0876
   36  1.6948e+12     3.6875    36    35     3.1680
   37  1.6762e+12     3.7000    37    36     3.2483
   38  1.6396e+12     3.7249    38    37     3.3285
   39  1.5974e+12     3.7545    39    38     3.4087
   40  1.5339e+12     3.8010    40    39     3.4889
   41  1.5067e+12     3.8217    41    40     3.5689
   42  1.1806e+12     4.1111    42    41     3.6490
   43  9.8962e+11     4.3304    43    42     3.7290
   44  9.6360e+11     4.3643    44    43     3.8089
   45  8.3093e+11     4.5560    45    44     3.8889
   46  8.2751e+11     4.5614    46    45     3.9688
   47  7.5263e+11     4.6874    47    46     4.0486
   48  6.3717e+11     4.9149    48    47     4.1285
   49  6.1323e+11     4.9683    49    48     4.2083
   50  5.9267e+11     5.0162    50    49     4.2881
   51  5.5740e+11     5.1033    51    50     4.3678
   52  5.2257e+11     5.1961    52    51     4.4476
   53  4.5884e+11     5.3868    53    52     4.5273
   54  4.5028e+11     5.4149    54    53     4.6070
   55  4.4375e+11     5.4367    55    54     4.6867
   56  3.9551e+11     5.6109    56    55     4.7664
   57  2.3273e+11     6.4663    57    56     4.8460
   58  2.2365e+11     6.5341    58    57     4.9257
   59  2.1240e+11     6.6228    59    58     5.0053
   60  2.1088e+11     6.6352    60    59     5.0849
   61  1.5681e+11     7.1621    61    60     5.1646
   62  1.5384e+11     7.1971    62    61     5.2442
   63  1.5363e+11     7.1996    63    62     5.3238
   64  1.1551e+11     7.7369    64    63     5.4033
   65  1.1357e+11     7.7696    65    64     5.4829
   66  7.9047e+10     8.4955    66    65     5.5625
   67  7.8049e+10     8.5218    67    66     5.6421
   68  3.8582e+10    10.0749    68    67     5.7216
   69  3.8270e+10    10.0939    69    68     5.8012
   70  3.7943e+10    10.1140    70    69     5.8807
   71  3.7327e+10    10.1524    71    70     5.9602
   72  3.0068e+10    10.6702    72    71     6.0398
   73  2.7924e+10    10.8516    73    72     6.1193
   74  2.4755e+10    11.1517    74    73     6.1988
   75  2.4580e+10    11.1696    75    74     6.2783
   76  2.4137e+10    11.2154    76    75     6.3579
   77  2.1051e+10    11.5649    77    76     6.4374
   78  2.0760e+10    11.6008    78    77     6.5169
   79  2.0707e+10    11.6075    79    78     6.5964
   80  2.0705e+10    11.6077    80    79     6.6759
   81  1.9235e+10    11.7995    81    80     6.7554
   82  1.8690e+10    11.8750    82    81     6.8349
   83  1.3403e+10    12.7733    83    82     6.9143
   84  1.2869e+10    12.8864    84    83     6.9938
   85  1.2705e+10    12.9222    85    84     7.0733
   86  1.2571e+10    12.9519    86    85     7.1528
   87  1.2180e+10    13.0407    87    86     7.2323
   88  1.1200e+10    13.2783    88    87     7.3117
   89  1.1062e+10    13.3137    89    88     7.3912
   90  1.1013e+10    13.3262    90    89     7.4707
   91  1.0920e+10    13.3507    91    90     7.5502
   92  1.0674e+10    13.4160    92    91     7.6296
   93  9.6185e+09    13.7173    93    92     7.7091
   94  9.5577e+09    13.7359    94    93     7.7885
   95  9.5572e+09    13.7360    95    94     7.8680
   96  9.5035e+09    13.7525    96    95     7.9475
   97  9.3899e+09    13.7876    97    96     8.0269
   98  8.9542e+09    13.9273    98    97     8.1064
   99  8.9336e+09    13.9341    99    98     8.1858
  100  8.9227e+09    13.9377   100    99     8.2653
