#indx Mass S step-number desc_indx 
    0  3.1600e+13     1.3398     0    -1     0.0134
    1  2.9980e+13     1.3677     1     0     0.1326
    2  2.9485e+13     1.3766     2     1     0.2441
    3  2.6174e+13     1.4417     3     2     0.3500
    4  2.5337e+13     1.4599     4     3     0.4519
    5  2.0050e+13     1.5960     5     4     0.5506
    6  1.1747e+13     1.9428     6     5     0.6467
    7  1.1521e+13     1.9564     7     6     0.7407
    8  1.0872e+13     1.9974     8     7     0.8330
    9  1.0724e+13     2.0072     9     8     0.9238
   10  1.0626e+13     2.0138    10     9     1.0134
   11  1.0113e+13     2.0495    11    10     1.1018
   12  9.7421e+12     2.0768    12    11     1.1894
   13  9.6210e+12     2.0860    13    12     1.2761
   14  7.4127e+12     2.2847    14    13     1.3621
   15  6.9473e+12     2.3362    15    14     1.4474
   16  6.9096e+12     2.3406    16    15     1.5322
   17  2.4566e+12     3.2870    17    16     1.6165
   18  1.6826e+12     3.6957    18    17     1.7003
   19  1.6708e+12     3.7036    19    18     1.7838
   20  1.6216e+12     3.7374    20    19     1.8669
   21  1.5625e+12     3.7798    21    20     1.9496
   22  1.5298e+12     3.8041    22    21     2.0321
   23  1.4318e+12     3.8809    23    22     2.1143
   24  1.4253e+12     3.8862    24    23     2.1963
   25  1.3736e+12     3.9296    25    24     2.2781
   26  1.2701e+12     4.0228    26    25     2.3597
   27  1.2115e+12     4.0798    27    26     2.4411
   28  1.1755e+12     4.1165    28    27     2.5223
   29  1.0736e+12     4.2282    29    28     2.6034
   30  9.1644e+11     4.4285    30    29     2.6844
   31  9.1475e+11     4.4309    31    30     2.7652
   32  8.2248e+11     4.5694    32    31     2.8459
   33  7.6530e+11     4.6651    33    32     2.9266
   34  7.5432e+11     4.6844    34    33     3.0071
   35  7.1914e+11     4.7488    35    34     3.0876
   36  6.8777e+11     4.8095    36    35     3.1680
   37  6.4864e+11     4.8901    37    36     3.2483
   38  5.5170e+11     5.1180    38    37     3.3285
   39  4.4436e+11     5.4346    39    38     3.4087
   40  4.0507e+11     5.5744    40    39     3.4889
   41  3.9463e+11     5.6143    41    40     3.5689
   42  3.9411e+11     5.6163    42    41     3.6490
   43  3.8019e+11     5.6716    43    42     3.7290
   44  3.7351e+11     5.6990    44    43     3.8089
   45  3.7017e+11     5.7129    45    44     3.8889
   46  3.6552e+11     5.7325    46    45     3.9688
   47  3.6028e+11     5.7550    47    46     4.0486
   48  3.5993e+11     5.7565    48    47     4.1285
   49  3.1089e+11     5.9883    49    48     4.2083
   50  3.0907e+11     5.9977    50    49     4.2881
   51  3.0861e+11     6.0001    51    50     4.3678
   52  3.0812e+11     6.0026    52    51     4.4476
   53  2.5791e+11     6.2937    53    52     4.5273
   54  1.4574e+11     7.2968    54    53     4.6070
   55  1.4087e+11     7.3599    55    54     4.6867
   56  1.3788e+11     7.4001    56    55     4.7664
   57  1.3676e+11     7.4154    57    56     4.8460
   58  1.2823e+11     7.5367    58    57     4.9257
   59  1.2044e+11     7.6564    59    58     5.0053
   60  1.1397e+11     7.7627    60    59     5.0849
   61  1.1048e+11     7.8233    61    60     5.1646
   62  1.0599e+11     7.9044    62    61     5.2442
   63  1.0567e+11     7.9103    63    62     5.3238
   64  9.5130e+10     8.1186    64    63     5.4033
   65  8.5910e+10     8.3246    65    64     5.4829
   66  7.8385e+10     8.5129    66    65     5.5625
   67  7.8276e+10     8.5158    67    66     5.6421
   68  7.6271e+10     8.5697    68    67     5.7216
   69  7.3847e+10     8.6371    69    68     5.8012
   70  3.4275e+10    10.3545    70    69     5.8807
   71  3.3792e+10    10.3884    71    70     5.9602
   72  3.2620e+10    10.4730    72    71     6.0398
   73  3.2168e+10    10.5065    73    72     6.1193
   74  3.2154e+10    10.5076    74    73     6.1988
   75  3.2064e+10    10.5144    75    74     6.2783
   76  3.2024e+10    10.5174    76    75     6.3579
   77  3.1952e+10    10.5228    77    76     6.4374
   78  2.6474e+10    10.9837    78    77     6.5169
   79  2.6336e+10    10.9968    79    78     6.5964
   80  2.5108e+10    11.1161    80    79     6.6759
   81  2.4974e+10    11.1296    81    80     6.7554
   82  2.3671e+10    11.2648    82    81     6.8349
   83  2.3078e+10    11.3292    83    82     6.9143
   84  2.2754e+10    11.3653    84    83     6.9938
   85  1.6169e+10    12.2608    85    84     7.0733
   86  1.5701e+10    12.3400    86    85     7.1528
   87  1.5665e+10    12.3462    87    86     7.2323
   88  1.5367e+10    12.3983    88    87     7.3117
   89  1.5316e+10    12.4074    89    88     7.3912
   90  1.5225e+10    12.4235    90    89     7.4707
   91  1.2386e+10    12.9935    91    90     7.5502
   92  1.2300e+10    13.0131    92    91     7.6296
   93  1.2233e+10    13.0284    93    92     7.7091
   94  1.1275e+10    13.2592    94    93     7.7885
   95  1.1253e+10    13.2648    95    94     7.8680
   96  1.1202e+10    13.2779    96    95     7.9475
   97  1.0598e+10    13.4364    97    96     8.0269
   98  1.0347e+10    13.5055    98    97     8.1064
   99  1.0321e+10    13.5126    99    98     8.1858
  100  1.0257e+10    13.5308   100    99     8.2653
