#indx Mass S step-number desc_indx 
    0  3.1600e+13     1.3398     0    -1     0.0134
    1  3.1219e+13     1.3462     1     0     0.1326
    2  3.0536e+13     1.3579     2     1     0.2441
    3  2.8548e+13     1.3940     3     2     0.3500
    4  1.3904e+13     1.8279     4     3     0.4519
    5  1.3338e+13     1.8557     5     4     0.5506
    6  1.2695e+13     1.8893     6     5     0.6467
    7  1.1863e+13     1.9360     7     6     0.7407
    8  1.1758e+13     1.9422     8     7     0.8330
    9  1.1615e+13     1.9507     9     8     0.9238
   10  1.1586e+13     1.9525    10     9     1.0134
   11  1.1124e+13     1.9812    11    10     1.1018
   12  1.0686e+13     2.0097    12    11     1.1894
   13  1.0544e+13     2.0193    13    12     1.2761
   14  1.0156e+13     2.0464    14    13     1.3621
   15  1.0124e+13     2.0487    15    14     1.4474
   16  7.4454e+12     2.2812    16    15     1.5322
   17  4.4476e+12     2.7147    17    16     1.6165
   18  4.4203e+12     2.7202    18    17     1.7003
   19  4.3673e+12     2.7310    19    18     1.7838
   20  4.2134e+12     2.7635    20    19     1.8669
   21  3.9864e+12     2.8142    21    20     1.9496
   22  3.9352e+12     2.8261    22    21     2.0321
   23  3.3730e+12     2.9712    23    22     2.1143
   24  2.7865e+12     3.1586    24    23     2.1963
   25  2.7167e+12     3.1842    25    24     2.2781
   26  2.6619e+12     3.2048    26    25     2.3597
   27  2.6589e+12     3.2059    27    26     2.4411
   28  2.4701e+12     3.2813    28    27     2.5223
   29  2.4378e+12     3.2949    29    28     2.6034
   30  2.1769e+12     3.4137    30    29     2.6844
   31  1.4033e+12     3.9044    31    30     2.7652
   32  1.3666e+12     3.9356    32    31     2.8459
   33  1.3638e+12     3.9381    33    32     2.9266
   34  1.3397e+12     3.9591    34    33     3.0071
   35  1.1680e+12     4.1242    35    34     3.0876
   36  1.1442e+12     4.1495    36    35     3.1680
   37  1.1400e+12     4.1540    37    36     3.2483
   38  1.0850e+12     4.2150    38    37     3.3285
   39  1.0804e+12     4.2204    39    38     3.4087
   40  1.0692e+12     4.2333    40    39     3.4889
   41  1.0682e+12     4.2345    41    40     3.5689
   42  7.7769e+11     4.6436    42    41     3.6490
   43  7.6618e+11     4.6635    43    42     3.7290
   44  7.5758e+11     4.6786    44    43     3.8089
   45  7.0879e+11     4.7685    45    44     3.8889
   46  6.9306e+11     4.7991    46    45     3.9688
   47  6.7781e+11     4.8295    47    46     4.0486
   48  6.7519e+11     4.8348    48    47     4.1285
   49  6.5561e+11     4.8754    49    48     4.2083
   50  6.5338e+11     4.8801    50    49     4.2881
   51  6.0876e+11     4.9786    51    50     4.3678
   52  6.0179e+11     4.9947    52    51     4.4476
   53  5.8328e+11     5.0388    53    52     4.5273
   54  5.8270e+11     5.0402    54    53     4.6070
   55  5.4736e+11     5.1294    55    54     4.6867
   56  4.8220e+11     5.3134    56    55     4.7664
   57  4.4650e+11     5.4275    57    56     4.8460
   58  4.4407e+11     5.4356    58    57     4.9257
   59  3.8773e+11     5.6413    59    58     5.0053
   60  3.8485e+11     5.6528    60    59     5.0849
   61  2.8604e+11     6.1230    61    60     5.1646
   62  2.8265e+11     6.1425    62    61     5.2442
   63  2.8188e+11     6.1470    63    62     5.3238
   64  2.7985e+11     6.1588    64    63     5.4033
   65  2.7740e+11     6.1732    65    64     5.4829
   66  2.6024e+11     6.2787    66    65     5.5625
   67  2.4231e+11     6.3981    67    66     5.6421
   68  2.3750e+11     6.4319    68    67     5.7216
   69  2.1709e+11     6.5851    69    68     5.8012
   70  2.1540e+11     6.5986    70    69     5.8807
   71  1.8651e+11     6.8501    71    70     5.9602
   72  1.8177e+11     6.8957    72    71     6.0398
   73  1.8170e+11     6.8964    73    72     6.1193
   74  1.7870e+11     6.9261    74    73     6.1988
   75  1.7775e+11     6.9356    75    74     6.2783
   76  1.7663e+11     6.9469    76    75     6.3579
   77  1.1814e+11     7.6934    77    76     6.4374
   78  1.1768e+11     7.7009    78    77     6.5169
   79  1.1075e+11     7.8184    79    78     6.5964
   80  1.0584e+11     7.9071    80    79     6.6759
   81  7.6533e+10     8.5626    81    80     6.7554
   82  7.4560e+10     8.6170    82    81     6.8349
   83  7.3552e+10     8.6455    83    82     6.9143
   84  7.3432e+10     8.6489    84    83     6.9938
   85  5.6589e+10     9.2074    85    84     7.0733
   86  4.7393e+10     9.6020    86    85     7.1528
   87  4.6878e+10     9.6267    87    86     7.2323
   88  4.6686e+10     9.6360    88    87     7.3117
   89  4.2466e+10     9.8523    89    88     7.3912
   90  4.1630e+10     9.8981    90    89     7.4707
   91  4.1153e+10     9.9248    91    90     7.5502
   92  4.0562e+10     9.9583    92    91     7.6296
   93  3.8336e+10    10.0898    93    92     7.7091
   94  3.6792e+10    10.1864    94    93     7.7885
   95  3.6605e+10    10.1985    95    94     7.8680
   96  2.6465e+10    10.9846    96    95     7.9475
   97  2.6280e+10    11.0020    97    96     8.0269
   98  2.6224e+10    11.0074    98    97     8.1064
   99  2.5145e+10    11.1125    99    98     8.1858
  100  2.5029e+10    11.1241   100    99     8.2653
