#indx Mass S step-number desc_indx 
    0  3.1600e+13     1.3398     0    -1     0.0134
    1  2.7500e+13     1.4144     1     0     0.1326
    2  2.5970e+13     1.4461     2     1     0.2441
    3  2.5524e+13     1.4558     3     2     0.3500
    4  2.0883e+13     1.5716     4     3     0.4519
    5  1.5700e+13     1.7482     5     4     0.5506
    6  1.5500e+13     1.7565     6     5     0.6467
    7  1.5302e+13     1.7649     7     6     0.7407
    8  1.5280e+13     1.7658     8     7     0.8330
    9  1.5198e+13     1.7693     9     8     0.9238
   10  1.4377e+13     1.8057    10     9     1.0134
   11  1.3970e+13     1.8247    11    10     1.1018
   12  1.3835e+13     1.8312    12    11     1.1894
   13  1.2785e+13     1.8844    13    12     1.2761
   14  1.1553e+13     1.9545    14    13     1.3621
   15  1.0710e+13     2.0082    15    14     1.4474
   16  1.0063e+13     2.0531    16    15     1.5322
   17  9.7388e+12     2.0770    17    16     1.6165
   18  9.6159e+12     2.0864    18    17     1.7003
   19  9.2232e+12     2.1172    19    18     1.7838
   20  9.1259e+12     2.1251    20    19     1.8669
   21  5.8478e+12     2.4774    21    20     1.9496
   22  5.6873e+12     2.5008    22    21     2.0321
   23  5.6009e+12     2.5137    23    22     2.1143
   24  2.9574e+12     3.0993    24    23     2.1963
   25  2.6957e+12     3.1920    25    24     2.2781
   26  2.6371e+12     3.2143    26    25     2.3597
   27  2.3985e+12     3.3118    27    26     2.4411
   28  2.3480e+12     3.3339    28    27     2.5223
   29  2.1653e+12     3.4194    29    28     2.6034
   30  2.0509e+12     3.4775    30    29     2.6844
   31  1.9771e+12     3.5171    31    30     2.7652
   32  1.8627e+12     3.5824    32    31     2.8459
   33  1.8191e+12     3.6085    33    32     2.9266
   34  1.1223e+12     4.1732    34    33     3.0071
   35  1.0730e+12     4.2288    35    34     3.0876
   36  1.0711e+12     4.2311    36    35     3.1680
   37  1.0663e+12     4.2367    37    36     3.2483
   38  1.0409e+12     4.2668    38    37     3.3285
   39  1.0372e+12     4.2713    39    38     3.4087
   40  9.7928e+11     4.3437    40    39     3.4889
   41  9.1339e+11     4.4328    41    40     3.5689
   42  8.8886e+11     4.4680    42    41     3.6490
   43  8.4515e+11     4.5337    43    42     3.7290
   44  7.4174e+11     4.7070    44    43     3.8089
   45  7.2936e+11     4.7297    45    44     3.8889
   46  7.0958e+11     4.7670    46    45     3.9688
   47  5.9846e+11     5.0026    47    46     4.0486
   48  5.4926e+11     5.1244    48    47     4.1285
   49  5.4705e+11     5.1302    49    48     4.2083
   50  5.3252e+11     5.1689    50    49     4.2881
   51  5.2506e+11     5.1892    51    50     4.3678
   52  4.4570e+11     5.4302    52    51     4.4476
   53  4.4465e+11     5.4337    53    52     4.5273
   54  2.7775e+11     6.1712    54    53     4.6070
   55  2.7389e+11     6.1942    55    54     4.6867
   56  2.5072e+11     6.3408    56    55     4.7664
   57  2.5031e+11     6.3435    57    56     4.8460
   58  2.3800e+11     6.4283    58    57     4.9257
   59  2.3342e+11     6.4612    59    58     5.0053
   60  7.1304e+10     8.7107    60    59     5.0849
   61  7.1140e+10     8.7155    61    60     5.1646
   62  6.8292e+10     8.8019    62    61     5.2442
   63  6.7175e+10     8.8369    63    62     5.3238
   64  6.7158e+10     8.8375    64    63     5.4033
   65  6.6913e+10     8.8453    65    64     5.4829
   66  6.6742e+10     8.8507    66    65     5.5625
   67  6.6335e+10     8.8638    67    66     5.6421
   68  6.5717e+10     8.8837    68    67     5.7216
   69  6.1353e+10     9.0314    69    68     5.8012
   70  5.9817e+10     9.0863    70    69     5.8807
   71  5.6582e+10     9.2076    71    70     5.9602
   72  5.5803e+10     9.2380    72    71     6.0398
   73  5.4852e+10     9.2759    73    72     6.1193
   74  5.4778e+10     9.2788    74    73     6.1988
   75  5.4651e+10     9.2839    75    74     6.2783
   76  1.7480e+10    12.0521    76    75     6.3579
   77  1.6905e+10    12.1413    77    76     6.4374
   78  1.6221e+10    12.2521    78    77     6.5169
   79  8.2310e+09    14.1773    79    78     6.5964
   80  8.0205e+09    14.2548    80    79     6.6759
   81  7.8087e+09    14.3352    81    80     6.7554
   82  5.7370e+09    15.2850    82    81     6.8349
   83  5.7070e+09    15.3016    83    82     6.9143
   84  5.6931e+09    15.3092    84    83     6.9938
   85  3.2399e+09    17.1623    85    84     7.0733
   86  3.0444e+09    17.3762    86    85     7.1528
   87  3.0107e+09    17.4146    87    86     7.2323
   88  2.8897e+09    17.5569    88    87     7.3117
   89  2.8865e+09    17.5607    89    88     7.3912
   90  2.8787e+09    17.5702    90    89     7.4707
   91  2.1730e+09    18.5678    91    90     7.5502
   92  2.1691e+09    18.5744    92    91     7.6296
   93  2.0581e+09    18.7651    93    92     7.7091
   94  2.0532e+09    18.7738    94    93     7.7885
   95  2.0353e+09    18.8056    95    94     7.8680
   96  2.0066e+09    18.8576    96    95     7.9475
   97  1.8315e+09    19.1934    97    96     8.0269
   98  1.8295e+09    19.1975    98    97     8.1064
   99  1.7565e+09    19.3489    99    98     8.1858
  100  1.7163e+09    19.4352   100    99     8.2653
