#indx Mass S step-number desc_indx 
    0  3.1600e+13     1.3398     0    -1     0.0134
    1  3.0379e+13     1.3606     1     0     0.1326
    2  2.8332e+13     1.3982     2     1     0.2441
    3  2.6931e+13     1.4259     3     2     0.3500
    4  2.5011e+13     1.4672     4     3     0.4519
    5  2.4699e+13     1.4743     5     4     0.5506
    6  2.2447e+13     1.5292     6     5     0.6467
    7  2.2037e+13     1.5399     7     6     0.7407
    8  2.1371e+13     1.5579     8     7     0.8330
    9  2.1135e+13     1.5645     9     8     0.9238
   10  2.0726e+13     1.5761    10     9     1.0134
   11  1.7269e+13     1.6877    11    10     1.1018
   12  1.6028e+13     1.7350    12    11     1.1894
   13  1.1868e+13     1.9357    13    12     1.2761
   14  1.1390e+13     1.9645    14    13     1.3621
   15  8.4620e+12     2.1821    15    14     1.4474
   16  7.8549e+12     2.2393    16    15     1.5322
   17  7.6710e+12     2.2578    17    16     1.6165
   18  7.6462e+12     2.2603    18    17     1.7003
   19  7.3349e+12     2.2930    19    18     1.7838
   20  7.2419e+12     2.3031    20    19     1.8669
   21  6.7652e+12     2.3576    21    20     1.9496
   22  6.4081e+12     2.4016    22    21     2.0321
   23  5.8496e+12     2.4771    23    22     2.1143
   24  4.0093e+12     2.8089    24    23     2.1963
   25  3.9742e+12     2.8170    25    24     2.2781
   26  3.8290e+12     2.8515    26    25     2.3597
   27  3.7483e+12     2.8713    27    26     2.4411
   28  3.6433e+12     2.8980    28    27     2.5223
   29  3.5281e+12     2.9283    29    28     2.6034
   30  3.4363e+12     2.9534    30    29     2.6844
   31  3.3989e+12     2.9639    31    30     2.7652
   32  3.3256e+12     2.9848    32    31     2.8459
   33  3.0489e+12     3.0693    33    32     2.9266
   34  2.9856e+12     3.0899    34    33     3.0071
   35  2.9837e+12     3.0906    35    34     3.0876
   36  2.9754e+12     3.0933    36    35     3.1680
   37  2.9431e+12     3.1041    37    36     3.2483
   38  2.8951e+12     3.1204    38    37     3.3285
   39  2.8881e+12     3.1228    39    38     3.4087
   40  2.7886e+12     3.1579    40    39     3.4889
   41  2.7731e+12     3.1635    41    40     3.5689
   42  1.1046e+12     4.1929    42    41     3.6490
   43  1.0543e+12     4.2508    43    42     3.7290
   44  9.9066e+11     4.3291    44    43     3.8089
   45  8.3679e+11     4.5467    45    44     3.8889
   46  6.5968e+11     4.8668    46    45     3.9688
   47  6.1299e+11     4.9689    47    46     4.0486
   48  6.0576e+11     4.9855    48    47     4.1285
   49  5.7630e+11     5.0559    49    48     4.2083
   50  5.5950e+11     5.0980    50    49     4.2881
   51  3.5168e+11     5.7928    51    50     4.3678
   52  3.3701e+11     5.8598    52    51     4.4476
   53  3.3504e+11     5.8690    53    52     4.5273
   54  3.3483e+11     5.8701    54    53     4.6070
   55  3.3262e+11     5.8806    55    54     4.6867
   56  3.2733e+11     5.9060    56    55     4.7664
   57  3.2695e+11     5.9078    57    56     4.8460
   58  3.2303e+11     5.9270    58    57     4.9257
   59  3.0893e+11     5.9984    59    58     5.0053
   60  3.0767e+11     6.0050    60    59     5.0849
   61  3.0585e+11     6.0145    61    60     5.1646
   62  2.8962e+11     6.1028    62    61     5.2442
   63  2.5895e+11     6.2870    63    62     5.3238
   64  2.4725e+11     6.3641    64    63     5.4033
   65  1.8413e+11     6.8728    65    64     5.4829
   66  1.8054e+11     6.9078    66    65     5.5625
   67  1.7833e+11     6.9298    67    66     5.6421
   68  1.7812e+11     6.9319    68    67     5.7216
   69  1.7252e+11     6.9890    69    68     5.8012
   70  1.7185e+11     6.9960    70    69     5.8807
   71  1.4624e+11     7.2904    71    70     5.9602
   72  1.4306e+11     7.3313    72    71     6.0398
   73  1.2711e+11     7.5534    73    72     6.1193
   74  1.2694e+11     7.5560    74    73     6.1988
   75  1.2364e+11     7.6061    75    74     6.2783
   76  1.2349e+11     7.6085    76    75     6.3579
   77  1.2198e+11     7.6319    77    76     6.4374
   78  1.2164e+11     7.6374    78    77     6.5169
   79  9.6560e+10     8.0888    79    78     6.5964
   80  8.4345e+10     8.3621    80    79     6.6759
   81  8.4028e+10     8.3698    81    80     6.7554
   82  7.6592e+10     8.5609    82    81     6.8349
   83  7.5960e+10     8.5782    83    82     6.9143
   84  7.5382e+10     8.5941    84    83     6.9938
   85  7.4879e+10     8.6081    85    84     7.0733
   86  7.3791e+10     8.6387    86    85     7.1528
   87  7.2766e+10     8.6680    87    86     7.2323
   88  7.1260e+10     8.7120    88    87     7.3117
   89  6.0381e+10     9.0660    89    88     7.3912
   90  5.3980e+10     9.3112    90    89     7.4707
   91  4.8286e+10     9.5599    91    90     7.5502
   92  4.7192e+10     9.6116    92    91     7.6296
   93  4.6003e+10     9.6695    93    92     7.7091
   94  4.5416e+10     9.6986    94    93     7.7885
   95  4.4889e+10     9.7252    95    94     7.8680
   96  4.4858e+10     9.7268    96    95     7.9475
   97  4.2681e+10     9.8407    97    96     8.0269
   98  4.2307e+10     9.8610    98    97     8.1064
   99  3.7944e+10    10.1139    99    98     8.1858
  100  3.5411e+10    10.2769   100    99     8.2653
