#indx Mass S step-number desc_indx 
    0  3.1600e+13     1.3398     0    -1     0.0134
    1  2.7839e+13     1.4077     1     0     0.1326
    2  2.7227e+13     1.4199     2     1     0.2441
    3  2.3697e+13     1.4979     3     2     0.3500
    4  1.9946e+13     1.5991     4     3     0.4519
    5  1.8546e+13     1.6434     5     4     0.5506
    6  1.8208e+13     1.6547     6     5     0.6467
    7  1.7429e+13     1.6819     7     6     0.7407
    8  1.6982e+13     1.6982     8     7     0.8330
    9  1.4571e+13     1.7968     9     8     0.9238
   10  1.2381e+13     1.9064    10     9     1.0134
   11  1.1964e+13     1.9301    11    10     1.1018
   12  1.0815e+13     2.0012    12    11     1.1894
   13  1.0686e+13     2.0098    13    12     1.2761
   14  1.0307e+13     2.0357    14    13     1.3621
   15  1.0044e+13     2.0545    15    14     1.4474
   16  9.4564e+12     2.0987    16    15     1.5322
   17  9.3943e+12     2.1036    17    16     1.6165
   18  7.5702e+12     2.2681    18    17     1.7003
   19  6.7922e+12     2.3544    19    18     1.7838
   20  6.5619e+12     2.3823    20    19     1.8669
   21  6.1721e+12     2.4325    21    20     1.9496
   22  5.3481e+12     2.5531    22    21     2.0321
   23  5.0126e+12     2.6090    23    22     2.1143
   24  4.9348e+12     2.6226    24    23     2.1963
   25  4.8316e+12     2.6412    25    24     2.2781
   26  4.3186e+12     2.7412    26    25     2.3597
   27  4.3096e+12     2.7431    27    26     2.4411
   28  4.2570e+12     2.7542    28    27     2.5223
   29  2.3694e+12     3.3245    29    28     2.6034
   30  2.3406e+12     3.3373    30    29     2.6844
   31  2.2917e+12     3.3594    31    30     2.7652
   32  2.2289e+12     3.3886    32    31     2.8459
   33  2.1974e+12     3.4037    33    32     2.9266
   34  2.1767e+12     3.4138    34    33     3.0071
   35  2.1534e+12     3.4252    35    34     3.0876
   36  2.1399e+12     3.4319    36    35     3.1680
   37  1.9072e+12     3.5564    37    36     3.2483
   38  1.3075e+12     3.9881    38    37     3.3285
   39  1.2979e+12     3.9968    39    38     3.4087
   40  1.2253e+12     4.0660    40    39     3.4889
   41  1.2161e+12     4.0752    41    40     3.5689
   42  1.0395e+12     4.2685    42    41     3.6490
   43  1.0097e+12     4.3050    43    42     3.7290
   44  8.3456e+11     4.5502    44    43     3.8089
   45  7.5177e+11     4.6890    45    44     3.8889
   46  7.4526e+11     4.7007    46    45     3.9688
   47  6.4557e+11     4.8967    47    46     4.0486
   48  3.5340e+11     5.7851    48    47     4.1285
   49  3.5180e+11     5.7922    49    48     4.2083
   50  3.3642e+11     5.8626    50    49     4.2881
   51  3.3228e+11     5.8822    51    50     4.3678
   52  3.2046e+11     5.9397    52    51     4.4476
   53  3.0648e+11     6.0112    53    52     4.5273
   54  3.0493e+11     6.0194    54    53     4.6070
   55  3.0043e+11     6.0434    55    54     4.6867
   56  2.9344e+11     6.0815    56    55     4.7664
   57  2.6712e+11     6.2354    57    56     4.8460
   58  2.6228e+11     6.2658    58    57     4.9257
   59  2.5345e+11     6.3227    59    58     5.0053
   60  2.4689e+11     6.3666    60    59     5.0849
   61  2.4224e+11     6.3986    61    60     5.1646
   62  2.3465e+11     6.4524    62    61     5.2442
   63  2.2912e+11     6.4928    63    62     5.3238
   64  2.1274e+11     6.6200    64    63     5.4033
   65  1.4117e+11     7.3560    65    64     5.4829
   66  1.4042e+11     7.3660    66    65     5.5625
   67  1.3918e+11     7.3825    67    66     5.6421
   68  1.3628e+11     7.4219    68    67     5.7216
   69  1.3609e+11     7.4245    69    68     5.8012
   70  1.2549e+11     7.5778    70    69     5.8807
   71  1.2200e+11     7.6316    71    70     5.9602
   72  1.1957e+11     7.6702    72    71     6.0398
   73  1.1833e+11     7.6902    73    72     6.1193
   74  1.1514e+11     7.7430    74    73     6.1988
   75  1.0073e+11     8.0047    75    74     6.2783
   76  5.9191e+10     9.1092    76    75     6.3579
   77  5.9009e+10     9.1159    77    76     6.4374
   78  5.8513e+10     9.1343    78    77     6.5169
   79  5.8390e+10     9.1388    79    78     6.5964
   80  5.8324e+10     9.1413    80    79     6.6759
   81  4.6680e+10     9.6363    81    80     6.7554
   82  4.3802e+10     9.7812    82    81     6.8349
   83  4.3210e+10     9.8124    83    82     6.9143
   84  4.3122e+10     9.8171    84    83     6.9938
   85  3.5398e+10    10.2778    85    84     7.0733
   86  3.4514e+10    10.3378    86    85     7.1528
   87  3.0804e+10    10.6114    87    86     7.2323
   88  3.0751e+10    10.6156    88    87     7.3117
   89  3.0268e+10    10.6541    89    88     7.3912
   90  2.9830e+10    10.6896    90    89     7.4707
   91  2.9582e+10    10.7100    91    90     7.5502
   92  2.9325e+10    10.7313    92    91     7.6296
   93  2.9242e+10    10.7382    93    92     7.7091
   94  2.9089e+10    10.7511    94    93     7.7885
   95  2.8895e+10    10.7675    95    94     7.8680
   96  2.8835e+10    10.7726    96    95     7.9475
   97  2.8342e+10    10.8150    97    96     8.0269
   98  2.6252e+10    11.0047    98    97     8.1064
   99  2.5872e+10    11.0411    99    98     8.1858
  100  2.5862e+10    11.0421   100    99     8.2653
