#indx Mass S step-number desc_indx 
    0  3.1600e+13     1.3398     0    -1     0.0134
    1  2.8054e+13     1.4035     1     0     0.1326
    2  2.7883e+13     1.4069     2     1     0.2441
    3  2.6829e+13     1.4280     3     2     0.3500
    4  2.6390e+13     1.4372     4     3     0.4519
    5  2.1557e+13     1.5528     5     4     0.5506
    6  1.6410e+13     1.7199     6     5     0.6467
    7  1.3512e+13     1.8470     7     6     0.7407
    8  1.2849e+13     1.8810     8     7     0.8330
    9  1.0611e+13     2.0148     9     8     0.9238
   10  9.7388e+12     2.0770    10     9     1.0134
   11  5.9387e+12     2.4645    11    10     1.1018
   12  4.1011e+12     2.7881    12    11     1.1894
   13  4.0588e+12     2.7976    13    12     1.2761
   14  3.4726e+12     2.9434    14    13     1.3621
   15  3.3543e+12     2.9765    15    14     1.4474
   16  3.2511e+12     3.0067    16    15     1.5322
   17  3.0819e+12     3.0587    17    16     1.6165
   18  2.9361e+12     3.1065    18    17     1.7003
   19  2.6074e+12     3.2258    19    18     1.7838
   20  2.1620e+12     3.4210    20    19     1.8669
   21  2.1586e+12     3.4227    21    20     1.9496
   22  1.9869e+12     3.5118    22    21     2.0321
   23  1.9805e+12     3.5153    23    22     2.1143
   24  1.9694e+12     3.5214    24    23     2.1963
   25  1.8143e+12     3.6115    25    24     2.2781
   26  1.7995e+12     3.6205    26    25     2.3597
   27  1.7918e+12     3.6253    27    26     2.4411
   28  1.7329e+12     3.6626    28    27     2.5223
   29  1.6728e+12     3.7022    29    28     2.6034
   30  1.6349e+12     3.7282    30    29     2.6844
   31  1.2149e+12     4.0764    31    30     2.7652
   32  1.1673e+12     4.1250    32    31     2.8459
   33  1.1373e+12     4.1569    33    32     2.9266
   34  1.1276e+12     4.1674    34    33     3.0071
   35  1.1171e+12     4.1789    35    34     3.0876
   36  1.0563e+12     4.2484    36    35     3.1680
   37  1.0501e+12     4.2558    37    36     3.2483
   38  9.5596e+11     4.3744    38    37     3.3285
   39  9.4478e+11     4.3894    39    38     3.4087
   40  9.1614e+11     4.4290    40    39     3.4889
   41  8.2608e+11     4.5637    41    40     3.5689
   42  7.8475e+11     4.6316    42    41     3.6490
   43  7.8124e+11     4.6375    43    42     3.7290
   44  7.6886e+11     4.6589    44    43     3.8089
   45  4.2983e+11     5.4845    45    44     3.8889
   46  4.1879e+11     5.5238    46    45     3.9688
   47  3.6694e+11     5.7265    47    46     4.0486
   48  3.4834e+11     5.8077    48    47     4.1285
   49  3.2066e+11     5.9387    49    48     4.2083
   50  3.1746e+11     5.9547    50    49     4.2881
   51  3.1638e+11     5.9602    51    50     4.3678
   52  3.0547e+11     6.0165    52    51     4.4476
   53  2.9989e+11     6.0463    53    52     4.5273
   54  2.7210e+11     6.2050    54    53     4.6070
   55  2.7081e+11     6.2128    55    54     4.6867
   56  2.5858e+11     6.2893    56    55     4.7664
   57  2.5826e+11     6.2914    57    56     4.8460
   58  2.5793e+11     6.2935    58    57     4.9257
   59  2.5568e+11     6.3081    59    58     5.0053
   60  2.3377e+11     6.4587    60    59     5.0849
   61  2.3059e+11     6.4820    61    60     5.1646
   62  2.2988e+11     6.4872    62    61     5.2442
   63  2.2902e+11     6.4936    63    62     5.3238
   64  2.2881e+11     6.4952    64    63     5.4033
   65  2.2532e+11     6.5214    65    64     5.4829
   66  2.2265e+11     6.5418    66    65     5.5625
   67  2.2004e+11     6.5620    67    66     5.6421
   68  2.1843e+11     6.5746    68    67     5.7216
   69  2.1821e+11     6.5763    69    68     5.8012
   70  2.1115e+11     6.6330    70    69     5.8807
   71  2.0838e+11     6.6558    71    70     5.9602
   72  2.0712e+11     6.6664    72    71     6.0398
   73  1.9886e+11     6.7373    73    72     6.1193
   74  1.9825e+11     6.7426    74    73     6.1988
   75  1.1870e+11     7.6842    75    74     6.2783
   76  1.0032e+11     8.0127    76    75     6.3579
   77  4.7369e+10     9.6032    77    76     6.4374
   78  4.6414e+10     9.6492    78    77     6.5169
   79  4.6142e+10     9.6626    79    78     6.5964
   80  4.5258e+10     9.7065    80    79     6.6759
   81  4.5061e+10     9.7165    81    80     6.7554
   82  3.8052e+10    10.1073    82    81     6.8349
   83  3.7793e+10    10.1233    83    82     6.9143
   84  3.5998e+10    10.2379    84    83     6.9938
   85  3.5492e+10    10.2715    85    84     7.0733
   86  3.0013e+10    10.6746    86    85     7.1528
   87  2.9890e+10    10.6847    87    86     7.2323
   88  2.9787e+10    10.6931    88    87     7.3117
   89  2.9534e+10    10.7140    89    88     7.3912
   90  2.8443e+10    10.8062    90    89     7.4707
   91  2.8124e+10    10.8340    91    90     7.5502
   92  2.7757e+10    10.8664    92    91     7.6296
   93  2.7403e+10    10.8981    93    92     7.7091
   94  2.6222e+10    11.0075    94    93     7.7885
   95  2.5502e+10    11.0772    95    94     7.8680
   96  2.5334e+10    11.0937    96    95     7.9475
   97  2.0674e+10    11.6116    97    96     8.0269
   98  2.0323e+10    11.6560    98    97     8.1064
   99  2.0271e+10    11.6627    99    98     8.1858
  100  2.0244e+10    11.6661   100    99     8.2653
