#indx Mass S step-number desc_indx 
    0  3.1600e+13     1.3398     0    -1     0.0134
    1  3.0576e+13     1.3572     1     0     0.1326
    2  2.5869e+13     1.4483     2     1     0.2441
    3  2.1779e+13     1.5468     3     2     0.3500
    4  1.7628e+13     1.6748     4     3     0.4519
    5  1.4184e+13     1.8146     5     4     0.5506
    6  1.3668e+13     1.8393     6     5     0.6467
    7  1.3547e+13     1.8453     7     6     0.7407
    8  1.2809e+13     1.8832     8     7     0.8330
    9  1.2737e+13     1.8870     9     8     0.9238
   10  1.1492e+13     1.9582    10     9     1.0134
   11  1.0933e+13     1.9934    11    10     1.1018
   12  1.0846e+13     1.9991    12    11     1.1894
   13  1.0459e+13     2.0252    13    12     1.2761
   14  9.0964e+12     2.1276    14    13     1.3621
   15  6.1481e+12     2.4357    15    14     1.4474
   16  5.9967e+12     2.4564    16    15     1.5322
   17  5.9868e+12     2.4578    17    16     1.6165
   18  5.4537e+12     2.5363    18    17     1.7003
   19  5.3890e+12     2.5465    19    18     1.7838
   20  4.9457e+12     2.6207    20    19     1.8669
   21  4.6475e+12     2.6755    21    20     1.9496
   22  4.5702e+12     2.6904    22    21     2.0321
   23  3.3177e+12     2.9871    23    22     2.1143
   24  2.9192e+12     3.1122    24    23     2.1963
   25  2.8571e+12     3.1336    25    24     2.2781
   26  2.8276e+12     3.1440    26    25     2.3597
   27  2.6816e+12     3.1973    27    26     2.4411
   28  2.1218e+12     3.4410    28    27     2.5223
   29  2.0981e+12     3.4530    29    28     2.6034
   30  2.0473e+12     3.4794    30    29     2.6844
   31  1.8793e+12     3.5726    31    30     2.7652
   32  1.8377e+12     3.5973    32    31     2.8459
   33  1.7110e+12     3.6768    33    32     2.9266
   34  1.7032e+12     3.6819    34    33     3.0071
   35  1.6537e+12     3.7152    35    34     3.0876
   36  1.4612e+12     3.8572    36    35     3.1680
   37  1.2442e+12     4.0475    37    36     3.2483
   38  1.2312e+12     4.0603    38    37     3.3285
   39  1.1682e+12     4.1241    39    38     3.4087
   40  1.1408e+12     4.1531    40    39     3.4889
   41  1.1259e+12     4.1693    41    40     3.5689
   42  1.0871e+12     4.2127    42    41     3.6490
   43  1.0513e+12     4.2544    43    42     3.7290
   44  1.0492e+12     4.2568    44    43     3.8089
   45  1.0326e+12     4.2768    45    44     3.8889
   46  1.0125e+12     4.3015    46    45     3.9688
   47  9.9463e+11     4.3240    47    46     4.0486
   48  9.4295e+11     4.3919    48    47     4.1285
   49  9.1837e+11     4.4258    49    48     4.2083
   50  9.1813e+11     4.4262    50    49     4.2881
   51  8.9366e+11     4.4610    51    50     4.3678
   52  8.9136e+11     4.4644    52    51     4.4476
   53  7.8103e+11     4.6379    53    52     4.5273
   54  7.4863e+11     4.6946    54    53     4.6070
   55  7.3990e+11     4.7104    55    54     4.6867
   56  6.9313e+11     4.7989    56    55     4.7664
   57  6.8385e+11     4.8174    57    56     4.8460
   58  6.7921e+11     4.8267    58    57     4.9257
   59  6.7119e+11     4.8430    59    58     5.0053
   60  6.3734e+11     4.9145    60    59     5.0849
   61  6.1507e+11     4.9641    61    60     5.1646
   62  5.4909e+11     5.1248    62    61     5.2442
   63  5.4580e+11     5.1334    63    62     5.3238
   64  5.3787e+11     5.1545    64    63     5.4033
   65  5.3552e+11     5.1608    65    64     5.4829
   66  5.1405e+11     5.2199    66    65     5.5625
   67  4.5686e+11     5.3933    67    66     5.6421
   68  4.5594e+11     5.3963    68    67     5.7216
   69  4.4039e+11     5.4481    69    68     5.8012
   70  3.9002e+11     5.6323    70    69     5.8807
   71  3.6775e+11     5.7230    71    70     5.9602
   72  3.6330e+11     5.7420    72    71     6.0398
   73  3.5649e+11     5.7715    73    72     6.1193
   74  3.5311e+11     5.7864    74    73     6.1988
   75  3.5224e+11     5.7902    75    74     6.2783
   76  3.4348e+11     5.8298    76    75     6.3579
   77  3.3889e+11     5.8510    77    76     6.4374
   78  3.2845e+11     5.9006    78    77     6.5169
   79  3.2382e+11     5.9231    79    78     6.5964
   80  3.2376e+11     5.9234    80    79     6.6759
   81  3.1959e+11     5.9441    81    80     6.7554
   82  3.1782e+11     5.9530    82    81     6.8349
   83  3.1713e+11     5.9564    83    82     6.9143
   84  2.6910e+11     6.2232    84    83     6.9938
   85  2.6823e+11     6.2286    85    84     7.0733
   86  2.6095e+11     6.2742    86    85     7.1528
   87  1.0312e+11     7.9584    87    86     7.2323
   88  1.0210e+11     7.9780    88    87     7.3117
   89  1.0157e+11     7.9883    89    88     7.3912
   90  1.0014e+11     8.0164    90    89     7.4707
   91  9.4753e+10     8.1266    91    90     7.5502
   92  9.4620e+10     8.1294    92    91     7.6296
   93  8.2527e+10     8.4067    93    92     7.7091
   94  8.2367e+10     8.4107    94    93     7.7885
   95  8.1523e+10     8.4319    95    94     7.8680
   96  8.1326e+10     8.4369    96    95     7.9475
   97  7.9873e+10     8.4740    97    96     8.0269
   98  7.9157e+10     8.4926    98    97     8.1064
   99  7.8025e+10     8.5225    99    98     8.1858
  100  7.7029e+10     8.5491   100    99     8.2653
