#indx Mass S step-number desc_indx 
    0  3.1600e+13     1.3398     0    -1     0.0134
    1  3.0949e+13     1.3508     1     0     0.1326
    2  2.7665e+13     1.4111     2     1     0.2441
    3  2.6682e+13     1.4311     3     2     0.3500
    4  2.2686e+13     1.5230     4     3     0.4519
    5  2.2229e+13     1.5348     5     4     0.5506
    6  1.7155e+13     1.6918     6     5     0.6467
    7  1.6115e+13     1.7315     7     6     0.7407
    8  7.0209e+12     2.3278     8     7     0.8330
    9  6.9645e+12     2.3342     9     8     0.9238
   10  6.8967e+12     2.3421    10     9     1.0134
   11  6.8858e+12     2.3433    11    10     1.1018
   12  6.3877e+12     2.4043    12    11     1.1894
   13  6.2800e+12     2.4182    13    12     1.2761
   14  6.0682e+12     2.4466    14    13     1.3621
   15  6.0330e+12     2.4514    15    14     1.4474
   16  6.0177e+12     2.4535    16    15     1.5322
   17  6.0007e+12     2.4559    17    16     1.6165
   18  5.7362e+12     2.4936    18    17     1.7003
   19  5.6077e+12     2.5127    19    18     1.7838
   20  5.4580e+12     2.5357    20    19     1.8669
   21  5.3781e+12     2.5483    21    20     1.9496
   22  5.3187e+12     2.5578    22    21     2.0321
   23  5.1908e+12     2.5787    23    22     2.1143
   24  5.1103e+12     2.5922    24    23     2.1963
   25  2.2909e+12     3.3597    25    24     2.2781
   26  2.2684e+12     3.3701    26    25     2.3597
   27  2.2597e+12     3.3742    27    26     2.4411
   28  2.1338e+12     3.4350    28    27     2.5223
   29  2.0277e+12     3.4898    29    28     2.6034
   30  1.9860e+12     3.5122    30    29     2.6844
   31  1.3820e+12     3.9224    31    30     2.7652
   32  1.3770e+12     3.9267    32    31     2.8459
   33  1.0044e+12     4.3116    33    32     2.9266
   34  9.9300e+11     4.3261    34    33     3.0071
   35  9.8876e+11     4.3315    35    34     3.0876
   36  9.6465e+11     4.3629    36    35     3.1680
   37  9.5197e+11     4.3798    37    36     3.2483
   38  8.5204e+11     4.5231    38    37     3.3285
   39  8.4357e+11     4.5361    39    38     3.4087
   40  8.3817e+11     4.5446    40    39     3.4889
   41  7.9509e+11     4.6142    41    40     3.5689
   42  7.9195e+11     4.6194    42    41     3.6490
   43  7.7864e+11     4.6420    43    42     3.7290
   44  7.4890e+11     4.6941    44    43     3.8089
   45  6.6141e+11     4.8632    45    44     3.8889
   46  5.8508e+11     5.0345    46    45     3.9688
   47  5.5066e+11     5.1207    47    46     4.0486
   48  4.0500e+11     5.5746    48    47     4.1285
   49  3.8570e+11     5.6494    49    48     4.2083
   50  3.8540e+11     5.6506    50    49     4.2881
   51  2.7663e+11     6.1778    51    50     4.3678
   52  2.6565e+11     6.2445    52    51     4.4476
   53  2.6299e+11     6.2612    53    52     4.5273
   54  2.6259e+11     6.2637    54    53     4.6070
   55  2.2340e+11     6.5360    55    54     4.6867
   56  2.1349e+11     6.6140    56    55     4.7664
   57  2.1229e+11     6.6237    57    56     4.8460
   58  2.0784e+11     6.6603    58    57     4.9257
   59  1.8910e+11     6.8257    59    58     5.0053
   60  1.8881e+11     6.8283    60    59     5.0849
   61  1.2699e+11     7.5553    61    60     5.1646
   62  1.2129e+11     7.6428    62    61     5.2442
   63  1.2096e+11     7.6480    63    62     5.3238
   64  1.1895e+11     7.6801    64    63     5.4033
   65  1.1657e+11     7.7191    65    64     5.4829
   66  1.0925e+11     7.8451    66    65     5.5625
   67  1.0767e+11     7.8736    67    66     5.6421
   68  1.0289e+11     7.9628    68    67     5.7216
   69  1.0171e+11     7.9855    69    68     5.8012
   70  9.6961e+10     8.0805    70    69     5.8807
   71  8.4123e+10     8.3675    71    70     5.9602
   72  8.3908e+10     8.3727    72    71     6.0398
   73  8.3554e+10     8.3814    73    72     6.1193
   74  8.0675e+10     8.4534    74    73     6.1988
   75  8.0487e+10     8.4582    75    74     6.2783
   76  6.6077e+10     8.8721    76    75     6.3579
   77  5.9780e+10     9.0876    77    76     6.4374
   78  5.9680e+10     9.0913    78    77     6.5169
   79  5.9619e+10     9.0935    79    78     6.5964
   80  5.7978e+10     9.1543    80    79     6.6759
   81  5.7209e+10     9.1835    81    80     6.7554
   82  5.6270e+10     9.2197    82    81     6.8349
   83  5.6135e+10     9.2250    83    82     6.9143
   84  5.5358e+10     9.2556    84    83     6.9938
   85  5.5220e+10     9.2611    85    84     7.0733
   86  5.5058e+10     9.2676    86    85     7.1528
   87  5.3898e+10     9.3146    87    86     7.2323
   88  5.3624e+10     9.3259    88    87     7.3117
   89  5.3591e+10     9.3272    89    88     7.3912
   90  5.3500e+10     9.3310    90    89     7.4707
   91  4.8763e+10     9.5378    91    90     7.5502
   92  4.8561e+10     9.5471    92    91     7.6296
   93  4.8238e+10     9.5622    93    92     7.7091
   94  4.7625e+10     9.5910    94    93     7.7885
   95  4.7332e+10     9.6049    95    94     7.8680
   96  4.5790e+10     9.6800    96    95     7.9475
   97  2.6968e+10    10.9378    97    96     8.0269
   98  2.6931e+10    10.9413    98    97     8.1064
   99  2.6757e+10    10.9573    99    98     8.1858
  100  2.2211e+10    11.4269   100    99     8.2653
