#indx Mass S step-number desc_indx 
    0  3.1600e+13     1.3398     0    -1     0.0134
    1  2.8977e+13     1.3860     1     0     0.1326
    2  2.6235e+13     1.4404     2     1     0.2441
    3  1.6641e+13     1.7110     3     2     0.3500
    4  1.5963e+13     1.7376     4     3     0.4519
    5  1.5627e+13     1.7513     5     4     0.5506
    6  1.5368e+13     1.7620     6     5     0.6467
    7  1.4885e+13     1.7829     7     6     0.7407
    8  1.4095e+13     1.8188     8     7     0.8330
    9  1.2583e+13     1.8953     9     8     0.9238
   10  1.2258e+13     1.9133    10     9     1.0134
   11  1.2079e+13     1.9234    11    10     1.1018
   12  1.1796e+13     1.9399    12    11     1.1894
   13  1.1337e+13     1.9677    13    12     1.2761
   14  1.1025e+13     1.9874    14    13     1.3621
   15  6.8219e+12     2.3508    15    14     1.4474
   16  5.5352e+12     2.5237    16    15     1.5322
   17  4.7558e+12     2.6551    17    16     1.6165
   18  4.6778e+12     2.6697    18    17     1.7003
   19  4.6505e+12     2.6749    19    18     1.7838
   20  4.1524e+12     2.7768    20    19     1.8669
   21  4.0959e+12     2.7893    21    20     1.9496
   22  3.8711e+12     2.8413    22    21     2.0321
   23  3.6495e+12     2.8964    23    22     2.1143
   24  3.5876e+12     2.9125    24    23     2.1963
   25  3.1714e+12     3.0307    25    24     2.2781
   26  1.8864e+12     3.5685    26    25     2.3597
   27  1.8027e+12     3.6186    27    26     2.4411
   28  1.7291e+12     3.6650    28    27     2.5223
   29  1.7006e+12     3.6837    29    28     2.6034
   30  1.6540e+12     3.7150    30    29     2.6844
   31  1.2823e+12     4.0113    31    30     2.7652
   32  1.2811e+12     4.0125    32    31     2.8459
   33  1.2280e+12     4.0633    33    32     2.9266
   34  1.1381e+12     4.1560    34    33     3.0071
   35  1.0846e+12     4.2156    35    34     3.0876
   36  1.0501e+12     4.2558    36    35     3.1680
   37  1.0031e+12     4.3133    37    36     3.2483
   38  7.9907e+11     4.6076    38    37     3.3285
   39  7.9140e+11     4.6204    39    38     3.4087
   40  7.6633e+11     4.6633    40    39     3.4889
   41  7.4556e+11     4.7001    41    40     3.5689
   42  6.7709e+11     4.8310    42    41     3.6490
   43  6.6680e+11     4.8520    43    42     3.7290
   44  6.4714e+11     4.8933    44    43     3.8089
   45  6.0936e+11     4.9772    45    44     3.8889
   46  3.2215e+11     5.9314    46    45     3.9688
   47  2.9268e+11     6.0857    47    46     4.0486
   48  2.9101e+11     6.0950    48    47     4.1285
   49  2.8953e+11     6.1033    49    48     4.2083
   50  2.8814e+11     6.1111    50    49     4.2881
   51  2.8566e+11     6.1252    51    50     4.3678
   52  2.6649e+11     6.2393    52    51     4.4476
   53  2.5926e+11     6.2850    53    52     4.5273
   54  2.4477e+11     6.3811    54    53     4.6070
   55  2.4462e+11     6.3821    55    54     4.6867
   56  2.3009e+11     6.4857    56    55     4.7664
   57  2.2798e+11     6.5014    57    56     4.8460
   58  1.9604e+11     6.7622    58    57     4.9257
   59  1.7421e+11     6.9716    59    58     5.0053
   60  1.7293e+11     6.9848    60    59     5.0849
   61  1.6855e+11     7.0310    61    60     5.1646
   62  1.6361e+11     7.0848    62    61     5.2442
   63  1.4868e+11     7.2599    63    62     5.3238
   64  1.4508e+11     7.3051    64    63     5.4033
   65  1.3854e+11     7.3912    65    64     5.4829
   66  1.3657e+11     7.4179    66    65     5.5625
   67  1.3645e+11     7.4195    67    66     5.6421
   68  1.1714e+11     7.7098    68    67     5.7216
   69  1.1639e+11     7.7221    69    68     5.8012
   70  1.1508e+11     7.7439    70    69     5.8807
   71  1.1391e+11     7.7638    71    70     5.9602
   72  1.0825e+11     7.8631    72    71     6.0398
   73  1.0444e+11     7.9334    73    72     6.1193
   74  9.3809e+10     8.1467    74    73     6.1988
   75  9.3732e+10     8.1483    75    74     6.2783
   76  7.8326e+10     8.5145    76    75     6.3579
   77  7.1800e+10     8.6961    77    76     6.4374
   78  6.8103e+10     8.8078    78    77     6.5169
   79  6.5137e+10     8.9027    79    78     6.5964
   80  6.4772e+10     8.9147    80    79     6.6759
   81  6.3485e+10     8.9578    81    80     6.7554
   82  6.2366e+10     8.9960    82    81     6.8349
   83  6.2150e+10     9.0035    83    82     6.9143
   84  5.8553e+10     9.1328    84    83     6.9938
   85  5.8503e+10     9.1346    85    84     7.0733
   86  5.1498e+10     9.4157    86    85     7.1528
   87  5.1223e+10     9.4276    87    86     7.2323
   88  5.0638e+10     9.4532    88    87     7.3117
   89  5.0453e+10     9.4614    89    88     7.3912
   90  4.9689e+10     9.4956    90    89     7.4707
   91  4.8697e+10     9.5409    91    90     7.5502
   92  4.3139e+10     9.8162    92    91     7.6296
   93  4.1623e+10     9.8985    93    92     7.7091
   94  4.1297e+10     9.9167    94    93     7.7885
   95  4.0999e+10     9.9335    95    94     7.8680
   96  4.0741e+10     9.9481    96    95     7.9475
   97  4.0703e+10     9.9502    97    96     8.0269
   98  4.0564e+10     9.9582    98    97     8.1064
   99  3.9780e+10    10.0035    99    98     8.1858
  100  3.6098e+10    10.2314   100    99     8.2653
