#indx Mass S step-number desc_indx 
    0  3.1600e+13     1.3398     0    -1     0.0134
    1  3.1300e+13     1.3448     1     0     0.1326
    2  3.0972e+13     1.3504     2     1     0.2441
    3  3.0245e+13     1.3630     3     2     0.3500
    4  2.8663e+13     1.3919     4     3     0.4519
    5  2.8607e+13     1.3929     5     4     0.5506
    6  2.4694e+13     1.4744     6     5     0.6467
    7  2.4353e+13     1.4823     7     6     0.7407
    8  2.3373e+13     1.5058     8     7     0.8330
    9  2.2409e+13     1.5301     9     8     0.9238
   10  2.2053e+13     1.5395    10     9     1.0134
   11  2.1766e+13     1.5472    11    10     1.1018
   12  2.0848e+13     1.5726    12    11     1.1894
   13  1.9465e+13     1.6138    13    12     1.2761
   14  1.7364e+13     1.6842    14    13     1.3621
   15  1.6667e+13     1.7101    15    14     1.4474
   16  1.5166e+13     1.7706    16    15     1.5322
   17  1.4883e+13     1.7829    17    16     1.6165
   18  1.4079e+13     1.8196    18    17     1.7003
   19  1.3500e+13     1.8476    19    18     1.7838
   20  1.1683e+13     1.9466    20    19     1.8669
   21  1.0532e+13     2.0202    21    20     1.9496
   22  1.0395e+13     2.0296    22    21     2.0321
   23  9.8725e+12     2.0670    23    22     2.1143
   24  8.4747e+12     2.1809    24    23     2.1963
   25  8.4267e+12     2.1853    25    24     2.2781
   26  8.0563e+12     2.2197    26    25     2.3597
   27  7.9424e+12     2.2308    27    26     2.4411
   28  6.5846e+12     2.3795    28    27     2.5223
   29  6.3418e+12     2.4102    29    28     2.6034
   30  6.2964e+12     2.4161    30    29     2.6844
   31  5.9670e+12     2.4605    31    30     2.7652
   32  5.7496e+12     2.4916    32    31     2.8459
   33  5.6807e+12     2.5018    33    32     2.9266
   34  1.9631e+12     3.5249    34    33     3.0071
   35  1.9422e+12     3.5365    35    34     3.0876
   36  1.9099e+12     3.5549    36    35     3.1680
   37  1.7778e+12     3.6340    37    36     3.2483
   38  1.7705e+12     3.6386    38    37     3.3285
   39  1.7275e+12     3.6660    39    38     3.4087
   40  1.7035e+12     3.6817    40    39     3.4889
   41  1.6642e+12     3.7080    41    40     3.5689
   42  1.6166e+12     3.7410    42    41     3.6490
   43  1.5985e+12     3.7538    43    42     3.7290
   44  1.5649e+12     3.7780    44    43     3.8089
   45  1.5304e+12     3.8036    45    44     3.8889
   46  1.4933e+12     3.8320    46    45     3.9688
   47  1.4811e+12     3.8415    47    46     4.0486
   48  1.4476e+12     3.8681    48    47     4.1285
   49  1.2588e+12     4.0336    49    48     4.2083
   50  1.2416e+12     4.0501    50    49     4.2881
   51  1.2371e+12     4.0544    51    50     4.3678
   52  1.1995e+12     4.0918    52    51     4.4476
   53  1.1153e+12     4.1809    53    52     4.5273
   54  1.1030e+12     4.1946    54    53     4.6070
   55  6.6159e+11     4.8628    55    54     4.6867
   56  6.5650e+11     4.8735    56    55     4.7664
   57  5.9567e+11     5.0091    57    56     4.8460
   58  5.6336e+11     5.0882    58    57     4.9257
   59  5.5670e+11     5.1051    59    58     5.0053
   60  5.3835e+11     5.1532    60    59     5.0849
   61  5.2592e+11     5.1869    61    60     5.1646
   62  5.2115e+11     5.2000    62    61     5.2442
   63  5.1801e+11     5.2088    63    62     5.3238
   64  5.1504e+11     5.2171    64    63     5.4033
   65  5.0210e+11     5.2542    65    64     5.4829
   66  4.9832e+11     5.2652    66    65     5.5625
   67  4.8629e+11     5.3010    67    66     5.6421
   68  4.8034e+11     5.3191    68    67     5.7216
   69  4.7752e+11     5.3278    69    68     5.8012
   70  4.7113e+11     5.3477    70    69     5.8807
   71  3.4478e+11     5.8239    71    70     5.9602
   72  3.3572e+11     5.8658    72    71     6.0398
   73  3.1082e+11     5.9886    73    72     6.1193
   74  3.1028e+11     5.9914    74    73     6.1988
   75  2.5821e+11     6.2917    75    74     6.2783
   76  2.5367e+11     6.3213    76    75     6.3579
   77  2.4942e+11     6.3495    77    76     6.4374
   78  2.3208e+11     6.4711    78    77     6.5169
   79  2.3038e+11     6.4836    79    78     6.5964
   80  2.2575e+11     6.5181    80    79     6.6759
   81  2.2132e+11     6.5520    81    80     6.7554
   82  2.1979e+11     6.5640    82    81     6.8349
   83  2.1208e+11     6.6254    83    82     6.9143
   84  2.0368e+11     6.6955    84    83     6.9938
   85  1.8544e+11     6.8603    85    84     7.0733
   86  1.6671e+11     7.0507    86    85     7.1528
   87  1.6399e+11     7.0805    87    86     7.2323
   88  1.6316e+11     7.0898    88    87     7.3117
   89  1.5260e+11     7.2119    89    88     7.3912
   90  1.5206e+11     7.2184    90    89     7.4707
   91  1.4376e+11     7.3222    91    90     7.5502
   92  1.0994e+11     7.8327    92    91     7.6296
   93  1.0923e+11     7.8453    93    92     7.7091
   94  1.0701e+11     7.8855    94    93     7.7885
   95  8.7595e+10     8.2850    95    94     7.8680
   96  6.4841e+10     8.9124    96    95     7.9475
   97  6.3228e+10     8.9665    97    96     8.0269
   98  6.2480e+10     8.9921    98    97     8.1064
   99  6.2294e+10     8.9985    99    98     8.1858
  100  6.2105e+10     9.0051   100    99     8.2653
