#indx Mass S step-number desc_indx 
    0  1.0000e+12     4.3172     0    -1     0.0134
    1  9.9559e+11     4.3228     1     0     0.1326
    2  9.1778e+11     4.4266     2     1     0.2441
    3  7.6602e+11     4.6638     3     2     0.3500
    4  6.9066e+11     4.8038     4     3     0.4519
    5  6.7523e+11     4.8347     5     4     0.5506
    6  6.7060e+11     4.8442     6     5     0.6467
    7  5.8699e+11     5.0298     7     6     0.7407
    8  5.8176e+11     5.0425     8     7     0.8330
    9  4.4680e+11     5.4265     9     8     0.9238
   10  4.3313e+11     5.4730    10     9     1.0134
   11  4.2443e+11     5.5036    11    10     1.1018
   12  4.0686e+11     5.5677    12    11     1.1894
   13  4.0566e+11     5.5722    13    12     1.2761
   14  4.0155e+11     5.5877    14    13     1.3621
   15  4.0010e+11     5.5932    15    14     1.4474
   16  3.9615e+11     5.6084    16    15     1.5322
   17  3.9545e+11     5.6111    17    16     1.6165
   18  3.7373e+11     5.6980    18    17     1.7003
   19  3.7254e+11     5.7030    19    18     1.7838
   20  3.6574e+11     5.7316    20    19     1.8669
   21  3.6252e+11     5.7453    21    20     1.9496
   22  3.4518e+11     5.8220    22    21     2.0321
   23  3.4502e+11     5.8228    23    22     2.1143
   24  3.3763e+11     5.8569    24    23     2.1963
   25  3.3566e+11     5.8661    25    24     2.2781
   26  2.9837e+11     6.0545    26    25     2.3597
   27  2.9649e+11     6.0647    27    26     2.4411
   28  2.9350e+11     6.0812    28    27     2.5223
   29  2.8495e+11     6.1293    29    28     2.6034
   30  2.7246e+11     6.2028    30    29     2.6844
   31  2.6126e+11     6.2722    31    30     2.7652
   32  2.5660e+11     6.3021    32    31     2.8459
   33  2.5435e+11     6.3168    33    32     2.9266
   34  2.5363e+11     6.3216    34    33     3.0071
   35  1.9991e+11     6.7281    35    34     3.0876
   36  1.9830e+11     6.7422    36    35     3.1680
   37  1.9538e+11     6.7682    37    36     3.2483
   38  1.9162e+11     6.8023    38    37     3.3285
   39  1.1257e+11     7.7868    39    38     3.4087
   40  1.1248e+11     7.7883    40    39     3.4889
   41  1.1034e+11     7.8257    41    40     3.5689
   42  8.2620e+10     8.4044    42    41     3.6490
   43  7.9110e+10     8.4939    43    42     3.7290
   44  2.5944e+10    11.0342    44    43     3.8089
   45  2.4813e+10    11.1458    45    44     3.8889
   46  2.2362e+10    11.4096    46    45     3.9688
   47  2.2302e+10    11.4165    47    46     4.0486
   48  2.1190e+10    11.5478    48    47     4.1285
   49  2.0929e+10    11.5799    49    48     4.2083
   50  1.3572e+10    12.7388    50    49     4.2881
   51  1.3527e+10    12.7479    51    50     4.3678
   52  1.3494e+10    12.7547    52    51     4.4476
   53  1.3205e+10    12.8148    53    52     4.5273
   54  1.2141e+10    13.0497    54    53     4.6070
   55  1.0152e+10    13.5605    55    54     4.6867
   56  1.0119e+10    13.5699    56    55     4.7664
   57  1.0062e+10    13.5863    57    56     4.8460
   58  1.0061e+10    13.5867    58    57     4.9257
   59  1.0055e+10    13.5882    59    58     5.0053
   60  9.8633e+09    13.6442    60    59     5.0849
   61  9.0978e+09    13.8804    61    60     5.1646
   62  9.0263e+09    13.9036    62    61     5.2442
   63  8.9671e+09    13.9231    63    62     5.3238
   64  6.6878e+09    14.8072    64    63     5.4033
   65  6.6497e+09    14.8248    65    64     5.4829
   66  6.6160e+09    14.8404    66    65     5.5625
   67  6.1207e+09    15.0820    67    66     5.6421
   68  5.6515e+09    15.3324    68    67     5.7216
   69  5.3418e+09    15.5111    69    68     5.8012
   70  5.3241e+09    15.5217    70    69     5.8807
   71  5.2732e+09    15.5524    71    70     5.9602
   72  5.2673e+09    15.5559    72    71     6.0398
   73  5.2199e+09    15.5848    73    72     6.1193
   74  5.1939e+09    15.6007    74    73     6.1988
   75  5.1166e+09    15.6487    75    74     6.2783
   76  5.1071e+09    15.6547    76    75     6.3579
   77  5.0444e+09    15.6943    77    76     6.4374
   78  4.9772e+09    15.7374    78    77     6.5169
   79  4.5106e+09    16.0565    79    78     6.5964
   80  4.4546e+09    16.0972    80    79     6.6759
   81  4.3997e+09    16.1378    81    80     6.7554
   82  4.3881e+09    16.1465    82    81     6.8349
   83  4.3494e+09    16.1755    83    82     6.9143
   84  4.2815e+09    16.2272    84    83     6.9938
   85  4.2790e+09    16.2291    85    84     7.0733
   86  4.2447e+09    16.2556    86    85     7.1528
   87  4.2090e+09    16.2834    87    86     7.2323
   88  4.1387e+09    16.3390    88    87     7.3117
   89  3.8306e+09    16.5960    89    88     7.3912
   90  3.8168e+09    16.6081    90    89     7.4707
   91  3.6936e+09    16.7181    91    90     7.5502
   92  3.6856e+09    16.7253    92    91     7.6296
   93  3.6659e+09    16.7433    93    92     7.7091
   94  2.9499e+09    17.4853    94    93     7.7885
   95  2.8967e+09    17.5484    95    94     7.8680
   96  2.8708e+09    17.5796    96    95     7.9475
   97  2.7731e+09    17.7005    97    96     8.0269
   98  2.7613e+09    17.7154    98    97     8.1064
   99  2.7438e+09    17.7377    99    98     8.1858
  100  2.7252e+09    17.7615   100    99     8.2653
