#indx Mass S step-number desc_indx 
    0  1.0000e+12     4.3172     0    -1     0.0134
    1  9.8897e+11     4.3313     1     0     0.1326
    2  9.8397e+11     4.3377     2     1     0.2441
    3  9.6841e+11     4.3579     3     2     0.3500
    4  6.8462e+11     4.8158     4     3     0.4519
    5  6.7334e+11     4.8386     5     4     0.5506
    6  6.0377e+11     4.9901     6     5     0.6467
    7  4.9777e+11     5.2668     7     6     0.7407
    8  4.8968e+11     5.2908     8     7     0.8330
    9  6.4129e+10     8.9361     9     8     0.9238
   10  6.3690e+10     8.9508    10     9     1.0134
   11  6.3641e+10     8.9525    11    10     1.1018
   12  6.0840e+10     9.0496    12    11     1.1894
   13  6.0613e+10     9.0576    13    12     1.2761
   14  6.0079e+10     9.0768    14    13     1.3621
   15  5.7339e+10     9.1785    15    14     1.4474
   16  5.7119e+10     9.1869    16    15     1.5322
   17  5.6661e+10     9.2045    17    16     1.6165
   18  4.9009e+10     9.5265    18    17     1.7003
   19  4.8684e+10     9.5414    19    18     1.7838
   20  4.6499e+10     9.6451    20    19     1.8669
   21  4.6093e+10     9.6650    21    20     1.9496
   22  4.4537e+10     9.7432    22    21     2.0321
   23  4.2583e+10     9.8460    23    22     2.1143
   24  4.2308e+10     9.8609    24    23     2.1963
   25  3.7419e+10    10.1467    25    24     2.2781
   26  3.7396e+10    10.1481    26    25     2.3597
   27  2.3226e+10    11.3129    27    26     2.4411
   28  2.3153e+10    11.3209    28    27     2.5223
   29  1.7539e+10    12.0431    29    28     2.6034
   30  1.5943e+10    12.2988    30    29     2.6844
   31  1.5893e+10    12.3071    31    30     2.7652
   32  1.5799e+10    12.3232    32    31     2.8459
   33  1.5755e+10    12.3306    33    32     2.9266
   34  1.4337e+10    12.5876    34    33     3.0071
   35  1.4330e+10    12.5889    35    34     3.0876
   36  1.4028e+10    12.6474    36    35     3.1680
   37  8.0463e+09    14.2452    37    36     3.2483
   38  7.8458e+09    14.3210    38    37     3.3285
   39  7.8295e+09    14.3272    39    38     3.4087
   40  7.8174e+09    14.3318    40    39     3.4889
   41  7.7253e+09    14.3675    41    40     3.5689
   42  7.7135e+09    14.3721    42    41     3.6490
   43  7.6534e+09    14.3958    43    42     3.7290
   44  7.6114e+09    14.4124    44    43     3.8089
   45  7.6034e+09    14.4156    45    44     3.8889
   46  7.1490e+09    14.6027    46    45     3.9688
   47  6.1128e+09    15.0860    47    46     4.0486
   48  6.0343e+09    15.1264    48    47     4.1285
   49  5.9942e+09    15.1473    49    48     4.2083
   50  5.8778e+09    15.2087    50    49     4.2881
   51  5.8448e+09    15.2265    51    50     4.3678
   52  5.7948e+09    15.2535    52    51     4.4476
   53  5.7140e+09    15.2977    53    52     4.5273
   54  5.6951e+09    15.3082    54    53     4.6070
   55  5.6781e+09    15.3176    55    54     4.6867
   56  5.4345e+09    15.4564    56    55     4.7664
   57  5.4269e+09    15.4609    57    56     4.8460
   58  5.3882e+09    15.4836    58    57     4.9257
   59  5.3696e+09    15.4946    59    58     5.0053
   60  5.3615e+09    15.4994    60    59     5.0849
   61  5.3591e+09    15.5008    61    60     5.1646
   62  5.2772e+09    15.5500    62    61     5.2442
   63  5.0155e+09    15.7128    63    62     5.3238
   64  4.8691e+09    15.8082    64    63     5.4033
   65  4.8475e+09    15.8225    65    64     5.4829
   66  4.6520e+09    15.9559    66    65     5.5625
   67  3.9106e+09    16.5271    67    66     5.6421
   68  3.7860e+09    16.6352    68    67     5.7216
   69  3.7672e+09    16.6519    69    68     5.8012
   70  3.7227e+09    16.6917    70    69     5.8807
   71  3.0570e+09    17.3620    71    70     5.9602
   72  3.0130e+09    17.4120    72    71     6.0398
   73  3.0050e+09    17.4212    73    72     6.1193
   74  2.4767e+09    18.0989    74    73     6.1988
   75  2.2047e+09    18.5156    75    74     6.2783
   76  2.2012e+09    18.5211    76    75     6.3579
   77  2.1973e+09    18.5276    77    76     6.4374
   78  2.1883e+09    18.5425    78    77     6.5169
   79  2.1232e+09    18.6517    79    78     6.5964
   80  2.1116e+09    18.6717    80    79     6.6759
   81  2.0753e+09    18.7348    81    80     6.7554
   82  2.0648e+09    18.7531    82    81     6.8349
   83  2.0270e+09    18.8206    83    82     6.9143
   84  2.0151e+09    18.8422    84    83     6.9938
   85  2.0056e+09    18.8595    85    84     7.0733
   86  1.9989e+09    18.8716    86    85     7.1528
   87  1.9981e+09    18.8730    87    86     7.2323
   88  1.9060e+09    19.0462    88    87     7.3117
   89  1.8943e+09    19.0691    89    88     7.3912
   90  1.8710e+09    19.1147    90    89     7.4707
   91  1.8595e+09    19.1373    91    90     7.5502
   92  1.7336e+09    19.3977    92    91     7.6296
   93  1.7146e+09    19.4387    93    92     7.7091
   94  1.7052e+09    19.4594    94    93     7.7885
   95  1.6851e+09    19.5038    95    94     7.8680
   96  1.6798e+09    19.5155    96    95     7.9475
   97  1.6784e+09    19.5186    97    96     8.0269
   98  1.4958e+09    19.9536    98    97     8.1064
   99  1.4923e+09    19.9623    99    98     8.1858
  100  1.4912e+09    19.9652   100    99     8.2653
