#indx Mass S step-number desc_indx 
    0  1.0000e+12     4.3172     0    -1     0.0134
    1  9.4091e+11     4.3947     1     0     0.1326
    2  8.5935e+11     4.5119     2     1     0.2441
    3  8.4244e+11     4.5379     3     2     0.3500
    4  8.2627e+11     4.5634     4     3     0.4519
    5  8.2369e+11     4.5675     5     4     0.5506
    6  7.4417e+11     4.7026     6     5     0.6467
    7  7.2588e+11     4.7362     7     6     0.7407
    8  7.2013e+11     4.7469     8     7     0.8330
    9  7.1170e+11     4.7629     9     8     0.9238
   10  6.8691e+11     4.8112    10     9     1.0134
   11  6.7049e+11     4.8444    11    10     1.1018
   12  6.2085e+11     4.9510    12    11     1.1894
   13  6.2002e+11     4.9529    13    12     1.2761
   14  5.7543e+11     5.0580    14    13     1.3621
   15  5.7335e+11     5.0632    15    14     1.4474
   16  5.3696e+11     5.1569    16    15     1.5322
   17  5.2786e+11     5.1815    17    16     1.6165
   18  4.4834e+11     5.4213    18    17     1.7003
   19  4.1310e+11     5.5445    19    18     1.7838
   20  4.0834e+11     5.5622    20    19     1.8669
   21  3.8957e+11     5.6340    21    20     1.9496
   22  3.8489e+11     5.6526    22    21     2.0321
   23  3.8442e+11     5.6545    23    22     2.1143
   24  3.5878e+11     5.7615    24    23     2.1963
   25  3.4426e+11     5.8262    25    24     2.2781
   26  3.3639e+11     5.8627    26    25     2.3597
   27  3.3294e+11     5.8790    27    26     2.4411
   28  3.2525e+11     5.9161    28    27     2.5223
   29  3.1491e+11     5.9677    29    28     2.6034
   30  3.0816e+11     6.0024    30    29     2.6844
   31  2.6845e+11     6.2272    31    30     2.7652
   32  2.6832e+11     6.2280    32    31     2.8459
   33  2.6814e+11     6.2291    33    32     2.9266
   34  2.5980e+11     6.2815    34    33     3.0071
   35  2.5805e+11     6.2927    35    34     3.0876
   36  2.5056e+11     6.3419    36    35     3.1680
   37  2.4767e+11     6.3613    37    36     3.2483
   38  2.4389e+11     6.3872    38    37     3.3285
   39  2.4183e+11     6.4015    39    38     3.4087
   40  2.3299e+11     6.4644    40    39     3.4889
   41  2.3285e+11     6.4654    41    40     3.5689
   42  1.8287e+11     6.8850    42    41     3.6490
   43  1.5885e+11     7.1384    43    42     3.7290
   44  1.4672e+11     7.2844    44    43     3.8089
   45  1.4062e+11     7.3633    45    44     3.8889
   46  1.3677e+11     7.4152    46    45     3.9688
   47  1.3475e+11     7.4431    47    46     4.0486
   48  1.2082e+11     7.6502    48    47     4.1285
   49  1.1507e+11     7.7441    49    48     4.2083
   50  1.1428e+11     7.7574    50    49     4.2881
   51  1.0257e+11     7.9689    51    50     4.3678
   52  1.0130e+11     7.9935    52    51     4.4476
   53  8.4974e+10     8.3469    53    52     4.5273
   54  8.4412e+10     8.3605    54    53     4.6070
   55  8.4325e+10     8.3626    55    54     4.6867
   56  4.4067e+10     9.7674    56    55     4.7664
   57  3.0377e+10    10.6454    57    56     4.8460
   58  3.0337e+10    10.6485    58    57     4.9257
   59  3.0198e+10    10.6597    59    58     5.0053
   60  3.0059e+10    10.6709    60    59     5.0849
   61  2.8806e+10    10.7751    61    60     5.1646
   62  2.8518e+10    10.7998    62    61     5.2442
   63  2.8164e+10    10.8305    63    62     5.3238
   64  2.7447e+10    10.8942    64    63     5.4033
   65  2.7384e+10    10.8999    65    64     5.4829
   66  2.7096e+10    10.9261    66    65     5.5625
   67  2.7016e+10    10.9334    67    66     5.6421
   68  2.6980e+10    10.9367    68    67     5.7216
   69  2.6883e+10    10.9457    69    68     5.8012
   70  2.6859e+10    10.9478    70    69     5.8807
   71  1.9817e+10    11.7216    71    70     5.9602
   72  1.9721e+10    11.7343    72    71     6.0398
   73  1.9687e+10    11.7388    73    72     6.1193
   74  1.9601e+10    11.7502    74    73     6.1988
   75  1.7176e+10    12.0988    75    74     6.2783
   76  1.6507e+10    12.2052    76    75     6.3579
   77  1.6339e+10    12.2326    77    76     6.4374
   78  1.6309e+10    12.2376    78    77     6.5169
   79  1.0830e+10    13.3743    79    78     6.5964
   80  1.0434e+10    13.4814    80    79     6.6759
   81  1.0393e+10    13.4927    81    80     6.7554
   82  1.0168e+10    13.5560    82    81     6.8349
   83  9.9226e+09    13.6267    83    82     6.9143
   84  9.7410e+09    13.6804    84    83     6.9938
   85  9.6587e+09    13.7052    85    84     7.0733
   86  9.6542e+09    13.7065    86    85     7.1528
   87  9.4806e+09    13.7595    87    86     7.2323
   88  9.3799e+09    13.7908    88    87     7.3117
   89  9.1317e+09    13.8695    89    88     7.3912
   90  8.9132e+09    13.9408    90    89     7.4707
   91  7.8521e+09    14.3185    91    90     7.5502
   92  7.0830e+09    14.6310    92    91     7.6296
   93  6.8307e+09    14.7421    93    92     7.7091
   94  6.7807e+09    14.7647    94    93     7.7885
   95  6.6851e+09    14.8084    95    94     7.8680
   96  6.0526e+09    15.1169    96    95     7.9475
   97  6.0273e+09    15.1300    97    96     8.0269
   98  5.7924e+09    15.2548    98    97     8.1064
   99  5.7552e+09    15.2751    99    98     8.1858
  100  5.6750e+09    15.3193   100    99     8.2653
