#indx Mass S step-number desc_indx 
    0  1.0000e+12     4.3172     0    -1     0.0134
    1  9.8057e+11     4.3421     1     0     0.1326
    2  9.5529e+11     4.3753     2     1     0.2441
    3  9.4721e+11     4.3862     3     2     0.3500
    4  9.3759e+11     4.3992     4     3     0.4519
    5  9.2764e+11     4.4129     5     4     0.5506
    6  8.4765e+11     4.5298     6     5     0.6467
    7  7.6581e+11     4.6642     7     6     0.7407
    8  7.6490e+11     4.6658     8     7     0.8330
    9  6.2599e+11     4.9395     9     8     0.9238
   10  6.1701e+11     4.9597    10     9     1.0134
   11  6.1435e+11     4.9658    11    10     1.1018
   12  6.0822e+11     4.9798    12    11     1.1894
   13  5.8695e+11     5.0300    13    12     1.2761
   14  5.5940e+11     5.0982    14    13     1.3621
   15  5.4080e+11     5.1467    15    14     1.4474
   16  5.2629e+11     5.1859    16    15     1.5322
   17  4.6175e+11     5.3775    17    16     1.6165
   18  4.6029e+11     5.3821    18    17     1.7003
   19  4.5337e+11     5.4047    19    18     1.7838
   20  4.5025e+11     5.4150    20    19     1.8669
   21  4.4551e+11     5.4308    21    20     1.9496
   22  4.1862e+11     5.5244    22    21     2.0321
   23  3.8782e+11     5.6410    23    22     2.1143
   24  3.8404e+11     5.6560    24    23     2.1963
   25  3.8356e+11     5.6580    25    24     2.2781
   26  3.7272e+11     5.7022    26    25     2.3597
   27  1.7147e+11     7.0001    27    26     2.4411
   28  1.6984e+11     7.0172    28    27     2.5223
   29  1.6883e+11     7.0279    29    28     2.6034
   30  1.6227e+11     7.0997    30    29     2.6844
   31  1.6220e+11     7.1005    31    30     2.7652
   32  1.5788e+11     7.1497    32    31     2.8459
   33  1.4470e+11     7.3101    33    32     2.9266
   34  1.4360e+11     7.3242    34    33     3.0071
   35  1.4166e+11     7.3495    35    34     3.0876
   36  1.2605e+11     7.5693    36    35     3.1680
   37  1.2566e+11     7.5752    37    36     3.2483
   38  1.2436e+11     7.5950    38    37     3.3285
   39  1.2186e+11     7.6339    39    38     3.4087
   40  1.1114e+11     7.8116    40    39     3.4889
   41  1.0992e+11     7.8331    41    40     3.5689
   42  3.1277e+10    10.5744    42    41     3.6490
   43  3.0764e+10    10.6145    43    42     3.7290
   44  3.0680e+10    10.6211    44    43     3.8089
   45  3.0487e+10    10.6365    45    44     3.8889
   46  3.0357e+10    10.6469    46    45     3.9688
   47  3.0119e+10    10.6660    47    46     4.0486
   48  2.9266e+10    10.7362    48    47     4.1285
   49  2.7489e+10    10.8904    49    48     4.2083
   50  2.7221e+10    10.9146    50    49     4.2881
   51  2.7203e+10    10.9163    51    50     4.3678
   52  1.7672e+10    12.0230    52    51     4.4476
   53  1.6191e+10    12.2571    53    52     4.5273
   54  1.6158e+10    12.2625    54    53     4.6070
   55  1.6152e+10    12.2636    55    54     4.6867
   56  1.6023e+10    12.2852    56    55     4.7664
   57  1.5702e+10    12.3398    57    56     4.8460
   58  1.5690e+10    12.3419    58    57     4.9257
   59  1.5620e+10    12.3541    59    58     5.0053
   60  1.5091e+10    12.4476    60    59     5.0849
   61  1.3311e+10    12.7925    61    60     5.1646
   62  1.3136e+10    12.8294    62    61     5.2442
   63  1.3132e+10    12.8301    63    62     5.3238
   64  1.1002e+10    13.3291    64    63     5.4033
   65  1.0842e+10    13.3711    65    64     5.4829
   66  1.0669e+10    13.4173    66    65     5.5625
   67  9.9174e+09    13.6282    67    66     5.6421
   68  9.8059e+09    13.6611    68    67     5.7216
   69  9.7836e+09    13.6677    69    68     5.8012
   70  9.7466e+09    13.6788    70    69     5.8807
   71  9.6986e+09    13.6932    71    70     5.9602
   72  9.6067e+09    13.7209    72    71     6.0398
   73  9.5753e+09    13.7305    73    72     6.1193
   74  8.4570e+09    14.0965    74    73     6.1988
   75  8.3315e+09    14.1410    75    74     6.2783
   76  8.1714e+09    14.1990    76    75     6.3579
   77  8.1696e+09    14.1996    77    76     6.4374
   78  8.0885e+09    14.2295    78    77     6.5169
   79  7.5685e+09    14.4295    79    78     6.5964
   80  7.4127e+09    14.4925    80    79     6.6759
   81  7.3879e+09    14.5027    81    80     6.7554
   82  7.3332e+09    14.5253    82    81     6.8349
   83  5.1651e+09    15.6185    83    82     6.9143
   84  5.1275e+09    15.6419    84    83     6.9938
   85  5.1068e+09    15.6549    85    84     7.0733
   86  4.6958e+09    15.9255    86    85     7.1528
   87  4.6593e+09    15.9508    87    86     7.2323
   88  4.6149e+09    15.9820    88    87     7.3117
   89  4.5767e+09    16.0090    89    88     7.3912
   90  4.5641e+09    16.0180    90    89     7.4707
   91  4.2107e+09    16.2821    91    90     7.5502
   92  4.1788e+09    16.3072    92    91     7.6296
   93  4.1551e+09    16.3260    93    92     7.7091
   94  4.0546e+09    16.4069    94    93     7.7885
   95  4.0515e+09    16.4095    95    94     7.8680
   96  4.0287e+09    16.4282    96    95     7.9475
   97  4.0148e+09    16.4396    97    96     8.0269
   98  4.0124e+09    16.4416    98    97     8.1064
   99  4.0107e+09    16.4431    99    98     8.1858
  100  3.9958e+09    16.4554   100    99     8.2653
