#indx Mass S step-number desc_indx 
    0  1.0000e+12     4.3172     0    -1     0.0134
    1  9.9591e+11     4.3224     1     0     0.1326
    2  9.7468e+11     4.3497     2     1     0.2441
    3  9.4067e+11     4.3950     3     2     0.3500
    4  9.1475e+11     4.4309     4     3     0.4519
    5  9.0857e+11     4.4397     5     4     0.5506
    6  9.0261e+11     4.4481     6     5     0.6467
    7  8.8029e+11     4.4806     7     6     0.7407
    8  8.0501e+11     4.5978     8     7     0.8330
    9  7.7267e+11     4.6523     9     8     0.9238
   10  7.6924e+11     4.6582    10     9     1.0134
   11  6.8698e+11     4.8111    11    10     1.1018
   12  6.7934e+11     4.8264    12    11     1.1894
   13  6.4806e+11     4.8914    13    12     1.2761
   14  6.0617e+11     4.9846    14    13     1.3621
   15  5.4015e+11     5.1484    15    14     1.4474
   16  5.3167e+11     5.1712    16    15     1.5322
   17  5.2537e+11     5.1884    17    16     1.6165
   18  4.8625e+11     5.3011    18    17     1.7003
   19  4.5401e+11     5.4026    19    18     1.7838
   20  4.5132e+11     5.4114    20    19     1.8669
   21  4.1366e+11     5.5425    21    20     1.9496
   22  4.0981e+11     5.5567    22    21     2.0321
   23  3.9471e+11     5.6139    23    22     2.1143
   24  3.8045e+11     5.6705    24    23     2.1963
   25  3.7812e+11     5.6800    25    24     2.2781
   26  3.7406e+11     5.6967    26    25     2.3597
   27  3.5626e+11     5.7725    27    26     2.4411
   28  3.3654e+11     5.8620    28    27     2.5223
   29  3.2989e+11     5.8936    29    28     2.6034
   30  3.2464e+11     5.9191    30    29     2.6844
   31  3.2185e+11     5.9329    31    30     2.7652
   32  3.0948e+11     5.9956    32    31     2.8459
   33  2.9125e+11     6.0937    33    32     2.9266
   34  2.8437e+11     6.1326    34    33     3.0071
   35  2.7530e+11     6.1857    35    34     3.0876
   36  2.6765e+11     6.2321    36    35     3.1680
   37  2.6129e+11     6.2720    37    36     3.2483
   38  2.5988e+11     6.2810    38    37     3.3285
   39  2.5422e+11     6.3177    39    38     3.4087
   40  2.5284e+11     6.3267    40    39     3.4889
   41  2.0713e+11     6.6663    41    40     3.5689
   42  2.0082e+11     6.7201    42    41     3.6490
   43  1.9284e+11     6.7911    43    42     3.7290
   44  1.7454e+11     6.9682    44    43     3.8089
   45  1.0385e+11     7.9444    45    44     3.8889
   46  9.3001e+10     8.1640    46    45     3.9688
   47  9.2707e+10     8.1704    47    46     4.0486
   48  9.1423e+10     8.1985    48    47     4.1285
   49  7.1389e+10     8.7082    49    48     4.2083
   50  6.9784e+10     8.7561    50    49     4.2881
   51  6.8555e+10     8.7938    51    50     4.3678
   52  6.5375e+10     8.8949    52    51     4.4476
   53  6.4131e+10     8.9360    53    52     4.5273
   54  6.3689e+10     8.9509    54    53     4.6070
   55  6.2065e+10     9.0065    55    54     4.6867
   56  6.1878e+10     9.0130    56    55     4.7664
   57  6.1681e+10     9.0199    57    56     4.8460
   58  5.7986e+10     9.1540    58    57     4.9257
   59  5.6813e+10     9.1987    59    58     5.0053
   60  5.6005e+10     9.2301    60    59     5.0849
   61  5.5966e+10     9.2316    61    60     5.1646
   62  5.2789e+10     9.3606    62    61     5.2442
   63  5.2497e+10     9.3729    63    62     5.3238
   64  5.2432e+10     9.3757    64    63     5.4033
   65  5.1465e+10     9.4171    65    64     5.4829
   66  5.1049e+10     9.4352    66    65     5.5625
   67  5.0895e+10     9.4419    67    66     5.6421
   68  4.9872e+10     9.4873    68    67     5.7216
   69  4.9243e+10     9.5158    69    68     5.8012
   70  4.9219e+10     9.5169    70    69     5.8807
   71  4.9035e+10     9.5253    71    70     5.9602
   72  4.8786e+10     9.5367    72    71     6.0398
   73  4.8429e+10     9.5532    73    72     6.1193
   74  4.7879e+10     9.5790    74    73     6.1988
   75  4.6343e+10     9.6527    75    74     6.2783
   76  4.6189e+10     9.6603    76    75     6.3579
   77  4.6035e+10     9.6679    77    76     6.4374
   78  4.5708e+10     9.6840    78    77     6.5169
   79  4.5472e+10     9.6958    79    78     6.5964
   80  3.0168e+10    10.6621    80    79     6.6759
   81  3.0041e+10    10.6724    81    80     6.7554
   82  3.0024e+10    10.6738    82    81     6.8349
   83  2.8871e+10    10.7695    83    82     6.9143
   84  2.7446e+10    10.8943    84    83     6.9938
   85  2.6366e+10    10.9939    85    84     7.0733
   86  2.3416e+10    11.2923    86    85     7.1528
   87  2.3297e+10    11.3052    87    86     7.2323
   88  2.2958e+10    11.3425    88    87     7.3117
   89  2.2944e+10    11.3440    89    88     7.3912
   90  2.0422e+10    11.6434    90    89     7.4707
   91  1.9873e+10    11.7143    91    90     7.5502
   92  1.9396e+10    11.7777    92    91     7.6296
   93  1.9136e+10    11.8130    93    92     7.7091
   94  1.8966e+10    11.8364    94    93     7.7885
   95  1.8863e+10    11.8508    95    94     7.8680
   96  1.7349e+10    12.0722    96    95     7.9475
   97  1.4770e+10    12.5062    97    96     8.0269
   98  1.4255e+10    12.6034    98    97     8.1064
   99  1.4166e+10    12.6205    99    98     8.1858
  100  1.3835e+10    12.6856   100    99     8.2653
