#indx Mass S step-number desc_indx 
    0  1.0000e+12     4.3172     0    -1     0.0134
    1  9.9547e+11     4.3230     1     0     0.1326
    2  6.6555e+11     4.8546     2     1     0.2441
    3  5.8497e+11     5.0347     3     2     0.3500
    4  5.7927e+11     5.0486     4     3     0.4519
    5  5.7762e+11     5.0526     5     4     0.5506
    6  5.6938e+11     5.0730     6     5     0.6467
    7  5.6833e+11     5.0757     7     6     0.7407
    8  5.5603e+11     5.1069     8     7     0.8330
    9  5.2994e+11     5.1759     9     8     0.9238
   10  5.2149e+11     5.1991    10     9     1.0134
   11  5.1924e+11     5.2054    11    10     1.1018
   12  5.0932e+11     5.2334    12    11     1.1894
   13  5.0491e+11     5.2460    13    12     1.2761
   14  5.0038e+11     5.2592    14    13     1.3621
   15  4.4068e+11     5.4471    15    14     1.4474
   16  3.8721e+11     5.6434    16    15     1.5322
   17  3.7736e+11     5.6831    17    16     1.6165
   18  3.7516e+11     5.6921    18    17     1.7003
   19  3.7482e+11     5.6935    19    18     1.7838
   20  3.7104e+11     5.7092    20    19     1.8669
   21  3.6963e+11     5.7151    21    20     1.9496
   22  3.4381e+11     5.8283    22    21     2.0321
   23  3.3346e+11     5.8765    23    22     2.1143
   24  5.2476e+09    15.5679    24    23     2.1963
   25  5.2145e+09    15.5881    25    24     2.2781
   26  5.1994e+09    15.5974    26    25     2.3597
   27  4.4996e+09    16.0644    27    26     2.4411
   28  4.4905e+09    16.0710    28    27     2.5223
   29  4.4238e+09    16.1199    29    28     2.6034
   30  2.8912e+09    17.5550    30    29     2.6844
   31  2.7406e+09    17.7417    31    30     2.7652
   32  2.1404e+09    18.6226    32    31     2.8459
   33  2.0133e+09    18.8455    33    32     2.9266
   34  2.0016e+09    18.8667    34    33     3.0071
   35  1.9861e+09    18.8951    35    34     3.0876
   36  1.6996e+09    19.4717    36    35     3.1680
   37  1.5392e+09    19.8450    37    36     3.2483
   38  1.5133e+09    19.9093    38    37     3.3285
   39  1.4232e+09    20.1435    39    38     3.4087
   40  1.3820e+09    20.2563    40    39     3.4889
   41  1.3575e+09    20.3252    41    40     3.5689
   42  1.3134e+09    20.4527    42    41     3.6490
   43  1.2311e+09    20.7043    43    42     3.7290
   44  1.2260e+09    20.7204    44    43     3.8089
   45  1.2002e+09    20.8036    45    44     3.8889
   46  1.1788e+09    20.8743    46    45     3.9688
   47  1.1783e+09    20.8761    47    46     4.0486
   48  1.1741e+09    20.8899    48    47     4.1285
   49  9.4505e+08    21.7550    49    48     4.2083
   50  9.3071e+08    21.8169    50    49     4.2881
   51  8.7768e+08    22.0554    51    50     4.3678
   52  8.5975e+08    22.1398    52    51     4.4476
   53  8.5608e+08    22.1573    53    52     4.5273
   54  8.5493e+08    22.1628    54    53     4.6070
   55  8.5245e+08    22.1747    55    54     4.6867
   56  8.3040e+08    22.2823    56    55     4.7664
   57  8.1689e+08    22.3498    57    56     4.8460
   58  8.1612e+08    22.3536    58    57     4.9257
   59  8.1420e+08    22.3633    59    58     5.0053
   60  8.1343e+08    22.3672    60    59     5.0849
   61  8.0945e+08    22.3875    61    60     5.1646
   62  8.0491e+08    22.4107    62    61     5.2442
   63  7.7967e+08    22.5425    63    62     5.3238
   64  7.5468e+08    22.6777    64    63     5.4033
   65  7.5030e+08    22.7020    65    64     5.4829
   66  7.4956e+08    22.7061    66    65     5.5625
   67  7.4211e+08    22.7477    67    66     5.6421
   68  7.1452e+08    22.9061    68    67     5.7216
   69  6.7936e+08    23.1182    69    68     5.8012
   70  6.7881e+08    23.1216    70    69     5.8807
   71  6.7827e+08    23.1250    71    70     5.9602
   72  6.5225e+08    23.2905    72    71     6.0398
   73  6.5188e+08    23.2929    73    72     6.1193
   74  6.4562e+08    23.3339    74    73     6.1988
   75  6.0554e+08    23.6070    75    74     6.2783
   76  6.0545e+08    23.6076    76    75     6.3579
   77  5.9870e+08    23.6557    77    76     6.4374
   78  5.9139e+08    23.7084    78    77     6.5169
   79  5.3388e+08    24.1504    79    78     6.5964
   80  4.6764e+08    24.7311    80    79     6.6759
   81  4.6616e+08    24.7450    81    80     6.7554
   82  4.1140e+08    25.3020    82    81     6.8349
   83  4.0189e+08    25.4070    83    82     6.9143
   84  3.8189e+08    25.6376    84    83     6.9938
   85  3.8079e+08    25.6507    85    84     7.0733
   86  3.5964e+08    25.9107    86    85     7.1528
   87  3.5859e+08    25.9240    87    86     7.2323
   88  3.3248e+08    26.2709    88    87     7.3117
   89  3.3215e+08    26.2755    89    88     7.3912
   90  3.2997e+08    26.3058    90    89     7.4707
   91  3.2761e+08    26.3388    91    90     7.5502
   92  3.2649e+08    26.3547    92    91     7.6296
   93  3.2608e+08    26.3606    93    92     7.7091
   94  3.2566e+08    26.3665    94    93     7.7885
   95  3.1681e+08    26.4939    95    94     7.8680
   96  3.1506e+08    26.5197    96    95     7.9475
   97  3.1477e+08    26.5239    97    96     8.0269
   98  3.1314e+08    26.5480    98    97     8.1064
   99  3.0136e+08    26.7264    99    98     8.1858
  100  3.0123e+08    26.7285   100    99     8.2653
