#indx Mass S step-number desc_indx 
    0  1.0000e+12     4.3172     0    -1     0.0134
    1  9.7157e+11     4.3538     1     0     0.1326
    2  9.4738e+11     4.3859     2     1     0.2441
    3  9.4001e+11     4.3959     3     2     0.3500
    4  7.9115e+11     4.6208     4     3     0.4519
    5  6.2804e+11     4.9350     5     4     0.5506
    6  6.2471e+11     4.9424     6     5     0.6467
    7  5.8162e+11     5.0429     7     6     0.7407
    8  5.6412e+11     5.0862     8     7     0.8330
    9  2.2005e+11     6.5619     9     8     0.9238
   10  2.1548e+11     6.5979    10     9     1.0134
   11  1.8015e+11     6.9116    11    10     1.1018
   12  1.5977e+11     7.1279    12    11     1.1894
   13  1.5639e+11     7.1669    13    12     1.2761
   14  1.5591e+11     7.1726    14    13     1.3621
   15  1.4847e+11     7.2624    15    14     1.4474
   16  1.4773e+11     7.2717    16    15     1.5322
   17  1.4634e+11     7.2891    17    16     1.6165
   18  1.4460e+11     7.3113    18    17     1.7003
   19  1.0530e+11     7.9173    19    18     1.7838
   20  1.0440e+11     7.9341    20    19     1.8669
   21  9.8001e+10     8.0593    21    20     1.9496
   22  9.7711e+10     8.0652    22    21     2.0321
   23  9.7237e+10     8.0749    23    22     2.1143
   24  9.4111e+10     8.1402    24    23     2.1963
   25  9.3853e+10     8.1457    25    24     2.2781
   26  5.5981e+10     9.2310    26    25     2.3597
   27  5.4263e+10     9.2997    27    26     2.4411
   28  5.4159e+10     9.3039    28    27     2.5223
   29  5.3873e+10     9.3156    29    28     2.6034
   30  5.2533e+10     9.3714    30    29     2.6844
   31  4.7872e+10     9.5793    31    30     2.7652
   32  4.1333e+10     9.9147    32    31     2.8459
   33  3.7037e+10    10.1707    33    32     2.9266
   34  3.6337e+10    10.2158    34    33     3.0071
   35  3.5588e+10    10.2651    35    34     3.0876
   36  3.5338e+10    10.2818    36    35     3.1680
   37  3.5306e+10    10.2840    37    36     3.2483
   38  3.4016e+10    10.3725    38    37     3.3285
   39  2.6185e+10    11.0111    39    38     3.4087
   40  2.6085e+10    11.0206    40    39     3.4889
   41  2.5326e+10    11.0945    41    40     3.5689
   42  2.5261e+10    11.1009    42    41     3.6490
   43  2.5003e+10    11.1267    43    42     3.7290
   44  2.4044e+10    11.2252    44    43     3.8089
   45  2.3022e+10    11.3354    45    44     3.8889
   46  2.2006e+10    11.4507    46    45     3.9688
   47  2.1942e+10    11.4581    47    46     4.0486
   48  2.1257e+10    11.5398    48    47     4.1285
   49  2.1171e+10    11.5502    49    48     4.2083
   50  1.9748e+10    11.7307    50    49     4.2881
   51  1.9473e+10    11.7673    51    50     4.3678
   52  1.9277e+10    11.7938    52    51     4.4476
   53  1.8953e+10    11.8383    53    52     4.5273
   54  1.7489e+10    12.0507    54    53     4.6070
   55  1.7460e+10    12.0552    55    54     4.6867
   56  1.7263e+10    12.0853    56    55     4.7664
   57  1.6015e+10    12.2865    57    56     4.8460
   58  1.5816e+10    12.3202    58    57     4.9257
   59  1.5291e+10    12.4118    59    58     5.0053
   60  1.4649e+10    12.5286    60    59     5.0849
   61  1.4465e+10    12.5633    61    60     5.1646
   62  1.2286e+10    13.0163    62    61     5.2442
   63  1.2117e+10    13.0553    63    62     5.3238
   64  1.2030e+10    13.0757    64    63     5.4033
   65  1.1993e+10    13.0844    65    64     5.4829
   66  1.1940e+10    13.0968    66    65     5.5625
   67  1.1919e+10    13.1017    67    66     5.6421
   68  1.1891e+10    13.1085    68    67     5.7216
   69  1.1801e+10    13.1298    69    68     5.8012
   70  1.1365e+10    13.2368    70    69     5.8807
   71  3.2285e+09    17.1744    71    70     5.9602
   72  3.1192e+09    17.2926    72    71     6.0398
   73  3.0573e+09    17.3616    73    72     6.1193
   74  2.9479e+09    17.4877    74    73     6.1988
   75  2.9367e+09    17.5008    75    74     6.2783
   76  2.6219e+09    17.8974    76    75     6.3579
   77  2.6183e+09    17.9021    77    76     6.4374
   78  2.6113e+09    17.9115    78    77     6.5169
   79  2.5551e+09    17.9884    79    78     6.5964
   80  2.5477e+09    17.9986    80    79     6.6759
   81  2.5453e+09    18.0020    81    80     6.7554
   82  2.5241e+09    18.0317    82    81     6.8349
   83  2.4633e+09    18.1182    83    82     6.9143
   84  2.4480e+09    18.1403    84    83     6.9938
   85  2.3453e+09    18.2933    85    84     7.0733
   86  2.3394e+09    18.3022    86    85     7.1528
   87  2.3008e+09    18.3619    87    86     7.2323
   88  1.9523e+09    18.9581    88    87     7.3117
   89  1.2284e+09    20.7130    89    88     7.3912
   90  1.1838e+09    20.8576    90    89     7.4707
   91  1.1708e+09    20.9011    91    90     7.5502
   92  1.1360e+09    21.0200    92    91     7.6296
   93  1.1296e+09    21.0424    93    92     7.7091
   94  1.1283e+09    21.0468    94    93     7.7885
   95  1.1281e+09    21.0476    95    94     7.8680
   96  1.1159e+09    21.0905    96    95     7.9475
   97  1.1121e+09    21.1040    97    96     8.0269
   98  1.1045e+09    21.1311    98    97     8.1064
   99  1.1013e+09    21.1427    99    98     8.1858
  100  1.0562e+09    21.3089   100    99     8.2653
