#indx Mass S step-number desc_indx 
    0  1.0000e+12     4.3172     0    -1     0.0134
    1  9.7886e+11     4.3443     1     0     0.1326
    2  9.6700e+11     4.3598     2     1     0.2441
    3  9.2378e+11     4.4183     3     2     0.3500
    4  8.1060e+11     4.5886     4     3     0.4519
    5  8.0463e+11     4.5984     5     4     0.5506
    6  7.9031e+11     4.6222     6     5     0.6467
    7  6.0541e+11     4.9863     7     6     0.7407
    8  6.0157e+11     4.9953     8     7     0.8330
    9  5.8754e+11     5.0285     9     8     0.9238
   10  5.5732e+11     5.1035    10     9     1.0134
   11  4.9010e+11     5.2896    11    10     1.1018
   12  4.3557e+11     5.4646    12    11     1.1894
   13  4.0968e+11     5.5572    13    12     1.2761
   14  3.0186e+11     6.0357    14    13     1.3621
   15  3.0103e+11     6.0401    15    14     1.4474
   16  2.8584e+11     6.1242    16    15     1.5322
   17  2.7591e+11     6.1821    17    16     1.6165
   18  2.7214e+11     6.2047    18    17     1.7003
   19  2.7098e+11     6.2118    19    18     1.7838
   20  2.7059e+11     6.2141    20    19     1.8669
   21  2.6887e+11     6.2247    21    20     1.9496
   22  2.6415e+11     6.2540    22    21     2.0321
   23  2.6123e+11     6.2724    23    22     2.1143
   24  2.5694e+11     6.2999    24    23     2.1963
   25  2.4878e+11     6.3538    25    24     2.2781
   26  2.2909e+11     6.4931    26    25     2.3597
   27  2.2624e+11     6.5144    27    26     2.4411
   28  2.2330e+11     6.5368    28    27     2.5223
   29  2.1326e+11     6.6158    29    28     2.6034
   30  2.1033e+11     6.6397    30    29     2.6844
   31  2.0018e+11     6.7257    31    30     2.7652
   32  1.8995e+11     6.8178    32    31     2.8459
   33  1.8280e+11     6.8857    33    32     2.9266
   34  1.8264e+11     6.8872    34    33     3.0071
   35  1.8043e+11     6.9089    35    34     3.0876
   36  1.7458e+11     6.9678    36    35     3.1680
   37  1.7439e+11     6.9698    37    36     3.2483
   38  1.7270e+11     6.9872    38    37     3.3285
   39  1.1953e+11     7.6708    39    38     3.4087
   40  1.0826e+11     7.8628    40    39     3.4889
   41  1.0785e+11     7.8703    41    40     3.5689
   42  1.0773e+11     7.8725    42    41     3.6490
   43  1.0662e+11     7.8927    43    42     3.7290
   44  1.0211e+11     7.9779    44    43     3.8089
   45  9.9889e+10     8.0214    45    44     3.8889
   46  6.9106e+10     8.7768    46    45     3.9688
   47  6.8825e+10     8.7854    47    46     4.0486
   48  6.7785e+10     8.8177    48    47     4.1285
   49  5.8059e+10     9.1512    49    48     4.2083
   50  5.6358e+10     9.2163    50    49     4.2881
   51  5.5990e+10     9.2307    51    50     4.3678
   52  5.5877e+10     9.2351    52    51     4.4476
   53  5.3663e+10     9.3242    53    52     4.5273
   54  5.1817e+10     9.4019    54    53     4.6070
   55  5.1195e+10     9.4288    55    54     4.6867
   56  5.0134e+10     9.4756    56    55     4.7664
   57  5.0115e+10     9.4764    57    56     4.8460
   58  4.9836e+10     9.4889    58    57     4.9257
   59  3.2739e+10    10.4642    59    58     5.0053
   60  3.2666e+10    10.4696    60    59     5.0849
   61  3.2658e+10    10.4701    61    60     5.1646
   62  3.0366e+10    10.6462    62    61     5.2442
   63  2.9737e+10    10.6972    63    62     5.3238
   64  2.9401e+10    10.7250    64    63     5.4033
   65  2.9326e+10    10.7313    65    64     5.4829
   66  2.9111e+10    10.7493    66    65     5.5625
   67  2.3512e+10    11.2819    67    66     5.6421
   68  2.3463e+10    11.2872    68    67     5.7216
   69  2.2839e+10    11.3557    69    68     5.8012
   70  2.1278e+10    11.5372    70    69     5.8807
   71  2.1249e+10    11.5407    71    70     5.9602
   72  2.1023e+10    11.5684    72    71     6.0398
   73  2.0650e+10    11.6146    73    72     6.1193
   74  2.0176e+10    11.6749    74    73     6.1988
   75  1.8942e+10    11.8398    75    74     6.2783
   76  1.8681e+10    11.8763    76    75     6.3579
   77  1.8572e+10    11.8917    77    76     6.4374
   78  1.7697e+10    12.0193    78    77     6.5169
   79  1.7572e+10    12.0382    79    78     6.5964
   80  1.6586e+10    12.1923    80    79     6.6759
   81  1.4102e+10    12.6330    81    80     6.7554
   82  1.3680e+10    12.7169    82    81     6.8349
   83  4.9652e+09    15.7452    83    82     6.9143
   84  4.7723e+09    15.8731    84    83     6.9938
   85  4.7273e+09    15.9038    85    84     7.0733
   86  4.7234e+09    15.9064    86    85     7.1528
   87  4.5979e+09    15.9940    87    86     7.2323
   88  4.5933e+09    15.9972    88    87     7.3117
   89  4.3193e+09    16.1983    89    88     7.3912
   90  4.0939e+09    16.3750    90    89     7.4707
   91  4.0751e+09    16.3902    91    90     7.5502
   92  4.0542e+09    16.4073    92    91     7.6296
   93  3.9545e+09    16.4899    93    92     7.7091
   94  3.9471e+09    16.4961    94    93     7.7885
   95  3.9135e+09    16.5247    95    94     7.8680
   96  3.8864e+09    16.5478    96    95     7.9475
   97  3.8495e+09    16.5796    97    96     8.0269
   98  3.7188e+09    16.6952    98    97     8.1064
   99  3.7143e+09    16.6993    99    98     8.1858
  100  3.7034e+09    16.7092   100    99     8.2653
