#indx Mass S step-number desc_indx 
    0  1.0000e+12     4.3172     0    -1     0.0134
    1  9.9284e+11     4.3263     1     0     0.1326
    2  7.5158e+11     4.6893     2     1     0.2441
    3  7.2158e+11     4.7442     3     2     0.3500
    4  6.7050e+11     4.8444     4     3     0.4519
    5  6.5619e+11     4.8741     5     4     0.5506
    6  6.4086e+11     4.9069     6     5     0.6467
    7  6.2799e+11     4.9351     7     6     0.7407
    8  4.4125e+11     5.4452     8     7     0.8330
    9  4.2123e+11     5.5150     9     8     0.9238
   10  4.1765e+11     5.5279    10     9     1.0134
   11  4.1492e+11     5.5379    11    10     1.1018
   12  3.6663e+11     5.7278    12    11     1.1894
   13  3.6258e+11     5.7451    13    12     1.2761
   14  3.6055e+11     5.7538    14    13     1.3621
   15  3.5922e+11     5.7596    15    14     1.4474
   16  2.4815e+11     6.3581    16    15     1.5322
   17  1.8657e+11     6.8495    17    16     1.6165
   18  1.8512e+11     6.8633    18    17     1.7003
   19  1.8309e+11     6.8829    19    18     1.7838
   20  1.6722e+11     7.0452    20    19     1.8669
   21  1.6670e+11     7.0509    21    20     1.9496
   22  1.4983e+11     7.2457    22    21     2.0321
   23  1.4898e+11     7.2561    23    22     2.1143
   24  1.3021e+11     7.5078    24    23     2.1963
   25  1.2870e+11     7.5298    25    24     2.2781
   26  1.2585e+11     7.5724    26    25     2.3597
   27  1.0941e+11     7.8422    27    26     2.4411
   28  9.8973e+10     8.0397    28    27     2.5223
   29  9.8600e+10     8.0472    29    28     2.6034
   30  9.6722e+10     8.0855    30    29     2.6844
   31  9.5671e+10     8.1073    31    30     2.7652
   32  9.5566e+10     8.1095    32    31     2.8459
   33  9.4466e+10     8.1327    33    32     2.9266
   34  9.2786e+10     8.1687    34    33     3.0071
   35  8.2877e+10     8.3981    35    34     3.0876
   36  7.7972e+10     8.5239    36    35     3.1680
   37  7.1280e+10     8.7114    37    36     3.2483
   38  7.0883e+10     8.7232    38    37     3.3285
   39  7.0466e+10     8.7356    39    38     3.4087
   40  5.2253e+10     9.3832    40    39     3.4889
   41  5.0671e+10     9.4517    41    40     3.5689
   42  5.0586e+10     9.4555    42    41     3.6490
   43  5.0382e+10     9.4645    43    42     3.7290
   44  4.9763e+10     9.4922    44    43     3.8089
   45  4.8451e+10     9.5522    45    44     3.8889
   46  4.6554e+10     9.6424    46    45     3.9688
   47  4.6472e+10     9.6464    47    46     4.0486
   48  4.4540e+10     9.7430    48    47     4.1285
   49  2.6574e+10    10.9743    49    48     4.2083
   50  2.6296e+10    11.0006    50    49     4.2881
   51  2.6287e+10    11.0014    51    50     4.3678
   52  2.5979e+10    11.0307    52    51     4.4476
   53  2.4748e+10    11.1524    53    52     4.5273
   54  2.3800e+10    11.2510    54    53     4.6070
   55  2.3224e+10    11.3131    55    54     4.6867
   56  2.2822e+10    11.3576    56    55     4.7664
   57  2.2701e+10    11.3711    57    56     4.8460
   58  2.2515e+10    11.3922    58    57     4.9257
   59  2.1915e+10    11.4613    59    58     5.0053
   60  1.9371e+10    11.7810    60    59     5.0849
   61  1.7940e+10    11.9831    61    60     5.1646
   62  1.7728e+10    12.0146    62    61     5.2442
   63  1.7043e+10    12.1196    63    62     5.3238
   64  1.6715e+10    12.1715    64    63     5.4033
   65  1.6617e+10    12.1873    65    64     5.4829
   66  1.6457e+10    12.2132    66    65     5.5625
   67  1.6005e+10    12.2883    67    66     5.6421
   68  1.5966e+10    12.2948    68    67     5.7216
   69  1.5922e+10    12.3022    69    68     5.8012
   70  1.5915e+10    12.3034    70    69     5.8807
   71  1.4921e+10    12.4784    71    70     5.9602
   72  1.4919e+10    12.4787    72    71     6.0398
   73  1.3804e+10    12.6919    73    72     6.1193
   74  1.3515e+10    12.7504    74    73     6.1988
   75  1.3406e+10    12.7729    75    74     6.2783
   76  1.3298e+10    12.7952    76    75     6.3579
   77  1.0626e+10    13.4288    77    76     6.4374
   78  1.0587e+10    13.4395    78    77     6.5169
   79  1.0526e+10    13.4560    79    78     6.5964
   80  1.0416e+10    13.4863    80    79     6.6759
   81  1.0400e+10    13.4908    81    80     6.7554
   82  9.5821e+09    13.7284    82    81     6.8349
   83  9.3093e+09    13.8129    83    82     6.9143
   84  9.2701e+09    13.8253    84    83     6.9938
   85  8.2841e+09    14.1580    85    84     7.0733
   86  7.9093e+09    14.2967    86    85     7.1528
   87  7.7173e+09    14.3707    87    86     7.2323
   88  7.6879e+09    14.3822    88    87     7.3117
   89  7.4817e+09    14.4644    89    88     7.3912
   90  7.4627e+09    14.4721    90    89     7.4707
   91  7.1566e+09    14.5995    91    90     7.5502
   92  9.1456e+08    21.8879    92    91     7.6296
   93  8.2824e+08    22.2930    93    92     7.7091
   94  4.4544e+08    24.9467    94    93     7.7885
   95  4.4447e+08    24.9563    95    94     7.8680
   96  4.1935e+08    25.2160    96    95     7.9475
   97  3.9781e+08    25.4531    97    96     8.0269
   98  3.9243e+08    25.5145    98    97     8.1064
   99  3.8654e+08    25.5828    99    98     8.1858
  100  3.7750e+08    25.6901   100    99     8.2653
