#indx Mass S step-number desc_indx 
    0  1.0000e+12     4.3172     0    -1     0.0134
    1  9.7742e+11     4.3462     1     0     0.1326
    2  9.4230e+11     4.3928     2     1     0.2441
    3  9.2316e+11     4.4191     3     2     0.3500
    4  8.4169e+11     4.5391     4     3     0.4519
    5  8.3944e+11     4.5426     5     4     0.5506
    6  8.3541e+11     4.5489     6     5     0.6467
    7  8.2710e+11     4.5620     7     6     0.7407
    8  7.8633e+11     4.6289     8     7     0.8330
    9  7.7816e+11     4.6428     9     8     0.9238
   10  7.7680e+11     4.6451    10     9     1.0134
   11  7.3770e+11     4.7144    11    10     1.1018
   12  7.1165e+11     4.7630    12    11     1.1894
   13  7.0975e+11     4.7666    13    12     1.2761
   14  7.0805e+11     4.7699    14    13     1.3621
   15  7.0200e+11     4.7816    15    14     1.4474
   16  5.2022e+11     5.2026    16    15     1.5322
   17  4.8035e+11     5.3191    17    16     1.6165
   18  4.6239e+11     5.3754    18    17     1.7003
   19  4.5750e+11     5.3912    19    18     1.7838
   20  4.2559e+11     5.4995    20    19     1.8669
   21  3.9577e+11     5.6099    21    20     1.9496
   22  3.9378e+11     5.6176    22    21     2.0321
   23  3.9005e+11     5.6322    23    22     2.1143
   24  3.8614e+11     5.6476    24    23     2.1963
   25  3.2045e+11     5.9398    25    24     2.2781
   26  3.1882e+11     5.9479    26    25     2.3597
   27  3.1729e+11     5.9556    27    26     2.4411
   28  3.1576e+11     5.9633    28    27     2.5223
   29  3.1312e+11     5.9768    29    28     2.6034
   30  3.1040e+11     5.9908    30    29     2.6844
   31  3.0009e+11     6.0452    31    30     2.7652
   32  2.9901e+11     6.0510    32    31     2.8459
   33  2.7660e+11     6.1780    33    32     2.9266
   34  2.6486e+11     6.2495    34    33     3.0071
   35  2.4617e+11     6.3715    35    34     3.0876
   36  2.4500e+11     6.3795    36    35     3.1680
   37  2.4478e+11     6.3810    37    36     3.2483
   38  2.4033e+11     6.4119    38    37     3.3285
   39  2.3042e+11     6.4832    39    38     3.4087
   40  2.2814e+11     6.5002    40    39     3.4889
   41  2.2751e+11     6.5049    41    40     3.5689
   42  2.2373e+11     6.5335    42    41     3.6490
   43  2.1982e+11     6.5637    43    42     3.7290
   44  2.1944e+11     6.5666    44    43     3.8089
   45  2.1922e+11     6.5683    45    44     3.8889
   46  1.7897e+11     6.9234    46    45     3.9688
   47  1.6990e+11     7.0166    47    46     4.0486
   48  1.6962e+11     7.0196    48    47     4.1285
   49  1.4486e+11     7.3080    49    48     4.2083
   50  1.4241e+11     7.3397    50    49     4.2881
   51  1.4039e+11     7.3663    51    50     4.3678
   52  1.2968e+11     7.5154    52    51     4.4476
   53  1.0851e+11     7.8584    53    52     4.5273
   54  1.0713e+11     7.8834    54    53     4.6070
   55  1.0658e+11     7.8935    55    54     4.6867
   56  1.0132e+11     7.9932    56    55     4.7664
   57  9.0737e+10     8.2137    57    56     4.8460
   58  9.0569e+10     8.2174    58    57     4.9257
   59  8.8348e+10     8.2677    59    58     5.0053
   60  8.5767e+10     8.3280    60    59     5.0849
   61  8.3777e+10     8.3759    61    60     5.1646
   62  8.3100e+10     8.3925    62    61     5.2442
   63  8.2626e+10     8.4043    63    62     5.3238
   64  8.1700e+10     8.4274    64    63     5.4033
   65  5.4050e+10     9.3083    65    64     5.4829
   66  4.9621e+10     9.4986    66    65     5.5625
   67  4.6605e+10     9.6399    67    66     5.6421
   68  4.6474e+10     9.6463    68    67     5.7216
   69  4.5162e+10     9.7114    69    68     5.8012
   70  4.4817e+10     9.7289    70    69     5.8807
   71  4.4371e+10     9.7517    71    70     5.9602
   72  4.3942e+10     9.7739    72    71     6.0398
   73  4.3791e+10     9.7818    73    72     6.1193
   74  4.3775e+10     9.7826    74    73     6.1988
   75  4.1755e+10     9.8912    75    74     6.2783
   76  4.0699e+10     9.9505    76    75     6.3579
   77  4.0548e+10     9.9591    77    76     6.4374
   78  2.7160e+10    10.9202    78    77     6.5169
   79  2.6917e+10    10.9425    79    78     6.5964
   80  2.6322e+10    10.9981    80    79     6.6759
   81  2.5394e+10    11.0877    81    80     6.7554
   82  2.5292e+10    11.0978    82    81     6.8349
   83  2.4851e+10    11.1420    83    82     6.9143
   84  2.3456e+10    11.2880    84    83     6.9938
   85  2.3414e+10    11.2925    85    84     7.0733
   86  2.3389e+10    11.2951    86    85     7.1528
   87  2.2987e+10    11.3393    87    86     7.2323
   88  2.2547e+10    11.3886    88    87     7.3117
   89  2.2362e+10    11.4096    89    88     7.3912
   90  2.2346e+10    11.4114    90    89     7.4707
   91  2.2168e+10    11.4319    91    90     7.5502
   92  1.9545e+10    11.7577    92    91     7.6296
   93  1.9375e+10    11.7805    93    92     7.7091
   94  1.9369e+10    11.7814    94    93     7.7885
   95  1.9347e+10    11.7843    95    94     7.8680
   96  1.7858e+10    11.9953    96    95     7.9475
   97  1.7854e+10    11.9959    97    96     8.0269
   98  1.7835e+10    11.9986    98    97     8.1064
   99  1.5749e+10    12.3318    99    98     8.1858
  100  1.5700e+10    12.3401   100    99     8.2653
