#indx Mass S step-number desc_indx 
    0  1.0000e+12     4.3172     0    -1     0.0134
    1  9.9281e+11     4.3264     1     0     0.1326
    2  8.5484e+11     4.5188     2     1     0.2441
    3  8.1009e+11     4.5894     3     2     0.3500
    4  6.1722e+11     4.9592     4     3     0.4519
    5  6.0330e+11     4.9912     5     4     0.5506
    6  5.9223e+11     5.0173     6     5     0.6467
    7  2.1024e+11     6.6404     7     6     0.7407
    8  2.0152e+11     6.7141     8     7     0.8330
    9  1.9669e+11     6.7564     9     8     0.9238
   10  1.8844e+11     6.8319    10     9     1.0134
   11  1.8737e+11     6.8419    11    10     1.1018
   12  1.8108e+11     6.9025    12    11     1.1894
   13  1.7944e+11     6.9187    13    12     1.2761
   14  1.6530e+11     7.0662    14    13     1.3621
   15  1.4693e+11     7.2817    15    14     1.4474
   16  1.2958e+11     7.5169    16    15     1.5322
   17  1.2632e+11     7.5653    17    16     1.6165
   18  1.6936e+10    12.1364    18    17     1.7003
   19  1.6440e+10    12.2160    19    18     1.7838
   20  1.6339e+10    12.2326    20    19     1.8669
   21  1.6153e+10    12.2635    21    20     1.9496
   22  1.5213e+10    12.4256    22    21     2.0321
   23  1.5148e+10    12.4372    23    22     2.1143
   24  1.4432e+10    12.5695    24    23     2.1963
   25  1.4213e+10    12.6115    25    24     2.2781
   26  1.4150e+10    12.6237    26    25     2.3597
   27  1.4138e+10    12.6261    27    26     2.4411
   28  1.3409e+10    12.7722    28    27     2.5223
   29  1.3246e+10    12.8061    29    28     2.6034
   30  1.3092e+10    12.8387    30    29     2.6844
   31  1.2873e+10    12.8857    31    30     2.7652
   32  1.2858e+10    12.8890    32    31     2.8459
   33  1.2563e+10    12.9538    33    32     2.9266
   34  1.2418e+10    12.9864    34    33     3.0071
   35  1.2174e+10    13.0422    35    34     3.0876
   36  1.1839e+10    13.1209    36    35     3.1680
   37  1.1198e+10    13.2787    37    36     3.2483
   38  1.1132e+10    13.2958    38    37     3.3285
   39  1.0889e+10    13.3588    39    38     3.4087
   40  1.0784e+10    13.3864    40    39     3.4889
   41  1.0481e+10    13.4683    41    40     3.5689
   42  9.1250e+09    13.8716    42    41     3.6490
   43  9.1212e+09    13.8728    43    42     3.7290
   44  9.0041e+09    13.9109    44    43     3.8089
   45  8.9191e+09    13.9389    45    44     3.8889
   46  8.8835e+09    13.9507    46    45     3.9688
   47  8.6290e+09    14.0367    47    46     4.0486
   48  7.6784e+09    14.3859    48    47     4.1285
   49  2.4794e+09    18.0950    49    48     4.2083
   50  2.4525e+09    18.1338    50    49     4.2881
   51  2.4520e+09    18.1346    51    50     4.3678
   52  2.4494e+09    18.1383    52    51     4.4476
   53  2.4145e+09    18.1895    53    52     4.5273
   54  2.4080e+09    18.1991    54    53     4.6070
   55  2.4068e+09    18.2008    55    54     4.6867
   56  2.3923e+09    18.2224    56    55     4.7664
   57  2.2882e+09    18.3816    57    56     4.8460
   58  1.7774e+09    19.3048    58    57     4.9257
   59  1.7748e+09    19.3103    59    58     5.0053
   60  1.7711e+09    19.3180    60    59     5.0849
   61  1.7470e+09    19.3690    61    60     5.1646
   62  1.7223e+09    19.4222    62    61     5.2442
   63  1.7191e+09    19.4290    63    62     5.3238
   64  1.6515e+09    19.5792    64    63     5.4033
   65  1.5593e+09    19.7959    65    64     5.4829
   66  1.5558e+09    19.8044    66    65     5.5625
   67  1.5358e+09    19.8534    67    66     5.6421
   68  1.5306e+09    19.8662    68    67     5.7216
   69  1.5289e+09    19.8705    69    68     5.8012
   70  1.5205e+09    19.8912    70    69     5.8807
   71  1.5196e+09    19.8936    71    70     5.9602
   72  1.5060e+09    19.9278    72    71     6.0398
   73  1.4826e+09    19.9874    73    72     6.1193
   74  1.4478e+09    20.0779    74    73     6.1988
   75  1.4424e+09    20.0921    75    74     6.2783
   76  1.3507e+09    20.3446    76    75     6.3579
   77  1.3315e+09    20.3997    77    76     6.4374
   78  1.3251e+09    20.4185    78    77     6.5169
   79  1.3200e+09    20.4333    79    78     6.5964
   80  1.3187e+09    20.4371    80    79     6.6759
   81  1.2456e+09    20.6587    81    80     6.7554
   82  1.2161e+09    20.7524    82    81     6.8349
   83  1.2135e+09    20.7604    83    82     6.9143
   84  1.1920e+09    20.8305    84    83     6.9938
   85  1.1805e+09    20.8685    85    84     7.0733
   86  1.1727e+09    20.8948    86    85     7.1528
   87  8.8848e+08    22.0056    87    86     7.2323
   88  8.8137e+08    22.0383    88    87     7.3117
   89  8.7506e+08    22.0677    89    88     7.3912
   90  8.7422e+08    22.0716    90    89     7.4707
   91  8.4697e+08    22.2012    91    90     7.5502
   92  8.4283e+08    22.2213    92    91     7.6296
   93  8.3739e+08    22.2479    93    92     7.7091
   94  6.9129e+08    23.0449    94    93     7.7885
   95  6.6358e+08    23.2175    95    94     7.8680
   96  6.5415e+08    23.2781    96    95     7.9475
   97  6.5071e+08    23.3005    97    96     8.0269
   98  6.4987e+08    23.3060    98    97     8.1064
   99  5.6746e+08    23.8861    99    98     8.1858
  100  5.6604e+08    23.8969   100    99     8.2653
