#indx Mass S step-number desc_indx 
    0  1.0000e+12     4.3172     0    -1     0.0134
    1  4.4346e+11     5.4377     1     0     0.1326
    2  4.4275e+11     5.4401     2     1     0.2441
    3  4.4143e+11     5.4445     3     2     0.3500
    4  3.6506e+11     5.7345     4     3     0.4519
    5  3.4241e+11     5.8347     5     4     0.5506
    6  3.3735e+11     5.8582     6     5     0.6467
    7  3.3574e+11     5.8658     7     6     0.7407
    8  3.3364e+11     5.8757     8     7     0.8330
    9  3.2248e+11     5.9297     9     8     0.9238
   10  3.1222e+11     5.9814    10     9     1.0134
   11  3.0980e+11     5.9939    11    10     1.1018
   12  3.0898e+11     5.9982    12    11     1.1894
   13  2.9992e+11     6.0461    13    12     1.2761
   14  2.9190e+11     6.0900    14    13     1.3621
   15  2.8673e+11     6.1191    15    14     1.4474
   16  2.7118e+11     6.2105    16    15     1.5322
   17  2.6893e+11     6.2243    17    16     1.6165
   18  2.4791e+11     6.3597    18    17     1.7003
   19  2.3229e+11     6.4695    19    18     1.7838
   20  2.3135e+11     6.4764    20    19     1.8669
   21  2.3019e+11     6.4850    21    20     1.9496
   22  1.9204e+11     6.7985    22    21     2.0321
   23  1.9191e+11     6.7997    23    22     2.1143
   24  1.8773e+11     6.8385    24    23     2.1963
   25  1.8677e+11     6.8476    25    24     2.2781
   26  1.7280e+11     6.9861    26    25     2.3597
   27  1.6769e+11     7.0402    27    26     2.4411
   28  1.5852e+11     7.1422    28    27     2.5223
   29  1.5815e+11     7.1466    29    28     2.6034
   30  1.3588e+11     7.4275    30    29     2.6844
   31  1.3528e+11     7.4358    31    30     2.7652
   32  1.2655e+11     7.5618    32    31     2.8459
   33  1.2359e+11     7.6069    33    32     2.9266
   34  1.2024e+11     7.6595    34    33     3.0071
   35  1.1063e+11     7.8205    35    34     3.0876
   36  1.0868e+11     7.8552    36    35     3.1680
   37  1.0853e+11     7.8579    37    36     3.2483
   38  1.0664e+11     7.8923    38    37     3.3285
   39  1.0633e+11     7.8980    39    38     3.4087
   40  1.0561e+11     7.9114    40    39     3.4889
   41  1.0373e+11     7.9467    41    40     3.5689
   42  1.0337e+11     7.9535    42    41     3.6490
   43  1.0220e+11     7.9761    43    42     3.7290
   44  1.0061e+11     8.0072    44    43     3.8089
   45  9.5139e+10     8.1185    45    44     3.8889
   46  7.4046e+10     8.6314    46    45     3.9688
   47  7.3818e+10     8.6379    47    46     4.0486
   48  7.1601e+10     8.7019    48    47     4.1285
   49  7.0373e+10     8.7384    49    48     4.2083
   50  6.7561e+10     8.8248    50    49     4.2881
   51  3.1147e+10    10.5845    51    50     4.3678
   52  3.0863e+10    10.6068    52    51     4.4476
   53  3.0224e+10    10.6576    53    52     4.5273
   54  3.0157e+10    10.6630    54    53     4.6070
   55  2.9539e+10    10.7136    55    54     4.6867
   56  2.9176e+10    10.7438    56    55     4.7664
   57  2.8864e+10    10.7702    57    56     4.8460
   58  2.6474e+10    10.9837    58    57     4.9257
   59  2.6384e+10    10.9922    59    58     5.0053
   60  2.6177e+10    11.0118    60    59     5.0849
   61  2.6074e+10    11.0216    61    60     5.1646
   62  1.8786e+10    11.8616    62    61     5.2442
   63  1.8660e+10    11.8793    63    62     5.3238
   64  1.8500e+10    11.9020    64    63     5.4033
   65  1.8193e+10    11.9461    65    64     5.4829
   66  1.8078e+10    11.9628    66    65     5.5625
   67  1.8045e+10    11.9676    67    66     5.6421
   68  1.7993e+10    11.9753    68    67     5.7216
   69  1.7454e+10    12.0561    69    68     5.8012
   70  1.6389e+10    12.2244    70    69     5.8807
   71  1.3796e+10    12.6934    71    70     5.9602
   72  1.3734e+10    12.7058    72    71     6.0398
   73  1.3479e+10    12.7578    73    72     6.1193
   74  1.2679e+10    12.9280    74    73     6.1988
   75  1.2249e+10    13.0248    75    74     6.2783
   76  1.2152e+10    13.0472    76    75     6.3579
   77  1.1269e+10    13.2608    77    76     6.4374
   78  9.6276e+09    13.7146    78    77     6.5169
   79  9.1732e+09    13.8561    79    78     6.5964
   80  9.1453e+09    13.8651    80    79     6.6759
   81  9.0976e+09    13.8805    81    80     6.7554
   82  5.4295e+09    15.4594    82    81     6.8349
   83  4.3516e+09    16.1738    83    82     6.9143
   84  4.2115e+09    16.2815    84    83     6.9938
   85  4.1963e+09    16.2934    85    84     7.0733
   86  4.1789e+09    16.3071    86    85     7.1528
   87  4.1174e+09    16.3561    87    86     7.2323
   88  3.9973e+09    16.4542    88    87     7.3117
   89  3.9909e+09    16.4595    89    88     7.3912
   90  3.9845e+09    16.4648    90    89     7.4707
   91  3.9788e+09    16.4695    91    90     7.5502
   92  3.9714e+09    16.4757    92    91     7.6296
   93  3.9683e+09    16.4783    93    92     7.7091
   94  3.7995e+09    16.6233    94    93     7.7885
   95  3.7943e+09    16.6279    95    94     7.8680
   96  3.4563e+09    16.9421    96    95     7.9475
   97  3.2313e+09    17.1714    97    96     8.0269
   98  3.0391e+09    17.3822    98    97     8.1064
   99  2.9982e+09    17.4290    99    98     8.1858
  100  2.9321e+09    17.5062   100    99     8.2653
