#indx Mass S step-number desc_indx 
    0  1.0000e+12     4.3172     0    -1     0.0134
    1  9.9534e+11     4.3231     1     0     0.1326
    2  9.5245e+11     4.3791     2     1     0.2441
    3  8.7085e+11     4.4946     3     2     0.3500
    4  8.6409e+11     4.5047     4     3     0.4519
    5  8.5563e+11     4.5176     5     4     0.5506
    6  8.5138e+11     4.5241     6     5     0.6467
    7  8.1098e+11     4.5880     7     6     0.7407
    8  7.8784e+11     4.6264     8     7     0.8330
    9  7.8438e+11     4.6322     9     8     0.9238
   10  7.5284e+11     4.6870    10     9     1.0134
   11  6.9766e+11     4.7900    11    10     1.1018
   12  6.9028e+11     4.8045    12    11     1.1894
   13  6.8592e+11     4.8132    13    12     1.2761
   14  6.7664e+11     4.8319    14    13     1.3621
   15  6.6656e+11     4.8525    15    14     1.4474
   16  6.1330e+11     4.9682    16    15     1.5322
   17  5.6054e+11     5.0953    17    16     1.6165
   18  5.3961e+11     5.1498    18    17     1.7003
   19  5.3822e+11     5.1535    19    18     1.7838
   20  4.1355e+11     5.5429    20    19     1.8669
   21  4.1286e+11     5.5454    21    20     1.9496
   22  4.0578e+11     5.5717    22    21     2.0321
   23  3.7188e+11     5.7057    23    22     2.1143
   24  3.5264e+11     5.7885    24    23     2.1963
   25  3.5235e+11     5.7897    25    24     2.2781
   26  3.5169e+11     5.7927    26    25     2.3597
   27  3.2744e+11     5.9054    27    26     2.4411
   28  3.2606e+11     5.9121    28    27     2.5223
   29  2.9772e+11     6.0580    29    28     2.6034
   30  2.0768e+11     6.6617    30    29     2.6844
   31  2.0390e+11     6.6936    31    30     2.7652
   32  2.0299e+11     6.7013    32    31     2.8459
   33  1.8666e+11     6.8486    33    32     2.9266
   34  1.8282e+11     6.8855    34    33     3.0071
   35  1.7368e+11     6.9770    35    34     3.0876
   36  1.4738e+11     7.2761    36    35     3.1680
   37  1.4525e+11     7.3030    37    36     3.2483
   38  1.3852e+11     7.3914    38    37     3.3285
   39  1.3744e+11     7.4060    39    38     3.4087
   40  1.3022e+11     7.5076    40    39     3.4889
   41  1.2404e+11     7.6000    41    40     3.5689
   42  1.2266e+11     7.6213    42    41     3.6490
   43  1.1392e+11     7.7637    43    42     3.7290
   44  1.1364e+11     7.7683    44    43     3.8089
   45  1.1348e+11     7.7711    45    44     3.8889
   46  1.1334e+11     7.7735    46    45     3.9688
   47  1.1235e+11     7.7905    47    46     4.0486
   48  1.1092e+11     7.8154    48    47     4.1285
   49  1.0713e+11     7.8834    49    48     4.2083
   50  1.0711e+11     7.8837    50    49     4.2881
   51  1.0643e+11     7.8963    51    50     4.3678
   52  9.4959e+10     8.1223    52    51     4.4476
   53  9.3518e+10     8.1529    53    52     4.5273
   54  9.3172e+10     8.1603    54    53     4.6070
   55  9.2431e+10     8.1764    55    54     4.6867
   56  5.9025e+10     9.1153    56    55     4.7664
   57  5.8324e+10     9.1413    57    56     4.8460
   58  5.4484e+10     9.2907    58    57     4.9257
   59  5.3104e+10     9.3474    59    58     5.0053
   60  5.1530e+10     9.4143    60    59     5.0849
   61  5.1442e+10     9.4181    61    60     5.1646
   62  5.0258e+10     9.4701    62    61     5.2442
   63  4.8333e+10     9.5577    63    62     5.3238
   64  4.7621e+10     9.5911    64    63     5.4033
   65  4.6386e+10     9.6506    65    64     5.4829
   66  4.6254e+10     9.6571    66    65     5.5625
   67  4.5361e+10     9.7014    67    66     5.6421
   68  4.0528e+10     9.9602    68    67     5.7216
   69  3.9996e+10     9.9910    69    68     5.8012
   70  3.9711e+10    10.0076    70    69     5.8807
   71  3.9423e+10    10.0245    71    70     5.9602
   72  3.8950e+10    10.0527    72    71     6.0398
   73  3.8771e+10    10.0634    73    72     6.1193
   74  3.5681e+10    10.2588    74    73     6.1988
   75  3.5340e+10    10.2816    75    74     6.2783
   76  3.5002e+10    10.3044    76    75     6.3579
   77  3.2048e+10    10.5156    77    76     6.4374
   78  3.1734e+10    10.5393    78    77     6.5169
   79  3.1263e+10    10.5755    79    78     6.5964
   80  3.1026e+10    10.5939    80    79     6.6759
   81  3.0521e+10    10.6338    81    80     6.7554
   82  2.9694e+10    10.7007    82    81     6.8349
   83  2.8812e+10    10.7746    83    82     6.9143
   84  2.7397e+10    10.8987    84    83     6.9938
   85  2.6968e+10    10.9379    85    84     7.0733
   86  2.6388e+10    10.9918    86    85     7.1528
   87  2.6231e+10    11.0067    87    86     7.2323
   88  2.5839e+10    11.0442    88    87     7.3117
   89  2.5827e+10    11.0455    89    88     7.3912
   90  2.5534e+10    11.0740    90    89     7.4707
   91  2.4307e+10    11.1977    91    90     7.5502
   92  2.0407e+10    11.6454    92    91     7.6296
   93  1.9078e+10    11.8209    93    92     7.7091
   94  1.9059e+10    11.8236    94    93     7.7885
   95  1.8465e+10    11.9068    95    94     7.8680
   96  1.6319e+10    12.2359    96    95     7.9475
   97  1.4359e+10    12.5834    97    96     8.0269
   98  1.3028e+10    12.8524    98    97     8.1064
   99  1.1800e+10    13.1301    99    98     8.1858
  100  1.0472e+10    13.4709   100    99     8.2653
