#indx Mass S step-number desc_indx 
    0  1.0000e+12     4.3172     0    -1     0.0134
    1  9.3219e+11     4.4066     1     0     0.1326
    2  8.4055e+11     4.5408     2     1     0.2441
    3  8.3145e+11     4.5551     3     2     0.3500
    4  8.1802e+11     4.5766     4     3     0.4519
    5  8.0829e+11     4.5924     5     4     0.5506
    6  7.5393e+11     4.6851     6     5     0.6467
    7  7.5133e+11     4.6897     7     6     0.7407
    8  6.6887e+11     4.8477     8     7     0.8330
    9  6.6615e+11     4.8534     9     8     0.9238
   10  6.2505e+11     4.9416    10     9     1.0134
   11  6.1702e+11     4.9597    11    10     1.1018
   12  6.0467e+11     4.9880    12    11     1.1894
   13  4.2305e+11     5.5085    13    12     1.2761
   14  4.2289e+11     5.5091    14    13     1.3621
   15  4.2016e+11     5.5189    15    14     1.4474
   16  3.7468e+11     5.6941    16    15     1.5322
   17  3.6918e+11     5.7170    17    16     1.6165
   18  3.5902e+11     5.7605    18    17     1.7003
   19  3.4357e+11     5.8294    19    18     1.7838
   20  3.4338e+11     5.8303    20    19     1.8669
   21  2.3942e+11     6.4183    21    20     1.9496
   22  2.3325e+11     6.4625    22    21     2.0321
   23  2.3225e+11     6.4698    23    22     2.1143
   24  2.1316e+11     6.6167    24    23     2.1963
   25  1.9822e+11     6.7429    25    24     2.2781
   26  1.9421e+11     6.7787    26    25     2.3597
   27  1.9113e+11     6.8069    27    26     2.4411
   28  1.8909e+11     6.8258    28    27     2.5223
   29  1.8522e+11     6.8623    29    28     2.6034
   30  1.7975e+11     6.9156    30    29     2.6844
   31  1.6402e+11     7.0802    31    30     2.7652
   32  1.6311e+11     7.0903    32    31     2.8459
   33  1.5589e+11     7.1729    33    32     2.9266
   34  1.3528e+10    12.7477    34    33     3.0071
   35  1.3031e+10    12.8517    35    34     3.0876
   36  1.2956e+10    12.8676    36    35     3.1680
   37  1.2407e+10    12.9888    37    36     3.2483
   38  1.1853e+10    13.1175    38    37     3.3285
   39  1.1818e+10    13.1259    39    38     3.4087
   40  1.1799e+10    13.1303    40    39     3.4889
   41  1.1743e+10    13.1439    41    40     3.5689
   42  1.1575e+10    13.1847    42    41     3.6490
   43  1.1409e+10    13.2256    43    42     3.7290
   44  3.1673e+09    17.2400    44    43     3.8089
   45  2.7932e+09    17.6752    45    44     3.8889
   46  2.7459e+09    17.7349    46    45     3.9688
   47  2.7394e+09    17.7433    47    46     4.0486
   48  2.7063e+09    17.7858    48    47     4.1285
   49  2.6278e+09    17.8894    49    48     4.2083
   50  2.5913e+09    17.9386    50    49     4.2881
   51  2.5804e+09    17.9537    51    50     4.3678
   52  2.5701e+09    17.9677    52    51     4.4476
   53  2.5670e+09    17.9720    53    52     4.5273
   54  2.3422e+09    18.2980    54    53     4.6070
   55  2.3399e+09    18.3015    55    54     4.6867
   56  2.0881e+09    18.7124    56    55     4.7664
   57  2.0812e+09    18.7244    57    56     4.8460
   58  2.0365e+09    18.8035    58    57     4.9257
   59  2.0267e+09    18.8212    59    58     5.0053
   60  1.9860e+09    18.8954    60    59     5.0849
   61  1.5460e+09    19.8282    61    60     5.1646
   62  1.5413e+09    19.8399    62    61     5.2442
   63  1.5387e+09    19.8460    63    62     5.3238
   64  1.4603e+09    20.0452    64    63     5.4033
   65  1.4506e+09    20.0706    65    64     5.4829
   66  1.4504e+09    20.0712    66    65     5.5625
   67  1.4469e+09    20.0803    67    66     5.6421
   68  1.4244e+09    20.1404    68    67     5.7216
   69  1.3904e+09    20.2330    69    68     5.8012
   70  1.1383e+09    21.0119    70    69     5.8807
   71  1.1352e+09    21.0225    71    70     5.9602
   72  1.1088e+09    21.1156    72    71     6.0398
   73  1.0779e+09    21.2277    73    72     6.1193
   74  9.9807e+08    21.5351    74    73     6.1988
   75  9.9157e+08    21.5613    75    74     6.2783
   76  9.5842e+08    21.6983    76    75     6.3579
   77  9.5259e+08    21.7229    77    76     6.4374
   78  8.9229e+08    21.9881    78    77     6.5169
   79  8.9152e+08    21.9916    79    78     6.5964
   80  8.9115e+08    21.9933    80    79     6.6759
   81  8.7660e+08    22.0605    81    80     6.7554
   82  8.6819e+08    22.0999    82    81     6.8349
   83  7.8835e+08    22.4966    83    82     6.9143
   84  7.8491e+08    22.5147    84    83     6.9938
   85  7.7741e+08    22.5545    85    84     7.0733
   86  7.6148e+08    22.6404    86    85     7.1528
   87  7.6024e+08    22.6472    87    86     7.2323
   88  6.5992e+08    23.2410    88    87     7.3117
   89  6.5071e+08    23.3005    89    88     7.3912
   90  6.4800e+08    23.3182    90    89     7.4707
   91  6.4682e+08    23.3260    91    90     7.5502
   92  6.2558e+08    23.4679    92    91     7.6296
   93  6.2311e+08    23.4848    93    92     7.7091
   94  6.0815e+08    23.5886    94    93     7.7885
   95  6.0110e+08    23.6385    95    94     7.8680
   96  5.9275e+08    23.6985    96    95     7.9475
   97  5.7962e+08    23.7948    97    96     8.0269
   98  5.7868e+08    23.8017    98    97     8.1064
   99  5.7828e+08    23.8047    99    98     8.1858
  100  5.7518e+08    23.8278   100    99     8.2653
