#indx Mass S step-number desc_indx 
    0  1.0000e+12     4.3172     0    -1     0.0134
    1  9.4706e+11     4.3864     1     0     0.1326
    2  9.3486e+11     4.4030     2     1     0.2441
    3  8.8697e+11     4.4708     3     2     0.3500
    4  6.2227e+11     4.9478     4     3     0.4519
    5  6.1285e+11     4.9692     5     4     0.5506
    6  6.0804e+11     4.9802     6     5     0.6467
    7  5.9277e+11     5.0160     7     6     0.7407
    8  5.8679e+11     5.0303     8     7     0.8330
    9  4.6363e+11     5.3714     9     8     0.9238
   10  4.3897e+11     5.4529    10     9     1.0134
   11  4.3246e+11     5.4753    11    10     1.1018
   12  4.2995e+11     5.4841    12    11     1.1894
   13  4.0069e+11     5.5909    13    12     1.2761
   14  4.0044e+11     5.5919    14    13     1.3621
   15  3.9798e+11     5.6013    15    14     1.4474
   16  3.9129e+11     5.6273    16    15     1.5322
   17  1.4359e+11     7.3243    17    16     1.6165
   18  1.4173e+11     7.3486    18    17     1.7003
   19  1.4091e+11     7.3594    19    18     1.7838
   20  1.3636e+11     7.4208    20    19     1.8669
   21  1.3463e+11     7.4448    21    20     1.9496
   22  1.3339e+11     7.4621    22    21     2.0321
   23  1.1477e+11     7.7492    23    22     2.1143
   24  1.0949e+11     7.8407    24    23     2.1963
   25  9.6168e+10     8.0969    25    24     2.2781
   26  9.5163e+10     8.1180    26    25     2.3597
   27  8.8025e+10     8.2751    27    26     2.4411
   28  8.7720e+10     8.2821    28    27     2.5223
   29  8.7558e+10     8.2859    29    28     2.6034
   30  8.7031e+10     8.2982    30    29     2.6844
   31  8.6623e+10     8.3077    31    30     2.7652
   32  7.3465e+10     8.6480    32    31     2.8459
   33  7.0051e+10     8.7480    33    32     2.9266
   34  7.0020e+10     8.7490    34    33     3.0071
   35  6.9597e+10     8.7618    35    34     3.0876
   36  6.9535e+10     8.7637    36    35     3.1680
   37  6.1543e+10     9.0247    37    36     3.2483
   38  6.1383e+10     9.0304    38    37     3.3285
   39  5.9634e+10     9.0930    39    38     3.4087
   40  5.9391e+10     9.1018    40    39     3.4889
   41  4.3355e+10     9.8047    41    40     3.5689
   42  3.5805e+10    10.2507    42    41     3.6490
   43  3.4907e+10    10.3109    43    42     3.7290
   44  3.4764e+10    10.3207    44    43     3.8089
   45  3.1993e+10    10.5197    45    44     3.8889
   46  3.1713e+10    10.5409    46    45     3.9688
   47  3.0071e+10    10.6700    47    46     4.0486
   48  2.9042e+10    10.7551    48    47     4.1285
   49  2.8364e+10    10.8131    49    48     4.2083
   50  2.5884e+10    11.0399    50    49     4.2881
   51  2.4713e+10    11.1560    51    50     4.3678
   52  2.2462e+10    11.3982    52    51     4.4476
   53  2.2431e+10    11.4018    53    52     4.5273
   54  2.0739e+10    11.6034    54    53     4.6070
   55  2.0693e+10    11.6092    55    54     4.6867
   56  2.0649e+10    11.6147    56    55     4.7664
   57  1.9583e+10    11.7525    57    56     4.8460
   58  1.7688e+10    12.0206    58    57     4.9257
   59  1.5658e+10    12.3474    59    58     5.0053
   60  1.5581e+10    12.3607    60    59     5.0849
   61  1.5380e+10    12.3960    61    60     5.1646
   62  1.5338e+10    12.4033    62    61     5.2442
   63  1.4368e+10    12.5817    63    62     5.3238
   64  1.4326e+10    12.5896    64    63     5.4033
   65  1.4294e+10    12.5958    65    64     5.4829
   66  1.4250e+10    12.6043    66    65     5.5625
   67  1.4236e+10    12.6069    67    66     5.6421
   68  1.4112e+10    12.6310    68    67     5.7216
   69  1.3450e+10    12.7637    69    68     5.8012
   70  1.3174e+10    12.8212    70    69     5.8807
   71  1.3043e+10    12.8491    71    70     5.9602
   72  1.2023e+10    13.0773    72    71     6.0398
   73  1.1766e+10    13.1382    73    72     6.1193
   74  1.1604e+10    13.1775    74    73     6.1988
   75  1.1553e+10    13.1900    75    74     6.2783
   76  1.1169e+10    13.2863    76    75     6.3579
   77  1.1116e+10    13.2997    77    76     6.4374
   78  1.1076e+10    13.3101    78    77     6.5169
   79  6.0755e+09    15.1051    79    78     6.5964
   80  5.4621e+09    15.4404    80    79     6.6759
   81  5.4578e+09    15.4429    81    80     6.7554
   82  4.2500e+09    16.2515    82    81     6.8349
   83  4.2144e+09    16.2792    83    82     6.9143
   84  4.1767e+09    16.3089    84    83     6.9938
   85  4.0650e+09    16.3984    85    84     7.0733
   86  4.0464e+09    16.4136    86    85     7.1528
   87  3.9349e+09    16.5064    87    86     7.2323
   88  3.8534e+09    16.5762    88    87     7.3117
   89  3.8272e+09    16.5990    89    88     7.3912
   90  3.5927e+09    16.8112    90    89     7.4707
   91  3.5751e+09    16.8278    91    90     7.5502
   92  3.5726e+09    16.8302    92    91     7.6296
   93  3.2014e+09    17.2033    93    92     7.7091
   94  3.0679e+09    17.3497    94    93     7.7885
   95  2.9544e+09    17.4800    95    94     7.8680
   96  2.9537e+09    17.4809    96    95     7.9475
   97  2.9011e+09    17.5431    97    96     8.0269
   98  2.4725e+09    18.1050    98    97     8.1064
   99  2.4710e+09    18.1071    99    98     8.1858
  100  2.4615e+09    18.1207   100    99     8.2653
