#indx Mass S step-number desc_indx 
    0  1.0000e+12     4.3172     0    -1     0.0134
    1  8.6018e+11     4.5106     1     0     0.1326
    2  7.5386e+11     4.6852     2     1     0.2441
    3  7.3867e+11     4.7126     3     2     0.3500
    4  7.0065e+11     4.7842     4     3     0.4519
    5  6.8696e+11     4.8111     5     4     0.5506
    6  1.1495e+11     7.7462     6     5     0.6467
    7  9.3563e+10     8.1519     7     6     0.7407
    8  9.2177e+10     8.1819     8     7     0.8330
    9  9.0977e+10     8.2084     9     8     0.9238
   10  9.0507e+10     8.2188    10     9     1.0134
   11  8.9177e+10     8.2488    11    10     1.1018
   12  6.9977e+10     8.7503    12    11     1.1894
   13  6.9511e+10     8.7644    13    12     1.2761
   14  6.9050e+10     8.7785    14    13     1.3621
   15  5.8773e+10     9.1246    15    14     1.4474
   16  5.2951e+10     9.3538    16    15     1.5322
   17  5.2891e+10     9.3563    17    16     1.6165
   18  4.8875e+10     9.5326    18    17     1.7003
   19  4.8107e+10     9.5682    19    18     1.7838
   20  3.0712e+10    10.6186    20    19     1.8669
   21  3.0191e+10    10.6603    21    20     1.9496
   22  2.8627e+10    10.7904    22    21     2.0321
   23  2.8503e+10    10.8011    23    22     2.1143
   24  2.7012e+10    10.9337    24    23     2.1963
   25  2.6920e+10    10.9423    25    24     2.2781
   26  2.1734e+10    11.4826    26    25     2.3597
   27  2.1459e+10    11.5154    27    26     2.4411
   28  8.6792e+09    14.0195    28    27     2.5223
   29  8.4864e+09    14.0862    29    28     2.6034
   30  7.3686e+09    14.5107    30    29     2.6844
   31  7.3594e+09    14.5144    31    30     2.7652
   32  7.3187e+09    14.5313    32    31     2.8459
   33  7.3016e+09    14.5384    33    32     2.9266
   34  7.1086e+09    14.6200    34    33     3.0071
   35  7.1044e+09    14.6218    35    34     3.0876
   36  6.3011e+09    14.9915    36    35     3.1680
   37  6.2560e+09    15.0138    37    36     3.2483
   38  6.2420e+09    15.0208    38    37     3.3285
   39  5.0045e+09    15.7198    39    38     3.4087
   40  4.8643e+09    15.8114    40    39     3.4889
   41  4.8146e+09    15.8446    41    40     3.5689
   42  4.6913e+09    15.9286    42    41     3.6490
   43  4.6188e+09    15.9792    43    42     3.7290
   44  4.5009e+09    16.0635    44    43     3.8089
   45  4.4830e+09    16.0765    45    44     3.8889
   46  4.4386e+09    16.1090    46    45     3.9688
   47  4.2832e+09    16.2259    47    46     4.0486
   48  4.2718e+09    16.2346    48    47     4.1285
   49  4.2684e+09    16.2373    49    48     4.2083
   50  4.2644e+09    16.2404    50    49     4.2881
   51  4.2000e+09    16.2904    51    50     4.3678
   52  4.1748e+09    16.3104    52    51     4.4476
   53  4.1734e+09    16.3115    53    52     4.5273
   54  4.1648e+09    16.3182    54    53     4.6070
   55  4.1089e+09    16.3629    55    54     4.6867
   56  4.0995e+09    16.3705    56    55     4.7664
   57  4.0703e+09    16.3941    57    56     4.8460
   58  3.5157e+09    16.8844    58    57     4.9257
   59  3.4980e+09    16.9015    59    58     5.0053
   60  3.3109e+09    17.0882    60    59     5.0849
   61  3.2749e+09    17.1256    61    60     5.1646
   62  2.9932e+09    17.4348    62    61     5.2442
   63  2.9737e+09    17.4574    63    62     5.3238
   64  2.9640e+09    17.4687    64    63     5.4033
   65  2.8122e+09    17.6515    65    64     5.4829
   66  2.7950e+09    17.6730    66    65     5.5625
   67  2.7787e+09    17.6934    67    66     5.6421
   68  2.7714e+09    17.7027    68    67     5.7216
   69  2.7616e+09    17.7151    69    68     5.8012
   70  2.7561e+09    17.7221    70    69     5.8807
   71  2.7545e+09    17.7240    71    70     5.9602
   72  2.4640e+09    18.1172    72    71     6.0398
   73  2.4319e+09    18.1637    73    72     6.1193
   74  2.4156e+09    18.1877    74    73     6.1988
   75  2.3974e+09    18.2147    75    74     6.2783
   76  2.2851e+09    18.3866    76    75     6.3579
   77  2.2837e+09    18.3888    77    76     6.4374
   78  2.2023e+09    18.5193    78    77     6.5169
   79  2.1206e+09    18.6562    79    78     6.5964
   80  2.0839e+09    18.7197    80    79     6.6759
   81  2.0217e+09    18.8302    81    80     6.7554
   82  2.0214e+09    18.8308    82    81     6.8349
   83  2.0194e+09    18.8343    83    82     6.9143
   84  2.0028e+09    18.8646    84    83     6.9938
   85  1.9969e+09    18.8753    85    84     7.0733
   86  1.9575e+09    18.9483    86    85     7.1528
   87  1.9512e+09    18.9601    87    86     7.2323
   88  1.9127e+09    19.0335    88    87     7.3117
   89  1.8532e+09    19.1500    89    88     7.3912
   90  1.1216e+09    21.0705    90    89     7.4707
   91  7.2275e+08    22.8582    91    90     7.5502
   92  6.8841e+08    23.0625    92    91     7.6296
   93  6.8481e+08    23.0846    93    92     7.7091
   94  6.8007e+08    23.1138    94    93     7.7885
   95  6.6904e+08    23.1829    95    94     7.8680
   96  6.3332e+08    23.4156    96    95     7.9475
   97  4.9791e+08    24.4549    97    96     8.0269
   98  4.8756e+08    24.5471    98    97     8.1064
   99  4.8221e+08    24.5957    99    98     8.1858
  100  4.7848e+08    24.6299   100    99     8.2653
