#indx Mass S step-number desc_indx 
    0  1.0000e+12     4.3172     0    -1     0.0134
    1  9.8632e+11     4.3347     1     0     0.1326
    2  9.2377e+11     4.4183     2     1     0.2441
    3  9.1174e+11     4.4352     3     2     0.3500
    4  8.8568e+11     4.4726     4     3     0.4519
    5  8.7546e+11     4.4877     5     4     0.5506
    6  8.3727e+11     4.5460     6     5     0.6467
    7  8.0076e+11     4.6048     7     6     0.7407
    8  7.9764e+11     4.6099     8     7     0.8330
    9  6.2080e+11     4.9512     9     8     0.9238
   10  5.3487e+11     5.1625    10     9     1.0134
   11  5.2156e+11     5.1989    11    10     1.1018
   12  5.0859e+11     5.2355    12    11     1.1894
   13  4.8983e+11     5.2904    13    12     1.2761
   14  4.6187e+11     5.3771    14    13     1.3621
   15  4.3358e+11     5.4715    15    14     1.4474
   16  4.3286e+11     5.4739    16    15     1.5322
   17  4.1790e+11     5.5270    17    16     1.6165
   18  4.0430e+11     5.5773    18    17     1.7003
   19  3.9598e+11     5.6090    19    18     1.7838
   20  3.9402e+11     5.6166    20    19     1.8669
   21  3.4177e+11     5.8377    21    20     1.9496
   22  3.2768e+11     5.9043    22    21     2.0321
   23  3.2052e+11     5.9394    23    22     2.1143
   24  3.0015e+11     6.0449    24    23     2.1963
   25  2.9613e+11     6.0667    25    24     2.2781
   26  2.9524e+11     6.0716    26    25     2.3597
   27  2.9386e+11     6.0792    27    26     2.4411
   28  2.3307e+11     6.4638    28    27     2.5223
   29  2.3073e+11     6.4809    29    28     2.6034
   30  1.9934e+11     6.7331    30    29     2.6844
   31  1.9866e+11     6.7390    31    30     2.7652
   32  1.9845e+11     6.7409    32    31     2.8459
   33  1.9828e+11     6.7424    33    32     2.9266
   34  1.9773e+11     6.7472    34    33     3.0071
   35  1.8240e+11     6.8896    35    34     3.0876
   36  1.7636e+11     6.9496    36    35     3.1680
   37  1.7552e+11     6.9582    37    36     3.2483
   38  1.7287e+11     6.9854    38    37     3.3285
   39  1.6700e+11     7.0476    39    38     3.4087
   40  1.6377e+11     7.0829    40    39     3.4889
   41  1.6329e+11     7.0883    41    40     3.5689
   42  1.6083e+11     7.1159    42    41     3.6490
   43  1.5951e+11     7.1309    43    42     3.7290
   44  1.3969e+11     7.3756    44    43     3.8089
   45  1.3541e+11     7.4340    45    44     3.8889
   46  1.3208e+11     7.4807    46    45     3.9688
   47  1.2950e+11     7.5180    47    46     4.0486
   48  1.2236e+11     7.6260    48    47     4.1285
   49  1.2137e+11     7.6416    49    48     4.2083
   50  1.2083e+11     7.6502    50    49     4.2881
   51  1.2057e+11     7.6543    51    50     4.3678
   52  9.6515e+10     8.0897    52    51     4.4476
   53  8.3849e+10     8.3742    53    52     4.5273
   54  7.7519e+10     8.5359    54    53     4.6070
   55  7.4074e+10     8.6307    55    54     4.6867
   56  7.1590e+10     8.7022    56    55     4.7664
   57  7.0410e+10     8.7373    57    56     4.8460
   58  6.8397e+10     8.7986    58    57     4.9257
   59  6.5690e+10     8.8846    59    58     5.0053
   60  6.5432e+10     8.8930    60    59     5.0849
   61  6.5004e+10     8.9071    61    60     5.1646
   62  6.4204e+10     8.9336    62    61     5.2442
   63  6.2852e+10     8.9793    63    62     5.3238
   64  6.0846e+10     9.0493    64    63     5.4033
   65  5.4873e+10     9.2750    65    64     5.4829
   66  5.4820e+10     9.2772    66    65     5.5625
   67  5.4652e+10     9.2839    67    66     5.6421
   68  5.1385e+10     9.4205    68    67     5.7216
   69  4.8664e+10     9.5424    69    68     5.8012
   70  4.8157e+10     9.5659    70    69     5.8807
   71  4.7453e+10     9.5992    71    70     5.9602
   72  4.4041e+10     9.7687    72    71     6.0398
   73  4.2378e+10     9.8571    73    72     6.1193
   74  3.8138e+10    10.1020    74    73     6.1988
   75  3.7879e+10    10.1179    75    74     6.2783
   76  3.6804e+10    10.1857    76    75     6.3579
   77  3.6394e+10    10.2121    77    76     6.4374
   78  3.3941e+10    10.3778    78    77     6.5169
   79  3.1478e+10    10.5589    79    78     6.5964
   80  3.1429e+10    10.5627    80    79     6.6759
   81  3.1344e+10    10.5693    81    80     6.7554
   82  3.1327e+10    10.5706    82    81     6.8349
   83  2.1458e+10    11.5155    83    82     6.9143
   84  2.1339e+10    11.5298    84    83     6.9938
   85  2.1214e+10    11.5450    85    84     7.0733
   86  2.1075e+10    11.5619    86    85     7.1528
   87  2.1038e+10    11.5664    87    86     7.2323
   88  2.0137e+10    11.6799    88    87     7.3117
   89  1.9509e+10    11.7625    89    88     7.3912
   90  1.9485e+10    11.7657    90    89     7.4707
   91  1.9114e+10    11.8160    91    90     7.5502
   92  1.8529e+10    11.8978    92    91     7.6296
   93  1.8496e+10    11.9025    93    92     7.7091
   94  1.8082e+10    11.9623    94    93     7.7885
   95  1.7958e+10    11.9805    95    94     7.8680
   96  1.7744e+10    12.0123    96    95     7.9475
   97  1.7613e+10    12.0320    97    96     8.0269
   98  1.7204e+10    12.0944    98    97     8.1064
   99  1.7152e+10    12.1025    99    98     8.1858
  100  1.7135e+10    12.1052   100    99     8.2653
