#indx Mass S step-number desc_indx 
    0  1.0000e+12     4.3172     0    -1     0.0134
    1  9.2374e+11     4.4183     1     0     0.1326
    2  9.2099e+11     4.4221     2     1     0.2441
    3  9.0712e+11     4.4417     3     2     0.3500
    4  6.3184e+11     4.9266     4     3     0.4519
    5  6.2823e+11     4.9346     5     4     0.5506
    6  5.3906e+11     5.1513     6     5     0.6467
    7  5.3619e+11     5.1590     7     6     0.7407
    8  4.3476e+11     5.4674     8     7     0.8330
    9  4.2963e+11     5.4852     9     8     0.9238
   10  4.2769e+11     5.4921    10     9     1.0134
   11  4.2435e+11     5.5039    11    10     1.1018
   12  4.2235e+11     5.5110    12    11     1.1894
   13  3.9635e+11     5.6076    13    12     1.2761
   14  3.8431e+11     5.6550    14    13     1.3621
   15  3.8270e+11     5.6614    15    14     1.4474
   16  3.7680e+11     5.6854    16    15     1.5322
   17  3.7422e+11     5.6960    17    16     1.6165
   18  3.6871e+11     5.7190    18    17     1.7003
   19  3.5860e+11     5.7623    19    18     1.7838
   20  2.7821e+11     6.1684    20    19     1.8669
   21  2.6663e+11     6.2385    21    20     1.9496
   22  2.5682e+11     6.3007    22    21     2.0321
   23  2.3439e+11     6.4542    23    22     2.1143
   24  1.7532e+11     6.9602    24    23     2.1963
   25  1.5263e+11     7.2116    25    24     2.2781
   26  1.5221e+11     7.2166    26    25     2.3597
   27  1.4563e+11     7.2982    27    26     2.4411
   28  1.4538e+11     7.3013    28    27     2.5223
   29  1.4397e+11     7.3195    29    28     2.6034
   30  1.4217e+11     7.3429    30    29     2.6844
   31  1.3694e+11     7.4129    31    30     2.7652
   32  1.3205e+11     7.4812    32    31     2.8459
   33  1.3123e+11     7.4929    33    32     2.9266
   34  1.2519e+11     7.5823    34    33     3.0071
   35  1.2474e+11     7.5892    35    34     3.0876
   36  1.2374e+11     7.6045    36    35     3.1680
   37  1.2155e+11     7.6387    37    36     3.2483
   38  1.1802e+11     7.6954    38    37     3.3285
   39  1.1635e+11     7.7227    39    38     3.4087
   40  1.1298e+11     7.7797    40    39     3.4889
   41  1.1184e+11     7.7994    41    40     3.5689
   42  1.1158e+11     7.8039    42    41     3.6490
   43  1.1151e+11     7.8052    43    42     3.7290
   44  8.6976e+10     8.2995    44    43     3.8089
   45  7.8428e+10     8.5118    45    44     3.8889
   46  7.6857e+10     8.5538    46    45     3.9688
   47  7.1857e+10     8.6944    47    46     4.0486
   48  6.8551e+10     8.7939    48    47     4.1285
   49  6.8106e+10     8.8077    49    48     4.2083
   50  6.7528e+10     8.8258    50    49     4.2881
   51  6.7345e+10     8.8316    51    50     4.3678
   52  6.7008e+10     8.8423    52    51     4.4476
   53  6.2307e+10     8.9981    53    52     4.5273
   54  6.2026e+10     9.0078    54    53     4.6070
   55  6.1669e+10     9.0203    55    54     4.6867
   56  6.1573e+10     9.0237    56    55     4.7664
   57  6.1270e+10     9.0343    57    56     4.8460
   58  5.4195e+10     9.3024    58    57     4.9257
   59  5.2913e+10     9.3554    59    58     5.0053
   60  5.1594e+10     9.4115    60    59     5.0849
   61  4.2415e+10     9.8551    61    60     5.1646
   62  4.0697e+10     9.9506    62    61     5.2442
   63  3.6794e+10    10.1863    63    62     5.3238
   64  3.6375e+10    10.2133    64    63     5.4033
   65  3.2874e+10    10.4544    65    64     5.4829
   66  3.2786e+10    10.4608    66    65     5.5625
   67  3.1018e+10    10.5946    67    66     5.6421
   68  3.0584e+10    10.6288    68    67     5.7216
   69  3.0445e+10    10.6398    69    68     5.8012
   70  3.0317e+10    10.6501    70    69     5.8807
   71  2.9499e+10    10.7169    71    70     5.9602
   72  2.9474e+10    10.7189    72    71     6.0398
   73  2.9371e+10    10.7275    73    72     6.1193
   74  2.8890e+10    10.7679    74    73     6.1988
   75  2.8862e+10    10.7703    75    74     6.2783
   76  2.7491e+10    10.8902    76    75     6.3579
   77  2.5537e+10    11.0737    77    76     6.4374
   78  2.5490e+10    11.0783    78    77     6.5169
   79  1.7224e+10    12.0914    79    78     6.5964
   80  1.7195e+10    12.0959    80    79     6.6759
   81  1.5836e+10    12.3168    81    80     6.7554
   82  1.2601e+10    12.9453    82    81     6.8349
   83  1.1253e+10    13.2649    83    82     6.9143
   84  9.7792e+09    13.6691    84    83     6.9938
   85  9.6379e+09    13.7115    85    84     7.0733
   86  6.1454e+09    15.0694    86    85     7.1528
   87  5.9283e+09    15.1819    87    86     7.2323
   88  5.8833e+09    15.2058    88    87     7.3117
   89  5.7977e+09    15.2519    89    88     7.3912
   90  5.7001e+09    15.3054    90    89     7.4707
   91  5.6698e+09    15.3222    91    90     7.5502
   92  5.4995e+09    15.4187    92    91     7.6296
   93  5.4191e+09    15.4654    93    92     7.7091
   94  5.0790e+09    15.6724    94    93     7.7885
   95  5.0077e+09    15.7178    95    94     7.8680
   96  4.9636e+09    15.7463    96    95     7.9475
   97  4.8301e+09    15.8342    97    96     8.0269
   98  4.8190e+09    15.8416    98    97     8.1064
   99  4.7600e+09    15.8815    99    98     8.1858
  100  4.7244e+09    15.9058   100    99     8.2653
