#indx Mass S step-number desc_indx 
    0  1.0000e+12     4.3172     0    -1     0.0134
    1  9.9432e+11     4.3244     1     0     0.1326
    2  9.6730e+11     4.3594     2     1     0.2441
    3  9.1875e+11     4.4253     3     2     0.3500
    4  9.1386e+11     4.4322     4     3     0.4519
    5  8.7615e+11     4.4867     5     4     0.5506
    6  8.6672e+11     4.5008     6     5     0.6467
    7  7.0012e+11     4.7852     7     6     0.7407
    8  6.9000e+11     4.8051     8     7     0.8330
    9  6.7814e+11     4.8289     9     8     0.9238
   10  6.1772e+11     4.9581    10     9     1.0134
   11  6.1261e+11     4.9697    11    10     1.1018
   12  6.0776e+11     4.9809    12    11     1.1894
   13  5.6550e+11     5.0828    13    12     1.2761
   14  4.5909e+11     5.3860    14    13     1.3621
   15  4.5108e+11     5.4122    15    14     1.4474
   16  4.4852e+11     5.4207    16    15     1.5322
   17  4.1306e+11     5.5447    17    16     1.6165
   18  3.9884e+11     5.5980    18    17     1.7003
   19  3.2836e+11     5.9010    19    18     1.7838
   20  2.7591e+11     6.1821    20    19     1.8669
   21  2.7256e+11     6.2022    21    20     1.9496
   22  2.3485e+11     6.4509    22    21     2.0321
   23  2.0805e+11     6.6586    23    22     2.1143
   24  2.0765e+11     6.6619    24    23     2.1963
   25  2.0694e+11     6.6679    25    24     2.2781
   26  1.9179e+11     6.8008    26    25     2.3597
   27  1.3414e+11     7.4517    27    26     2.4411
   28  1.3402e+11     7.4533    28    27     2.5223
   29  1.3070e+11     7.5006    29    28     2.6034
   30  1.2894e+11     7.5263    30    29     2.6844
   31  1.2515e+11     7.5829    31    30     2.7652
   32  1.2168e+11     7.6367    32    31     2.8459
   33  1.2077e+11     7.6510    33    32     2.9266
   34  1.2051e+11     7.6551    34    33     3.0071
   35  1.1594e+11     7.7297    35    34     3.0876
   36  1.1589e+11     7.7304    36    35     3.1680
   37  1.1587e+11     7.7307    37    36     3.2483
   38  1.1344e+11     7.7718    38    37     3.3285
   39  1.0194e+11     7.9812    39    38     3.4087
   40  1.0166e+11     7.9865    40    39     3.4889
   41  1.0160e+11     7.9877    41    40     3.5689
   42  9.6559e+10     8.0889    42    41     3.6490
   43  9.6265e+10     8.0949    43    42     3.7290
   44  9.4067e+10     8.1412    44    43     3.8089
   45  9.3799e+10     8.1469    45    44     3.8889
   46  7.3169e+10     8.6564    46    45     3.9688
   47  7.2099e+10     8.6873    47    46     4.0486
   48  7.1971e+10     8.6911    48    47     4.1285
   49  7.1718e+10     8.6985    49    48     4.2083
   50  7.1363e+10     8.7089    50    49     4.2881
   51  6.4484e+10     8.9242    51    50     4.3678
   52  6.4370e+10     8.9280    52    51     4.4476
   53  6.3456e+10     8.9587    53    52     4.5273
   54  6.3357e+10     8.9621    54    53     4.6070
   55  5.6941e+10     9.1938    55    54     4.6867
   56  5.6483e+10     9.2115    56    55     4.7664
   57  5.4373e+10     9.2952    57    56     4.8460
   58  5.3680e+10     9.3235    58    57     4.9257
   59  5.1786e+10     9.4032    59    58     5.0053
   60  5.0936e+10     9.4401    60    59     5.0849
   61  5.0767e+10     9.4476    61    60     5.1646
   62  5.0087e+10     9.4777    62    61     5.2442
   63  4.9112e+10     9.5218    63    62     5.3238
   64  4.7599e+10     9.5922    64    63     5.4033
   65  4.6094e+10     9.6650    65    64     5.4829
   66  4.5221e+10     9.7084    66    65     5.5625
   67  4.4135e+10     9.7639    67    66     5.6421
   68  4.3642e+10     9.7896    68    67     5.7216
   69  4.2710e+10     9.8391    69    68     5.8012
   70  4.2332e+10     9.8596    70    69     5.8807
   71  4.1974e+10     9.8791    71    70     5.9602
   72  4.1154e+10     9.9247    72    71     6.0398
   73  3.5192e+10    10.2916    73    72     6.1193
   74  3.3259e+10    10.4264    74    73     6.1988
   75  3.1203e+10    10.5802    75    74     6.2783
   76  3.0814e+10    10.6106    76    75     6.3579
   77  3.0195e+10    10.6599    77    76     6.4374
   78  3.0119e+10    10.6661    78    77     6.5169
   79  2.8746e+10    10.7802    79    78     6.5964
   80  2.8644e+10    10.7889    80    79     6.6759
   81  2.8596e+10    10.7931    81    80     6.7554
   82  2.2642e+10    11.3778    82    81     6.8349
   83  2.0420e+10    11.6436    83    82     6.9143
   84  2.0051e+10    11.6910    84    83     6.9938
   85  1.7590e+10    12.0354    85    84     7.0733
   86  1.6677e+10    12.1776    86    85     7.1528
   87  1.6451e+10    12.2143    87    86     7.2323
   88  1.6399e+10    12.2227    88    87     7.3117
   89  1.5344e+10    12.4023    89    88     7.3912
   90  1.5280e+10    12.4136    90    89     7.4707
   91  1.5228e+10    12.4229    91    90     7.5502
   92  1.5173e+10    12.4327    92    91     7.6296
   93  1.4600e+10    12.5379    93    92     7.7091
   94  1.4171e+10    12.6196    94    93     7.7885
   95  1.4070e+10    12.6392    95    94     7.8680
   96  1.3978e+10    12.6573    96    95     7.9475
   97  1.3940e+10    12.6648    97    96     8.0269
   98  1.3933e+10    12.6662    98    97     8.1064
   99  1.3227e+10    12.8102    99    98     8.1858
  100  1.3225e+10    12.8105   100    99     8.2653
