#indx Mass S step-number desc_indx 
    0  1.0000e+12     4.3172     0    -1     0.0134
    1  9.6203e+11     4.3664     1     0     0.1326
    2  9.6112e+11     4.3676     2     1     0.2441
    3  9.4759e+11     4.3856     3     2     0.3500
    4  8.8501e+11     4.4736     4     3     0.4519
    5  8.6450e+11     4.5041     5     4     0.5506
    6  7.8086e+11     4.6382     6     5     0.6467
    7  7.7415e+11     4.6497     7     6     0.7407
    8  7.6807e+11     4.6602     8     7     0.8330
    9  7.5796e+11     4.6780     9     8     0.9238
   10  7.4389e+11     4.7031    10     9     1.0134
   11  7.4107e+11     4.7082    11    10     1.1018
   12  7.3223e+11     4.7244    12    11     1.1894
   13  7.1225e+11     4.7619    13    12     1.2761
   14  7.0254e+11     4.7805    14    13     1.3621
   15  6.0378e+11     4.9901    15    14     1.4474
   16  5.3563e+11     5.1605    16    15     1.5322
   17  5.0215e+11     5.2540    17    16     1.6165
   18  4.7613e+11     5.3321    18    17     1.7003
   19  4.6738e+11     5.3595    19    18     1.7838
   20  4.6206e+11     5.3765    20    19     1.8669
   21  4.3200e+11     5.4770    21    20     1.9496
   22  4.2966e+11     5.4851    22    21     2.0321
   23  1.7704e+11     6.9428    23    22     2.1143
   24  1.7688e+11     6.9443    24    23     2.1963
   25  1.7661e+11     6.9471    25    24     2.2781
   26  1.7628e+11     6.9504    26    25     2.3597
   27  1.7409e+11     6.9728    27    26     2.4411
   28  1.7398e+11     6.9739    28    27     2.5223
   29  1.7380e+11     6.9758    29    28     2.6034
   30  1.7200e+11     6.9945    30    29     2.6844
   31  1.5355e+11     7.2005    31    30     2.7652
   32  1.5051e+11     7.2374    32    31     2.8459
   33  1.4939e+11     7.2510    33    32     2.9266
   34  1.4752e+11     7.2744    34    33     3.0071
   35  1.3948e+11     7.3784    35    34     3.0876
   36  1.3101e+11     7.4961    36    35     3.1680
   37  1.2773e+11     7.5442    37    36     3.2483
   38  1.2743e+11     7.5487    38    37     3.3285
   39  1.2585e+11     7.5723    39    38     3.4087
   40  1.2416e+11     7.5981    40    39     3.4889
   41  1.2195e+11     7.6325    41    40     3.5689
   42  1.0757e+11     7.8754    42    41     3.6490
   43  9.9876e+10     8.0216    43    42     3.7290
   44  9.8239e+10     8.0545    44    43     3.8089
   45  9.4865e+10     8.1242    45    44     3.8889
   46  9.4474e+10     8.1325    46    45     3.9688
   47  9.4329e+10     8.1356    47    46     4.0486
   48  8.4728e+10     8.3528    48    47     4.1285
   49  7.9019e+10     8.4962    49    48     4.2083
   50  7.8057e+10     8.5216    50    49     4.2881
   51  7.4478e+10     8.6193    51    50     4.3678
   52  7.4025e+10     8.6321    52    51     4.4476
   53  7.3147e+10     8.6570    53    52     4.5273
   54  7.2543e+10     8.6744    54    53     4.6070
   55  7.2357e+10     8.6798    55    54     4.6867
   56  7.1650e+10     8.7005    56    55     4.7664
   57  7.0712e+10     8.7283    57    56     4.8460
   58  6.8505e+10     8.7953    58    57     4.9257
   59  6.7836e+10     8.8161    59    58     5.0053
   60  6.7593e+10     8.8237    60    59     5.0849
   61  6.6251e+10     8.8664    61    60     5.1646
   62  6.5378e+10     8.8948    62    61     5.2442
   63  6.1701e+10     9.0192    63    62     5.3238
   64  6.0820e+10     9.0503    64    63     5.4033
   65  5.8399e+10     9.1385    65    64     5.4829
   66  5.7757e+10     9.1626    66    65     5.5625
   67  5.6232e+10     9.2212    67    66     5.6421
   68  5.5976e+10     9.2312    68    67     5.7216
   69  5.0382e+10     9.4646    69    68     5.8012
   70  5.0172e+10     9.4739    70    69     5.8807
   71  4.6675e+10     9.6365    71    70     5.9602
   72  4.6109e+10     9.6642    72    71     6.0398
   73  4.4713e+10     9.7342    73    72     6.1193
   74  4.4443e+10     9.7480    74    73     6.1988
   75  4.0922e+10     9.9378    75    74     6.2783
   76  4.0724e+10     9.9491    76    75     6.3579
   77  4.0504e+10     9.9616    77    76     6.4374
   78  3.9711e+10    10.0076    78    77     6.5169
   79  3.7583e+10    10.1363    79    78     6.5964
   80  3.4474e+10    10.3406    80    79     6.6759
   81  3.4345e+10    10.3496    81    80     6.7554
   82  3.3990e+10    10.3743    82    81     6.8349
   83  3.3895e+10    10.3811    83    82     6.9143
   84  3.3432e+10    10.4140    84    83     6.9938
   85  3.3380e+10    10.4177    85    84     7.0733
   86  3.1984e+10    10.5204    86    85     7.1528
   87  3.1921e+10    10.5252    87    86     7.2323
   88  3.0975e+10    10.5980    88    87     7.3117
   89  3.0842e+10    10.6084    89    88     7.3912
   90  3.0820e+10    10.6101    90    89     7.4707
   91  3.0595e+10    10.6279    91    90     7.5502
   92  3.0557e+10    10.6310    92    91     7.6296
   93  3.0240e+10    10.6563    93    92     7.7091
   94  2.9972e+10    10.6780    94    93     7.7885
   95  2.8774e+10    10.7778    95    94     7.8680
   96  2.8477e+10    10.8033    96    95     7.9475
   97  2.6892e+10    10.9448    97    96     8.0269
   98  2.6732e+10    10.9596    98    97     8.1064
   99  2.6521e+10    10.9793    99    98     8.1858
  100  2.6394e+10    10.9913   100    99     8.2653
