#indx Mass S step-number desc_indx 
    0  1.0000e+12     4.3172     0    -1     0.0134
    1  5.0847e+11     5.2358     1     0     0.1326
    2  4.9994e+11     5.2605     2     1     0.2441
    3  4.9246e+11     5.2825     3     2     0.3500
    4  4.7666e+11     5.3304     4     3     0.4519
    5  4.5331e+11     5.4049     5     4     0.5506
    6  4.1473e+11     5.5386     6     5     0.6467
    7  4.1404e+11     5.5411     7     6     0.7407
    8  4.1369e+11     5.5424     8     7     0.8330
    9  3.4102e+11     5.8411     9     8     0.9238
   10  3.1363e+11     5.9742    10     9     1.0134
   11  2.8479e+11     6.1302    11    10     1.1018
   12  2.7640e+11     6.1792    12    11     1.1894
   13  2.5481e+11     6.3138    13    12     1.2761
   14  2.5081e+11     6.3402    14    13     1.3621
   15  2.5044e+11     6.3427    15    14     1.4474
   16  2.4655e+11     6.3689    16    15     1.5322
   17  2.3529e+11     6.4478    17    16     1.6165
   18  2.1951e+11     6.5661    18    17     1.7003
   19  2.1857e+11     6.5735    19    18     1.7838
   20  2.1546e+11     6.5981    20    19     1.8669
   21  1.7900e+11     6.9231    21    20     1.9496
   22  1.7611e+11     6.9521    22    21     2.0321
   23  1.7245e+11     6.9898    23    22     2.1143
   24  1.6661e+11     7.0519    24    23     2.1963
   25  1.4949e+11     7.2499    25    24     2.2781
   26  1.4894e+11     7.2566    26    25     2.3597
   27  1.2020e+11     7.6602    27    26     2.4411
   28  1.1874e+11     7.6836    28    27     2.5223
   29  1.1859e+11     7.6860    29    28     2.6034
   30  1.0784e+11     7.8705    30    29     2.6844
   31  1.0761e+11     7.8746    31    30     2.7652
   32  1.0600e+11     7.9041    32    31     2.8459
   33  1.0438e+11     7.9344    33    32     2.9266
   34  1.0404e+11     7.9409    34    33     3.0071
   35  6.6918e+10     8.8451    35    34     3.0876
   36  6.2972e+10     8.9752    36    35     3.1680
   37  6.2825e+10     8.9802    37    36     3.2483
   38  6.2501e+10     8.9914    38    37     3.3285
   39  6.0557e+10     9.0597    39    38     3.4087
   40  5.6018e+10     9.2296    40    39     3.4889
   41  5.5808e+10     9.2378    41    40     3.5689
   42  5.5748e+10     9.2402    42    41     3.6490
   43  5.4630e+10     9.2848    43    42     3.7290
   44  5.4296e+10     9.2983    44    43     3.8089
   45  2.8857e+10    10.7707    45    44     3.8889
   46  2.5043e+10    11.1226    46    45     3.9688
   47  2.4973e+10    11.1296    47    46     4.0486
   48  1.9830e+10    11.7198    48    47     4.1285
   49  1.9820e+10    11.7212    49    48     4.2083
   50  1.9574e+10    11.7538    50    49     4.2881
   51  1.8881e+10    11.8483    51    50     4.3678
   52  1.8694e+10    11.8744    52    51     4.4476
   53  1.7940e+10    11.9832    53    52     4.5273
   54  1.7869e+10    11.9936    54    53     4.6070
   55  1.7513e+10    12.0471    55    54     4.6867
   56  1.7164e+10    12.1007    56    55     4.7664
   57  1.5636e+10    12.3512    57    56     4.8460
   58  1.5620e+10    12.3539    58    57     4.9257
   59  1.5515e+10    12.3722    59    58     5.0053
   60  1.4030e+10    12.6472    60    59     5.0849
   61  6.7694e+09    14.7698    61    60     5.1646
   62  6.7032e+09    14.8001    62    61     5.2442
   63  6.6975e+09    14.8027    63    62     5.3238
   64  5.9056e+09    15.1940    64    63     5.4033
   65  5.7172e+09    15.2959    65    64     5.4829
   66  4.2548e+09    16.2477    66    65     5.5625
   67  3.7690e+09    16.6503    67    66     5.6421
   68  3.7676e+09    16.6515    68    67     5.7216
   69  3.7593e+09    16.6589    69    68     5.8012
   70  3.7004e+09    16.7119    70    69     5.8807
   71  3.6971e+09    16.7148    71    70     5.9602
   72  3.6953e+09    16.7165    72    71     6.0398
   73  3.6250e+09    16.7811    73    72     6.1193
   74  3.6185e+09    16.7872    74    73     6.1988
   75  3.6147e+09    16.7907    75    74     6.2783
   76  3.6116e+09    16.7936    76    75     6.3579
   77  3.6100e+09    16.7951    77    76     6.4374
   78  3.4823e+09    16.9167    78    77     6.5169
   79  3.4646e+09    16.9340    79    78     6.5964
   80  3.4480e+09    16.9503    80    79     6.6759
   81  3.3871e+09    17.0108    81    80     6.7554
   82  3.3455e+09    17.0529    82    81     6.8349
   83  3.3368e+09    17.0617    83    82     6.9143
   84  3.3298e+09    17.0688    84    83     6.9938
   85  3.2672e+09    17.1336    85    84     7.0733
   86  3.2563e+09    17.1450    86    85     7.1528
   87  3.2087e+09    17.1955    87    86     7.2323
   88  3.2044e+09    17.2000    88    87     7.3117
   89  3.1975e+09    17.2074    89    88     7.3912
   90  3.1490e+09    17.2599    90    89     7.4707
   91  3.0760e+09    17.3405    91    90     7.5502
   92  3.0403e+09    17.3808    92    91     7.6296
   93  3.0017e+09    17.4250    93    92     7.7091
   94  2.9972e+09    17.4302    94    93     7.7885
   95  2.9076e+09    17.5354    95    94     7.8680
   96  2.9015e+09    17.5427    96    95     7.9475
   97  2.8787e+09    17.5701    97    96     8.0269
   98  2.3552e+09    18.2783    98    97     8.1064
   99  2.3495e+09    18.2868    99    98     8.1858
  100  2.2763e+09    18.4003   100    99     8.2653
