#indx Mass S step-number desc_indx 
    0  1.0000e+12     4.3172     0    -1     0.0134
    1  4.3162e+11     5.4783     1     0     0.1326
    2  4.1860e+11     5.5245     2     1     0.2441
    3  4.1493e+11     5.5378     3     2     0.3500
    4  4.0019e+11     5.5929     4     3     0.4519
    5  3.9665e+11     5.6065     5     4     0.5506
    6  3.8659e+11     5.6459     6     5     0.6467
    7  3.7468e+11     5.6941     7     6     0.7407
    8  3.7396e+11     5.6971     8     7     0.8330
    9  3.6804e+11     5.7218     9     8     0.9238
   10  3.6547e+11     5.7327    10     9     1.0134
   11  3.6255e+11     5.7452    11    10     1.1018
   12  3.5943e+11     5.7587    12    11     1.1894
   13  3.5544e+11     5.7761    13    12     1.2761
   14  3.4347e+11     5.8298    14    13     1.3621
   15  3.4206e+11     5.8363    15    14     1.4474
   16  3.3473e+11     5.8705    16    15     1.5322
   17  3.3146e+11     5.8861    17    16     1.6165
   18  3.1907e+11     5.9467    18    17     1.7003
   19  3.0905e+11     5.9978    19    18     1.7838
   20  3.0484e+11     6.0199    20    19     1.8669
   21  2.9880e+11     6.0522    21    20     1.9496
   22  2.4033e+11     6.4119    22    21     2.0321
   23  2.1777e+11     6.5798    23    22     2.1143
   24  2.0302e+11     6.7011    24    23     2.1963
   25  1.9371e+11     6.7833    25    24     2.2781
   26  1.8938e+11     6.8231    26    25     2.3597
   27  1.6665e+11     7.0514    27    26     2.4411
   28  1.6608e+11     7.0576    28    27     2.5223
   29  1.6530e+11     7.0662    29    28     2.6034
   30  1.6301e+11     7.0914    30    29     2.6844
   31  8.5773e+10     8.3278    31    30     2.7652
   32  8.4540e+10     8.3574    32    31     2.8459
   33  8.3752e+10     8.3765    33    32     2.9266
   34  8.3603e+10     8.3802    34    33     3.0071
   35  7.9244e+10     8.4904    35    34     3.0876
   36  7.5029e+10     8.6039    36    35     3.1680
   37  7.1375e+10     8.7086    37    36     3.2483
   38  6.2508e+10     8.9911    38    37     3.3285
   39  6.1563e+10     9.0240    39    38     3.4087
   40  6.1279e+10     9.0340    40    39     3.4889
   41  6.0825e+10     9.0501    41    40     3.5689
   42  5.8809e+10     9.1232    42    41     3.6490
   43  5.6194e+10     9.2227    43    42     3.7290
   44  3.6516e+10    10.2042    44    43     3.8089
   45  3.5758e+10    10.2538    45    44     3.8889
   46  3.4778e+10    10.3197    46    45     3.9688
   47  3.1999e+10    10.5193    47    46     4.0486
   48  3.1788e+10    10.5352    48    47     4.1285
   49  2.4885e+10    11.1385    49    48     4.2083
   50  2.4706e+10    11.1567    50    49     4.2881
   51  2.4685e+10    11.1588    51    50     4.3678
   52  2.4663e+10    11.1611    52    51     4.4476
   53  2.4387e+10    11.1895    53    52     4.5273
   54  2.4272e+10    11.2014    54    53     4.6070
   55  2.2547e+10    11.3885    55    54     4.6867
   56  2.2517e+10    11.3920    56    55     4.7664
   57  2.1973e+10    11.4545    57    56     4.8460
   58  2.1596e+10    11.4990    58    57     4.9257
   59  1.9598e+10    11.7507    59    58     5.0053
   60  1.8924e+10    11.8423    60    59     5.0849
   61  1.8838e+10    11.8542    61    60     5.1646
   62  1.5744e+10    12.3326    62    61     5.2442
   63  1.4237e+10    12.6068    63    62     5.3238
   64  1.3969e+10    12.6591    64    63     5.4033
   65  1.3898e+10    12.6732    65    64     5.4829
   66  1.3700e+10    12.7127    66    65     5.5625
   67  1.3395e+10    12.7750    67    66     5.6421
   68  1.3394e+10    12.7752    68    67     5.7216
   69  1.3336e+10    12.7874    69    68     5.8012
   70  1.3214e+10    12.8129    70    69     5.8807
   71  1.2488e+10    12.9705    71    70     5.9602
   72  1.2460e+10    12.9768    72    71     6.0398
   73  1.2025e+10    13.0768    73    72     6.1193
   74  1.1941e+10    13.0966    74    73     6.1988
   75  1.0454e+10    13.4759    75    74     6.2783
   76  1.0425e+10    13.4838    76    75     6.3579
   77  9.9863e+09    13.6082    77    76     6.4374
   78  9.4850e+09    13.7582    78    77     6.5169
   79  9.2212e+09    13.8408    79    78     6.5964
   80  9.1824e+09    13.8532    80    79     6.6759
   81  8.9451e+09    13.9303    81    80     6.7554
   82  8.5754e+09    14.0552    82    81     6.8349
   83  8.5110e+09    14.0776    83    82     6.9143
   84  8.3928e+09    14.1192    84    83     6.9938
   85  8.3520e+09    14.1337    85    84     7.0733
   86  8.3334e+09    14.1403    86    85     7.1528
   87  8.2440e+09    14.1725    87    86     7.2323
   88  8.2353e+09    14.1757    88    87     7.3117
   89  8.1579e+09    14.2039    89    88     7.3912
   90  7.9239e+09    14.2912    90    89     7.4707
   91  3.6232e+09    16.7828    91    90     7.5502
   92  3.6112e+09    16.7939    92    91     7.6296
   93  3.6102e+09    16.7949    93    92     7.7091
   94  3.4732e+09    16.9256    94    93     7.7885
   95  3.4650e+09    16.9335    95    94     7.8680
   96  3.4487e+09    16.9495    96    95     7.9475
   97  3.3956e+09    17.0023    97    96     8.0269
   98  3.3916e+09    17.0063    98    97     8.1064
   99  3.2353e+09    17.1672    99    98     8.1858
  100  3.2064e+09    17.1979   100    99     8.2653
