#indx Mass S step-number desc_indx 
    0  1.0000e+12     4.3172     0    -1     0.0134
    1  2.3859e+11     6.4242     1     0     0.1326
    2  2.3635e+11     6.4401     2     1     0.2441
    3  2.1426e+11     6.6078     3     2     0.3500
    4  2.0396e+11     6.6931     4     3     0.4519
    5  2.0243e+11     6.7062     5     4     0.5506
    6  1.9915e+11     6.7347     6     5     0.6467
    7  1.9683e+11     6.7552     7     6     0.7407
    8  1.9402e+11     6.7805     8     7     0.8330
    9  1.9262e+11     6.7932     9     8     0.9238
   10  1.7925e+11     6.9206    10     9     1.0134
   11  1.7755e+11     6.9376    11    10     1.1018
   12  1.7679e+11     6.9453    12    11     1.1894
   13  1.5953e+11     7.1306    13    12     1.2761
   14  1.5794e+11     7.1490    14    13     1.3621
   15  1.5588e+11     7.1729    15    14     1.4474
   16  1.5497e+11     7.1837    16    15     1.5322
   17  1.4776e+11     7.2713    17    16     1.6165
   18  1.2075e+11     7.6514    18    17     1.7003
   19  1.2051e+11     7.6552    19    18     1.7838
   20  1.1467e+11     7.7509    20    19     1.8669
   21  1.0678e+11     7.8897    21    20     1.9496
   22  1.0614e+11     7.9015    22    21     2.0321
   23  1.0528e+11     7.9176    23    22     2.1143
   24  8.7034e+10     8.2981    24    23     2.1963
   25  8.5234e+10     8.3407    25    24     2.2781
   26  8.2853e+10     8.3986    26    25     2.3597
   27  8.0125e+10     8.4675    27    26     2.4411
   28  6.6202e+10     8.8680    28    27     2.5223
   29  6.5502e+10     8.8907    29    28     2.6034
   30  6.4694e+10     8.9173    30    29     2.6844
   31  6.2074e+10     9.0062    31    30     2.7652
   32  6.1843e+10     9.0142    32    31     2.8459
   33  5.3822e+10     9.3177    33    32     2.9266
   34  5.2494e+10     9.3730    34    33     3.0071
   35  4.9564e+10     9.5012    35    34     3.0876
   36  4.8191e+10     9.5644    36    35     3.1680
   37  4.7509e+10     9.5965    37    36     3.2483
   38  4.7332e+10     9.6049    38    37     3.3285
   39  4.3447e+10     9.7999    39    38     3.4087
   40  3.9572e+10    10.0158    40    39     3.4889
   41  3.9530e+10    10.0182    41    40     3.5689
   42  3.8085e+10    10.1052    42    41     3.6490
   43  3.7695e+10    10.1294    43    42     3.7290
   44  3.7432e+10    10.1458    44    43     3.8089
   45  3.7218e+10    10.1593    45    44     3.8889
   46  3.6070e+10    10.2332    46    45     3.9688
   47  3.6002e+10    10.2377    47    46     4.0486
   48  3.5381e+10    10.2789    48    47     4.1285
   49  3.1679e+10    10.5436    49    48     4.2083
   50  3.1524e+10    10.5554    50    49     4.2881
   51  2.9156e+10    10.7454    51    50     4.3678
   52  2.8174e+10    10.8296    52    51     4.4476
   53  2.7687e+10    10.8726    53    52     4.5273
   54  2.6823e+10    10.9512    54    53     4.6070
   55  2.0428e+10    11.6426    55    54     4.6867
   56  1.9861e+10    11.7158    56    55     4.7664
   57  1.9709e+10    11.7358    57    56     4.8460
   58  1.9560e+10    11.7557    58    57     4.9257
   59  1.1899e+10    13.1064    59    58     5.0053
   60  1.1714e+10    13.1508    60    59     5.0849
   61  1.0220e+10    13.5411    61    60     5.1646
   62  8.0215e+09    14.2544    62    61     5.2442
   63  7.9872e+09    14.2672    63    62     5.3238
   64  7.7630e+09    14.3529    64    63     5.4033
   65  7.2108e+09    14.5765    65    64     5.4829
   66  7.1164e+09    14.6167    66    65     5.5625
   67  6.8269e+09    14.7438    67    66     5.6421
   68  6.5396e+09    14.8763    68    67     5.7216
   69  4.4949e+09    16.0678    69    68     5.8012
   70  4.4646e+09    16.0899    70    69     5.8807
   71  4.3485e+09    16.1762    71    70     5.9602
   72  4.3221e+09    16.1962    72    71     6.0398
   73  4.2794e+09    16.2288    73    72     6.1193
   74  4.1987e+09    16.2915    74    73     6.1988
   75  4.0492e+09    16.4114    75    74     6.2783
   76  4.0190e+09    16.4362    76    75     6.3579
   77  3.4267e+09    16.9713    77    76     6.4374
   78  3.4150e+09    16.9829    78    77     6.5169
   79  3.3582e+09    17.0399    79    78     6.5964
   80  3.3523e+09    17.0459    80    79     6.6759
   81  2.8529e+09    17.6015    81    80     6.7554
   82  2.8183e+09    17.6439    82    81     6.8349
   83  2.7818e+09    17.6896    83    82     6.9143
   84  2.7701e+09    17.7042    84    83     6.9938
   85  1.6766e+09    19.5226    85    84     7.0733
   86  1.6702e+09    19.5371    86    85     7.1528
   87  1.6674e+09    19.5432    87    86     7.2323
   88  1.6584e+09    19.5635    88    87     7.3117
   89  1.6049e+09    19.6869    89    88     7.3912
   90  1.5551e+09    19.8060    90    89     7.4707
   91  1.5268e+09    19.8756    91    90     7.5502
   92  1.5178e+09    19.8981    92    91     7.6296
   93  1.4030e+09    20.1984    93    92     7.7091
   94  1.3064e+09    20.4735    94    93     7.7885
   95  1.2870e+09    20.5315    95    94     7.8680
   96  1.2091e+09    20.7747    96    95     7.9475
   97  1.2060e+09    20.7847    97    96     8.0269
   98  1.2059e+09    20.7851    98    97     8.1064
   99  1.0973e+09    21.1569    99    98     8.1858
  100  1.0935e+09    21.1708   100    99     8.2653
