#indx Mass S step-number desc_indx 
    0  1.0000e+12     4.3172     0    -1     0.0134
    1  9.7512e+11     4.3492     1     0     0.1326
    2  9.1627e+11     4.4288     2     1     0.2441
    3  9.0422e+11     4.4458     3     2     0.3500
    4  5.8163e+11     5.0428     4     3     0.4519
    5  5.7172e+11     5.0672     5     4     0.5506
    6  5.5566e+11     5.1078     6     5     0.6467
    7  5.4719e+11     5.1298     7     6     0.7407
    8  5.1557e+11     5.2156     8     7     0.8330
    9  4.9719e+11     5.2685     9     8     0.9238
   10  4.3297e+11     5.4736    10     9     1.0134
   11  4.3159e+11     5.4784    11    10     1.1018
   12  4.1481e+11     5.5383    12    11     1.1894
   13  2.2765e+11     6.5038    13    12     1.2761
   14  2.1945e+11     6.5666    14    13     1.3621
   15  2.1372e+11     6.6121    15    14     1.4474
   16  2.0113e+11     6.7174    16    15     1.5322
   17  1.8162e+11     6.8972    17    16     1.6165
   18  1.7091e+11     7.0060    18    17     1.7003
   19  1.5126e+11     7.2282    19    18     1.7838
   20  1.0995e+11     7.8325    20    19     1.8669
   21  1.0942e+11     7.8420    21    20     1.9496
   22  1.0723e+11     7.8815    22    21     2.0321
   23  1.0610e+11     7.9024    23    22     2.1143
   24  1.0479e+11     7.9268    24    23     2.1963
   25  1.0165e+11     7.9867    25    24     2.2781
   26  7.9093e+10     8.4943    26    25     2.3597
   27  6.9233e+10     8.7729    27    26     2.4411
   28  6.4114e+10     8.9366    28    27     2.5223
   29  6.3973e+10     8.9413    29    28     2.6034
   30  6.1767e+10     9.0169    30    29     2.6844
   31  6.0457e+10     9.0632    31    30     2.7652
   32  5.8930e+10     9.1188    32    31     2.8459
   33  5.8559e+10     9.1326    33    32     2.9266
   34  5.7118e+10     9.1869    34    33     3.0071
   35  5.6170e+10     9.2236    35    34     3.0876
   36  5.5746e+10     9.2403    36    35     3.1680
   37  5.5283e+10     9.2586    37    36     3.2483
   38  5.4708e+10     9.2817    38    37     3.3285
   39  5.3996e+10     9.3106    39    38     3.4087
   40  5.3771e+10     9.3198    40    39     3.4889
   41  5.1830e+10     9.4014    41    40     3.5689
   42  5.1402e+10     9.4198    42    41     3.6490
   43  5.0386e+10     9.4644    43    42     3.7290
   44  4.8689e+10     9.5412    44    43     3.8089
   45  4.8182e+10     9.5647    45    44     3.8889
   46  4.7450e+10     9.5993    46    45     3.9688
   47  3.8045e+10    10.1077    47    46     4.0486
   48  2.3111e+10    11.3256    48    47     4.1285
   49  2.2723e+10    11.3687    49    48     4.2083
   50  2.2182e+10    11.4303    50    49     4.2881
   51  2.1619e+10    11.4962    51    50     4.3678
   52  1.9671e+10    11.7408    52    51     4.4476
   53  1.8835e+10    11.8547    53    52     4.5273
   54  1.8514e+10    11.8999    54    53     4.6070
   55  1.5219e+10    12.4245    55    54     4.6867
   56  1.5213e+10    12.4255    56    55     4.7664
   57  1.5152e+10    12.4365    57    56     4.8460
   58  1.4857e+10    12.4901    58    57     4.9257
   59  1.3426e+10    12.7687    59    58     5.0053
   60  1.3243e+10    12.8068    60    59     5.0849
   61  1.3159e+10    12.8244    61    60     5.1646
   62  1.3132e+10    12.8301    62    61     5.2442
   63  1.3090e+10    12.8391    63    62     5.3238
   64  1.2769e+10    12.9082    64    63     5.4033
   65  1.2663e+10    12.9317    65    64     5.4829
   66  1.2636e+10    12.9376    66    65     5.5625
   67  1.2441e+10    12.9811    67    66     5.6421
   68  1.2235e+10    13.0281    68    67     5.7216
   69  1.2038e+10    13.0738    69    68     5.8012
   70  1.1705e+10    13.1531    70    69     5.8807
   71  1.1414e+10    13.2245    71    70     5.9602
   72  1.1392e+10    13.2298    72    71     6.0398
   73  1.1340e+10    13.2429    73    72     6.1193
   74  1.1161e+10    13.2883    74    73     6.1988
   75  1.0500e+10    13.4632    75    74     6.2783
   76  1.0418e+10    13.4857    76    75     6.3579
   77  1.0297e+10    13.5196    77    76     6.4374
   78  7.5345e+09    14.4431    78    77     6.5169
   79  6.1876e+09    15.0481    79    78     6.5964
   80  6.1431e+09    15.0706    80    79     6.6759
   81  6.1376e+09    15.0734    81    80     6.7554
   82  5.8972e+09    15.1984    82    81     6.8349
   83  5.5777e+09    15.3740    83    82     6.9143
   84  5.5494e+09    15.3900    84    83     6.9938
   85  5.5293e+09    15.4016    85    84     7.0733
   86  5.1550e+09    15.6248    86    85     7.1528
   87  5.1520e+09    15.6266    87    86     7.2323
   88  5.1420e+09    15.6329    88    87     7.3117
   89  4.9291e+09    15.7687    89    88     7.3912
   90  4.8640e+09    15.8116    90    89     7.4707
   91  4.8208e+09    15.8404    91    90     7.5502
   92  4.7037e+09    15.9200    92    91     7.6296
   93  4.7035e+09    15.9202    93    92     7.7091
   94  4.6820e+09    15.9350    94    93     7.7885
   95  4.4114e+09    16.1291    95    94     7.8680
   96  4.4033e+09    16.1352    96    95     7.9475
   97  4.3583e+09    16.1688    97    96     8.0269
   98  4.1625e+09    16.3201    98    97     8.1064
   99  3.9111e+09    16.5267    99    98     8.1858
  100  3.2620e+09    17.1391   100    99     8.2653
