#indx Mass S step-number desc_indx 
    0  1.0000e+12     4.3172     0    -1     0.0134
    1  9.6099e+11     4.3677     1     0     0.1326
    2  9.3331e+11     4.4051     2     1     0.2441
    3  9.2875e+11     4.4114     3     2     0.3500
    4  9.2039e+11     4.4230     4     3     0.4519
    5  9.0529e+11     4.4443     5     4     0.5506
    6  8.8548e+11     4.4729     6     5     0.6467
    7  8.7995e+11     4.4811     7     6     0.7407
    8  8.6026e+11     4.5105     8     7     0.8330
    9  8.5757e+11     4.5146     9     8     0.9238
   10  8.4572e+11     4.5328    10     9     1.0134
   11  7.0889e+11     4.7683    11    10     1.1018
   12  7.0308e+11     4.7795    12    11     1.1894
   13  6.0217e+11     4.9939    13    12     1.2761
   14  5.7919e+11     5.0488    14    13     1.3621
   15  5.5435e+11     5.1112    15    14     1.4474
   16  5.5010e+11     5.1222    16    15     1.5322
   17  5.4893e+11     5.1252    17    16     1.6165
   18  5.1188e+11     5.2261    18    17     1.7003
   19  5.0606e+11     5.2427    19    18     1.7838
   20  4.8320e+11     5.3104    20    19     1.8669
   21  4.7220e+11     5.3443    21    20     1.9496
   22  4.1976e+11     5.5203    22    21     2.0321
   23  3.6029e+11     5.7549    23    22     2.1143
   24  3.5814e+11     5.7643    24    23     2.1963
   25  3.5322e+11     5.7859    25    24     2.2781
   26  3.4572e+11     5.8196    26    25     2.3597
   27  1.8834e+11     6.8327    27    26     2.4411
   28  1.2155e+11     7.6387    28    27     2.5223
   29  1.2094e+11     7.6484    29    28     2.6034
   30  1.1961e+11     7.6696    30    29     2.6844
   31  1.1941e+11     7.6728    31    30     2.7652
   32  1.1935e+11     7.6737    32    31     2.8459
   33  9.7801e+10     8.0633    33    32     2.9266
   34  9.7340e+10     8.0728    34    33     3.0071
   35  6.4389e+10     8.9274    35    34     3.0876
   36  6.3679e+10     8.9512    36    35     3.1680
   37  6.2548e+10     8.9898    37    36     3.2483
   38  6.0859e+10     9.0489    38    37     3.3285
   39  5.2554e+10     9.3705    39    38     3.4087
   40  5.2012e+10     9.3935    40    39     3.4889
   41  5.1664e+10     9.4085    41    40     3.5689
   42  5.0833e+10     9.4446    42    41     3.6490
   43  4.9649e+10     9.4974    43    42     3.7290
   44  4.9332e+10     9.5117    44    43     3.8089
   45  4.9294e+10     9.5135    45    44     3.8889
   46  4.8949e+10     9.5292    46    45     3.9688
   47  4.7798e+10     9.5828    47    46     4.0486
   48  4.4171e+10     9.7620    48    47     4.1285
   49  4.2382e+10     9.8569    49    48     4.2083
   50  4.1383e+10     9.9119    50    49     4.2881
   51  4.1364e+10     9.9130    51    50     4.3678
   52  3.8251e+10    10.0950    52    51     4.4476
   53  3.6875e+10    10.1811    53    52     4.5273
   54  3.6246e+10    10.2217    54    53     4.6070
   55  3.6160e+10    10.2273    55    54     4.6867
   56  3.6106e+10    10.2309    56    55     4.7664
   57  2.7450e+10    10.8939    57    56     4.8460
   58  2.7343e+10    10.9036    58    57     4.9257
   59  2.7169e+10    10.9193    59    58     5.0053
   60  2.6855e+10    10.9483    60    59     5.0849
   61  2.6434e+10    10.9875    61    60     5.1646
   62  2.6275e+10    11.0025    62    61     5.2442
   63  2.5952e+10    11.0333    63    62     5.3238
   64  2.5895e+10    11.0388    64    63     5.4033
   65  2.4974e+10    11.1296    65    64     5.4829
   66  2.4644e+10    11.1631    66    65     5.5625
   67  2.4336e+10    11.1947    67    66     5.6421
   68  2.4305e+10    11.1980    68    67     5.7216
   69  2.4239e+10    11.2048    69    68     5.8012
   70  2.3487e+10    11.2846    70    69     5.8807
   71  2.2949e+10    11.3435    71    70     5.9602
   72  2.2703e+10    11.3709    72    71     6.0398
   73  1.7307e+10    12.0786    73    72     6.1193
   74  1.5352e+10    12.4009    74    73     6.1988
   75  1.3881e+10    12.6765    75    74     6.2783
   76  1.3843e+10    12.6840    76    75     6.3579
   77  1.3661e+10    12.7206    77    76     6.4374
   78  1.3531e+10    12.7470    78    77     6.5169
   79  1.3346e+10    12.7853    79    78     6.5964
   80  1.3030e+10    12.8519    80    79     6.6759
   81  1.1233e+10    13.2699    81    80     6.7554
   82  1.1214e+10    13.2749    82    81     6.8349
   83  1.1209e+10    13.2760    83    82     6.9143
   84  1.0986e+10    13.3333    84    83     6.9938
   85  1.0759e+10    13.3932    85    84     7.0733
   86  9.8982e+09    13.6339    86    85     7.1528
   87  9.8392e+09    13.6513    87    86     7.2323
   88  9.6787e+09    13.6991    88    87     7.3117
   89  9.6386e+09    13.7112    89    88     7.3912
   90  9.6211e+09    13.7165    90    89     7.4707
   91  9.5388e+09    13.7416    91    90     7.5502
   92  9.4895e+09    13.7568    92    91     7.6296
   93  9.2953e+09    13.8173    93    92     7.7091
   94  9.0344e+09    13.9010    94    93     7.7885
   95  8.9088e+09    13.9423    95    94     7.8680
   96  8.5723e+09    14.0563    96    95     7.9475
   97  8.5368e+09    14.0686    97    96     8.0269
   98  8.4885e+09    14.0854    98    97     8.1064
   99  8.3715e+09    14.1268    99    98     8.1858
  100  8.2977e+09    14.1531   100    99     8.2653
