#indx Mass S step-number desc_indx 
    0  1.0000e+12     4.3172     0    -1     0.0134
    1  9.9599e+11     4.3223     1     0     0.1326
    2  9.3990e+11     4.3961     2     1     0.2441
    3  9.2116e+11     4.4219     3     2     0.3500
    4  8.8229e+11     4.4776     4     3     0.4519
    5  8.5108e+11     4.5245     5     4     0.5506
    6  8.2839e+11     4.5600     6     5     0.6467
    7  8.1280e+11     4.5850     7     6     0.7407
    8  7.8992e+11     4.6228     8     7     0.8330
    9  7.8111e+11     4.6378     9     8     0.9238
   10  7.1335e+11     4.7598    10     9     1.0134
   11  7.1210e+11     4.7622    11    10     1.1018
   12  6.9750e+11     4.7903    12    11     1.1894
   13  6.3922e+11     4.9104    13    12     1.2761
   14  6.3725e+11     4.9147    14    13     1.3621
   15  6.2216e+11     4.9481    15    14     1.4474
   16  6.1405e+11     4.9664    16    15     1.5322
   17  6.0690e+11     4.9829    17    16     1.6165
   18  6.0150e+11     4.9954    18    17     1.7003
   19  5.7076e+11     5.0696    19    18     1.7838
   20  5.1494e+11     5.2174    20    19     1.8669
   21  4.7608e+11     5.3322    21    20     1.9496
   22  4.7202e+11     5.3449    22    21     2.0321
   23  4.6416e+11     5.3697    23    22     2.1143
   24  4.1660e+11     5.5318    24    23     2.1963
   25  4.0687e+11     5.5676    25    24     2.2781
   26  3.7711e+11     5.6841    26    25     2.3597
   27  2.7057e+11     6.2143    27    26     2.4411
   28  2.1813e+11     6.5769    28    27     2.5223
   29  2.0724e+11     6.6654    29    28     2.6034
   30  2.0157e+11     6.7137    30    29     2.6844
   31  2.0017e+11     6.7258    31    30     2.7652
   32  1.9836e+11     6.7417    32    31     2.8459
   33  1.9243e+11     6.7949    33    32     2.9266
   34  1.9155e+11     6.8030    34    33     3.0071
   35  1.6279e+11     7.0939    35    34     3.0876
   36  1.5947e+11     7.1314    36    35     3.1680
   37  1.4643e+11     7.2880    37    36     3.2483
   38  1.4070e+11     7.3622    38    37     3.3285
   39  9.8282e+10     8.0536    39    38     3.4087
   40  6.8239e+10     8.8035    40    39     3.4889
   41  6.7935e+10     8.8130    41    40     3.5689
   42  6.7006e+10     8.8423    42    41     3.6490
   43  5.9636e+10     9.0929    43    42     3.7290
   44  5.6324e+10     9.2176    44    43     3.8089
   45  5.5112e+10     9.2654    45    44     3.8889
   46  5.4768e+10     9.2792    46    45     3.9688
   47  3.1425e+10    10.5630    47    46     4.0486
   48  3.1353e+10    10.5686    48    47     4.1285
   49  3.1310e+10    10.5719    49    48     4.2083
   50  3.1055e+10    10.5917    50    49     4.2881
   51  3.0992e+10    10.5966    51    50     4.3678
   52  3.0493e+10    10.6360    52    51     4.4476
   53  2.9428e+10    10.7227    53    52     4.5273
   54  2.9385e+10    10.7264    54    53     4.6070
   55  2.9299e+10    10.7335    55    54     4.6867
   56  2.9122e+10    10.7483    56    55     4.7664
   57  2.9053e+10    10.7542    57    56     4.8460
   58  2.8585e+10    10.7940    58    57     4.9257
   59  2.8099e+10    10.8362    59    58     5.0053
   60  2.4926e+10    11.1344    60    59     5.0849
   61  2.3488e+10    11.2845    61    60     5.1646
   62  2.3112e+10    11.3255    62    61     5.2442
   63  2.3103e+10    11.3264    63    62     5.3238
   64  2.0566e+10    11.6252    64    63     5.4033
   65  2.0430e+10    11.6425    65    64     5.4829
   66  2.0303e+10    11.6585    66    65     5.5625
   67  1.9811e+10    11.7224    67    66     5.6421
   68  1.9644e+10    11.7444    68    67     5.7216
   69  1.9384e+10    11.7793    69    68     5.8012
   70  1.9350e+10    11.7839    70    69     5.8807
   71  1.8643e+10    11.8817    71    70     5.9602
   72  1.8359e+10    11.9220    72    71     6.0398
   73  1.7934e+10    11.9840    73    72     6.1193
   74  1.7731e+10    12.0141    74    73     6.1988
   75  1.7630e+10    12.0294    75    74     6.2783
   76  1.6643e+10    12.1830    76    75     6.3579
   77  1.6536e+10    12.2004    77    76     6.4374
   78  1.6422e+10    12.2190    78    77     6.5169
   79  1.6385e+10    12.2250    79    78     6.5964
   80  1.4924e+10    12.4778    80    79     6.6759
   81  1.4840e+10    12.4932    81    80     6.7554
   82  1.3888e+10    12.6751    82    81     6.8349
   83  1.3845e+10    12.6836    83    82     6.9143
   84  1.3559e+10    12.7413    84    83     6.9938
   85  1.3526e+10    12.7481    85    84     7.0733
   86  1.1596e+10    13.1794    86    85     7.1528
   87  1.1236e+10    13.2692    87    86     7.2323
   88  1.0918e+10    13.3510    88    87     7.3117
   89  1.0781e+10    13.3873    89    88     7.3912
   90  9.7862e+09    13.6670    90    89     7.4707
   91  9.7635e+09    13.6737    91    90     7.5502
   92  9.5464e+09    13.7393    92    91     7.6296
   93  9.4978e+09    13.7542    93    92     7.7091
   94  9.2599e+09    13.8285    94    93     7.7885
   95  9.0621e+09    13.8920    95    94     7.8680
   96  8.3588e+09    14.1313    96    95     7.9475
   97  8.3300e+09    14.1416    97    96     8.0269
   98  7.7270e+09    14.3669    98    97     8.1064
   99  7.7067e+09    14.3748    99    98     8.1858
  100  7.6934e+09    14.3800   100    99     8.2653
