#indx Mass S step-number desc_indx 
    0  1.0000e+12     4.3172     0    -1     0.0134
    1  9.7441e+11     4.3501     1     0     0.1326
    2  9.7151e+11     4.3539     2     1     0.2441
    3  9.4344e+11     4.3913     3     2     0.3500
    4  9.2165e+11     4.4212     4     3     0.4519
    5  9.1467e+11     4.4310     5     4     0.5506
    6  9.1096e+11     4.4363     6     5     0.6467
    7  8.9096e+11     4.4649     7     6     0.7407
    8  8.8589e+11     4.4723     8     7     0.8330
    9  8.5111e+11     4.5245     9     8     0.9238
   10  8.2590e+11     4.5639    10     9     1.0134
   11  8.2450e+11     4.5662    11    10     1.1018
   12  8.2332e+11     4.5681    12    11     1.1894
   13  4.8109e+11     5.3168    13    12     1.2761
   14  4.7073e+11     5.3489    14    13     1.3621
   15  4.6805e+11     5.3574    15    14     1.4474
   16  4.5066e+11     5.4136    16    15     1.5322
   17  4.4787e+11     5.4229    17    16     1.6165
   18  4.4550e+11     5.4308    18    17     1.7003
   19  4.0834e+11     5.5622    19    18     1.7838
   20  3.3956e+11     5.8479    20    19     1.8669
   21  1.1965e+11     7.6689    21    20     1.9496
   22  1.1724e+11     7.7080    22    21     2.0321
   23  9.6602e+10     8.0880    23    22     2.1143
   24  9.6354e+10     8.0931    24    23     2.1963
   25  9.3283e+10     8.1580    25    24     2.2781
   26  8.5087e+10     8.3442    26    25     2.3597
   27  8.4502e+10     8.3583    27    26     2.4411
   28  7.9157e+10     8.4926    28    27     2.5223
   29  7.9094e+10     8.4943    29    28     2.6034
   30  7.8486e+10     8.5103    30    29     2.6844
   31  7.7626e+10     8.5331    31    30     2.7652
   32  7.7450e+10     8.5378    32    31     2.8459
   33  7.1981e+10     8.6908    33    32     2.9266
   34  6.8269e+10     8.8026    34    33     3.0071
   35  6.7984e+10     8.8115    35    34     3.0876
   36  2.3199e+08    27.9656    36    35     3.1680
   37  2.3164e+08    27.9730    37    36     3.2483
   38  2.2298e+08    28.1568    38    37     3.3285
   39  2.2243e+08    28.1686    39    38     3.4087
   40  2.1312e+08    28.3760    40    39     3.4889
   41  2.1167e+08    28.4092    41    40     3.5689
   42  2.1157e+08    28.4115    42    41     3.6490
   43  2.1107e+08    28.4229    43    42     3.7290
   44  2.1066e+08    28.4324    44    43     3.8089
   45  2.0953e+08    28.4585    45    44     3.8889
   46  2.0903e+08    28.4702    46    45     3.9688
   47  2.0879e+08    28.4757    47    46     4.0486
   48  2.0691e+08    28.5199    48    47     4.1285
   49  1.9779e+08    28.7403    49    48     4.2083
   50  1.8859e+08    28.9743    50    49     4.2881
   51  1.8678e+08    29.0219    51    50     4.3678
   52  1.8673e+08    29.0232    52    51     4.4476
   53  1.8476e+08    29.0756    53    52     4.5273
   54  1.6766e+08    29.5582    54    53     4.6070
   55  1.6496e+08    29.6395    55    54     4.6867
   56  1.6397e+08    29.6694    56    55     4.7664
   57  1.6173e+08    29.7384    57    56     4.8460
   58  1.5761e+08    29.8683    58    57     4.9257
   59  1.5094e+08    30.0862    59    58     5.0053
   60  1.4948e+08    30.1354    60    59     5.0849
   61  1.3138e+08    30.7937    61    60     5.1646
   62  1.2942e+08    30.8709    62    61     5.2442
   63  1.2620e+08    31.0011    63    62     5.3238
   64  1.2343e+08    31.1156    64    63     5.4033
   65  1.2296e+08    31.1353    65    64     5.4829
   66  1.2263e+08    31.1494    66    65     5.5625
   67  1.2164e+08    31.1911    67    66     5.6421
   68  1.2086e+08    31.2247    68    67     5.7216
   69  1.2035e+08    31.2466    69    68     5.8012
   70  1.2005e+08    31.2594    70    69     5.8807
   71  1.2003e+08    31.2604    71    70     5.9602
   72  1.2001e+08    31.2611    72    71     6.0398
   73  1.1820e+08    31.3403    73    72     6.1193
   74  1.1787e+08    31.3546    74    73     6.1988
   75  1.1770e+08    31.3622    75    74     6.2783
   76  1.1746e+08    31.3728    76    75     6.3579
   77  1.1740e+08    31.3756    77    76     6.4374
   78  1.1339e+08    31.5569    78    77     6.5169
   79  1.1264e+08    31.5916    79    78     6.5964
   80  1.1242e+08    31.6014    80    79     6.6759
   81  1.1214e+08    31.6148    81    80     6.7554
   82  1.1204e+08    31.6194    82    81     6.8349
   83  1.0982e+08    31.7240    83    82     6.9143
   84  1.0977e+08    31.7263    84    83     6.9938
   85  1.0892e+08    31.7674    85    84     7.0733
   86  1.0738e+08    31.8423    86    85     7.1528
