#indx Mass S step-number desc_indx 
    0  1.0000e+12     4.3172     0    -1     0.0134
    1  7.6935e+11     4.6580     1     0     0.1326
    2  7.6231e+11     4.6703     2     1     0.2441
    3  7.5702e+11     4.6796     3     2     0.3500
    4  7.4777e+11     4.6961     4     3     0.4519
    5  7.3348e+11     4.7221     5     4     0.5506
    6  7.2516e+11     4.7375     6     5     0.6467
    7  7.2294e+11     4.7417     7     6     0.7407
    8  7.1856e+11     4.7499     8     7     0.8330
    9  7.1351e+11     4.7595     9     8     0.9238
   10  7.0376e+11     4.7782    10     9     1.0134
   11  6.8002e+11     4.8251    11    10     1.1018
   12  4.4472e+11     5.4334    12    11     1.1894
   13  4.4420e+11     5.4352    13    12     1.2761
   14  4.2061e+11     5.5173    14    13     1.3621
   15  4.1972e+11     5.5205    15    14     1.4474
   16  3.9265e+11     5.6220    16    15     1.5322
   17  3.8599e+11     5.6482    17    16     1.6165
   18  3.7738e+11     5.6830    18    17     1.7003
   19  3.4775e+11     5.8104    19    18     1.7838
   20  1.9356e+11     6.7846    20    19     1.8669
   21  1.7657e+11     6.9475    21    20     1.9496
   22  1.7259e+11     6.9883    22    21     2.0321
   23  1.7064e+11     7.0087    23    22     2.1143
   24  1.6811e+11     7.0356    24    23     2.1963
   25  1.5043e+11     7.2383    25    24     2.2781
   26  9.5700e+10     8.1067    26    25     2.3597
   27  9.0175e+10     8.2262    27    26     2.4411
   28  8.9969e+10     8.2308    28    27     2.5223
   29  7.7779e+10     8.5290    29    28     2.6034
   30  7.4972e+10     8.6055    30    29     2.6844
   31  4.8309e+10     9.5588    31    30     2.7652
   32  4.7816e+10     9.5819    32    31     2.8459
   33  4.7250e+10     9.6088    33    32     2.9266
   34  3.9212e+10    10.0370    34    33     3.0071
   35  3.8209e+10    10.0976    35    34     3.0876
   36  3.7586e+10    10.1362    36    35     3.1680
   37  3.7528e+10    10.1398    37    36     3.2483
   38  3.6824e+10    10.1844    38    37     3.3285
   39  3.4632e+10    10.3297    39    38     3.4087
   40  3.3850e+10    10.3842    40    39     3.4889
   41  3.3358e+10    10.4193    41    40     3.5689
   42  3.3015e+10    10.4440    42    41     3.6490
   43  2.4234e+10    11.2053    43    42     3.7290
   44  2.3934e+10    11.2368    44    43     3.8089
   45  2.3888e+10    11.2417    45    44     3.8889
   46  2.3855e+10    11.2451    46    45     3.9688
   47  2.3516e+10    11.2814    47    46     4.0486
   48  2.2884e+10    11.3506    48    47     4.1285
   49  2.2162e+10    11.4325    49    48     4.2083
   50  2.1680e+10    11.4891    50    49     4.2881
   51  2.0059e+10    11.6900    51    50     4.3678
   52  1.9977e+10    11.7007    52    51     4.4476
   53  1.9342e+10    11.7849    53    52     4.5273
   54  1.8134e+10    11.9547    54    53     4.6070
   55  1.8114e+10    11.9576    55    54     4.6867
   56  1.5581e+10    12.3608    56    55     4.7664
   57  9.0429e+09    13.8982    57    56     4.8460
   58  8.9888e+09    13.9159    58    57     4.9257
   59  8.8601e+09    13.9585    59    58     5.0053
   60  8.3121e+09    14.1480    60    59     5.0849
   61  8.2951e+09    14.1541    61    60     5.1646
   62  8.2441e+09    14.1725    62    61     5.2442
   63  7.3927e+08    22.7637    63    62     5.3238
   64  3.1944e+08    26.4558    64    63     5.4033
   65  3.1537e+08    26.5151    65    64     5.4829
   66  2.8117e+08    27.0512    66    65     5.5625
   67  2.7782e+08    27.1075    67    66     5.6421
   68  2.7507e+08    27.1546    68    67     5.7216
   69  2.7475e+08    27.1600    69    68     5.8012
   70  2.7454e+08    27.1635    70    69     5.8807
   71  2.7132e+08    27.2193    71    70     5.9602
   72  2.6837e+08    27.2709    72    71     6.0398
   73  2.6770e+08    27.2828    73    72     6.1193
   74  2.6710e+08    27.2933    74    73     6.1988
   75  2.6661e+08    27.3020    75    74     6.2783
   76  2.6432e+08    27.3429    76    75     6.3579
