#indx Mass S step-number desc_indx 
    0  1.0000e+12     4.3172     0    -1     0.0134
    1  9.8387e+11     4.3378     1     0     0.1326
    2  9.4330e+11     4.3914     2     1     0.2441
    3  7.2198e+11     4.7435     3     2     0.3500
    4  7.1843e+11     4.7502     4     3     0.4519
    5  6.2724e+11     4.9368     5     4     0.5506
    6  6.2165e+11     4.9493     6     5     0.6467
    7  6.0694e+11     4.9828     7     6     0.7407
    8  6.0208e+11     4.9941     8     7     0.8330
    9  6.0018e+11     4.9985     9     8     0.9238
   10  5.9006e+11     5.0225    10     9     1.0134
   11  5.6380e+11     5.0870    11    10     1.1018
   12  5.0568e+11     5.2438    12    11     1.1894
   13  4.8575e+11     5.3026    13    12     1.2761
   14  4.5371e+11     5.4036    14    13     1.3621
   15  4.4775e+11     5.4233    15    14     1.4474
   16  3.8997e+11     5.6325    16    15     1.5322
   17  3.8327e+11     5.6591    17    16     1.6165
   18  1.9547e+11     6.7674    18    17     1.7003
   19  1.9202e+11     6.7987    19    18     1.7838
   20  1.8927e+11     6.8241    20    19     1.8669
   21  1.8581e+11     6.8567    21    20     1.9496
   22  1.8106e+11     6.9027    22    21     2.0321
   23  1.6832e+11     7.0334    23    22     2.1143
   24  1.6627e+11     7.0556    24    23     2.1963
   25  1.6617e+11     7.0566    25    24     2.2781
   26  1.6571e+11     7.0616    26    25     2.3597
   27  1.5880e+11     7.1391    27    26     2.4411
   28  1.5353e+11     7.2008    28    27     2.5223
   29  1.5077e+11     7.2342    29    28     2.6034
   30  1.5022e+11     7.2408    30    29     2.6844
   31  1.3964e+11     7.3764    31    30     2.7652
   32  1.3417e+11     7.4512    32    31     2.8459
   33  6.4627e+10     8.9195    33    32     2.9266
   34  6.3929e+10     8.9428    34    33     3.0071
   35  6.3764e+10     8.9483    35    34     3.0876
   36  6.0541e+10     9.0602    36    35     3.1680
   37  5.1495e+10     9.4158    37    36     3.2483
   38  5.0860e+10     9.4434    38    37     3.3285
   39  4.8342e+10     9.5573    39    38     3.4087
   40  4.3303e+10     9.8075    40    39     3.4889
   41  3.9755e+10    10.0050    41    40     3.5689
   42  3.8806e+10    10.0613    42    41     3.6490
   43  3.8744e+10    10.0651    43    42     3.7290
   44  3.8636e+10    10.0716    44    43     3.8089
   45  3.7208e+10    10.1599    45    44     3.8889
   46  3.4754e+10    10.3214    46    45     3.9688
   47  3.4191e+10    10.3603    47    46     4.0486
   48  3.2680e+10    10.4685    48    47     4.1285
   49  3.2638e+10    10.4716    49    48     4.2083
   50  3.2212e+10    10.5033    50    49     4.2881
   51  3.0748e+10    10.6158    51    50     4.3678
   52  2.9199e+10    10.7419    52    51     4.4476
   53  2.1288e+10    11.5360    53    52     4.5273
   54  1.9964e+10    11.7023    54    53     4.6070
   55  1.9786e+10    11.7257    55    54     4.6867
   56  1.9629e+10    11.7465    56    55     4.7664
   57  1.8625e+10    11.8842    57    56     4.8460
   58  1.8533e+10    11.8971    58    57     4.9257
   59  1.1535e+10    13.1946    59    58     5.0053
   60  1.0757e+10    13.3938    60    59     5.0849
   61  1.0642e+10    13.4245    61    60     5.1646
   62  1.0457e+10    13.4749    62    61     5.2442
   63  1.0311e+10    13.5156    63    62     5.3238
   64  1.0307e+10    13.5167    64    63     5.4033
   65  4.9804e+09    15.7354    65    64     5.4829
   66  4.7398e+09    15.8953    66    65     5.5625
   67  4.7390e+09    15.8958    67    66     5.6421
   68  4.6665e+09    15.9458    68    67     5.7216
   69  4.4846e+09    16.0753    69    68     5.8012
   70  4.4426e+09    16.1061    70    69     5.8807
   71  4.4422e+09    16.1063    71    70     5.9602
   72  4.3890e+09    16.1458    72    71     6.0398
   73  4.2766e+09    16.2309    73    72     6.1193
   74  4.2376e+09    16.2611    74    73     6.1988
   75  3.9367e+09    16.5050    75    74     6.2783
   76  3.9035e+09    16.5331    76    75     6.3579
   77  3.8341e+09    16.5930    77    76     6.4374
   78  3.8305e+09    16.5962    78    77     6.5169
   79  3.7493e+09    16.6678    79    78     6.5964
   80  3.7414e+09    16.6749    80    79     6.6759
   81  3.7350e+09    16.6806    81    80     6.7554
   82  3.6783e+09    16.7320    82    81     6.8349
   83  3.6582e+09    16.7504    83    82     6.9143
   84  3.6449e+09    16.7627    84    83     6.9938
   85  3.6217e+09    16.7842    85    84     7.0733
   86  3.3826e+09    17.0153    86    85     7.1528
   87  3.3726e+09    17.0254    87    86     7.2323
   88  3.2210e+09    17.1823    88    87     7.3117
   89  3.1044e+09    17.3089    89    88     7.3912
   90  3.0444e+09    17.3762    90    89     7.4707
   91  2.4382e+09    18.1546    91    90     7.5502
   92  2.4355e+09    18.1585    92    91     7.6296
   93  2.4292e+09    18.1677    93    92     7.7091
   94  2.3613e+09    18.2689    94    93     7.7885
   95  2.3433e+09    18.2964    95    94     7.8680
   96  2.2358e+09    18.4650    96    95     7.9475
   97  2.2342e+09    18.4676    97    96     8.0269
   98  2.2308e+09    18.4730    98    97     8.1064
   99  2.2200e+09    18.4906    99    98     8.1858
  100  2.2097e+09    18.5073   100    99     8.2653
