#indx Mass S step-number desc_indx 
    0  1.0000e+12     4.3172     0    -1     0.0134
    1  9.6049e+11     4.3684     1     0     0.1326
    2  6.3942e+11     4.9100     2     1     0.2441
    3  5.9935e+11     5.0005     3     2     0.3500
    4  3.5132e+11     5.7944     4     3     0.4519
    5  3.3879e+11     5.8515     5     4     0.5506
    6  3.3303e+11     5.8786     6     5     0.6467
    7  3.2637e+11     5.9106     7     6     0.7407
    8  3.2050e+11     5.9395     8     7     0.8330
    9  3.1901e+11     5.9470     9     8     0.9238
   10  3.1126e+11     5.9863    10     9     1.0134
   11  2.8046e+11     6.1552    11    10     1.1018
   12  2.7253e+11     6.2023    12    11     1.1894
   13  2.7230e+11     6.2037    13    12     1.2761
   14  2.7150e+11     6.2086    14    13     1.3621
   15  2.6809e+11     6.2295    15    14     1.4474
   16  2.6497e+11     6.2488    16    15     1.5322
   17  2.5551e+11     6.3092    17    16     1.6165
   18  2.4005e+11     6.4139    18    17     1.7003
   19  1.8200e+11     6.8935    19    18     1.7838
   20  1.5250e+11     7.2132    20    19     1.8669
   21  4.1485e+10     9.9062    21    20     1.9496
   22  3.8105e+10    10.1040    22    21     2.0321
   23  3.7898e+10    10.1168    23    22     2.1143
   24  3.7090e+10    10.1674    24    23     2.1963
   25  3.6926e+10    10.1778    25    24     2.2781
   26  3.6478e+10    10.2066    26    25     2.3597
   27  3.6316e+10    10.2171    27    26     2.4411
   28  3.4904e+10    10.3111    28    27     2.5223
   29  3.4536e+10    10.3363    29    28     2.6034
   30  3.4187e+10    10.3606    30    29     2.6844
   31  3.4165e+10    10.3621    31    30     2.7652
   32  2.8945e+10    10.7633    32    31     2.8459
   33  2.8885e+10    10.7684    33    32     2.9266
   34  2.8270e+10    10.8212    34    33     3.0071
   35  2.7029e+10    10.9322    35    34     3.0876
   36  5.2037e+09    15.5947    36    35     3.1680
   37  5.1109e+09    15.6524    37    36     3.2483
   38  5.0701e+09    15.6780    38    37     3.3285
   39  4.8931e+09    15.7924    39    38     3.4087
   40  4.8656e+09    15.8105    40    39     3.4889
   41  4.8347e+09    15.8311    41    40     3.5689
   42  4.8040e+09    15.8517    42    41     3.6490
   43  4.7965e+09    15.8568    43    42     3.7290
   44  4.7622e+09    15.8800    44    43     3.8089
   45  4.7613e+09    15.8806    45    44     3.8889
   46  4.7119e+09    15.9144    46    45     3.9688
   47  4.6389e+09    15.9651    47    46     4.0486
   48  4.5764e+09    16.0092    48    47     4.1285
   49  4.5351e+09    16.0387    49    48     4.2083
   50  4.3448e+09    16.1790    50    49     4.2881
   51  4.3407e+09    16.1821    51    50     4.3678
   52  4.3027e+09    16.2110    52    51     4.4476
   53  4.2979e+09    16.2146    53    52     4.5273
   54  4.2975e+09    16.2149    54    53     4.6070
   55  4.2957e+09    16.2163    55    54     4.6867
   56  3.8415e+09    16.5865    56    55     4.7664
   57  3.8170e+09    16.6079    57    56     4.8460
   58  3.7627e+09    16.6559    58    57     4.9257
   59  3.7197e+09    16.6944    59    58     5.0053
   60  3.6346e+09    16.7722    60    59     5.0849
   61  2.6616e+09    17.8444    61    60     5.1646
   62  2.6477e+09    17.8628    62    61     5.2442
   63  2.6138e+09    17.9082    63    62     5.3238
   64  2.5720e+09    17.9652    64    63     5.4033
   65  2.4668e+09    18.1131    65    64     5.4829
   66  2.3535e+09    18.2808    66    65     5.5625
   67  2.3490e+09    18.2876    67    66     5.6421
   68  2.2776e+09    18.3983    68    67     5.7216
   69  2.2692e+09    18.4116    69    68     5.8012
   70  2.1647e+09    18.5816    70    69     5.8807
   71  1.8301e+09    19.1964    71    70     5.9602
   72  1.7887e+09    19.2811    72    71     6.0398
   73  1.7739e+09    19.3120    73    72     6.1193
   74  1.7702e+09    19.3198    74    73     6.1988
   75  1.4498e+09    20.0727    75    74     6.2783
   76  1.4090e+09    20.1820    76    75     6.3579
   77  1.3349e+09    20.3899    77    76     6.4374
   78  1.3237e+09    20.4224    78    77     6.5169
   79  1.3210e+09    20.4302    79    78     6.5964
   80  1.3150e+09    20.4479    80    79     6.6759
   81  1.3145e+09    20.4494    81    80     6.7554
   82  1.3135e+09    20.4524    82    81     6.8349
   83  1.3003e+09    20.4915    83    82     6.9143
   84  1.2975e+09    20.4998    84    83     6.9938
   85  1.2913e+09    20.5186    85    84     7.0733
   86  1.1241e+09    21.0614    86    85     7.1528
   87  1.1046e+09    21.1308    87    86     7.2323
   88  1.1012e+09    21.1429    88    87     7.3117
   89  1.0749e+09    21.2390    89    88     7.3912
   90  1.0737e+09    21.2432    90    89     7.4707
   91  9.9626e+08    21.5424    91    90     7.5502
   92  9.6778e+08    21.6591    92    91     7.6296
   93  8.1827e+08    22.3428    93    92     7.7091
   94  7.5473e+08    22.6775    94    93     7.7885
   95  7.1740e+08    22.8893    95    94     7.8680
   96  6.8817e+08    23.0640    96    95     7.9475
   97  6.8552e+08    23.0802    97    96     8.0269
   98  6.8042e+08    23.1117    98    97     8.1064
   99  6.7904e+08    23.1202    99    98     8.1858
  100  6.6222e+08    23.2262   100    99     8.2653
