#indx Mass S step-number desc_indx 
    0  1.0000e+12     4.3172     0    -1     0.0134
    1  9.5708e+11     4.3729     1     0     0.1326
    2  9.4987e+11     4.3826     2     1     0.2441
    3  7.2200e+11     4.7434     3     2     0.3500
    4  7.0529e+11     4.7752     4     3     0.4519
    5  6.8051e+11     4.8241     5     4     0.5506
    6  6.3672e+11     4.9159     6     5     0.6467
    7  6.3246e+11     4.9252     7     6     0.7407
    8  6.2324e+11     4.9457     8     7     0.8330
    9  5.9885e+11     5.0016     9     8     0.9238
   10  5.8977e+11     5.0232    10     9     1.0134
   11  5.8327e+11     5.0388    11    10     1.1018
   12  5.4485e+11     5.1360    12    11     1.1894
   13  5.3435e+11     5.1639    13    12     1.2761
   14  5.3174e+11     5.1710    14    13     1.3621
   15  4.5543e+11     5.3979    15    14     1.4474
   16  2.7581e+11     6.1827    16    15     1.5322
   17  2.7498e+11     6.1876    17    16     1.6165
   18  2.7163e+11     6.2078    18    17     1.7003
   19  2.4992e+11     6.3462    19    18     1.7838
   20  2.4252e+11     6.3966    20    19     1.8669
   21  1.9782e+11     6.7465    21    20     1.9496
   22  3.2279e+10    10.4983    22    21     2.0321
   23  3.1465e+10    10.5599    23    22     2.1143
   24  3.1310e+10    10.5719    24    23     2.1963
   25  3.1233e+10    10.5778    25    24     2.2781
   26  3.1216e+10    10.5792    26    25     2.3597
   27  2.9674e+10    10.7024    27    26     2.4411
   28  2.8535e+10    10.7983    28    27     2.5223
   29  2.2592e+10    11.3835    29    28     2.6034
   30  2.2559e+10    11.3872    30    29     2.6844
   31  2.2069e+10    11.4433    31    30     2.7652
   32  2.1831e+10    11.4712    32    31     2.8459
   33  2.1818e+10    11.4727    33    32     2.9266
   34  2.1555e+10    11.5039    34    33     3.0071
   35  2.1501e+10    11.5103    35    34     3.0876
   36  2.1468e+10    11.5143    36    35     3.1680
   37  2.1215e+10    11.5449    37    36     3.2483
   38  2.0871e+10    11.5870    38    37     3.3285
   39  2.0634e+10    11.6166    39    38     3.4087
   40  2.0617e+10    11.6187    40    39     3.4889
   41  2.0335e+10    11.6544    41    40     3.5689
   42  1.9833e+10    11.7195    42    41     3.6490
   43  1.9036e+10    11.8268    43    42     3.7290
   44  1.8967e+10    11.8363    44    43     3.8089
   45  1.8947e+10    11.8391    45    44     3.8889
   46  1.8834e+10    11.8549    46    45     3.9688
   47  1.7409e+10    12.0630    47    46     4.0486
   48  1.7318e+10    12.0769    48    47     4.1285
   49  1.7233e+10    12.0900    49    48     4.2083
   50  1.6665e+10    12.1795    50    49     4.2881
   51  1.6286e+10    12.2414    51    50     4.3678
   52  1.6252e+10    12.2470    52    51     4.4476
   53  1.6182e+10    12.2585    53    52     4.5273
   54  1.3811e+10    12.6905    54    53     4.6070
   55  1.3710e+10    12.7107    55    54     4.6867
   56  1.3687e+10    12.7154    56    55     4.7664
   57  1.2786e+10    12.9045    57    56     4.8460
   58  1.2425e+10    12.9847    58    57     4.9257
   59  1.1919e+10    13.1019    59    58     5.0053
   60  1.1810e+10    13.1278    60    59     5.0849
   61  1.1636e+10    13.1697    61    60     5.1646
   62  1.0910e+10    13.3533    62    61     5.2442
   63  1.0898e+10    13.3564    63    62     5.3238
   64  1.0862e+10    13.3658    64    63     5.4033
   65  1.0799e+10    13.3824    65    64     5.4829
   66  1.0532e+10    13.4546    66    65     5.5625
   67  1.0226e+10    13.5394    67    66     5.6421
   68  1.0151e+10    13.5609    68    67     5.7216
   69  1.0147e+10    13.5620    69    68     5.8012
   70  8.8930e+09    13.9475    70    69     5.8807
   71  8.8331e+09    13.9675    71    70     5.9602
   72  8.5811e+09    14.0532    72    71     6.0398
   73  8.5794e+09    14.0538    73    72     6.1193
   74  8.5424e+09    14.0666    74    73     6.1988
   75  5.8151e+09    15.2424    75    74     6.2783
   76  5.7061e+09    15.3021    76    75     6.3579
   77  5.6588e+09    15.3283    77    76     6.4374
   78  5.4523e+09    15.4461    78    77     6.5169
   79  5.4455e+09    15.4500    79    78     6.5964
   80  5.4175e+09    15.4664    80    79     6.6759
   81  5.0150e+09    15.7131    81    80     6.7554
   82  4.7143e+09    15.9127    82    81     6.8349
   83  4.5790e+09    16.0074    83    82     6.9143
   84  4.5527e+09    16.0261    84    83     6.9938
   85  4.5475e+09    16.0299    85    84     7.0733
   86  4.5362e+09    16.0380    86    85     7.1528
   87  4.3228e+09    16.1957    87    86     7.2323
   88  4.2933e+09    16.2182    88    87     7.3117
   89  4.2767e+09    16.2309    89    88     7.3912
   90  4.2033e+09    16.2879    90    89     7.4707
   91  4.1586e+09    16.3232    91    90     7.5502
   92  4.0187e+09    16.4365    92    91     7.6296
   93  3.9577e+09    16.4872    93    92     7.7091
   94  3.9417e+09    16.5007    94    93     7.7885
   95  3.6732e+09    16.7367    95    94     7.8680
   96  3.6158e+09    16.7897    96    95     7.9475
   97  3.4790e+09    16.9199    97    96     8.0269
   98  3.4156e+09    16.9823    98    97     8.1064
   99  3.1551e+09    17.2532    99    98     8.1858
  100  3.1421e+09    17.2674   100    99     8.2653
