#indx Mass S step-number desc_indx 
    0  1.0000e+12     4.3172     0    -1     0.0134
    1  9.8672e+11     4.3341     1     0     0.1326
    2  9.7828e+11     4.3450     2     1     0.2441
    3  9.5739e+11     4.3725     3     2     0.3500
    4  9.3639e+11     4.4009     4     3     0.4519
    5  5.8896e+11     5.0251     5     4     0.5506
    6  5.8339e+11     5.0385     6     5     0.6467
    7  5.6262e+11     5.0900     7     6     0.7407
    8  5.2644e+11     5.1854     8     7     0.8330
    9  5.1710e+11     5.2113     9     8     0.9238
   10  5.0951e+11     5.2328    10     9     1.0134
   11  5.0854e+11     5.2356    11    10     1.1018
   12  4.9749e+11     5.2677    12    11     1.1894
   13  4.9017e+11     5.2893    13    12     1.2761
   14  3.3653e+11     5.8620    14    13     1.3621
   15  3.3386e+11     5.8747    15    14     1.4474
   16  3.2356e+11     5.9244    16    15     1.5322
   17  3.2064e+11     5.9389    17    16     1.6165
   18  3.2009e+11     5.9416    18    17     1.7003
   19  3.1892e+11     5.9474    19    18     1.7838
   20  3.1126e+11     5.9864    20    19     1.8669
   21  3.1093e+11     5.9881    21    20     1.9496
   22  3.0434e+11     6.0225    22    21     2.0321
   23  3.0404e+11     6.0241    23    22     2.1143
   24  3.0351e+11     6.0269    24    23     2.1963
   25  2.9474e+11     6.0743    25    24     2.2781
   26  2.7656e+11     6.1782    26    25     2.3597
   27  1.8291e+11     6.8846    27    26     2.4411
   28  1.8270e+11     6.8867    28    27     2.5223
   29  1.7454e+11     6.9682    29    28     2.6034
   30  1.6974e+11     7.0183    30    29     2.6844
   31  1.4913e+11     7.2543    31    30     2.7652
   32  1.4518e+11     7.3040    32    31     2.8459
   33  1.4170e+11     7.3490    33    32     2.9266
   34  1.3934e+11     7.3803    34    33     3.0071
   35  1.3152e+11     7.4888    35    34     3.0876
   36  1.2742e+11     7.5488    36    35     3.1680
   37  1.2696e+11     7.5556    37    36     3.2483
   38  1.1906e+11     7.6785    38    37     3.3285
   39  1.1843e+11     7.6886    39    38     3.4087
   40  1.1638e+11     7.7223    40    39     3.4889
   41  1.1194e+11     7.7977    41    40     3.5689
   42  1.0917e+11     7.8465    42    41     3.6490
   43  1.0025e+11     8.0141    43    42     3.7290
   44  9.7837e+10     8.0626    44    43     3.8089
   45  9.6447e+10     8.0912    45    44     3.8889
   46  9.6213e+10     8.0960    46    45     3.9688
   47  9.5860e+10     8.1033    47    46     4.0486
   48  8.3401e+10     8.3851    48    47     4.1285
   49  8.2440e+10     8.4089    49    48     4.2083
   50  8.0162e+10     8.4666    50    49     4.2881
   51  7.5548e+10     8.5895    51    50     4.3678
   52  7.4405e+10     8.6213    52    51     4.4476
   53  7.3018e+10     8.6608    53    52     4.5273
   54  7.2688e+10     8.6702    54    53     4.6070
   55  6.6572e+10     8.8561    55    54     4.6867
   56  6.6307e+10     8.8647    56    55     4.7664
   57  6.5747e+10     8.8827    57    56     4.8460
   58  6.2671e+10     8.9855    58    57     4.9257
   59  5.4842e+10     9.2763    59    58     5.0053
   60  5.4500e+10     9.2901    60    59     5.0849
   61  5.4476e+10     9.2910    61    60     5.1646
   62  5.3372e+10     9.3363    62    61     5.2442
   63  5.2991e+10     9.3522    63    62     5.3238
   64  4.6969e+10     9.6223    64    63     5.4033
   65  4.4172e+10     9.7620    65    64     5.4829
   66  4.3635e+10     9.7900    66    65     5.5625
   67  4.3477e+10     9.7983    67    66     5.6421
   68  4.3345e+10     9.8053    68    67     5.7216
   69  4.1974e+10     9.8792    69    68     5.8012
   70  3.7431e+10    10.1459    70    69     5.8807
   71  3.7163e+10    10.1628    71    70     5.9602
   72  3.3526e+10    10.4073    72    71     6.0398
   73  3.3046e+10    10.4418    73    72     6.1193
   74  3.2886e+10    10.4535    74    73     6.1988
   75  3.2834e+10    10.4572    75    74     6.2783
   76  3.1405e+10    10.5645    76    75     6.3579
   77  3.0784e+10    10.6129    77    76     6.4374
   78  3.0002e+10    10.6755    78    77     6.5169
   79  2.9606e+10    10.7080    79    78     6.5964
   80  2.7397e+10    10.8987    80    79     6.6759
   81  2.7237e+10    10.9132    81    80     6.7554
   82  2.7193e+10    10.9172    82    81     6.8349
   83  2.6884e+10    10.9456    83    82     6.9143
   84  2.6866e+10    10.9472    84    83     6.9938
   85  2.6582e+10    10.9736    85    84     7.0733
   86  2.6580e+10    10.9738    86    85     7.1528
   87  2.3703e+10    11.2613    87    86     7.2323
   88  2.3252e+10    11.3101    88    87     7.3117
   89  2.3158e+10    11.3204    89    88     7.3912
   90  2.2566e+10    11.3864    90    89     7.4707
   91  2.2481e+10    11.3960    91    90     7.5502
   92  1.6219e+10    12.2524    92    91     7.6296
   93  1.5879e+10    12.3096    93    92     7.7091
   94  1.5873e+10    12.3106    94    93     7.7885
   95  1.5487e+10    12.3772    95    94     7.8680
   96  1.5432e+10    12.3868    96    95     7.9475
   97  1.5220e+10    12.4243    97    96     8.0269
   98  1.4196e+10    12.6148    98    97     8.1064
   99  1.4164e+10    12.6208    99    98     8.1858
  100  1.3888e+10    12.6752   100    99     8.2653
