#indx Mass S step-number desc_indx 
    0  1.0000e+12     4.3172     0    -1     0.0134
    1  9.9011e+11     4.3298     1     0     0.1326
    2  6.6217e+11     4.8616     2     1     0.2441
    3  6.3242e+11     4.9253     3     2     0.3500
    4  5.6741e+11     5.0780     4     3     0.4519
    5  5.2654e+11     5.1852     5     4     0.5506
    6  4.8527e+11     5.3041     6     5     0.6467
    7  4.8035e+11     5.3191     7     6     0.7407
    8  4.5354e+11     5.4041     8     7     0.8330
    9  4.2760e+11     5.4924     9     8     0.9238
   10  3.8781e+11     5.6410    10     9     1.0134
   11  3.8233e+11     5.6629    11    10     1.1018
   12  3.7886e+11     5.6770    12    11     1.1894
   13  3.7319e+11     5.7003    13    12     1.2761
   14  3.7027e+11     5.7125    14    13     1.3621
   15  3.4844e+11     5.8073    15    14     1.4474
   16  3.2037e+11     5.9402    16    15     1.5322
   17  3.0903e+11     5.9979    17    16     1.6165
   18  3.0415e+11     6.0235    18    17     1.7003
   19  2.8491e+11     6.1295    19    18     1.7838
   20  2.8354e+11     6.1374    20    19     1.8669
   21  2.6423e+11     6.2534    21    20     1.9496
   22  2.6180e+11     6.2687    22    21     2.0321
   23  1.6484e+11     7.0712    23    22     2.1143
   24  1.6418e+11     7.0785    24    23     2.1963
   25  1.4680e+11     7.2834    25    24     2.2781
   26  1.4609e+11     7.2924    26    25     2.3597
   27  1.2645e+11     7.5633    27    26     2.4411
   28  1.2608e+11     7.5688    28    27     2.5223
   29  1.2556e+11     7.5767    29    28     2.6034
   30  1.2359e+11     7.6069    30    29     2.6844
   31  9.6409e+10     8.0919    31    30     2.7652
   32  9.2750e+10     8.1695    32    31     2.8459
   33  6.1527e+10     9.0253    33    32     2.9266
   34  6.1066e+10     9.0415    34    33     3.0071
   35  5.8410e+10     9.1381    35    34     3.0876
   36  5.7590e+10     9.1690    36    35     3.1680
   37  5.7500e+10     9.1724    37    36     3.2483
   38  5.4901e+10     9.2739    38    37     3.3285
   39  5.2436e+10     9.3755    39    38     3.4087
   40  5.1056e+10     9.4349    40    39     3.4889
   41  4.6033e+10     9.6679    41    40     3.5689
   42  4.1734e+10     9.8924    42    41     3.6490
   43  4.1516e+10     9.9045    43    42     3.7290
   44  3.8464e+10    10.0820    44    43     3.8089
   45  3.8444e+10    10.0833    45    44     3.8889
   46  3.8180e+10    10.0993    46    45     3.9688
   47  3.6507e+10    10.2048    47    46     4.0486
   48  3.5655e+10    10.2606    48    47     4.1285
   49  3.5460e+10    10.2736    49    48     4.2083
   50  3.5351e+10    10.2809    50    49     4.2881
   51  2.9233e+10    10.7390    51    50     4.3678
   52  2.6441e+10    10.9869    52    51     4.4476
   53  2.5899e+10    11.0385    53    52     4.5273
   54  2.4865e+10    11.1406    54    53     4.6070
   55  2.4830e+10    11.1442    55    54     4.6867
   56  2.4577e+10    11.1699    56    55     4.7664
   57  2.4190e+10    11.2099    57    56     4.8460
   58  2.4127e+10    11.2165    58    57     4.9257
   59  2.3965e+10    11.2335    59    58     5.0053
   60  2.3847e+10    11.2461    60    59     5.0849
   61  2.3296e+10    11.3053    61    60     5.1646
   62  2.2280e+10    11.4190    62    61     5.2442
   63  2.1435e+10    11.5182    63    62     5.3238
   64  1.9714e+10    11.7352    64    63     5.4033
   65  1.7740e+10    12.0128    65    64     5.4829
   66  1.7675e+10    12.0226    66    65     5.5625
   67  1.5993e+10    12.2903    67    66     5.6421
   68  1.5810e+10    12.3213    68    67     5.7216
   69  1.5657e+10    12.3475    69    68     5.8012
   70  1.5300e+10    12.4102    70    69     5.8807
   71  1.5288e+10    12.4123    71    70     5.9602
   72  1.2138e+10    13.0504    72    71     6.0398
   73  9.2022e+09    13.8469    73    72     6.1193
   74  6.4609e+09    14.9138    74    73     6.1988
   75  6.4223e+09    14.9324    75    74     6.2783
   76  6.4015e+09    14.9424    76    75     6.3579
   77  4.1280e+09    16.3476    77    76     6.4374
   78  4.0725e+09    16.3923    78    77     6.5169
   79  4.0626e+09    16.4004    79    78     6.5964
   80  3.1950e+09    17.2101    80    79     6.6759
   81  3.1722e+09    17.2347    81    80     6.7554
   82  3.1233e+09    17.2881    82    81     6.8349
   83  3.0560e+09    17.3631    83    82     6.9143
   84  3.0374e+09    17.3841    84    83     6.9938
   85  2.9273e+09    17.5120    85    84     7.0733
   86  2.8952e+09    17.5503    86    85     7.1528
   87  2.8872e+09    17.5598    87    86     7.2323
   88  2.8703e+09    17.5802    88    87     7.3117
   89  2.6497e+09    17.8601    89    88     7.3912
   90  2.5694e+09    17.9687    90    89     7.4707
   91  2.5675e+09    17.9714    91    90     7.5502
   92  2.5413e+09    18.0076    92    91     7.6296
   93  2.5371e+09    18.0134    93    92     7.7091
   94  2.4624e+09    18.1194    94    93     7.7885
   95  2.4347e+09    18.1597    95    94     7.8680
   96  2.3147e+09    18.3404    96    95     7.9475
   97  2.2806e+09    18.3936    97    96     8.0269
   98  2.2638e+09    18.4202    98    97     8.1064
   99  2.2450e+09    18.4502    99    98     8.1858
  100  2.2405e+09    18.4574   100    99     8.2653
