#indx Mass S step-number desc_indx 
    0  1.0000e+12     4.3172     0    -1     0.0134
    1  9.3479e+11     4.4031     1     0     0.1326
    2  9.1958e+11     4.4241     2     1     0.2441
    3  9.1523e+11     4.4302     3     2     0.3500
    4  9.0608e+11     4.4432     4     3     0.4519
    5  7.8126e+11     4.6375     5     4     0.5506
    6  7.0044e+11     4.7846     6     5     0.6467
    7  6.0945e+11     4.9770     7     6     0.7407
    8  5.9474e+11     5.0113     8     7     0.8330
    9  5.7766e+11     5.0525     9     8     0.9238
   10  5.4711e+11     5.1300    10     9     1.0134
   11  5.2057e+11     5.2017    11    10     1.1018
   12  5.0978e+11     5.2321    12    11     1.1894
   13  4.9574e+11     5.2728    13    12     1.2761
   14  4.8136e+11     5.3160    14    13     1.3621
   15  4.7348e+11     5.3403    15    14     1.4474
   16  4.5428e+11     5.4017    16    15     1.5322
   17  4.4307e+11     5.4390    17    16     1.6165
   18  3.6828e+11     5.7208    18    17     1.7003
   19  3.3141e+11     5.8863    19    18     1.7838
   20  3.2097e+11     5.9372    20    19     1.8669
   21  3.1067e+11     5.9894    21    20     1.9496
   22  2.9764e+11     6.0585    22    21     2.0321
   23  2.9266e+11     6.0858    23    22     2.1143
   24  2.8971e+11     6.1023    24    23     2.1963
   25  2.8269e+11     6.1423    25    24     2.2781
   26  2.6854e+11     6.2267    26    25     2.3597
   27  2.6455e+11     6.2515    27    26     2.4411
   28  2.5750e+11     6.2963    28    27     2.5223
   29  2.2438e+11     6.5285    29    28     2.6034
   30  2.2369e+11     6.5338    30    29     2.6844
   31  1.4597e+11     7.2939    31    30     2.7652
   32  7.6091e+10     8.5746    32    31     2.8459
   33  7.2380e+10     8.6792    33    32     2.9266
   34  6.0138e+10     9.0747    34    33     3.0071
   35  6.0081e+10     9.0767    35    34     3.0876
   36  5.9938e+10     9.0819    36    35     3.1680
   37  5.9777e+10     9.0878    37    36     3.2483
   38  5.9363e+10     9.1029    38    37     3.3285
   39  5.8301e+10     9.1422    39    38     3.4087
   40  5.8278e+10     9.1430    40    39     3.4889
   41  5.4918e+10     9.2732    41    40     3.5689
   42  5.4706e+10     9.2817    42    41     3.6490
   43  5.3964e+10     9.3118    43    42     3.7290
   44  5.3207e+10     9.3431    44    43     3.8089
   45  5.2962e+10     9.3533    45    44     3.8889
   46  5.2769e+10     9.3615    46    45     3.9688
   47  5.1999e+10     9.3941    47    46     4.0486
   48  5.0691e+10     9.4509    48    47     4.1285
   49  4.8374e+10     9.5558    49    48     4.2083
   50  4.7685e+10     9.5881    50    49     4.2881
   51  4.5897e+10     9.6747    51    50     4.3678
   52  4.5625e+10     9.6882    52    51     4.4476
   53  4.4680e+10     9.7359    53    52     4.5273
   54  4.4004e+10     9.7707    54    53     4.6070
   55  4.1232e+10     9.9203    55    54     4.6867
   56  3.9419e+10    10.0248    56    55     4.7664
   57  3.9257e+10    10.0343    57    56     4.8460
   58  3.8472e+10    10.0815    58    57     4.9257
   59  3.5785e+10    10.2519    59    58     5.0053
   60  3.5728e+10    10.2558    60    59     5.0849
   61  3.5100e+10    10.2978    61    60     5.1646
   62  3.4935e+10    10.3090    62    61     5.2442
   63  3.1775e+10    10.5362    63    62     5.3238
   64  3.1306e+10    10.5722    64    63     5.4033
   65  3.1237e+10    10.5775    65    64     5.4829
   66  3.0536e+10    10.6326    66    65     5.5625
   67  3.0085e+10    10.6689    67    66     5.6421
   68  2.9962e+10    10.6788    68    67     5.7216
   69  1.3666e+10    12.7196    69    68     5.8012
   70  1.3613e+10    12.7304    70    69     5.8807
   71  1.3523e+10    12.7487    71    70     5.9602
   72  1.3052e+10    12.8472    72    71     6.0398
   73  1.3035e+10    12.8509    73    72     6.1193
   74  1.2900e+10    12.8798    74    73     6.1988
   75  1.2830e+10    12.8950    75    74     6.2783
   76  1.2704e+10    12.9225    76    75     6.3579
   77  1.2544e+10    12.9580    77    76     6.4374
   78  1.2490e+10    12.9700    78    77     6.5169
   79  1.2380e+10    12.9950    79    78     6.5964
   80  1.2263e+10    13.0215    80    79     6.6759
   81  1.2134e+10    13.0513    81    80     6.7554
   82  1.2098e+10    13.0598    82    81     6.8349
   83  1.1980e+10    13.0874    83    82     6.9143
   84  1.1064e+10    13.3132    84    83     6.9938
   85  1.1002e+10    13.3291    85    84     7.0733
   86  1.0989e+10    13.3325    86    85     7.1528
   87  1.0835e+10    13.3731    87    86     7.2323
   88  1.0430e+10    13.4826    88    87     7.3117
   89  1.0383e+10    13.4954    89    88     7.3912
   90  7.1725e+09    14.5927    90    89     7.4707
   91  7.1505e+09    14.6021    91    90     7.5502
   92  6.7610e+09    14.7736    92    91     7.6296
   93  6.5621e+09    14.8657    93    92     7.7091
   94  6.5286e+09    14.8816    94    93     7.7885
   95  6.4198e+09    14.9336    95    94     7.8680
   96  6.3485e+09    14.9682    96    95     7.9475
   97  6.3243e+09    14.9801    97    96     8.0269
   98  6.3091e+09    14.9876    98    97     8.1064
   99  6.2948e+09    14.9946    99    98     8.1858
  100  6.2173e+09    15.0331   100    99     8.2653
