#indx Mass S step-number desc_indx 
    0  1.0000e+12     4.3172     0    -1     0.0134
    1  9.8714e+11     4.3336     1     0     0.1326
    2  9.6914e+11     4.3570     2     1     0.2441
    3  9.3242e+11     4.4063     3     2     0.3500
    4  9.2389e+11     4.4181     4     3     0.4519
    5  7.5164e+11     4.6892     5     4     0.5506
    6  5.6084e+11     5.0946     6     5     0.6467
    7  5.5914e+11     5.0989     7     6     0.7407
    8  5.3781e+11     5.1546     8     7     0.8330
    9  5.2320e+11     5.1944     9     8     0.9238
   10  5.0259e+11     5.2527    10     9     1.0134
   11  4.8381e+11     5.3085    11    10     1.1018
   12  4.7845e+11     5.3249    12    11     1.1894
   13  4.7599e+11     5.3325    13    12     1.2761
   14  1.1216e+11     7.7938    14    13     1.3621
   15  1.0665e+11     7.8921    15    14     1.4474
   16  8.5444e+10     8.3356    16    15     1.5322
   17  7.6684e+10     8.5584    17    16     1.6165
   18  7.5494e+10     8.5910    18    17     1.7003
   19  7.4612e+10     8.6155    19    18     1.7838
   20  7.2156e+10     8.6857    20    19     1.8669
   21  7.2036e+10     8.6892    21    20     1.9496
   22  7.1868e+10     8.6941    22    21     2.0321
   23  7.1218e+10     8.7132    23    22     2.1143
   24  3.5600e+10    10.2642    24    23     2.1963
   25  3.4864e+10    10.3138    25    24     2.2781
   26  3.3516e+10    10.4080    26    25     2.3597
   27  3.2052e+10    10.5153    27    26     2.4411
   28  3.1779e+10    10.5359    28    27     2.5223
   29  3.1348e+10    10.5690    29    28     2.6034
   30  2.9231e+10    10.7391    30    29     2.6844
   31  2.9098e+10    10.7503    31    30     2.7652
   32  2.8970e+10    10.7611    32    31     2.8459
   33  2.7827e+10    10.8602    33    32     2.9266
   34  2.4695e+10    11.1579    34    33     3.0071
   35  2.4568e+10    11.1708    35    34     3.0876
   36  2.4408e+10    11.1873    36    35     3.1680
   37  2.4140e+10    11.2151    37    36     3.2483
   38  2.3396e+10    11.2944    38    37     3.3285
   39  2.3242e+10    11.3112    39    38     3.4087
   40  2.3043e+10    11.3331    40    39     3.4889
   41  1.8913e+10    11.8438    41    40     3.5689
   42  1.8232e+10    11.9404    42    41     3.6490
   43  1.7658e+10    12.0251    43    42     3.7290
   44  1.7579e+10    12.0370    44    43     3.8089
   45  1.7382e+10    12.0671    45    44     3.8889
   46  1.7372e+10    12.0686    46    45     3.9688
   47  1.6861e+10    12.1482    47    46     4.0486
   48  1.4248e+10    12.6046    48    47     4.1285
   49  1.3869e+10    12.6788    49    48     4.2083
   50  1.3414e+10    12.7712    50    49     4.2881
   51  8.8530e+09    13.9608    51    50     4.3678
   52  8.6346e+09    14.0348    52    51     4.4476
   53  8.4232e+09    14.1084    53    52     4.5273
   54  8.2386e+09    14.1745    54    53     4.6070
   55  8.1990e+09    14.1889    55    54     4.6867
   56  8.1305e+09    14.2140    56    55     4.7664
   57  8.0619e+09    14.2393    57    56     4.8460
   58  8.0108e+09    14.2584    58    57     4.9257
   59  7.9797e+09    14.2701    59    58     5.0053
   60  4.6709e+09    15.9427    60    59     5.0849
   61  4.6185e+09    15.9795    61    60     5.1646
   62  3.6096e+09    16.7954    62    61     5.2442
   63  3.5415e+09    16.8597    63    62     5.3238
   64  3.4118e+09    16.9861    64    63     5.4033
   65  2.9375e+09    17.4999    65    64     5.4829
   66  2.9253e+09    17.5143    66    65     5.5625
   67  2.8944e+09    17.5512    67    66     5.6421
   68  2.8884e+09    17.5584    68    67     5.7216
   69  2.8721e+09    17.5781    69    68     5.8012
   70  2.0624e+09    18.7574    70    69     5.8807
   71  2.0120e+09    18.8478    71    70     5.9602
   72  1.9770e+09    18.9119    72    71     6.0398
   73  1.8622e+09    19.1320    73    72     6.1193
   74  1.4842e+09    19.9831    74    73     6.1988
   75  1.4805e+09    19.9926    75    74     6.2783
   76  1.4497e+09    20.0729    76    75     6.3579
   77  1.4292e+09    20.1275    77    76     6.4374
   78  1.3084e+09    20.4676    78    77     6.5169
   79  9.9314e+08    21.5550    79    78     6.5964
   80  9.0074e+08    21.9498    80    79     6.6759
   81  8.9985e+08    21.9538    81    80     6.7554
   82  8.9792e+08    21.9625    82    81     6.8349
   83  8.9458e+08    21.9777    83    82     6.9143
   84  8.9037e+08    21.9969    84    83     6.9938
   85  8.7504e+08    22.0678    85    84     7.0733
   86  7.0629e+08    22.9547    86    85     7.1528
   87  7.0465e+08    22.9644    87    86     7.2323
   88  6.9448e+08    23.0255    88    87     7.3117
   89  6.8695e+08    23.0714    89    88     7.3912
   90  5.5906e+08    23.9505    90    89     7.4707
   91  3.1613e+08    26.5039    91    90     7.5502
   92  3.1484e+08    26.5230    92    91     7.6296
   93  3.1477e+08    26.5240    93    92     7.7091
   94  3.1435e+08    26.5301    94    93     7.7885
   95  3.1060e+08    26.5859    95    94     7.8680
   96  3.1059e+08    26.5860    96    95     7.9475
   97  3.0882e+08    26.6126    97    96     8.0269
   98  3.0637e+08    26.6496    98    97     8.1064
   99  3.0521e+08    26.6674    99    98     8.1858
  100  2.6899e+08    27.2599   100    99     8.2653
