#indx Mass S step-number desc_indx 
    0  1.0000e+12     4.3172     0    -1     0.0134
    1  8.0576e+11     4.5965     1     0     0.1326
    2  7.6466e+11     4.6662     2     1     0.2441
    3  7.5087e+11     4.6906     3     2     0.3500
    4  7.4708e+11     4.6974     4     3     0.4519
    5  6.9809e+11     4.7892     5     4     0.5506
    6  6.7653e+11     4.8321     6     5     0.6467
    7  6.1091e+11     4.9736     7     6     0.7407
    8  5.7848e+11     5.0505     8     7     0.8330
    9  5.7681e+11     5.0546     9     8     0.9238
   10  5.6600e+11     5.0815    10     9     1.0134
   11  5.0226e+11     5.2537    11    10     1.1018
   12  4.9833e+11     5.2652    12    11     1.1894
   13  4.8926e+11     5.2921    13    12     1.2761
   14  4.6864e+11     5.3555    14    13     1.3621
   15  4.0585e+11     5.5715    15    14     1.4474
   16  4.0537e+11     5.5732    16    15     1.5322
   17  4.0443e+11     5.5768    17    16     1.6165
   18  3.5247e+11     5.7892    18    17     1.7003
   19  3.4663e+11     5.8154    19    18     1.7838
   20  3.3614e+11     5.8639    20    19     1.8669
   21  3.3290e+11     5.8792    21    20     1.9496
   22  3.3089e+11     5.8888    22    21     2.0321
   23  3.2943e+11     5.8958    23    22     2.1143
   24  2.9091e+11     6.0956    24    23     2.1963
   25  2.9041e+11     6.0984    25    24     2.2781
   26  2.8782e+11     6.1129    26    25     2.3597
   27  2.8004e+11     6.1577    27    26     2.4411
   28  2.5105e+11     6.3386    28    27     2.5223
   29  2.4563e+11     6.3752    29    28     2.6034
   30  2.4519e+11     6.3782    30    29     2.6844
   31  2.2221e+11     6.5451    31    30     2.7652
   32  1.6938e+11     7.0221    32    31     2.8459
   33  1.6674e+11     7.0505    33    32     2.9266
   34  1.6214e+11     7.1011    34    33     3.0071
   35  1.5658e+11     7.1647    35    34     3.0876
   36  1.5423e+11     7.1924    36    35     3.1680
   37  1.4601e+11     7.2933    37    36     3.2483
   38  1.4295e+11     7.3327    38    37     3.3285
   39  1.3974e+11     7.3750    39    38     3.4087
   40  1.2882e+11     7.5280    40    39     3.4889
   41  1.2845e+11     7.5335    41    40     3.5689
   42  1.2758e+11     7.5464    42    41     3.6490
   43  1.2491e+11     7.5867    43    42     3.7290
   44  1.1639e+11     7.7222    44    43     3.8089
   45  1.1582e+11     7.7317    45    44     3.8889
   46  1.1571e+11     7.7335    46    45     3.9688
   47  1.1561e+11     7.7350    47    46     4.0486
   48  1.1386e+11     7.7647    48    47     4.1285
   49  1.1139e+11     7.8072    49    48     4.2083
   50  1.0091e+11     8.0013    50    49     4.2881
   51  9.9605e+10     8.0270    51    50     4.3678
   52  9.7274e+10     8.0741    52    51     4.4476
   53  9.4169e+10     8.1390    53    52     4.5273
   54  8.9897e+10     8.2325    54    53     4.6070
   55  8.6662e+10     8.3068    55    54     4.6867
   56  8.6608e+10     8.3081    56    55     4.7664
   57  8.6285e+10     8.3157    57    56     4.8460
   58  8.4270e+10     8.3639    58    57     4.9257
   59  8.0875e+10     8.4483    59    58     5.0053
   60  7.9942e+10     8.4722    60    59     5.0849
   61  7.0390e+10     8.7379    61    60     5.1646
   62  6.6462e+10     8.8597    62    61     5.2442
   63  6.5523e+10     8.8900    63    62     5.3238
   64  6.3933e+10     8.9427    64    63     5.4033
   65  6.3001e+10     8.9742    65    64     5.4829
   66  6.2620e+10     8.9873    66    65     5.5625
   67  6.2592e+10     8.9883    67    66     5.6421
   68  3.7658e+10    10.1317    68    67     5.7216
   69  3.4781e+10    10.3195    69    68     5.8012
   70  3.3338e+10    10.4207    70    69     5.8807
   71  3.2890e+10    10.4532    71    70     5.9602
   72  3.2581e+10    10.4759    72    71     6.0398
   73  3.2518e+10    10.4805    73    72     6.1193
   74  2.6996e+10    10.9352    74    73     6.1988
   75  2.6522e+10    10.9792    75    74     6.2783
   76  2.6425e+10    10.9883    76    75     6.3579
   77  2.6349e+10    10.9955    77    76     6.4374
   78  2.6005e+10    11.0283    78    77     6.5169
   79  2.0250e+10    11.6653    79    78     6.5964
   80  2.0141e+10    11.6794    80    79     6.6759
   81  2.0075e+10    11.6879    81    80     6.7554
   82  1.9906e+10    11.7100    82    81     6.8349
   83  1.9051e+10    11.8248    83    82     6.9143
   84  1.6999e+10    12.1265    84    83     6.9938
   85  1.3598e+10    12.7335    85    84     7.0733
   86  1.1603e+10    13.1779    86    85     7.1528
   87  1.0798e+10    13.3828    87    86     7.2323
   88  1.0019e+10    13.5986    88    87     7.3117
   89  1.0006e+10    13.6024    89    88     7.3912
   90  1.0005e+10    13.6027    90    89     7.4707
   91  9.9427e+09    13.6209    91    90     7.5502
   92  9.8965e+09    13.6344    92    91     7.6296
   93  9.8926e+09    13.6355    93    92     7.7091
   94  9.7906e+09    13.6657    94    93     7.7885
   95  9.7171e+09    13.6876    95    94     7.8680
   96  9.6072e+09    13.7208    96    95     7.9475
   97  9.3654e+09    13.7953    97    96     8.0269
   98  9.0450e+09    13.8975    98    97     8.1064
   99  8.4868e+09    14.0860    99    98     8.1858
  100  8.3750e+09    14.1255   100    99     8.2653
