#indx Mass S step-number desc_indx 
    0  1.0000e+12     4.3172     0    -1     0.0134
    1  8.2950e+11     4.5582     1     0     0.1326
    2  8.0667e+11     4.5950     2     1     0.2441
    3  7.9106e+11     4.6209     3     2     0.3500
    4  7.6205e+11     4.6707     4     3     0.4519
    5  3.9146e+11     5.6266     5     4     0.5506
    6  3.8687e+11     5.6447     6     5     0.6467
    7  3.8273e+11     5.6613     7     6     0.7407
    8  3.7784e+11     5.6811     8     7     0.8330
    9  3.7577e+11     5.6896     9     8     0.9238
   10  3.7309e+11     5.7007    10     9     1.0134
   11  3.5170e+11     5.7927    11    10     1.1018
   12  3.4875e+11     5.8059    12    11     1.1894
   13  3.4052e+11     5.8434    13    12     1.2761
   14  3.1579e+11     5.9632    14    13     1.3621
   15  3.0430e+11     6.0227    15    14     1.4474
   16  3.0040e+11     6.0435    16    15     1.5322
   17  2.5225e+11     6.3306    17    16     1.6165
   18  2.4077e+11     6.4088    18    17     1.7003
   19  2.3114e+11     6.4779    19    18     1.7838
   20  2.2226e+11     6.5448    20    19     1.8669
   21  1.8902e+11     6.8264    21    20     1.9496
   22  1.8865e+11     6.8299    22    21     2.0321
   23  1.6479e+11     7.0717    23    22     2.1143
   24  1.4524e+11     7.3031    24    23     2.1963
   25  1.3557e+11     7.4317    25    24     2.2781
   26  1.3401e+11     7.4535    26    25     2.3597
   27  1.2911e+11     7.5238    27    26     2.4411
   28  1.2476e+11     7.5889    28    27     2.5223
   29  1.1510e+11     7.7437    29    28     2.6034
   30  1.1000e+11     7.8317    30    29     2.6844
   31  1.0972e+11     7.8367    31    30     2.7652
   32  1.0935e+11     7.8432    32    31     2.8459
   33  1.0913e+11     7.8472    33    32     2.9266
   34  1.0217e+11     7.9767    34    33     3.0071
   35  1.0182e+11     7.9834    35    34     3.0876
   36  9.7360e+10     8.0724    36    35     3.1680
   37  9.7256e+10     8.0745    37    36     3.2483
   38  9.3970e+10     8.1432    38    37     3.3285
   39  9.3830e+10     8.1462    39    38     3.4087
   40  9.2876e+10     8.1668    40    39     3.4889
   41  8.9010e+10     8.2525    41    40     3.5689
   42  8.7446e+10     8.2885    42    41     3.6490
   43  8.0658e+10     8.4538    43    42     3.7290
   44  7.8865e+10     8.5003    44    43     3.8089
   45  7.8694e+10     8.5048    45    44     3.8889
   46  7.6666e+10     8.5589    46    45     3.9688
   47  7.4137e+10     8.6289    47    46     4.0486
   48  7.2446e+10     8.6772    48    47     4.1285
   49  6.8835e+10     8.7851    49    48     4.2083
   50  6.5835e+10     8.8799    50    49     4.2881
   51  6.5186e+10     8.9011    51    50     4.3678
   52  6.1366e+10     9.0309    52    51     4.4476
   53  6.0276e+10     9.0697    53    52     4.5273
   54  5.9620e+10     9.0935    54    53     4.6070
   55  5.8254e+10     9.1439    55    54     4.6867
   56  5.5597e+10     9.2461    56    55     4.7664
   57  5.5145e+10     9.2641    57    56     4.8460
   58  5.4649e+10     9.2840    58    57     4.9257
   59  5.4507e+10     9.2898    59    58     5.0053
   60  5.3564e+10     9.3283    60    59     5.0849
   61  5.0756e+10     9.4480    61    60     5.1646
   62  4.9697e+10     9.4952    62    61     5.2442
   63  4.9648e+10     9.4974    63    62     5.3238
   64  2.9525e+10    10.7147    64    63     5.4033
   65  2.8578e+10    10.7946    65    64     5.4829
   66  2.8085e+10    10.8375    66    65     5.5625
   67  2.7658e+10    10.8753    67    66     5.6421
   68  2.6217e+10    11.0080    68    67     5.7216
   69  2.6157e+10    11.0137    69    68     5.8012
   70  2.5438e+10    11.0834    70    69     5.8807
   71  2.5353e+10    11.0918    71    70     5.9602
   72  2.5137e+10    11.1132    72    71     6.0398
   73  2.1055e+10    11.5644    73    72     6.1193
   74  4.7933e+09    15.8589    74    73     6.1988
   75  4.7029e+09    15.9206    75    74     6.2783
   76  4.5617e+09    16.0197    76    75     6.3579
   77  4.5564e+09    16.0235    77    76     6.4374
   78  4.5411e+09    16.0344    78    77     6.5169
   79  4.5044e+09    16.0609    79    78     6.5964
   80  4.3946e+09    16.1416    80    79     6.6759
   81  4.3928e+09    16.1429    81    80     6.7554
   82  4.3744e+09    16.1567    82    81     6.8349
   83  4.3114e+09    16.2043    83    82     6.9143
   84  2.1834e+09    18.5506    84    83     6.9938
   85  2.0797e+09    18.7271    85    84     7.0733
   86  2.0569e+09    18.7672    86    85     7.1528
   87  2.0544e+09    18.7716    87    86     7.2323
   88  1.7141e+09    19.4398    88    87     7.3117
   89  1.6803e+09    19.5144    89    88     7.3912
   90  1.5455e+09    19.8293    90    89     7.4707
   91  1.5426e+09    19.8367    91    90     7.5502
   92  1.5384e+09    19.8470    92    91     7.6296
   93  1.4924e+09    19.9623    93    92     7.7091
   94  1.4658e+09    20.0307    94    93     7.7885
   95  1.4040e+09    20.1957    95    94     7.8680
   96  1.3639e+09    20.3071    96    95     7.9475
   97  1.3633e+09    20.3088    97    96     8.0269
   98  9.8419e+08    21.5914    98    97     8.1064
   99  9.8189e+08    21.6008    99    98     8.1858
  100  9.6854e+08    21.6560   100    99     8.2653
