#indx Mass S step-number desc_indx 
    0  1.0000e+12     4.3172     0    -1     0.0134
    1  9.5457e+11     4.3763     1     0     0.1326
    2  8.3778e+11     4.5452     2     1     0.2441
    3  8.1407e+11     4.5830     3     2     0.3500
    4  7.5008e+11     4.6920     4     3     0.4519
    5  7.0182e+11     4.7819     5     4     0.5506
    6  6.9756e+11     4.7902     6     5     0.6467
    7  6.9121e+11     4.8027     7     6     0.7407
    8  6.8988e+11     4.8053     8     7     0.8330
    9  6.8078e+11     4.8235     9     8     0.9238
   10  6.7800e+11     4.8291    10     9     1.0134
   11  6.3802e+11     4.9130    11    10     1.1018
   12  6.3225e+11     4.9257    12    11     1.1894
   13  6.2098e+11     4.9507    13    12     1.2761
   14  4.5685e+11     5.3933    14    13     1.3621
   15  4.1712e+11     5.5298    15    14     1.4474
   16  4.0734e+11     5.5659    16    15     1.5322
   17  3.9516e+11     5.6122    17    16     1.6165
   18  3.9396e+11     5.6169    18    17     1.7003
   19  3.6020e+11     5.7553    19    18     1.7838
   20  3.0532e+11     6.0173    20    19     1.8669
   21  3.0131e+11     6.0386    21    20     1.9496
   22  2.8958e+11     6.1030    22    21     2.0321
   23  2.8717e+11     6.1166    23    22     2.1143
   24  2.8629e+11     6.1216    24    23     2.1963
   25  2.8416e+11     6.1338    25    24     2.2781
   26  2.7653e+11     6.1784    26    25     2.3597
   27  1.5002e+11     7.2433    27    26     2.4411
   28  1.4465e+11     7.3107    28    27     2.5223
   29  1.4005e+11     7.3709    29    28     2.6034
   30  1.3613e+11     7.4239    30    29     2.6844
   31  1.3477e+11     7.4428    31    30     2.7652
   32  1.2576e+11     7.5737    32    31     2.8459
   33  9.9728e+10     8.0246    33    32     2.9266
   34  6.7028e+10     8.8416    34    33     3.0071
   35  6.6165e+10     8.8692    35    34     3.0876
   36  6.5387e+10     8.8945    36    35     3.1680
   37  5.9958e+10     9.0812    37    36     3.2483
   38  5.9802e+10     9.0869    38    37     3.3285
   39  5.8268e+10     9.1434    39    38     3.4087
   40  5.3679e+10     9.3236    40    39     3.4889
   41  5.2960e+10     9.3534    41    40     3.5689
   42  5.1179e+10     9.4295    42    41     3.6490
   43  5.0467e+10     9.4608    43    42     3.7290
   44  4.8136e+10     9.5669    44    43     3.8089
   45  4.3023e+10     9.8224    45    44     3.8889
   46  4.2756e+10     9.8366    46    45     3.9688
   47  4.2412e+10     9.8552    47    46     4.0486
   48  4.1727e+10     9.8928    48    47     4.1285
   49  4.0306e+10     9.9730    49    48     4.2083
   50  4.0283e+10     9.9743    50    49     4.2881
   51  3.9770e+10    10.0041    51    50     4.3678
   52  3.9671e+10    10.0099    52    51     4.4476
   53  3.8274e+10    10.0936    53    52     4.5273
   54  3.8233e+10    10.0961    54    53     4.6070
   55  3.4415e+10    10.3447    55    54     4.6867
   56  3.0183e+10    10.6609    56    55     4.7664
   57  2.9946e+10    10.6801    57    56     4.8460
   58  2.9601e+10    10.7085    58    57     4.9257
   59  1.8448e+10    11.9093    59    58     5.0053
   60  1.8123e+10    11.9562    60    59     5.0849
   61  1.7373e+10    12.0684    61    60     5.1646
   62  1.7121e+10    12.1074    62    61     5.2442
   63  1.6320e+10    12.2357    63    62     5.3238
   64  1.5557e+10    12.3650    64    63     5.4033
   65  1.5453e+10    12.3831    65    64     5.4829
   66  1.4665e+10    12.5257    66    65     5.5625
   67  1.4045e+10    12.6443    67    66     5.6421
   68  1.4036e+10    12.6459    68    67     5.7216
   69  9.0624e+09    13.8919    69    68     5.8012
   70  8.9930e+09    13.9145    70    69     5.8807
   71  8.8900e+09    13.9485    71    70     5.9602
   72  2.5133e+09    18.0468    72    71     6.0398
   73  2.4805e+09    18.0935    73    72     6.1193
   74  2.4706e+09    18.1076    74    73     6.1988
   75  2.1477e+09    18.6102    75    74     6.2783
   76  1.9022e+09    19.0537    76    75     6.3579
   77  1.7782e+09    19.3030    77    76     6.4374
   78  1.7612e+09    19.3388    78    77     6.5169
   79  1.4315e+09    20.1213    79    78     6.5964
   80  1.4304e+09    20.1242    80    79     6.6759
   81  1.3534e+09    20.3368    81    80     6.7554
   82  1.3447e+09    20.3617    82    81     6.8349
   83  1.3430e+09    20.3665    83    82     6.9143
   84  1.3140e+09    20.4508    84    83     6.9938
   85  1.3114e+09    20.4587    85    84     7.0733
   86  1.2642e+09    20.6008    86    85     7.1528
   87  5.9814e+08    23.6597    87    86     7.2323
   88  5.9359e+08    23.6924    88    87     7.3117
   89  5.9310e+08    23.6960    89    88     7.3912
   90  5.8674e+08    23.7422    90    89     7.4707
   91  5.4897e+08    24.0294    91    90     7.5502
   92  5.4616e+08    24.0515    92    91     7.6296
   93  4.7831e+08    24.6315    93    92     7.7091
   94  4.0609e+08    25.3603    94    93     7.7885
   95  2.9487e+08    26.8280    95    94     7.8680
   96  2.9485e+08    26.8284    96    95     7.9475
   97  2.9114e+08    26.8877    97    96     8.0269
   98  2.8844e+08    26.9314    98    97     8.1064
   99  2.8726e+08    26.9505    99    98     8.1858
  100  2.8642e+08    26.9643   100    99     8.2653
