#indx Mass S step-number desc_indx 
    0  1.0000e+12     4.3172     0    -1     0.0134
    1  9.9575e+11     4.3226     1     0     0.1326
    2  9.9131e+11     4.3283     2     1     0.2441
    3  9.2379e+11     4.4182     3     2     0.3500
    4  7.8105e+11     4.6379     4     3     0.4519
    5  6.8742e+11     4.8102     5     4     0.5506
    6  6.8008e+11     4.8249     6     5     0.6467
    7  6.4062e+11     4.9074     7     6     0.7407
    8  6.3744e+11     4.9143     8     7     0.8330
    9  6.2782e+11     4.9355     9     8     0.9238
   10  5.8798e+11     5.0275    10     9     1.0134
   11  5.5586e+11     5.1073    11    10     1.1018
   12  5.2039e+11     5.2022    12    11     1.1894
   13  5.1636e+11     5.2134    13    12     1.2761
   14  5.0154e+11     5.2558    14    13     1.3621
   15  4.9750e+11     5.2676    15    14     1.4474
   16  4.9538e+11     5.2739    16    15     1.5322
   17  4.9277e+11     5.2816    17    16     1.6165
   18  4.6698e+11     5.3608    18    17     1.7003
   19  4.5992e+11     5.3834    19    18     1.7838
   20  4.4548e+11     5.4309    20    19     1.8669
   21  3.9905e+11     5.5972    21    20     1.9496
   22  3.9232e+11     5.6233    22    21     2.0321
   23  3.8036e+11     5.6709    23    22     2.1143
   24  3.6743e+11     5.7244    24    23     2.1963
   25  2.8171e+11     6.1480    25    24     2.2781
   26  2.7119e+11     6.2105    26    25     2.3597
   27  2.5023e+11     6.3441    27    26     2.4411
   28  2.5010e+11     6.3449    28    27     2.5223
   29  2.4881e+11     6.3536    29    28     2.6034
   30  1.0425e+11     7.9370    30    29     2.6844
   31  1.0230e+11     7.9742    31    30     2.7652
   32  9.9458e+10     8.0300    32    31     2.8459
   33  9.7573e+10     8.0680    33    32     2.9266
   34  9.6939e+10     8.0810    34    33     3.0071
   35  9.6259e+10     8.0951    35    34     3.0876
   36  9.5095e+10     8.1194    36    35     3.1680
   37  9.1449e+10     8.1979    37    36     3.2483
   38  9.1161e+10     8.2043    38    37     3.3285
   39  8.5967e+10     8.3232    39    38     3.4087
   40  7.8462e+10     8.5109    40    39     3.4889
   41  7.6760e+10     8.5564    41    40     3.5689
   42  7.6429e+10     8.5654    42    41     3.6490
   43  7.2646e+10     8.6715    43    42     3.7290
   44  7.0789e+10     8.7259    44    43     3.8089
   45  5.9934e+10     9.0821    45    44     3.8889
   46  5.9841e+10     9.0855    46    45     3.9688
   47  5.9661e+10     9.0920    47    46     4.0486
   48  5.8186e+10     9.1465    48    47     4.1285
   49  5.8081e+10     9.1504    49    48     4.2083
   50  5.6265e+10     9.2199    50    49     4.2881
   51  2.8605e+10    10.7923    51    50     4.3678
   52  2.7421e+10    10.8965    52    51     4.4476
   53  2.5419e+10    11.0853    53    52     4.5273
   54  2.4952e+10    11.1318    54    53     4.6070
   55  2.4920e+10    11.1350    55    54     4.6867
   56  2.4608e+10    11.1668    56    55     4.7664
   57  2.3044e+10    11.3329    57    56     4.8460
   58  2.2990e+10    11.3390    58    57     4.9257
   59  2.2678e+10    11.3738    59    58     5.0053
   60  2.2015e+10    11.4496    60    59     5.0849
   61  2.1988e+10    11.4528    61    60     5.1646
   62  1.3703e+10    12.7121    62    61     5.2442
   63  1.3082e+10    12.8408    63    62     5.3238
   64  1.2452e+10    12.9787    64    63     5.4033
   65  1.2324e+10    13.0076    65    64     5.4829
   66  1.2295e+10    13.0142    66    65     5.5625
   67  1.2055e+10    13.0698    67    66     5.6421
   68  1.1262e+10    13.2626    68    67     5.7216
   69  1.1118e+10    13.2994    69    68     5.8012
   70  9.7616e+09    13.6743    70    69     5.8807
   71  9.7582e+09    13.6753    71    70     5.9602
   72  7.7953e+09    14.3404    72    71     6.0398
   73  7.4251e+09    14.4874    73    72     6.1193
   74  7.3090e+09    14.5353    74    73     6.1988
   75  7.3065e+09    14.5363    75    74     6.2783
   76  6.7587e+09    14.7747    76    75     6.3579
   77  5.3878e+09    15.4839    77    76     6.4374
   78  5.3849e+09    15.4856    78    77     6.5169
   79  4.8662e+09    15.8101    79    78     6.5964
   80  4.7675e+09    15.8764    80    79     6.6759
   81  4.6282e+09    15.9726    81    80     6.7554
   82  4.5300e+09    16.0424    82    81     6.8349
   83  4.5251e+09    16.0459    83    82     6.9143
   84  4.4340e+09    16.1124    84    83     6.9938
   85  4.0190e+09    16.4362    85    84     7.0733
   86  3.9711e+09    16.4760    86    85     7.1528
   87  1.4299e+09    20.1255    87    86     7.2323
   88  1.3299e+09    20.4043    88    87     7.3117
   89  1.3273e+09    20.4118    89    88     7.3912
   90  1.3263e+09    20.4147    90    89     7.4707
   91  4.0708e+08    25.3493    91    90     7.5502
   92  4.0649e+08    25.3558    92    91     7.6296
   93  3.3577e+08    26.2256    93    92     7.7091
   94  3.3530e+08    26.2319    94    93     7.7885
   95  3.3336e+08    26.2587    95    94     7.8680
   96  3.3200e+08    26.2776    96    95     7.9475
   97  3.3188e+08    26.2791    97    96     8.0269
   98  3.3112e+08    26.2897    98    97     8.1064
   99  3.3074e+08    26.2950    99    98     8.1858
  100  3.3015e+08    26.3033   100    99     8.2653
