#indx Mass S step-number desc_indx 
    0  1.0000e+12     4.3172     0    -1     0.0134
    1  9.8580e+11     4.3353     1     0     0.1326
    2  9.7549e+11     4.3487     2     1     0.2441
    3  9.6116e+11     4.3675     3     2     0.3500
    4  9.5924e+11     4.3701     4     3     0.4519
    5  9.4359e+11     4.3911     5     4     0.5506
    6  8.9558e+11     4.4582     6     5     0.6467
    7  8.6517e+11     4.5031     7     6     0.7407
    8  8.5042e+11     4.5256     8     7     0.8330
    9  7.6844e+11     4.6596     9     8     0.9238
   10  7.2151e+11     4.7444    10     9     1.0134
   11  6.6034e+11     4.8654    11    10     1.1018
   12  6.3727e+11     4.9147    12    11     1.1894
   13  6.1359e+11     4.9675    13    12     1.2761
   14  5.6193e+11     5.0918    14    13     1.3621
   15  4.1454e+11     5.5393    15    14     1.4474
   16  4.0226e+11     5.5850    16    15     1.5322
   17  3.9971e+11     5.5947    17    16     1.6165
   18  3.8918e+11     5.6356    18    17     1.7003
   19  3.7890e+11     5.6768    19    18     1.7838
   20  3.6644e+11     5.7286    20    19     1.8669
   21  3.5397e+11     5.7826    21    20     1.9496
   22  3.3940e+11     5.8486    22    21     2.0321
   23  3.2468e+11     5.9189    23    22     2.1143
   24  3.1613e+11     5.9615    24    23     2.1963
   25  2.8841e+11     6.1096    25    24     2.2781
   26  2.8579e+11     6.1245    26    25     2.3597
   27  2.8291e+11     6.1410    27    26     2.4411
   28  2.8278e+11     6.1418    28    27     2.5223
   29  2.8155e+11     6.1489    29    28     2.6034
   30  2.8088e+11     6.1528    30    29     2.6844
   31  2.7763e+11     6.1719    31    30     2.7652
   32  2.7700e+11     6.1756    32    31     2.8459
   33  2.7559e+11     6.1840    33    32     2.9266
   34  7.5938e+10     8.5788    34    33     3.0071
   35  7.3398e+10     8.6499    35    34     3.0876
   36  5.6372e+10     9.2158    36    35     3.1680
   37  5.5600e+10     9.2460    37    36     3.2483
   38  5.5415e+10     9.2534    38    37     3.3285
   39  5.5222e+10     9.2611    39    38     3.4087
   40  4.2583e+10     9.8460    40    39     3.4889
   41  4.0250e+10     9.9762    41    40     3.5689
   42  3.5963e+10    10.2402    42    41     3.6490
   43  3.3450e+10    10.4127    43    42     3.7290
   44  3.0509e+10    10.6348    44    43     3.8089
   45  3.0189e+10    10.6604    45    44     3.8889
   46  2.9998e+10    10.6759    46    45     3.9688
   47  2.9913e+10    10.6828    47    46     4.0486
   48  2.9365e+10    10.7280    48    47     4.1285
   49  2.9249e+10    10.7377    49    48     4.2083
   50  2.9152e+10    10.7458    50    49     4.2881
   51  2.8801e+10    10.7755    51    50     4.3678
   52  2.8514e+10    10.8002    52    51     4.4476
   53  2.7369e+10    10.9012    53    52     4.5273
   54  2.2252e+10    11.4223    54    53     4.6070
   55  1.9867e+10    11.7151    55    54     4.6867
   56  1.9608e+10    11.7493    56    55     4.7664
   57  1.9564e+10    11.7552    57    56     4.8460
   58  1.9050e+10    11.8248    58    57     4.9257
   59  1.8936e+10    11.8407    59    58     5.0053
   60  1.8831e+10    11.8552    60    59     5.0849
   61  1.8622e+10    11.8846    61    60     5.1646
   62  1.3496e+10    12.7542    62    61     5.2442
   63  1.3425e+10    12.7690    63    62     5.3238
   64  1.3216e+10    12.8125    64    63     5.4033
   65  1.0803e+10    13.3814    65    64     5.4829
   66  1.0183e+10    13.5518    66    65     5.5625
   67  9.4995e+09    13.7537    67    66     5.6421
   68  8.1409e+09    14.2102    68    67     5.7216
   69  8.1167e+09    14.2191    69    68     5.8012
   70  7.8836e+09    14.3065    70    69     5.8807
   71  7.5032e+09    14.4557    71    70     5.9602
   72  7.4958e+09    14.4587    72    71     6.0398
   73  7.2696e+09    14.5517    73    72     6.1193
   74  7.2664e+09    14.5531    74    73     6.1988
   75  6.9547e+09    14.6869    75    74     6.2783
   76  6.8093e+09    14.7518    76    75     6.3579
   77  6.7875e+09    14.7616    77    76     6.4374
   78  6.4828e+09    14.9033    78    77     6.5169
   79  6.3579e+09    14.9636    79    78     6.5964
   80  6.2435e+09    15.0200    80    79     6.6759
   81  6.2187e+09    15.0324    81    80     6.7554
   82  6.1870e+09    15.0483    82    81     6.8349
   83  6.0041e+09    15.1421    83    82     6.9143
   84  5.8508e+09    15.2233    84    83     6.9938
   85  5.5458e+09    15.3921    85    84     7.0733
   86  5.5163e+09    15.4090    86    85     7.1528
   87  5.4694e+09    15.4361    87    86     7.2323
   88  5.4518e+09    15.4463    88    87     7.3117
   89  5.1921e+09    15.6018    89    88     7.3912
   90  5.1322e+09    15.6390    90    89     7.4707
   91  5.0337e+09    15.7011    91    90     7.5502
   92  4.8801e+09    15.8009    92    91     7.6296
   93  2.1143e+09    18.6671    93    92     7.7091
   94  2.1137e+09    18.6680    94    93     7.7885
   95  2.1042e+09    18.6844    95    94     7.8680
   96  2.0922e+09    18.7052    96    95     7.9475
   97  2.0821e+09    18.7228    97    96     8.0269
   98  2.0760e+09    18.7335    98    97     8.1064
   99  2.0642e+09    18.7543    99    98     8.1858
  100  2.0490e+09    18.7811   100    99     8.2653
