#indx Mass S step-number desc_indx 
    0  1.0000e+12     4.3172     0    -1     0.0134
    1  8.3563e+11     4.5485     1     0     0.1326
    2  8.0157e+11     4.6034     2     1     0.2441
    3  5.3617e+11     5.1590     3     2     0.3500
    4  4.8196e+11     5.3141     4     3     0.4519
    5  4.8003e+11     5.3201     5     4     0.5506
    6  4.7947e+11     5.3218     6     5     0.6467
    7  4.6728e+11     5.3598     7     6     0.7407
    8  4.1267e+11     5.5461     8     7     0.8330
    9  4.1009e+11     5.5556     9     8     0.9238
   10  4.0629e+11     5.5698    10     9     1.0134
   11  3.5321e+11     5.7859    11    10     1.1018
   12  3.5159e+11     5.7931    12    11     1.1894
   13  3.1933e+11     5.9454    13    12     1.2761
   14  3.1047e+11     5.9904    14    13     1.3621
   15  2.8041e+11     6.1556    15    14     1.4474
   16  2.7679e+11     6.1769    16    15     1.5322
   17  2.7627e+11     6.1799    17    16     1.6165
   18  2.6391e+11     6.2554    18    17     1.7003
   19  2.2296e+11     6.5394    19    18     1.7838
   20  2.1991e+11     6.5630    20    19     1.8669
   21  2.0725e+11     6.6653    21    20     1.9496
   22  1.9898e+11     6.7362    22    21     2.0321
   23  1.8626e+11     6.8525    23    22     2.1143
   24  1.4742e+11     7.2756    24    23     2.1963
   25  1.4424e+11     7.3160    25    24     2.2781
   26  1.3585e+11     7.4278    26    25     2.3597
   27  1.3320e+11     7.4648    27    26     2.4411
   28  1.3221e+11     7.4789    28    27     2.5223
   29  1.2890e+11     7.5268    29    28     2.6034
   30  7.9303e+10     8.4888    30    29     2.6844
   31  7.8165e+10     8.5187    31    30     2.7652
   32  7.8038e+10     8.5221    32    31     2.8459
   33  7.6592e+10     8.5609    33    32     2.9266
   34  7.5767e+10     8.5835    34    33     3.0071
   35  6.8149e+10     8.8064    35    34     3.0876
   36  6.7100e+10     8.8393    36    35     3.1680
   37  6.6061e+10     8.8726    37    36     3.2483
   38  6.5301e+10     8.8973    38    37     3.3285
   39  6.1110e+10     9.0400    39    38     3.4087
   40  3.6430e+10    10.2097    40    39     3.4889
   41  1.9662e+10    11.7421    41    40     3.5689
   42  1.8678e+10    11.8767    42    41     3.6490
   43  1.8320e+10    11.9277    43    42     3.7290
   44  1.8253e+10    11.9374    44    43     3.8089
   45  1.8098e+10    11.9599    45    44     3.8889
   46  1.8014e+10    11.9722    46    45     3.9688
   47  1.7890e+10    11.9905    47    46     4.0486
   48  1.6502e+10    12.2058    48    47     4.1285
   49  1.6205e+10    12.2547    49    48     4.2083
   50  1.5863e+10    12.3123    50    49     4.2881
   51  1.5387e+10    12.3948    51    50     4.3678
   52  1.4248e+10    12.6047    52    51     4.4476
   53  1.3996e+10    12.6537    53    52     4.5273
   54  1.3654e+10    12.7221    54    53     4.6070
   55  1.3642e+10    12.7244    55    54     4.6867
   56  1.3529e+10    12.7476    56    55     4.7664
   57  1.2856e+10    12.8893    57    56     4.8460
   58  1.2807e+10    12.8999    58    57     4.9257
   59  1.0859e+10    13.3667    59    58     5.0053
   60  1.0441e+10    13.4793    60    59     5.0849
   61  1.0031e+10    13.5953    61    60     5.1646
   62  1.0003e+10    13.6032    62    61     5.2442
   63  9.8571e+09    13.6460    63    62     5.3238
   64  9.5755e+09    13.7304    64    63     5.4033
   65  9.5127e+09    13.7496    65    64     5.4829
   66  9.3947e+09    13.7861    66    65     5.5625
   67  9.3523e+09    13.7994    67    66     5.6421
   68  9.3305e+09    13.8062    68    67     5.7216
   69  9.0939e+09    13.8817    69    68     5.8012
   70  8.3118e+09    14.1481    70    69     5.8807
   71  8.0172e+09    14.2560    71    70     5.9602
   72  7.9455e+09    14.2830    72    71     6.0398
   73  5.4132e+09    15.4689    73    72     6.1193
   74  5.2994e+09    15.5366    74    73     6.1988
   75  4.9176e+09    15.7762    75    74     6.2783
   76  4.7868e+09    15.8633    76    75     6.3579
   77  4.7431e+09    15.8930    77    76     6.4374
   78  4.6396e+09    15.9646    78    77     6.5169
   79  4.6300e+09    15.9713    79    78     6.5964
   80  4.5360e+09    16.0381    80    79     6.6759
   81  4.4447e+09    16.1046    81    80     6.7554
   82  3.9168e+09    16.5218    82    81     6.8349
   83  3.6218e+09    16.7841    83    82     6.9143
   84  3.5089e+09    16.8909    84    83     6.9938
   85  3.3726e+09    17.0254    85    84     7.0733
   86  3.2597e+09    17.1414    86    85     7.1528
   87  3.2426e+09    17.1594    87    86     7.2323
   88  3.2250e+09    17.1781    88    87     7.3117
   89  3.2086e+09    17.1956    89    88     7.3912
   90  3.2026e+09    17.2020    90    89     7.4707
   91  3.1984e+09    17.2064    91    90     7.5502
   92  3.1822e+09    17.2239    92    91     7.6296
   93  3.1489e+09    17.2600    93    92     7.7091
   94  3.1389e+09    17.2709    94    93     7.7885
   95  3.1302e+09    17.2805    95    94     7.8680
   96  3.0659e+09    17.3520    96    95     7.9475
   97  3.0656e+09    17.3523    97    96     8.0269
   98  3.0549e+09    17.3643    98    97     8.1064
   99  3.0123e+09    17.4128    99    98     8.1858
  100  2.8538e+09    17.6004   100    99     8.2653
