#indx Mass S step-number desc_indx 
    0  1.0000e+12     4.3172     0    -1     0.0134
    1  9.3464e+11     4.4033     1     0     0.1326
    2  9.0627e+11     4.4429     2     1     0.2441
    3  8.3414e+11     4.5509     3     2     0.3500
    4  8.2435e+11     4.5664     4     3     0.4519
    5  8.1969e+11     4.5739     5     4     0.5506
    6  8.0701e+11     4.5945     6     5     0.6467
    7  7.9794e+11     4.6094     7     6     0.7407
    8  7.0342e+11     4.7788     8     7     0.8330
    9  7.0279e+11     4.7801     9     8     0.9238
   10  4.3167e+11     5.4781    10     9     1.0134
   11  4.2287e+11     5.5091    11    10     1.1018
   12  3.8920e+11     5.6355    12    11     1.1894
   13  3.8066e+11     5.6696    13    12     1.2761
   14  3.8023e+11     5.6714    14    13     1.3621
   15  3.7242e+11     5.7035    15    14     1.4474
   16  3.4904e+11     5.8046    16    15     1.5322
   17  2.9473e+11     6.0744    17    16     1.6165
   18  2.3611e+11     6.4418    18    17     1.7003
   19  1.9051e+11     6.8126    19    18     1.7838
   20  1.8974e+11     6.8198    20    19     1.8669
   21  1.8692e+11     6.8461    21    20     1.9496
   22  1.8480e+11     6.8664    22    21     2.0321
   23  1.8286e+11     6.8851    23    22     2.1143
   24  1.8170e+11     6.8964    24    23     2.1963
   25  1.7599e+11     6.9534    25    24     2.2781
   26  1.6168e+11     7.1063    26    25     2.3597
   27  1.5616e+11     7.1697    27    26     2.4411
   28  1.5551e+11     7.1773    28    27     2.5223
   29  1.5438e+11     7.1907    29    28     2.6034
   30  1.5404e+11     7.1947    30    29     2.6844
   31  1.5337e+11     7.2027    31    30     2.7652
   32  1.4038e+11     7.3665    32    31     2.8459
   33  1.3956e+11     7.3774    33    32     2.9266
   34  1.3650e+11     7.4189    34    33     3.0071
   35  1.3624e+11     7.4224    35    34     3.0876
   36  1.3489e+11     7.4412    36    35     3.1680
   37  1.3385e+11     7.4557    37    36     3.2483
   38  1.2709e+11     7.5537    38    37     3.3285
   39  1.2243e+11     7.6249    39    38     3.4087
   40  1.2117e+11     7.6448    40    39     3.4889
   41  1.2069e+11     7.6523    41    40     3.5689
   42  1.2001e+11     7.6632    42    41     3.6490
   43  1.1985e+11     7.6657    43    42     3.7290
   44  1.1896e+11     7.6800    44    43     3.8089
   45  1.0931e+11     7.8440    45    44     3.8889
   46  1.0761e+11     7.8746    46    45     3.9688
   47  1.0674e+11     7.8905    47    46     4.0486
   48  8.7846e+10     8.2792    48    47     4.1285
   49  8.7683e+10     8.2830    49    48     4.2083
   50  8.5612e+10     8.3316    50    49     4.2881
   51  8.3526e+10     8.3821    51    50     4.3678
   52  8.2165e+10     8.4158    52    51     4.4476
   53  7.4983e+10     8.6052    53    52     4.5273
   54  7.4636e+10     8.6149    54    53     4.6070
   55  7.0013e+10     8.7492    55    54     4.6867
   56  6.9934e+10     8.7516    56    55     4.7664
   57  6.8563e+10     8.7935    57    56     4.8460
   58  6.7767e+10     8.8183    58    57     4.9257
   59  6.6979e+10     8.8432    59    58     5.0053
   60  6.6287e+10     8.8653    60    59     5.0849
   61  3.8792e+10    10.0622    61    60     5.1646
   62  3.8516e+10    10.0789    62    61     5.2442
   63  3.8206e+10    10.0978    63    62     5.3238
   64  3.7882e+10    10.1178    64    63     5.4033
   65  3.6793e+10    10.1864    65    64     5.4829
   66  3.6227e+10    10.2229    66    65     5.5625
   67  3.5059e+10    10.3006    67    66     5.6421
   68  3.4365e+10    10.3482    68    67     5.7216
   69  7.5096e+09    14.4531    69    68     5.8012
   70  4.7279e+09    15.9034    70    69     5.8807
   71  4.7246e+09    15.9056    71    70     5.9602
   72  4.6830e+09    15.9343    72    71     6.0398
   73  4.5777e+09    16.0083    73    72     6.1193
   74  4.4029e+09    16.1354    74    73     6.1988
   75  4.3765e+09    16.1552    75    74     6.2783
   76  4.3392e+09    16.1832    76    75     6.3579
   77  3.8569e+09    16.5732    77    76     6.4374
   78  3.2293e+09    17.1735    78    77     6.5169
   79  3.2083e+09    17.1959    79    78     6.5964
   80  3.1722e+09    17.2347    80    79     6.6759
   81  3.1714e+09    17.2355    81    80     6.7554
   82  2.5771e+09    17.9581    82    81     6.8349
   83  2.5575e+09    17.9851    83    82     6.9143
   84  2.5471e+09    17.9995    84    83     6.9938
   85  2.3435e+09    18.2961    85    84     7.0733
   86  2.3402e+09    18.3011    86    85     7.1528
   87  2.2988e+09    18.3651    87    86     7.2323
   88  2.2655e+09    18.4175    88    87     7.3117
   89  2.2611e+09    18.4244    89    88     7.3912
   90  2.0989e+09    18.6936    90    89     7.4707
   91  2.0709e+09    18.7424    91    90     7.5502
   92  1.9440e+09    18.9738    92    91     7.6296
   93  1.9300e+09    19.0004    93    92     7.7091
   94  1.8630e+09    19.1304    94    93     7.7885
   95  1.8502e+09    19.1559    95    94     7.8680
   96  1.7532e+09    19.3557    96    95     7.9475
   97  1.7515e+09    19.3594    97    96     8.0269
   98  1.7510e+09    19.3605    98    97     8.1064
   99  1.7469e+09    19.3692    99    98     8.1858
  100  1.7462e+09    19.3707   100    99     8.2653
