#indx Mass S step-number desc_indx 
    0  1.0000e+12     4.3172     0    -1     0.0134
    1  9.9822e+11     4.3195     1     0     0.1326
    2  9.8992e+11     4.3300     2     1     0.2441
    3  9.2797e+11     4.4125     3     2     0.3500
    4  7.9915e+11     4.6074     4     3     0.4519
    5  7.9819e+11     4.6090     5     4     0.5506
    6  7.7764e+11     4.6437     6     5     0.6467
    7  7.6193e+11     4.6710     7     6     0.7407
    8  7.6063e+11     4.6733     8     7     0.8330
    9  7.5475e+11     4.6836     9     8     0.9238
   10  7.4428e+11     4.7024    10     9     1.0134
   11  6.9816e+11     4.7891    11    10     1.1018
   12  6.1468e+11     4.9650    12    11     1.1894
   13  5.9167e+11     5.0186    13    12     1.2761
   14  5.7005e+11     5.0714    14    13     1.3621
   15  5.6904e+11     5.0739    15    14     1.4474
   16  4.6811e+11     5.3572    16    15     1.5322
   17  4.2188e+11     5.5127    17    16     1.6165
   18  4.0435e+11     5.5771    18    17     1.7003
   19  3.8230e+11     5.6630    19    18     1.7838
   20  3.7707e+11     5.6843    20    19     1.8669
   21  3.4997e+11     5.8004    21    20     1.9496
   22  3.4921e+11     5.8038    22    21     2.0321
   23  3.4542e+11     5.8209    23    22     2.1143
   24  3.3897e+11     5.8506    24    23     2.1963
   25  3.3815e+11     5.8545    25    24     2.2781
   26  3.3593e+11     5.8649    26    25     2.3597
   27  3.2730e+11     5.9061    27    26     2.4411
   28  2.6731e+11     6.2343    28    27     2.5223
   29  2.6391e+11     6.2554    29    28     2.6034
   30  2.6209e+11     6.2669    30    29     2.6844
   31  2.5736e+11     6.2972    31    30     2.7652
   32  2.3922e+11     6.4197    32    31     2.8459
   33  2.3369e+11     6.4593    33    32     2.9266
   34  2.3285e+11     6.4654    34    33     3.0071
   35  2.3226e+11     6.4698    35    34     3.0876
   36  2.2837e+11     6.4984    36    35     3.1680
   37  2.2644e+11     6.5129    37    36     3.2483
   38  1.3531e+11     7.4354    38    37     3.3285
   39  1.3498e+11     7.4399    39    38     3.4087
   40  1.3344e+11     7.4614    40    39     3.4889
   41  1.2925e+11     7.5217    41    40     3.5689
   42  1.2518e+11     7.5825    42    41     3.6490
   43  9.2741e+10     8.1697    43    42     3.7290
   44  8.2521e+10     8.4069    44    43     3.8089
   45  7.7335e+10     8.5409    45    44     3.8889
   46  7.6696e+10     8.5581    46    45     3.9688
   47  6.4448e+10     8.9254    47    46     4.0486
   48  6.4211e+10     8.9334    48    47     4.1285
   49  6.2894e+10     8.9779    49    48     4.2083
   50  6.2079e+10     9.0060    50    49     4.2881
   51  5.8762e+10     9.1250    51    50     4.3678
   52  5.6336e+10     9.2172    52    51     4.4476
   53  4.5698e+10     9.6845    53    52     4.5273
   54  4.5446e+10     9.6971    54    53     4.6070
   55  4.4958e+10     9.7217    55    54     4.6867
   56  4.4761e+10     9.7317    56    55     4.7664
   57  4.4149e+10     9.7632    57    56     4.8460
   58  4.3867e+10     9.7778    58    57     4.9257
   59  4.3762e+10     9.7833    59    58     5.0053
   60  4.3437e+10     9.8004    60    59     5.0849
   61  4.3020e+10     9.8225    61    60     5.1646
   62  3.9812e+10    10.0017    62    61     5.2442
   63  3.8439e+10    10.0835    63    62     5.3238
   64  3.5596e+10    10.2645    64    63     5.4033
   65  3.4670e+10    10.3271    65    64     5.4829
   66  3.4653e+10    10.3283    66    65     5.5625
   67  3.3485e+10    10.4102    67    66     5.6421
   68  3.0956e+10    10.5994    68    67     5.7216
   69  2.9785e+10    10.6933    69    68     5.8012
   70  2.4307e+10    11.1977    70    69     5.8807
   71  2.4266e+10    11.2020    71    70     5.9602
   72  2.3987e+10    11.2313    72    71     6.0398
   73  2.1586e+10    11.5002    73    72     6.1193
   74  1.9295e+10    11.7913    74    73     6.1988
   75  1.8092e+10    11.9607    75    74     6.2783
   76  1.8059e+10    11.9657    76    75     6.3579
   77  1.7849e+10    11.9966    77    76     6.4374
   78  1.7235e+10    12.0897    78    77     6.5169
   79  1.6936e+10    12.1363    79    78     6.5964
   80  1.5162e+10    12.4347    80    79     6.6759
   81  1.5051e+10    12.4547    81    80     6.7554
   82  1.4888e+10    12.4845    82    81     6.8349
   83  1.4665e+10    12.5256    83    82     6.9143
   84  1.4538e+10    12.5495    84    83     6.9938
   85  1.3312e+10    12.7924    85    84     7.0733
   86  5.0141e+09    15.7137    86    85     7.1528
   87  4.5107e+09    16.0564    87    86     7.2323
   88  4.5057e+09    16.0600    88    87     7.3117
   89  4.2859e+09    16.2238    89    88     7.3912
   90  4.2074e+09    16.2847    90    89     7.4707
   91  4.2055e+09    16.2862    91    90     7.5502
   92  4.2038e+09    16.2875    92    91     7.6296
   93  4.0792e+09    16.3869    93    92     7.7091
   94  4.0194e+09    16.4359    94    93     7.7885
   95  2.1461e+09    18.6129    95    94     7.8680
   96  2.0466e+09    18.7855    96    95     7.9475
   97  2.0421e+09    18.7936    97    96     8.0269
   98  1.6347e+09    19.6176    98    97     8.1064
   99  1.6118e+09    19.6709    99    98     8.1858
  100  1.5801e+09    19.7456   100    99     8.2653
