#indx Mass S step-number desc_indx 
    0  1.0000e+12     4.3172     0    -1     0.0134
    1  9.5130e+11     4.3807     1     0     0.1326
    2  9.3874e+11     4.3976     2     1     0.2441
    3  9.1658e+11     4.4283     3     2     0.3500
    4  8.9845e+11     4.4541     4     3     0.4519
    5  8.7226e+11     4.4925     5     4     0.5506
    6  6.6885e+11     4.8478     6     5     0.6467
    7  6.5994e+11     4.8663     7     6     0.7407
    8  6.2026e+11     4.9524     8     7     0.8330
    9  5.4440e+11     5.1371     9     8     0.9238
   10  5.2602e+11     5.1866    10     9     1.0134
   11  5.1783e+11     5.2093    11    10     1.1018
   12  5.0853e+11     5.2356    12    11     1.1894
   13  4.3552e+11     5.4648    13    12     1.2761
   14  3.9429e+11     5.6156    14    13     1.3621
   15  3.8772e+11     5.6413    15    14     1.4474
   16  3.7190e+11     5.7056    16    15     1.5322
   17  3.6842e+11     5.7202    17    16     1.6165
   18  1.8272e+11     6.8865    18    17     1.7003
   19  1.8265e+11     6.8872    19    18     1.7838
   20  1.7925e+11     6.9205    20    19     1.8669
   21  1.7815e+11     6.9316    21    20     1.9496
   22  1.6647e+11     7.0534    22    21     2.0321
   23  1.5761e+11     7.1528    23    22     2.1143
   24  1.5569e+11     7.1752    24    23     2.1963
   25  1.5085e+11     7.2331    25    24     2.2781
   26  8.0925e+10     8.4470    26    25     2.3597
   27  8.0239e+10     8.4646    27    26     2.4411
   28  7.6453e+10     8.5647    28    27     2.5223
   29  7.6340e+10     8.5678    29    28     2.6034
   30  7.6192e+10     8.5718    30    29     2.6844
   31  7.3196e+10     8.6557    31    30     2.7652
   32  7.3094e+10     8.6586    32    31     2.8459
   33  7.2309e+10     8.6812    33    32     2.9266
   34  5.4731e+10     9.2807    34    33     3.0071
   35  4.1405e+10     9.9107    35    34     3.0876
   36  4.0301e+10     9.9733    36    35     3.1680
   37  4.0271e+10     9.9750    37    36     3.2483
   38  3.7296e+10    10.1544    38    37     3.3285
   39  3.7286e+10    10.1550    39    38     3.4087
   40  3.6855e+10    10.1824    40    39     3.4889
   41  3.6759e+10    10.1885    41    40     3.5689
   42  3.6600e+10    10.1988    42    41     3.6490
   43  3.5418e+10    10.2764    43    42     3.7290
   44  3.2054e+10    10.5152    44    43     3.8089
   45  3.1994e+10    10.5196    45    44     3.8889
   46  2.6337e+10    10.9966    46    45     3.9688
   47  2.6289e+10    11.0012    47    46     4.0486
   48  2.6161e+10    11.0134    48    47     4.1285
   49  2.6057e+10    11.0233    49    48     4.2083
   50  2.5190e+10    11.1079    50    49     4.2881
   51  2.0880e+10    11.5859    51    50     4.3678
   52  2.0784e+10    11.5978    52    51     4.4476
   53  2.0774e+10    11.5992    53    52     4.5273
   54  2.0009e+10    11.6965    54    53     4.6070
   55  1.9993e+10    11.6986    55    54     4.6867
   56  1.8289e+10    11.9321    56    55     4.7664
   57  1.8235e+10    11.9399    57    56     4.8460
   58  1.8151e+10    11.9522    58    57     4.9257
   59  1.7579e+10    12.0371    59    58     5.0053
   60  1.7519e+10    12.0461    60    59     5.0849
   61  1.7448e+10    12.0570    61    60     5.1646
   62  1.7365e+10    12.0696    62    61     5.2442
   63  1.7302e+10    12.0793    63    62     5.3238
   64  1.6448e+10    12.2147    64    63     5.4033
   65  1.6389e+10    12.2243    65    64     5.4829
   66  1.4607e+10    12.5365    66    65     5.5625
   67  1.4495e+10    12.5576    67    66     5.6421
   68  1.4488e+10    12.5588    68    67     5.7216
   69  6.6851e+09    14.8084    69    68     5.8012
   70  6.5602e+09    14.8666    70    69     5.8807
   71  6.3453e+09    14.9698    71    70     5.9602
   72  5.9464e+09    15.1724    72    71     6.0398
   73  5.9143e+09    15.1893    73    72     6.1193
   74  5.8998e+09    15.1970    74    73     6.1988
   75  5.7974e+09    15.2521    75    74     6.2783
   76  5.7902e+09    15.2560    76    75     6.3579
   77  4.8747e+09    15.8045    77    76     6.4374
   78  3.3904e+09    17.0075    78    77     6.5169
   79  3.2955e+09    17.1041    79    78     6.5964
   80  2.8791e+09    17.5697    80    79     6.6759
   81  2.5737e+09    17.9628    81    80     6.7554
   82  2.4969e+09    18.0700    82    81     6.8349
   83  2.4848e+09    18.0873    83    82     6.9143
   84  2.4436e+09    18.1468    84    83     6.9938
   85  2.4303e+09    18.1661    85    84     7.0733
   86  2.1804e+09    18.5556    86    85     7.1528
   87  2.1744e+09    18.5656    87    86     7.2323
   88  1.5411e+09    19.8401    88    87     7.3117
   89  1.5408e+09    19.8411    89    88     7.3912
   90  1.5336e+09    19.8586    90    89     7.4707
   91  1.5040e+09    19.9329    91    90     7.5502
   92  1.4839e+09    19.9840    92    91     7.6296
   93  1.4818e+09    19.9892    93    92     7.7091
   94  1.3111e+09    20.4595    94    93     7.7885
   95  1.3079e+09    20.4689    95    94     7.8680
   96  1.2896e+09    20.5236    96    95     7.9475
   97  1.2872e+09    20.5308    97    96     8.0269
   98  1.1300e+09    21.0408    98    97     8.1064
   99  1.1266e+09    21.0526    99    98     8.1858
  100  1.1039e+09    21.1332   100    99     8.2653
