#indx Mass S step-number desc_indx 
    0  1.0000e+12     4.3172     0    -1     0.0134
    1  9.6889e+11     4.3573     1     0     0.1326
    2  9.4041e+11     4.3954     2     1     0.2441
    3  8.2395e+11     4.5671     3     2     0.3500
    4  7.9160e+11     4.6200     4     3     0.4519
    5  7.8812e+11     4.6259     5     4     0.5506
    6  7.6671e+11     4.6626     6     5     0.6467
    7  7.6346e+11     4.6683     7     6     0.7407
    8  7.4075e+11     4.7088     8     7     0.8330
    9  2.2436e+11     6.5287     9     8     0.9238
   10  2.1133e+11     6.6315    10     9     1.0134
   11  2.0304e+11     6.7009    11    10     1.1018
   12  8.4158e+10     8.3666    12    11     1.1894
   13  8.4103e+10     8.3680    13    12     1.2761
   14  8.1141e+10     8.4415    14    13     1.3621
   15  8.0766e+10     8.4511    15    14     1.4474
   16  8.0004e+10     8.4706    16    15     1.5322
   17  7.4603e+10     8.6158    17    16     1.6165
   18  5.6624e+10     9.2060    18    17     1.7003
   19  5.3544e+10     9.3292    19    18     1.7838
   20  4.2207e+10     9.8664    20    19     1.8669
   21  4.1543e+10     9.9030    21    20     1.9496
   22  4.1446e+10     9.9084    22    21     2.0321
   23  4.0798e+10     9.9449    23    22     2.1143
   24  3.8374e+10    10.0875    24    23     2.1963
   25  3.7885e+10    10.1175    25    24     2.2781
   26  3.7541e+10    10.1390    26    25     2.3597
   27  3.7338e+10    10.1517    27    26     2.4411
   28  2.6440e+10    10.9870    28    27     2.5223
   29  2.0916e+10    11.5815    29    28     2.6034
   30  1.3103e+10    12.8362    30    29     2.6844
   31  1.0847e+10    13.3699    31    30     2.7652
   32  1.0044e+10    13.5914    32    31     2.8459
   33  9.6183e+09    13.7174    33    32     2.9266
   34  9.4766e+09    13.7607    34    33     3.0071
   35  9.3515e+09    13.7997    35    34     3.0876
   36  6.8004e+09    14.7558    36    35     3.1680
   37  6.7414e+09    14.7826    37    36     3.2483
   38  6.7222e+09    14.7914    38    37     3.3285
   39  6.6888e+09    14.8067    39    38     3.4087
   40  6.6669e+09    14.8168    40    39     3.4889
   41  5.8562e+09    15.2203    41    40     3.5689
   42  5.4721e+09    15.4345    42    41     3.6490
   43  5.4682e+09    15.4368    43    42     3.7290
   44  5.4128e+09    15.4691    44    43     3.8089
   45  4.6828e+09    15.9345    45    44     3.8889
   46  4.6698e+09    15.9435    46    45     3.9688
   47  4.3923e+09    16.1433    47    46     4.0486
   48  4.2286e+09    16.2681    48    47     4.1285
   49  4.1240e+09    16.3508    49    48     4.2083
   50  3.9656e+09    16.4806    50    49     4.2881
   51  3.8938e+09    16.5415    51    50     4.3678
   52  3.8768e+09    16.5560    52    51     4.4476
   53  3.8133e+09    16.6111    53    52     4.5273
   54  3.6883e+09    16.7228    54    53     4.6070
   55  3.5461e+09    16.8553    55    54     4.6867
   56  3.5433e+09    16.8580    56    55     4.7664
   57  3.5231e+09    16.8773    57    56     4.8460
   58  3.0632e+09    17.3549    58    57     4.9257
   59  3.0590e+09    17.3598    59    58     5.0053
   60  5.0404e+08    24.4012    60    59     5.0849
   61  5.0389e+08    24.4026    61    60     5.1646
   62  1.7059e+08    29.4719    62    61     5.2442
   63  1.7042e+08    29.4766    63    62     5.3238
   64  1.6918e+08    29.5133    64    63     5.4033
   65  1.6844e+08    29.5349    65    64     5.4829
   66  1.6323e+08    29.6923    66    65     5.5625
   67  1.6316e+08    29.6944    67    66     5.6421
   68  1.5861e+08    29.8363    68    67     5.7216
   69  1.5704e+08    29.8865    69    68     5.8012
   70  1.5404e+08    29.9836    70    69     5.8807
   71  1.5375e+08    29.9930    71    70     5.9602
   72  1.5364e+08    29.9968    72    71     6.0398
   73  1.3932e+08    30.4934    73    72     6.1193
   74  1.3928e+08    30.4949    74    73     6.1988
   75  1.3855e+08    30.5217    75    74     6.2783
   76  1.3838e+08    30.5279    76    75     6.3579
   77  1.3798e+08    30.5428    77    76     6.4374
   78  1.3794e+08    30.5442    78    77     6.5169
   79  1.3748e+08    30.5612    79    78     6.5964
