#indx Mass S step-number desc_indx 
    0  1.0000e+12     4.3172     0    -1     0.0134
    1  7.9631e+11     4.6121     1     0     0.1326
    2  7.7182e+11     4.6537     2     1     0.2441
    3  7.5619e+11     4.6811     3     2     0.3500
    4  6.7360e+11     4.8381     4     3     0.4519
    5  6.5636e+11     4.8738     5     4     0.5506
    6  6.2825e+11     4.9345     6     5     0.6467
    7  4.9145e+11     5.2855     7     6     0.7407
    8  4.8955e+11     5.2912     8     7     0.8330
    9  4.5205e+11     5.4090     9     8     0.9238
   10  3.8533e+11     5.6509    10     9     1.0134
   11  3.8416e+11     5.6556    11    10     1.1018
   12  3.7937e+11     5.6749    12    11     1.1894
   13  3.7717e+11     5.6839    13    12     1.2761
   14  3.7571e+11     5.6899    14    13     1.3621
   15  3.7385e+11     5.6976    15    14     1.4474
   16  3.7026e+11     5.7125    16    15     1.5322
   17  3.4864e+11     5.8063    17    16     1.6165
   18  3.1516e+11     5.9664    18    17     1.7003
   19  3.1310e+11     5.9769    19    18     1.7838
   20  3.0911e+11     5.9975    20    19     1.8669
   21  3.0490e+11     6.0195    21    20     1.9496
   22  2.8783e+11     6.1129    22    21     2.0321
   23  2.8421e+11     6.1335    23    22     2.1143
   24  2.8209e+11     6.1457    24    23     2.1963
   25  2.7968e+11     6.1598    25    24     2.2781
   26  2.7558e+11     6.1841    26    25     2.3597
   27  2.3527e+11     6.4479    27    26     2.4411
   28  2.2908e+11     6.4932    28    27     2.5223
   29  2.2509e+11     6.5231    29    28     2.6034
   30  2.2319e+11     6.5376    30    29     2.6844
   31  2.2105e+11     6.5541    31    30     2.7652
   32  2.1413e+11     6.6088    32    31     2.8459
   33  2.0078e+11     6.7205    33    32     2.9266
   34  2.0032e+11     6.7245    34    33     3.0071
   35  1.9760e+11     6.7484    35    34     3.0876
   36  1.8893e+11     6.8272    36    35     3.1680
   37  1.8417e+11     6.8725    37    36     3.2483
   38  1.8214e+11     6.8921    38    37     3.3285
   39  1.7247e+11     6.9896    39    38     3.4087
   40  1.6337e+11     7.0874    40    39     3.4889
   41  1.6212e+11     7.1014    41    40     3.5689
   42  1.6162e+11     7.1070    42    41     3.6490
   43  1.5596e+11     7.1720    43    42     3.7290
   44  1.5274e+11     7.2103    44    43     3.8089
   45  1.4770e+11     7.2720    45    44     3.8889
   46  1.3727e+11     7.4083    46    45     3.9688
   47  1.3699e+11     7.4121    47    46     4.0486
   48  1.1340e+11     7.7724    48    47     4.1285
   49  1.1306e+11     7.7782    49    48     4.2083
   50  1.1243e+11     7.7892    50    49     4.2881
   51  1.1189e+11     7.7984    51    50     4.3678
   52  1.1178e+11     7.8005    52    51     4.4476
   53  1.1160e+11     7.8036    53    52     4.5273
   54  1.1135e+11     7.8080    54    53     4.6070
   55  1.1123e+11     7.8100    55    54     4.6867
   56  1.1021e+11     7.8279    56    55     4.7664
   57  1.0187e+11     7.9824    57    56     4.8460
   58  4.3946e+10     9.7737    58    57     4.9257
   59  4.3785e+10     9.7821    59    58     5.0053
   60  4.3740e+10     9.7844    60    59     5.0849
   61  3.9374e+10    10.0274    61    60     5.1646
   62  3.8952e+10    10.0525    62    61     5.2442
   63  3.8633e+10    10.0717    63    62     5.3238
   64  3.4448e+10    10.3425    64    63     5.4033
   65  3.4367e+10    10.3481    65    64     5.4829
   66  3.4296e+10    10.3530    66    65     5.5625
   67  3.3863e+10    10.3833    67    66     5.6421
   68  3.2110e+10    10.5109    68    67     5.7216
   69  3.1907e+10    10.5262    69    68     5.8012
   70  3.1502e+10    10.5571    70    69     5.8807
   71  3.1289e+10    10.5735    71    70     5.9602
   72  3.1227e+10    10.5783    72    71     6.0398
   73  3.0364e+10    10.6464    73    72     6.1193
   74  2.6976e+10    10.9371    74    73     6.1988
   75  1.8453e+10    11.9086    75    74     6.2783
   76  1.7059e+10    12.1171    76    75     6.3579
   77  1.6988e+10    12.1283    77    76     6.4374
   78  1.6035e+10    12.2832    78    77     6.5169
   79  1.5077e+10    12.4500    79    78     6.5964
   80  1.3885e+10    12.6756    80    79     6.6759
   81  1.3564e+10    12.7404    81    80     6.7554
   82  1.3228e+10    12.8099    82    81     6.8349
   83  1.3220e+10    12.8116    83    82     6.9143
   84  3.8151e+09    16.6096    84    83     6.9938
   85  3.8067e+09    16.6170    85    84     7.0733
   86  3.7729e+09    16.6468    86    85     7.1528
   87  3.7099e+09    16.7032    87    86     7.2323
   88  3.6450e+09    16.7625    88    87     7.3117
   89  3.6371e+09    16.7699    89    88     7.3912
   90  3.6220e+09    16.7838    90    89     7.4707
   91  3.6134e+09    16.7919    91    90     7.5502
   92  3.3451e+09    17.0532    92    91     7.6296
   93  3.3428e+09    17.0556    93    92     7.7091
   94  3.3351e+09    17.0634    94    93     7.7885
   95  3.2675e+09    17.1333    95    94     7.8680
   96  2.9438e+09    17.4924    96    95     7.9475
   97  2.9424e+09    17.4941    97    96     8.0269
   98  2.8993e+09    17.5453    98    97     8.1064
   99  2.8830e+09    17.5650    99    98     8.1858
  100  2.8798e+09    17.5688   100    99     8.2653
