#indx Mass S step-number desc_indx 
    0  1.0000e+12     4.3172     0    -1     0.0134
    1  9.6103e+11     4.3677     1     0     0.1326
    2  9.5980e+11     4.3693     2     1     0.2441
    3  8.9213e+11     4.4632     3     2     0.3500
    4  8.6808e+11     4.4987     4     3     0.4519
    5  8.3070e+11     4.5563     5     4     0.5506
    6  6.9502e+11     4.7952     6     5     0.6467
    7  6.7491e+11     4.8354     7     6     0.7407
    8  6.7050e+11     4.8444     8     7     0.8330
    9  6.1338e+11     4.9680     9     8     0.9238
   10  6.1058e+11     4.9744    10     9     1.0134
   11  6.0251e+11     4.9931    11    10     1.1018
   12  5.1588e+11     5.2148    12    11     1.1894
   13  5.0457e+11     5.2470    13    12     1.2761
   14  4.9501e+11     5.2750    14    13     1.3621
   15  4.9360e+11     5.2791    15    14     1.4474
   16  4.8561e+11     5.3031    16    15     1.5322
   17  4.5540e+11     5.3980    17    16     1.6165
   18  4.5354e+11     5.4041    18    17     1.7003
   19  3.7178e+11     5.7061    19    18     1.7838
   20  3.2636e+11     5.9107    20    19     1.8669
   21  2.4657e+11     6.3688    21    20     1.9496
   22  2.4579e+11     6.3741    22    21     2.0321
   23  2.4548e+11     6.3762    23    22     2.1143
   24  2.4345e+11     6.3902    24    23     2.1963
   25  2.3000e+11     6.4864    25    24     2.2781
   26  2.1867e+11     6.5727    26    25     2.3597
   27  2.0528e+11     6.6819    27    26     2.4411
   28  2.0438e+11     6.6895    28    27     2.5223
   29  2.0396e+11     6.6930    29    28     2.6034
   30  1.5363e+11     7.1996    30    29     2.6844
   31  1.4942e+11     7.2506    31    30     2.7652
   32  1.4668e+11     7.2849    32    31     2.8459
   33  1.4615e+11     7.2915    33    32     2.9266
   34  1.2188e+11     7.6335    34    33     3.0071
   35  1.1760e+11     7.7022    35    34     3.0876
   36  1.1729e+11     7.7073    36    35     3.1680
   37  1.0392e+11     7.9432    37    36     3.2483
   38  6.1764e+10     9.0170    38    37     3.3285
   39  6.0035e+10     9.0784    39    38     3.4087
   40  5.8709e+10     9.1270    40    39     3.4889
   41  5.8502e+10     9.1347    41    40     3.5689
   42  5.5927e+10     9.2332    42    41     3.6490
   43  4.8914e+10     9.5308    43    42     3.7290
   44  4.7877e+10     9.5790    44    43     3.8089
   45  4.7568e+10     9.5937    45    44     3.8889
   46  4.7314e+10     9.6058    46    45     3.9688
   47  4.4415e+10     9.7494    47    46     4.0486
   48  4.4168e+10     9.7622    48    47     4.1285
   49  4.0918e+10     9.9381    49    48     4.2083
   50  3.6173e+10    10.2264    50    49     4.2881
   51  3.5999e+10    10.2378    51    50     4.3678
   52  3.5543e+10    10.2681    52    51     4.4476
   53  3.4747e+10    10.3219    53    52     4.5273
   54  3.0377e+10    10.6454    54    53     4.6070
   55  2.9763e+10    10.6951    55    54     4.6867
   56  2.9651e+10    10.7043    56    55     4.7664
   57  2.9609e+10    10.7078    57    56     4.8460
   58  2.9521e+10    10.7150    58    57     4.9257
   59  2.9295e+10    10.7338    59    58     5.0053
   60  2.8931e+10    10.7645    60    59     5.0849
   61  2.8863e+10    10.7702    61    60     5.1646
   62  2.8636e+10    10.7896    62    61     5.2442
   63  2.8456e+10    10.8051    63    62     5.3238
   64  2.8039e+10    10.8415    64    63     5.4033
   65  2.7863e+10    10.8570    65    64     5.4829
   66  2.7593e+10    10.8810    66    65     5.5625
   67  2.4757e+10    11.1515    67    66     5.6421
   68  2.3671e+10    11.2647    68    67     5.7216
   69  1.9135e+10    11.8132    69    68     5.8012
   70  1.9096e+10    11.8186    70    69     5.8807
   71  1.5273e+10    12.4149    71    70     5.9602
   72  1.2405e+10    12.9894    72    71     6.0398
   73  1.2371e+10    12.9970    73    72     6.1193
   74  1.2086e+10    13.0625    74    73     6.1988
   75  1.2080e+10    13.0639    75    74     6.2783
   76  1.0029e+10    13.5957    76    75     6.3579
   77  9.9838e+09    13.6089    77    76     6.4374
   78  9.5165e+09    13.7485    78    77     6.5169
   79  9.4708e+09    13.7625    79    78     6.5964
   80  9.4207e+09    13.7781    80    79     6.6759
   81  9.3272e+09    13.8073    81    80     6.7554
   82  9.2667e+09    13.8264    82    81     6.8349
   83  8.9699e+09    13.9221    83    82     6.9143
   84  8.7285e+09    14.0027    84    83     6.9938
   85  8.4330e+09    14.1050    85    84     7.0733
   86  7.3768e+09    14.5072    86    85     7.1528
   87  7.2286e+09    14.5689    87    86     7.2323
   88  7.0192e+09    14.6587    88    87     7.3117
   89  6.9672e+09    14.6814    89    88     7.3912
   90  6.9464e+09    14.6906    90    89     7.4707
   91  6.9335e+09    14.6963    91    90     7.5502
   92  6.7408e+09    14.7829    92    91     7.6296
   93  6.5994e+09    14.8482    93    92     7.7091
   94  6.5762e+09    14.8591    94    93     7.7885
   95  6.3778e+09    14.9539    95    94     7.8680
   96  6.2825e+09    15.0007    96    95     7.9475
   97  6.2414e+09    15.0211    97    96     8.0269
   98  6.2233e+09    15.0302    98    97     8.1064
   99  6.1051e+09    15.0899    99    98     8.1858
  100  4.2114e+09    16.2815   100    99     8.2653
