#indx Mass S step-number desc_indx 
    0  1.0000e+12     4.3172     0    -1     0.0134
    1  8.9850e+11     4.4540     1     0     0.1326
    2  8.7654e+11     4.4861     2     1     0.2441
    3  8.6779e+11     4.4992     3     2     0.3500
    4  8.1419e+11     4.5828     4     3     0.4519
    5  8.0106e+11     4.6043     5     4     0.5506
    6  7.6839e+11     4.6597     6     5     0.6467
    7  7.6127e+11     4.6721     7     6     0.7407
    8  7.5718e+11     4.6793     8     7     0.8330
    9  4.0424e+11     5.5775     9     8     0.9238
   10  3.0049e+11     6.0431    10     9     1.0134
   11  2.9355e+11     6.0809    11    10     1.1018
   12  2.5781e+11     6.2943    12    11     1.1894
   13  2.5726e+11     6.2978    13    12     1.2761
   14  2.0367e+11     6.6955    14    13     1.3621
   15  1.8318e+11     6.8820    15    14     1.4474
   16  1.8222e+11     6.8914    16    15     1.5322
   17  1.7796e+11     6.9335    17    16     1.6165
   18  1.6560e+11     7.0628    18    17     1.7003
   19  1.6139e+11     7.1095    19    18     1.7838
   20  1.6124e+11     7.1112    20    19     1.8669
   21  1.6056e+11     7.1189    21    20     1.9496
   22  1.6042e+11     7.1205    22    21     2.0321
   23  1.5732e+11     7.1561    23    22     2.1143
   24  1.2924e+11     7.5219    24    23     2.1963
   25  1.1256e+11     7.7870    25    24     2.2781
   26  1.1170e+11     7.8018    26    25     2.3597
   27  1.1158e+11     7.8039    27    26     2.4411
   28  9.1283e+10     8.2016    28    27     2.5223
   29  8.0682e+10     8.4532    29    28     2.6034
   30  6.2334e+10     8.9972    30    29     2.6844
   31  6.2093e+10     9.0055    31    30     2.7652
   32  6.0706e+10     9.0543    32    31     2.8459
   33  5.7261e+10     9.1815    33    32     2.9266
   34  5.6828e+10     9.1981    34    33     3.0071
   35  5.6321e+10     9.2177    35    34     3.0876
   36  5.5194e+10     9.2622    36    35     3.1680
   37  5.5024e+10     9.2689    37    36     3.2483
   38  5.3787e+10     9.3191    38    37     3.3285
   39  5.3559e+10     9.3285    39    38     3.4087
   40  5.3392e+10     9.3354    40    39     3.4889
   41  5.1601e+10     9.4112    41    40     3.5689
   42  5.1374e+10     9.4210    42    41     3.6490
   43  4.9089e+10     9.5228    43    42     3.7290
   44  4.8817e+10     9.5353    44    43     3.8089
   45  4.2001e+10     9.8777    45    44     3.8889
   46  3.4199e+10    10.3598    46    45     3.9688
   47  3.3002e+10    10.4450    47    46     4.0486
   48  3.2604e+10    10.4741    48    47     4.1285
   49  3.1679e+10    10.5435    49    48     4.2083
   50  3.1465e+10    10.5600    50    49     4.2881
   51  3.1213e+10    10.5794    51    50     4.3678
   52  3.0913e+10    10.6028    52    51     4.4476
   53  3.0860e+10    10.6070    53    52     4.5273
   54  3.0792e+10    10.6124    54    53     4.6070
   55  3.0723e+10    10.6178    55    54     4.6867
   56  3.0685e+10    10.6208    56    55     4.7664
   57  2.8986e+10    10.7598    57    56     4.8460
   58  2.6169e+10    11.0126    58    57     4.9257
   59  2.5811e+10    11.0470    59    58     5.0053
   60  2.4979e+10    11.1291    60    59     5.0849
   61  2.4709e+10    11.1564    61    60     5.1646
   62  2.4697e+10    11.1576    62    61     5.2442
   63  2.4022e+10    11.2275    63    62     5.3238
   64  2.3451e+10    11.2885    64    63     5.4033
   65  1.9182e+10    11.8068    65    64     5.4829
   66  1.9097e+10    11.8184    66    65     5.5625
   67  1.9093e+10    11.8189    67    66     5.6421
   68  1.9052e+10    11.8245    68    67     5.7216
   69  1.7795e+10    12.0046    69    68     5.8012
   70  1.6209e+10    12.2541    70    69     5.8807
   71  1.5762e+10    12.3296    71    70     5.9602
   72  1.3066e+10    12.8441    72    71     6.0398
   73  1.3030e+10    12.8519    73    72     6.1193
   74  1.3019e+10    12.8542    74    73     6.1988
   75  1.2840e+10    12.8929    75    74     6.2783
   76  9.8957e+09    13.6346    76    75     6.3579
   77  9.8382e+09    13.6516    77    76     6.4374
   78  9.3856e+09    13.7890    78    77     6.5169
   79  8.7152e+09    14.0073    79    78     6.5964
   80  8.6961e+09    14.0138    80    79     6.6759
   81  8.3163e+09    14.1465    81    80     6.7554
   82  7.3247e+09    14.5288    82    81     6.8349
   83  6.7157e+09    14.7944    83    82     6.9143
   84  6.7097e+09    14.7971    84    83     6.9938
   85  6.6285e+09    14.8346    85    84     7.0733
   86  6.0699e+09    15.1080    86    85     7.1528
   87  5.4941e+09    15.4218    87    86     7.2323
   88  5.4876e+09    15.4255    88    87     7.3117
   89  5.4730e+09    15.4340    89    88     7.3912
   90  5.4480e+09    15.4486    90    89     7.4707
   91  5.4414e+09    15.4524    91    90     7.5502
   92  5.2936e+09    15.5400    92    91     7.6296
   93  5.0548e+09    15.6877    93    92     7.7091
   94  4.8498e+09    15.8210    94    93     7.7885
   95  3.9569e+09    16.4879    95    94     7.8680
   96  3.7709e+09    16.6486    96    95     7.9475
   97  3.6775e+09    16.7328    97    96     8.0269
   98  3.6639e+09    16.7451    98    97     8.1064
   99  3.6233e+09    16.7827    99    98     8.1858
  100  3.5959e+09    16.8082   100    99     8.2653
