#indx Mass S step-number desc_indx 
    0  1.0000e+12     4.3172     0    -1     0.0134
    1  7.1600e+11     4.7547     1     0     0.1326
    2  7.0330e+11     4.7791     2     1     0.2441
    3  6.8022e+11     4.8246     3     2     0.3500
    4  6.6622e+11     4.8532     4     3     0.4519
    5  6.6415e+11     4.8575     5     4     0.5506
    6  6.5334e+11     4.8802     6     5     0.6467
    7  6.3795e+11     4.9132     7     6     0.7407
    8  6.3515e+11     4.9193     8     7     0.8330
    9  6.3036e+11     4.9298     9     8     0.9238
   10  5.9537e+11     5.0098    10     9     1.0134
   11  5.4828e+11     5.1269    11    10     1.1018
   12  5.4793e+11     5.1279    12    11     1.1894
   13  5.3444e+11     5.1637    13    12     1.2761
   14  5.2142e+11     5.1993    14    13     1.3621
   15  5.1770e+11     5.2097    15    14     1.4474
   16  4.9441e+11     5.2767    16    15     1.5322
   17  4.8895e+11     5.2930    17    16     1.6165
   18  4.8263e+11     5.3121    18    17     1.7003
   19  4.7825e+11     5.3255    19    18     1.7838
   20  4.6468e+11     5.3681    20    19     1.8669
   21  4.2381e+11     5.5058    21    20     1.9496
   22  3.8813e+11     5.6397    22    21     2.0321
   23  3.4930e+11     5.8034    23    22     2.1143
   24  2.2589e+11     6.5171    24    23     2.1963
   25  2.2122e+11     6.5528    25    24     2.2781
   26  2.1846e+11     6.5744    26    25     2.3597
   27  2.1715e+11     6.5847    27    26     2.4411
   28  2.1572e+11     6.5960    28    27     2.5223
   29  1.8245e+11     6.8891    29    28     2.6034
   30  1.4913e+11     7.2542    30    29     2.6844
   31  1.4454e+11     7.3121    31    30     2.7652
   32  1.1153e+11     7.8047    32    31     2.8459
   33  1.1039e+11     7.8248    33    32     2.9266
   34  1.1004e+11     7.8310    34    33     3.0071
   35  1.0101e+11     7.9993    35    34     3.0876
   36  9.7421e+10     8.0711    36    35     3.1680
   37  9.5697e+10     8.1067    37    36     3.2483
   38  9.5458e+10     8.1117    38    37     3.3285
   39  9.3036e+10     8.1633    39    38     3.4087
   40  8.7023e+10     8.2984    40    39     3.4889
   41  8.6091e+10     8.3203    41    40     3.5689
   42  8.3380e+10     8.3856    42    41     3.6490
   43  8.1486e+10     8.4328    43    42     3.7290
   44  7.0493e+10     8.7348    44    43     3.8089
   45  6.9443e+10     8.7665    45    44     3.8889
   46  6.4936e+10     8.9093    46    45     3.9688
   47  6.4147e+10     8.9355    47    46     4.0486
   48  6.2830e+10     8.9801    48    47     4.1285
   49  6.2748e+10     8.9829    49    48     4.2083
   50  6.1696e+10     9.0194    50    49     4.2881
   51  6.0208e+10     9.0722    51    50     4.3678
   52  6.0083e+10     9.0767    52    51     4.4476
   53  4.9943e+10     9.4841    53    52     4.5273
   54  4.9318e+10     9.5124    54    53     4.6070
   55  4.8772e+10     9.5374    55    54     4.6867
   56  4.8394e+10     9.5549    56    55     4.7664
   57  4.7537e+10     9.5952    57    56     4.8460
   58  4.7157e+10     9.6133    58    57     4.9257
   59  4.6946e+10     9.6234    59    58     5.0053
   60  2.8112e+10    10.8351    60    59     5.0849
   61  2.8106e+10    10.8356    61    60     5.1646
   62  2.8053e+10    10.8403    62    61     5.2442
   63  2.6611e+10    10.9709    63    62     5.3238
   64  2.6577e+10    10.9741    64    63     5.4033
   65  2.6389e+10    10.9918    65    64     5.4829
   66  2.6355e+10    10.9949    66    65     5.5625
   67  2.6025e+10    11.0264    67    66     5.6421
   68  2.1346e+10    11.5290    68    67     5.7216
   69  2.0682e+10    11.6106    69    68     5.8012
   70  2.0384e+10    11.6482    70    69     5.8807
   71  2.0321e+10    11.6562    71    70     5.9602
   72  1.9095e+10    11.8187    72    71     6.0398
   73  1.8840e+10    11.8540    73    72     6.1193
   74  1.8766e+10    11.8644    74    73     6.1988
   75  1.7692e+10    12.0200    75    74     6.2783
   76  1.7683e+10    12.0213    76    75     6.3579
   77  1.5618e+10    12.3543    77    76     6.4374
   78  1.5575e+10    12.3618    78    77     6.5169
   79  1.5337e+10    12.4035    79    78     6.5964
   80  1.5214e+10    12.4255    80    79     6.6759
   81  1.4881e+10    12.4857    81    80     6.7554
   82  1.1307e+10    13.2511    82    81     6.8349
   83  1.1285e+10    13.2569    83    82     6.9143
   84  1.0840e+10    13.3716    84    83     6.9938
   85  1.0817e+10    13.3776    85    84     7.0733
   86  1.0723e+10    13.4029    86    85     7.1528
   87  1.0582e+10    13.4408    87    86     7.2323
   88  1.0083e+10    13.5801    88    87     7.3117
   89  1.0070e+10    13.5840    89    88     7.3912
   90  9.5384e+09    13.7418    90    89     7.4707
   91  9.4450e+09    13.7705    91    90     7.5502
   92  9.4041e+09    13.7832    92    91     7.6296
   93  8.9965e+09    13.9134    93    92     7.7091
   94  3.3956e+09    17.0022    94    93     7.7885
   95  3.3900e+09    17.0079    95    94     7.8680
   96  3.2566e+09    17.1447    96    95     7.9475
   97  3.2023e+09    17.2023    97    96     8.0269
   98  3.1988e+09    17.2061    98    97     8.1064
   99  3.1898e+09    17.2157    99    98     8.1858
  100  3.1688e+09    17.2383   100    99     8.2653
