#indx Mass S step-number desc_indx 
    0  1.0000e+12     4.3172     0    -1     0.0134
    1  8.8298e+11     4.4766     1     0     0.1326
    2  8.8077e+11     4.4799     2     1     0.2441
    3  8.4774e+11     4.5297     3     2     0.3500
    4  8.0901e+11     4.5912     4     3     0.4519
    5  3.3803e+11     5.8550     5     4     0.5506
    6  3.3103e+11     5.8881     6     5     0.6467
    7  3.1522e+11     5.9661     7     6     0.7407
    8  3.0882e+11     5.9990     8     7     0.8330
    9  3.0857e+11     6.0003     9     8     0.9238
   10  3.0716e+11     6.0077    10     9     1.0134
   11  3.0651e+11     6.0111    11    10     1.1018
   12  3.0536e+11     6.0171    12    11     1.1894
   13  2.4226e+11     6.3984    13    12     1.2761
   14  2.4031e+11     6.4121    14    13     1.3621
   15  2.2543e+11     6.5205    15    14     1.4474
   16  2.2358e+11     6.5346    16    15     1.5322
   17  2.0828e+11     6.6567    17    16     1.6165
   18  2.0109e+11     6.7178    18    17     1.7003
   19  1.9705e+11     6.7533    19    18     1.7838
   20  1.3252e+11     7.4746    20    19     1.8669
   21  1.2738e+11     7.5493    21    20     1.9496
   22  1.2693e+11     7.5562    22    21     2.0321
   23  1.2360e+11     7.6067    23    22     2.1143
   24  1.2297e+11     7.6165    24    23     2.1963
   25  1.2189e+11     7.6333    25    24     2.2781
   26  9.5448e+10     8.1120    26    25     2.3597
   27  9.4487e+10     8.1322    27    26     2.4411
   28  9.3733e+10     8.1483    28    27     2.5223
   29  8.4670e+10     8.3542    29    28     2.6034
   30  8.4413e+10     8.3605    30    29     2.6844
   31  8.3843e+10     8.3743    31    30     2.7652
   32  7.8145e+10     8.5193    32    31     2.8459
   33  7.5687e+10     8.5857    33    32     2.9266
   34  7.5402e+10     8.5935    34    33     3.0071
   35  7.4724e+10     8.6124    35    34     3.0876
   36  7.2926e+10     8.6634    36    35     3.1680
   37  7.0850e+10     8.7241    37    36     3.2483
   38  6.9862e+10     8.7538    38    37     3.3285
   39  6.0122e+10     9.0753    39    38     3.4087
   40  5.9755e+10     9.0886    40    39     3.4889
   41  4.9077e+10     9.5233    41    40     3.5689
   42  4.8775e+10     9.5372    42    41     3.6490
   43  4.8612e+10     9.5448    43    42     3.7290
   44  4.7276e+10     9.6076    44    43     3.8089
   45  3.8783e+10    10.0627    45    44     3.8889
   46  5.7389e+09    15.2840    46    45     3.9688
   47  5.6963e+09    15.3075    47    46     4.0486
   48  5.6139e+09    15.3535    48    47     4.1285
   49  4.1850e+09    16.3023    49    48     4.2083
   50  4.1363e+09    16.3409    50    49     4.2881
   51  3.8567e+09    16.5734    51    50     4.3678
   52  3.8340e+09    16.5931    52    51     4.4476
   53  3.8067e+09    16.6170    53    52     4.5273
   54  3.4982e+09    16.9013    54    53     4.6070
   55  3.4264e+09    16.9716    55    54     4.6867
   56  3.3746e+09    17.0234    56    55     4.7664
   57  3.3587e+09    17.0394    57    56     4.8460
   58  3.3514e+09    17.0469    58    57     4.9257
   59  3.3428e+09    17.0556    59    58     5.0053
   60  1.7114e+09    19.4458    60    59     5.0849
   61  1.6108e+09    19.6731    61    60     5.1646
   62  1.5905e+09    19.7210    62    61     5.2442
   63  1.5855e+09    19.7328    63    62     5.3238
   64  1.5847e+09    19.7346    64    63     5.4033
   65  1.5679e+09    19.7750    65    64     5.4829
   66  1.5600e+09    19.7942    66    65     5.5625
   67  1.5454e+09    19.8297    67    66     5.6421
   68  1.5452e+09    19.8301    68    67     5.7216
   69  1.5202e+09    19.8920    69    68     5.8012
   70  1.1296e+09    21.0423    70    69     5.8807
   71  1.1153e+09    21.0924    71    70     5.9602
   72  1.1063e+09    21.1247    72    71     6.0398
   73  1.0968e+09    21.1590    73    72     6.1193
   74  1.0944e+09    21.1674    74    73     6.1988
   75  1.0906e+09    21.1811    75    74     6.2783
   76  1.0340e+09    21.3933    76    75     6.3579
   77  1.0135e+09    21.4735    77    76     6.4374
   78  9.9656e+08    21.5412    78    77     6.5169
   79  9.9432e+08    21.5503    79    78     6.5964
   80  9.5762e+08    21.7016    80    79     6.6759
   81  9.5532e+08    21.7113    81    80     6.7554
   82  9.3186e+08    21.8119    82    81     6.8349
   83  8.8240e+08    22.0336    83    82     6.9143
   84  8.6131e+08    22.1324    84    83     6.9938
   85  8.6074e+08    22.1351    85    84     7.0733
   86  8.4781e+08    22.1971    86    85     7.1528
   87  8.4735e+08    22.1993    87    86     7.2323
   88  8.4597e+08    22.2060    88    87     7.3117
   89  7.8977e+08    22.4891    89    88     7.3912
   90  7.7892e+08    22.5465    90    89     7.4707
   91  7.7212e+08    22.5828    91    90     7.5502
   92  7.6683e+08    22.6113    92    91     7.6296
   93  7.3116e+08    22.8098    93    92     7.7091
   94  7.2593e+08    22.8398    94    93     7.7885
   95  7.1824e+08    22.8843    95    94     7.8680
   96  6.9307e+08    23.0341    96    95     7.9475
   97  6.7740e+08    23.1305    97    96     8.0269
   98  6.7654e+08    23.1358    98    97     8.1064
   99  6.7475e+08    23.1470    99    98     8.1858
  100  6.4980e+08    23.3064   100    99     8.2653
