#indx Mass S step-number desc_indx 
    0  1.0000e+12     4.3172     0    -1     0.0134
    1  9.9910e+11     4.3184     1     0     0.1326
    2  9.0927e+11     4.4387     2     1     0.2441
    3  8.9557e+11     4.4583     3     2     0.3500
    4  8.9319e+11     4.4617     4     3     0.4519
    5  8.6834e+11     4.4983     5     4     0.5506
    6  8.2431e+11     4.5665     6     5     0.6467
    7  7.9754e+11     4.6101     7     6     0.7407
    8  7.6119e+11     4.6723     8     7     0.8330
    9  6.4791e+11     4.8917     9     8     0.9238
   10  6.1627e+11     4.9614    10     9     1.0134
   11  6.1536e+11     4.9635    11    10     1.1018
   12  6.0463e+11     4.9881    12    11     1.1894
   13  6.0324e+11     4.9914    13    12     1.2761
   14  5.6931e+11     5.0732    14    13     1.3621
   15  5.6515e+11     5.0836    15    14     1.4474
   16  1.7694e+11     6.9437    16    15     1.5322
   17  1.6598e+11     7.0587    17    16     1.6165
   18  1.6396e+11     7.0808    18    17     1.7003
   19  1.6205e+11     7.1021    19    18     1.7838
   20  1.5984e+11     7.1271    20    19     1.8669
   21  1.1797e+11     7.6961    21    20     1.9496
   22  1.1129e+11     7.8090    22    21     2.0321
   23  1.1035e+11     7.8256    23    22     2.1143
   24  9.6745e+10     8.0850    24    23     2.1963
   25  9.2420e+10     8.1766    25    24     2.2781
   26  9.2315e+10     8.1789    26    25     2.3597
   27  9.2107e+10     8.1835    27    26     2.4411
   28  9.1163e+10     8.2042    28    27     2.5223
   29  9.0673e+10     8.2151    29    28     2.6034
   30  9.0155e+10     8.2267    30    29     2.6844
   31  8.6054e+10     8.3211    31    30     2.7652
   32  8.0733e+10     8.4519    32    31     2.8459
   33  8.0411e+10     8.4602    33    32     2.9266
   34  6.7529e+10     8.8258    34    33     3.0071
   35  6.7088e+10     8.8397    35    34     3.0876
   36  6.7033e+10     8.8415    36    35     3.1680
   37  6.4091e+10     8.9373    37    36     3.2483
   38  6.3922e+10     8.9430    38    37     3.3285
   39  6.3687e+10     8.9509    39    38     3.4087
   40  6.3089e+10     8.9712    40    39     3.4889
   41  6.2616e+10     8.9874    41    40     3.5689
   42  6.2045e+10     9.0072    42    41     3.6490
   43  2.7176e+10    10.9188    43    42     3.7290
   44  2.6756e+10    10.9574    44    43     3.8089
   45  2.4684e+10    11.1589    45    44     3.8889
   46  9.7942e+09    13.6646    46    45     3.9688
   47  9.6921e+09    13.6951    47    46     4.0486
   48  9.4768e+09    13.7607    48    47     4.1285
   49  8.9662e+09    13.9233    49    48     4.2083
   50  8.9500e+09    13.9287    50    49     4.2881
   51  8.9119e+09    13.9412    51    50     4.3678
   52  8.8898e+09    13.9486    52    51     4.4476
   53  8.8373e+09    13.9661    53    52     4.5273
   54  8.4111e+09    14.1127    54    53     4.6070
   55  8.4096e+09    14.1132    55    54     4.6867
   56  8.3457e+09    14.1360    56    55     4.7664
   57  8.2071e+09    14.1859    57    56     4.8460
   58  7.9989e+09    14.2629    58    57     4.9257
   59  7.6044e+09    14.4152    59    58     5.0053
   60  7.4941e+09    14.4594    60    59     5.0849
   61  7.1681e+09    14.5946    61    60     5.1646
   62  7.1237e+09    14.6135    62    61     5.2442
   63  7.0024e+09    14.6660    63    62     5.3238
   64  6.7374e+09    14.7844    64    63     5.4033
   65  6.6097e+09    14.8434    65    64     5.4829
   66  6.2195e+09    15.0321    66    65     5.5625
   67  5.9668e+09    15.1616    67    66     5.6421
   68  5.9074e+09    15.1930    68    67     5.7216
   69  4.2589e+09    16.2446    69    68     5.8012
   70  4.2319e+09    16.2656    70    69     5.8807
   71  4.1828e+09    16.3040    71    70     5.9602
   72  4.1764e+09    16.3091    72    71     6.0398
   73  4.1625e+09    16.3201    73    72     6.1193
   74  4.1142e+09    16.3587    74    73     6.1988
   75  4.0870e+09    16.3806    75    74     6.2783
   76  4.0446e+09    16.4151    76    75     6.3579
   77  4.0089e+09    16.4445    77    76     6.4374
   78  3.8947e+09    16.5407    78    77     6.5169
   79  3.7427e+09    16.6737    79    78     6.5964
   80  1.2223e+09    20.7322    80    79     6.6759
   81  1.2072e+09    20.7811    81    80     6.7554
   82  1.2039e+09    20.7916    82    81     6.8349
   83  1.1835e+09    20.8586    83    82     6.9143
   84  1.1382e+09    21.0124    84    83     6.9938
   85  1.1201e+09    21.0755    85    84     7.0733
   86  1.1194e+09    21.0782    86    85     7.1528
   87  8.5343e+08    22.1700    87    86     7.2323
   88  8.4647e+08    22.2036    88    87     7.3117
   89  8.3174e+08    22.2757    89    88     7.3912
   90  8.1190e+08    22.3750    90    89     7.4707
   91  8.0937e+08    22.3879    91    90     7.5502
   92  8.0760e+08    22.3969    92    91     7.6296
   93  8.0721e+08    22.3989    93    92     7.7091
   94  5.1737e+08    24.2871    94    93     7.7885
   95  4.9101e+08    24.5161    95    94     7.8680
   96  4.8945e+08    24.5301    96    95     7.9475
   97  4.8693e+08    24.5528    97    96     8.0269
   98  3.8962e+08    25.5470    98    97     8.1064
   99  3.8938e+08    25.5498    99    98     8.1858
  100  3.7234e+08    25.7526   100    99     8.2653
