#indx Mass S step-number desc_indx 
    0  1.0000e+12     4.3172     0    -1     0.0134
    1  9.5139e+11     4.3805     1     0     0.1326
    2  8.0720e+11     4.5942     2     1     0.2441
    3  7.9010e+11     4.6226     3     2     0.3500
    4  7.8783e+11     4.6264     4     3     0.4519
    5  7.4198e+11     4.7066     5     4     0.5506
    6  7.3763e+11     4.7145     6     5     0.6467
    7  7.1433e+11     4.7579     7     6     0.7407
    8  7.0953e+11     4.7671     8     7     0.8330
    9  6.8416e+11     4.8167     9     8     0.9238
   10  6.6605e+11     4.8536    10     9     1.0134
   11  6.5948e+11     4.8672    11    10     1.1018
   12  6.2434e+11     4.9432    12    11     1.1894
   13  6.2226e+11     4.9479    13    12     1.2761
   14  6.1659e+11     4.9607    14    13     1.3621
   15  5.9343e+11     5.0144    15    14     1.4474
   16  5.7939e+11     5.0483    16    15     1.5322
   17  5.6768e+11     5.0773    17    16     1.6165
   18  5.1445e+11     5.2188    18    17     1.7003
   19  4.8320e+11     5.3104    19    18     1.7838
   20  4.6779e+11     5.3582    20    19     1.8669
   21  4.6688e+11     5.3611    21    20     1.9496
   22  4.6243e+11     5.3753    22    21     2.0321
   23  4.4333e+11     5.4381    23    22     2.1143
   24  4.2035e+11     5.5182    24    23     2.1963
   25  4.0545e+11     5.5729    25    24     2.2781
   26  4.0053e+11     5.5916    26    25     2.3597
   27  3.9063e+11     5.6299    27    26     2.4411
   28  3.6118e+11     5.7511    28    27     2.5223
   29  3.6055e+11     5.7538    29    28     2.6034
   30  3.5300e+11     5.7869    30    29     2.6844
   31  2.7707e+11     6.1752    31    30     2.7652
   32  2.7078e+11     6.2130    32    31     2.8459
   33  2.4388e+11     6.3872    33    32     2.9266
   34  2.3499e+11     6.4499    34    33     3.0071
   35  2.3000e+11     6.4863    35    34     3.0876
   36  8.5073e+10     8.3445    36    35     3.1680
   37  7.8356e+10     8.5137    37    36     3.2483
   38  7.4167e+10     8.6280    38    37     3.3285
   39  7.1739e+10     8.6979    39    38     3.4087
   40  7.1152e+10     8.7152    40    39     3.4889
   41  6.9697e+10     8.7588    41    40     3.5689
   42  6.8167e+10     8.8058    42    41     3.6490
   43  6.7161e+10     8.8374    43    42     3.7290
   44  6.6805e+10     8.8487    44    43     3.8089
   45  5.4574e+10     9.2871    45    44     3.8889
   46  5.3198e+10     9.3435    46    45     3.9688
   47  5.0595e+10     9.4551    47    46     4.0486
   48  4.9790e+10     9.4910    48    47     4.1285
   49  4.9488e+10     9.5046    49    48     4.2083
   50  4.7668e+10     9.5889    50    49     4.2881
   51  4.7369e+10     9.6031    51    50     4.3678
   52  4.7157e+10     9.6133    52    51     4.4476
   53  4.6158e+10     9.6618    53    52     4.5273
   54  4.6109e+10     9.6642    54    53     4.6070
   55  4.5634e+10     9.6877    55    54     4.6867
   56  4.2675e+10     9.8410    56    55     4.7664
   57  4.2655e+10     9.8421    57    56     4.8460
   58  3.8933e+10    10.0537    58    57     4.9257
   59  3.7739e+10    10.1266    59    58     5.0053
   60  3.5620e+10    10.2629    60    59     5.0849
   61  3.0326e+10    10.6494    61    60     5.1646
   62  2.9074e+10    10.7523    62    61     5.2442
   63  2.7036e+10    10.9316    63    62     5.3238
   64  2.6926e+10    10.9417    64    63     5.4033
   65  2.5689e+10    11.0589    65    64     5.4829
   66  2.5544e+10    11.0730    66    65     5.5625
   67  2.5016e+10    11.1254    67    66     5.6421
   68  2.1979e+10    11.4539    68    67     5.7216
   69  1.5862e+10    12.3124    69    68     5.8012
   70  1.5424e+10    12.3882    70    69     5.8807
   71  1.4278e+10    12.5989    71    70     5.9602
   72  1.3659e+10    12.7210    72    71     6.0398
   73  1.3649e+10    12.7231    73    72     6.1193
   74  1.3627e+10    12.7275    74    73     6.1988
   75  1.3458e+10    12.7622    75    74     6.2783
   76  1.3060e+10    12.8454    76    75     6.3579
   77  1.2609e+10    12.9434    77    76     6.4374
   78  1.2338e+10    13.0044    78    77     6.5169
   79  1.2274e+10    13.0191    79    78     6.5964
   80  1.1553e+10    13.1900    80    79     6.6759
   81  1.0618e+10    13.4310    81    80     6.7554
   82  1.0240e+10    13.5355    82    81     6.8349
   83  1.0223e+10    13.5404    83    82     6.9143
   84  1.0185e+10    13.5511    84    83     6.9938
   85  9.5919e+09    13.7254    85    84     7.0733
   86  9.5762e+09    13.7302    86    85     7.1528
   87  9.4261e+09    13.7764    87    86     7.2323
   88  9.4027e+09    13.7837    88    87     7.3117
   89  9.3556e+09    13.7984    89    88     7.3912
   90  9.2726e+09    13.8245    90    89     7.4707
   91  8.7039e+09    14.0111    91    90     7.5502
   92  8.3806e+09    14.1235    92    91     7.6296
   93  8.3783e+09    14.1244    93    92     7.7091
   94  7.7158e+09    14.3713    94    93     7.7885
   95  7.6312e+09    14.4045    95    94     7.8680
   96  7.4568e+09    14.4745    96    95     7.9475
   97  7.4349e+09    14.4834    97    96     8.0269
   98  7.0811e+09    14.6319    98    97     8.1064
   99  7.0786e+09    14.6329    99    98     8.1858
  100  6.5808e+09    14.8569   100    99     8.2653
