#indx Mass S step-number desc_indx 
    0  1.0000e+12     4.3172     0    -1     0.0134
    1  9.7296e+11     4.3520     1     0     0.1326
    2  4.4948e+11     5.4175     2     1     0.2441
    3  3.8541e+11     5.6506     3     2     0.3500
    4  2.7637e+11     6.1794     4     3     0.4519
    5  2.7412e+11     6.1928     5     4     0.5506
    6  1.1135e+11     7.8079     6     5     0.6467
    7  1.1024e+11     7.8275     7     6     0.7407
    8  1.0711e+11     7.8837     8     7     0.8330
    9  1.0666e+11     7.8919     9     8     0.9238
   10  1.0520e+11     7.9191    10     9     1.0134
   11  1.0512e+11     7.9205    11    10     1.1018
   12  8.4797e+10     8.3512    12    11     1.1894
   13  8.1372e+10     8.4357    13    12     1.2761
   14  7.9979e+10     8.4713    14    13     1.3621
   15  7.9663e+10     8.4795    15    14     1.4474
   16  6.7763e+10     8.8184    16    15     1.5322
   17  6.7152e+10     8.8377    17    16     1.6165
   18  3.9318e+10    10.0307    18    17     1.7003
   19  3.7522e+10    10.1402    19    18     1.7838
   20  3.7305e+10    10.1538    20    19     1.8669
   21  3.5367e+10    10.2798    21    20     1.9496
   22  3.0334e+10    10.6488    22    21     2.0321
   23  2.9190e+10    10.7426    23    22     2.1143
   24  2.9032e+10    10.7559    24    23     2.1963
   25  2.8981e+10    10.7602    25    24     2.2781
   26  2.7849e+10    10.8582    26    25     2.3597
   27  2.7826e+10    10.8603    27    26     2.4411
   28  2.7254e+10    10.9116    28    27     2.5223
   29  2.5446e+10    11.0826    29    28     2.6034
   30  2.5432e+10    11.0840    30    29     2.6844
   31  5.8167e+09    15.2416    31    30     2.7652
   32  5.8095e+09    15.2455    32    31     2.8459
   33  5.7968e+09    15.2524    33    32     2.9266
   34  5.6680e+09    15.3232    34    33     3.0071
   35  5.6512e+09    15.3326    35    34     3.0876
   36  5.5525e+09    15.3883    36    35     3.1680
   37  3.1387e+09    17.2712    37    36     3.2483
   38  3.1068e+09    17.3063    38    37     3.3285
   39  3.1057e+09    17.3075    39    38     3.4087
   40  2.9879e+09    17.4409    40    39     3.4889
   41  2.7672e+09    17.7080    41    40     3.5689
   42  2.7394e+09    17.7433    42    41     3.6490
   43  2.7289e+09    17.7567    43    42     3.7290
   44  2.7065e+09    17.7856    44    43     3.8089
   45  2.6556e+09    17.8523    45    44     3.8889
   46  2.5848e+09    17.9475    46    45     3.9688
   47  2.5476e+09    17.9988    47    46     4.0486
   48  2.5178e+09    18.0404    48    47     4.1285
   49  2.4857e+09    18.0860    49    48     4.2083
   50  2.3370e+09    18.3060    50    49     4.2881
   51  2.3284e+09    18.3192    51    50     4.3678
   52  2.3278e+09    18.3200    52    51     4.4476
   53  2.2974e+09    18.3672    53    52     4.5273
   54  2.2924e+09    18.3751    54    53     4.6070
   55  2.2860e+09    18.3851    55    54     4.6867
   56  1.9680e+09    18.9286    56    55     4.7664
   57  1.9211e+09    19.0172    57    56     4.8460
   58  1.9130e+09    19.0327    58    57     4.9257
   59  1.9119e+09    19.0349    59    58     5.0053
   60  1.9108e+09    19.0370    60    59     5.0849
   61  1.8027e+09    19.2522    61    60     5.1646
   62  1.8010e+09    19.2558    62    61     5.2442
   63  1.5302e+09    19.8670    63    62     5.3238
   64  1.4122e+09    20.1733    64    63     5.4033
   65  1.4109e+09    20.1769    65    64     5.4829
   66  1.4063e+09    20.1894    66    65     5.5625
   67  1.4020e+09    20.2011    67    66     5.6421
   68  1.2157e+09    20.7536    68    67     5.7216
   69  1.0758e+09    21.2356    69    68     5.8012
   70  1.0464e+09    21.3460    70    69     5.8807
   71  7.9125e+08    22.4814    71    70     5.9602
   72  7.6644e+08    22.6134    72    71     6.0398
   73  7.0192e+08    22.9807    73    72     6.1193
   74  7.0111e+08    22.9856    74    73     6.1988
   75  6.9953e+08    22.9951    75    74     6.2783
   76  6.9922e+08    22.9969    76    75     6.3579
   77  6.9762e+08    23.0066    77    76     6.4374
   78  6.8480e+08    23.0846    78    77     6.5169
   79  6.7808e+08    23.1262    79    78     6.5964
   80  6.7387e+08    23.1525    80    79     6.6759
   81  6.7362e+08    23.1541    81    80     6.7554
   82  6.6845e+08    23.1866    82    81     6.8349
   83  6.6516e+08    23.2075    83    82     6.9143
   84  6.6331e+08    23.2192    84    83     6.9938
   85  4.6131e+08    24.7913    85    84     7.0733
   86  4.5505e+08    24.8519    86    85     7.1528
   87  4.5373e+08    24.8648    87    86     7.2323
   88  4.5233e+08    24.8785    88    87     7.3117
   89  4.4920e+08    24.9093    89    88     7.3912
   90  3.6371e+08    25.8593    90    89     7.4707
   91  3.6113e+08    25.8918    91    90     7.5502
   92  3.5693e+08    25.9452    92    91     7.6296
   93  3.5679e+08    25.9470    93    92     7.7091
   94  3.5076e+08    26.0250    94    93     7.7885
   95  3.4908e+08    26.0470    95    94     7.8680
   96  3.3853e+08    26.1879    96    95     7.9475
   97  3.3846e+08    26.1888    97    96     8.0269
   98  2.9411e+08    26.8402    98    97     8.1064
   99  2.8792e+08    26.9398    99    98     8.1858
  100  2.8077e+08    27.0578   100    99     8.2653
