#indx Mass S step-number desc_indx 
    0  1.0000e+12     4.3172     0    -1     0.0134
    1  9.9565e+11     4.3227     1     0     0.1326
    2  9.5489e+11     4.3758     2     1     0.2441
    3  9.4846e+11     4.3845     3     2     0.3500
    4  9.3548e+11     4.4021     4     3     0.4519
    5  8.5706e+11     4.5154     5     4     0.5506
    6  8.5572e+11     4.5174     6     5     0.6467
    7  8.4180e+11     4.5389     7     6     0.7407
    8  7.4693e+11     4.6976     8     7     0.8330
    9  2.5238e+11     6.3298     9     8     0.9238
   10  2.0087e+11     6.7197    10     9     1.0134
   11  1.9570e+11     6.7653    11    10     1.1018
   12  1.8989e+11     6.8184    12    11     1.1894
   13  1.7686e+11     6.9445    13    12     1.2761
   14  1.7435e+11     6.9701    14    13     1.3621
   15  1.7432e+11     6.9704    15    14     1.4474
   16  1.7267e+11     6.9875    16    15     1.5322
   17  1.7219e+11     6.9925    17    16     1.6165
   18  1.7200e+11     6.9945    18    17     1.7003
   19  1.5673e+11     7.1630    19    18     1.7838
   20  1.5609e+11     7.1705    20    19     1.8669
   21  1.5424e+11     7.1923    21    20     1.9496
   22  1.5394e+11     7.1959    22    21     2.0321
   23  1.3441e+11     7.4479    23    22     2.1143
   24  1.3297e+11     7.4682    24    23     2.1963
   25  1.3292e+11     7.4689    25    24     2.2781
   26  1.3239e+11     7.4764    26    25     2.3597
   27  1.3008e+11     7.5096    27    26     2.4411
   28  1.2380e+11     7.6036    28    27     2.5223
   29  1.2246e+11     7.6245    29    28     2.6034
   30  1.2235e+11     7.6262    30    29     2.6844
   31  1.1828e+11     7.6911    31    30     2.7652
   32  1.1780e+11     7.6990    32    31     2.8459
   33  1.0106e+11     7.9983    33    32     2.9266
   34  9.7738e+10     8.0646    34    33     3.0071
   35  9.5975e+10     8.1010    35    34     3.0876
   36  9.3081e+10     8.1623    36    35     3.1680
   37  9.1290e+10     8.2014    37    36     3.2483
   38  8.9255e+10     8.2470    38    37     3.3285
   39  8.7712e+10     8.2823    39    38     3.4087
   40  8.3893e+10     8.3731    40    39     3.4889
   41  8.0723e+10     8.4522    41    40     3.5689
   42  7.7735e+10     8.5302    42    41     3.6490
   43  7.2228e+10     8.6836    43    42     3.7290
   44  7.2191e+10     8.6847    44    43     3.8089
   45  7.1895e+10     8.6933    45    44     3.8889
   46  6.9393e+10     8.7680    46    45     3.9688
   47  5.7104e+10     9.1875    47    46     4.0486
   48  5.6367e+10     9.2160    48    47     4.1285
   49  5.6273e+10     9.2196    49    48     4.2083
   50  4.9952e+10     9.4837    50    49     4.2881
   51  4.8291e+10     9.5596    51    50     4.3678
   52  4.7854e+10     9.5801    52    51     4.4476
   53  4.2209e+10     9.8663    53    52     4.5273
   54  3.6425e+10    10.2101    54    53     4.6070
   55  3.5981e+10    10.2391    55    54     4.6867
   56  3.5828e+10    10.2491    56    55     4.7664
   57  3.5216e+10    10.2900    57    56     4.8460
   58  3.3369e+10    10.4185    58    57     4.9257
   59  2.3309e+09    18.3153    59    58     5.0053
   60  2.1691e+09    18.5744    60    59     5.0849
   61  2.0923e+09    18.7051    61    60     5.1646
   62  2.0672e+09    18.7491    62    61     5.2442
   63  2.0645e+09    18.7538    63    62     5.3238
   64  2.0455e+09    18.7874    64    63     5.4033
   65  1.9991e+09    18.8712    65    64     5.4829
   66  1.8808e+09    19.0954    66    65     5.5625
   67  1.8411e+09    19.1742    67    66     5.6421
   68  1.7582e+09    19.3452    68    67     5.7216
   69  1.6816e+09    19.5116    69    68     5.8012
   70  1.6785e+09    19.5184    70    69     5.8807
   71  1.6769e+09    19.5221    71    70     5.9602
   72  1.2899e+09    20.5225    72    71     6.0398
   73  1.2881e+09    20.5281    73    72     6.1193
   74  1.2753e+09    20.5670    74    73     6.1988
   75  1.2550e+09    20.6292    75    74     6.2783
   76  1.2498e+09    20.6456    76    75     6.3579
   77  9.9916e+08    21.5308    77    76     6.4374
   78  9.9878e+08    21.5323    78    77     6.5169
   79  9.9836e+08    21.5340    79    78     6.5964
   80  9.2039e+08    21.8621    80    79     6.6759
   81  9.1998e+08    21.8639    81    80     6.7554
   82  9.0935e+08    21.9111    82    81     6.8349
   83  9.0772e+08    21.9184    83    82     6.9143
   84  9.0605e+08    21.9259    84    83     6.9938
   85  8.9364e+08    21.9820    85    84     7.0733
   86  8.8484e+08    22.0223    86    85     7.1528
   87  8.8402e+08    22.0261    87    86     7.2323
   88  8.3457e+08    22.2617    88    87     7.3117
   89  8.1191e+08    22.3750    89    88     7.3912
   90  8.1118e+08    22.3787    90    89     7.4707
   91  8.0997e+08    22.3848    91    90     7.5502
   92  8.0986e+08    22.3854    92    91     7.6296
   93  8.0818e+08    22.3940    93    92     7.7091
   94  7.3797e+08    22.7710    94    93     7.7885
   95  7.3425e+08    22.7921    95    94     7.8680
   96  6.8321e+08    23.0944    96    95     7.9475
   97  6.6473e+08    23.2102    97    96     8.0269
   98  6.4860e+08    23.3143    98    97     8.1064
   99  6.4517e+08    23.3368    99    98     8.1858
  100  5.7477e+08    23.8310   100    99     8.2653
