#indx Mass S step-number desc_indx 
    0  1.0000e+12     4.3172     0    -1     0.0134
    1  9.5814e+11     4.3715     1     0     0.1326
    2  9.5556e+11     4.3750     2     1     0.2441
    3  9.2655e+11     4.4144     3     2     0.3500
    4  9.0033e+11     4.4514     4     3     0.4519
    5  7.2493e+11     4.7379     5     4     0.5506
    6  5.8802e+11     5.0274     6     5     0.6467
    7  5.7412e+11     5.0613     7     6     0.7407
    8  5.1087e+11     5.2290     8     7     0.8330
    9  4.9369e+11     5.2789     9     8     0.9238
   10  4.0307e+11     5.5819    10     9     1.0134
   11  3.9936e+11     5.5961    11    10     1.1018
   12  3.4547e+11     5.8207    12    11     1.1894
   13  3.4428e+11     5.8261    13    12     1.2761
   14  3.2518e+11     5.9165    14    13     1.3621
   15  3.1496e+11     5.9674    15    14     1.4474
   16  3.1401e+11     5.9722    16    15     1.5322
   17  2.9817e+11     6.0556    17    16     1.6165
   18  2.8812e+11     6.1113    18    17     1.7003
   19  2.8062e+11     6.1543    19    18     1.7838
   20  2.7476e+11     6.1890    20    19     1.8669
   21  1.3354e+11     7.4601    21    20     1.9496
   22  8.2986e+10     8.3953    22    21     2.0321
   23  8.2910e+10     8.3972    23    22     2.1143
   24  8.0244e+10     8.4645    24    23     2.1963
   25  7.9968e+10     8.4716    25    24     2.2781
   26  7.7585e+10     8.5342    26    25     2.3597
   27  7.3900e+10     8.6356    27    26     2.4411
   28  7.2770e+10     8.6679    28    27     2.5223
   29  7.2369e+10     8.6795    29    28     2.6034
   30  6.0031e+10     9.0786    30    29     2.6844
   31  5.1672e+10     9.4082    31    30     2.7652
   32  5.0956e+10     9.4392    32    31     2.8459
   33  4.8838e+10     9.5343    33    32     2.9266
   34  4.8387e+10     9.5552    34    33     3.0071
   35  4.7573e+10     9.5934    35    34     3.0876
   36  4.5009e+10     9.7191    36    35     3.1680
   37  4.2644e+10     9.8427    37    36     3.2483
   38  4.1461e+10     9.9075    38    37     3.3285
   39  4.0816e+10     9.9439    39    38     3.4087
   40  4.0139e+10     9.9826    40    39     3.4889
   41  5.5939e+09    15.3648    41    40     3.5689
   42  4.8441e+09    15.8248    42    41     3.6490
   43  4.7898e+09    15.8612    43    42     3.7290
   44  4.7742e+09    15.8718    44    43     3.8089
   45  4.7705e+09    15.8744    45    44     3.8889
   46  4.7344e+09    15.8990    46    45     3.9688
   47  4.7304e+09    15.9017    47    46     4.0486
   48  4.4545e+09    16.0974    48    47     4.1285
   49  4.4141e+09    16.1272    49    48     4.2083
   50  4.4036e+09    16.1350    50    49     4.2881
   51  4.3465e+09    16.1777    51    50     4.3678
   52  4.3360e+09    16.1856    52    51     4.4476
   53  4.0825e+09    16.3842    53    52     4.5273
   54  4.0797e+09    16.3865    54    53     4.6070
   55  4.0586e+09    16.4037    55    54     4.6867
   56  4.0208e+09    16.4347    56    55     4.7664
   57  4.0180e+09    16.4370    57    56     4.8460
   58  4.0095e+09    16.4440    58    57     4.9257
   59  3.6610e+09    16.7479    59    58     5.0053
   60  3.6435e+09    16.7640    60    59     5.0849
   61  3.6397e+09    16.7675    61    60     5.1646
   62  3.4832e+09    16.9158    62    61     5.2442
   63  3.4712e+09    16.9275    63    62     5.3238
   64  3.4683e+09    16.9303    64    63     5.4033
   65  3.4285e+09    16.9695    65    64     5.4829
   66  3.4256e+09    16.9724    66    65     5.5625
   67  3.3881e+09    17.0098    67    66     5.6421
   68  1.6603e+09    19.5592    68    67     5.7216
   69  1.5743e+09    19.7597    69    68     5.8012
   70  1.5409e+09    19.8408    70    69     5.8807
   71  1.3767e+09    20.2711    71    70     5.9602
   72  1.3620e+09    20.3125    72    71     6.0398
   73  1.3182e+09    20.4385    73    72     6.1193
   74  1.2831e+09    20.5433    74    73     6.1988
   75  1.2054e+09    20.7868    75    74     6.2783
   76  1.1795e+09    20.8718    76    75     6.3579
   77  1.1471e+09    20.9815    77    76     6.4374
   78  1.1198e+09    21.0766    78    77     6.5169
   79  1.1180e+09    21.0829    79    78     6.5964
   80  1.1109e+09    21.1082    80    79     6.6759
   81  1.1076e+09    21.1200    81    80     6.7554
   82  1.0924e+09    21.1747    82    81     6.8349
   83  1.0909e+09    21.1802    83    82     6.9143
   84  1.0829e+09    21.2096    84    83     6.9938
   85  1.0827e+09    21.2103    85    84     7.0733
   86  8.4273e+08    22.2217    86    85     7.1528
   87  8.4181e+08    22.2263    87    86     7.2323
   88  8.3900e+08    22.2400    88    87     7.3117
   89  8.3625e+08    22.2534    89    88     7.3912
   90  8.1966e+08    22.3358    90    89     7.4707
   91  8.1896e+08    22.3393    91    90     7.5502
   92  7.7589e+08    22.5626    92    91     7.6296
   93  7.7568e+08    22.5637    93    92     7.7091
   94  7.7450e+08    22.5701    94    93     7.7885
   95  7.6070e+08    22.6447    95    94     7.8680
   96  7.6006e+08    22.6482    96    95     7.9475
   97  7.5931e+08    22.6523    97    96     8.0269
   98  7.5155e+08    22.6950    98    97     8.1064
   99  7.4948e+08    22.7065    99    98     8.1858
  100  7.4745e+08    22.7179   100    99     8.2653
