#indx Mass S step-number desc_indx 
    0  1.0000e+12     4.3172     0    -1     0.0134
    1  8.9998e+11     4.4519     1     0     0.1326
    2  8.6581e+11     4.5021     2     1     0.2441
    3  8.4179e+11     4.5389     3     2     0.3500
    4  8.2924e+11     4.5586     4     3     0.4519
    5  7.9874e+11     4.6081     5     4     0.5506
    6  6.7604e+11     4.8331     6     5     0.6467
    7  3.6919e+11     5.7170     7     6     0.7407
    8  3.6749e+11     5.7241     8     7     0.8330
    9  3.6314e+11     5.7427     9     8     0.9238
   10  3.6197e+11     5.7477    10     9     1.0134
   11  3.6134e+11     5.7504    11    10     1.1018
   12  2.7782e+11     6.1708    12    11     1.1894
   13  2.5649e+11     6.3028    13    12     1.2761
   14  2.5180e+11     6.3337    14    13     1.3621
   15  2.5104e+11     6.3387    15    14     1.4474
   16  1.9907e+11     6.7354    16    15     1.5322
   17  1.9263e+11     6.7931    17    16     1.6165
   18  1.6804e+11     7.0365    18    17     1.7003
   19  1.6761e+11     7.0411    19    18     1.7838
   20  1.6413e+11     7.0790    20    19     1.8669
   21  1.6099e+11     7.1141    21    20     1.9496
   22  1.5917e+11     7.1347    22    21     2.0321
   23  1.5729e+11     7.1564    23    22     2.1143
   24  1.5666e+11     7.1638    24    23     2.1963
   25  1.5552e+11     7.1772    25    24     2.2781
   26  1.5410e+11     7.1940    26    25     2.3597
   27  1.5363e+11     7.1995    27    26     2.4411
   28  1.5020e+11     7.2411    28    27     2.5223
   29  1.3685e+11     7.4141    29    28     2.6034
   30  1.3425e+11     7.4501    30    29     2.6844
   31  1.3417e+11     7.4512    31    30     2.7652
   32  1.3195e+11     7.4827    32    31     2.8459
   33  1.3009e+11     7.5094    33    32     2.9266
   34  1.2550e+11     7.5777    34    33     3.0071
   35  1.1041e+11     7.8244    35    34     3.0876
   36  1.0473e+11     7.9278    36    35     3.1680
   37  1.0069e+11     8.0054    37    36     3.2483
   38  8.4947e+10     8.3475    38    37     3.3285
   39  8.1912e+10     8.4221    39    38     3.4087
   40  7.5975e+10     8.5778    40    39     3.4889
   41  6.5983e+10     8.8751    41    40     3.5689
   42  5.3981e+10     9.3112    42    41     3.6490
   43  5.3701e+10     9.3227    43    42     3.7290
   44  4.6085e+10     9.6654    44    43     3.8089
   45  3.3339e+10    10.4206    45    44     3.8889
   46  3.2011e+10    10.5183    46    45     3.9688
   47  3.1614e+10    10.5485    47    46     4.0486
   48  3.0908e+10    10.6032    48    47     4.1285
   49  3.0870e+10    10.6062    49    48     4.2083
   50  3.0770e+10    10.6141    50    49     4.2881
   51  3.0626e+10    10.6254    51    50     4.3678
   52  2.5741e+10    11.0538    52    51     4.4476
   53  2.5289e+10    11.0982    53    52     4.5273
   54  2.5178e+10    11.1091    54    53     4.6070
   55  2.4888e+10    11.1382    55    54     4.6867
   56  2.4580e+10    11.1696    56    55     4.7664
   57  2.4492e+10    11.1786    57    56     4.8460
   58  2.4483e+10    11.1796    58    57     4.9257
   59  2.2939e+10    11.3446    59    58     5.0053
   60  2.2724e+10    11.3686    60    59     5.0849
   61  2.2658e+10    11.3760    61    60     5.1646
   62  2.2607e+10    11.3818    62    61     5.2442
   63  2.1970e+10    11.4549    63    62     5.3238
   64  2.1954e+10    11.4568    64    63     5.4033
   65  2.1781e+10    11.4771    65    64     5.4829
   66  2.1439e+10    11.5178    66    65     5.5625
   67  2.1429e+10    11.5190    67    66     5.6421
   68  2.1294e+10    11.5352    68    67     5.7216
   69  2.1040e+10    11.5662    69    68     5.8012
   70  1.8743e+10    11.8676    70    69     5.8807
   71  1.6847e+10    12.1505    71    70     5.9602
   72  1.6759e+10    12.1645    72    71     6.0398
   73  1.6688e+10    12.1758    73    72     6.1193
   74  9.5495e+09    13.7384    74    73     6.1988
   75  9.5111e+09    13.7501    75    74     6.2783
   76  9.3257e+09    13.8077    76    75     6.3579
   77  9.1901e+09    13.8507    77    76     6.4374
   78  9.0491e+09    13.8962    78    77     6.5169
   79  9.0283e+09    13.9030    79    78     6.5964
   80  8.4843e+09    14.0869    80    79     6.6759
   81  8.4712e+09    14.0915    81    80     6.7554
   82  8.3236e+09    14.1439    82    81     6.8349
   83  8.1540e+09    14.2054    83    82     6.9143
   84  8.1437e+09    14.2092    84    83     6.9938
   85  8.0927e+09    14.2279    85    84     7.0733
   86  7.8829e+09    14.3068    86    85     7.1528
   87  7.7097e+09    14.3737    87    86     7.2323
   88  7.2473e+09    14.5611    88    87     7.3117
   89  6.6325e+09    14.8328    89    88     7.3912
   90  6.6147e+09    14.8411    90    89     7.4707
   91  4.8439e+09    15.8249    91    90     7.5502
   92  4.6203e+09    15.9782    92    91     7.6296
   93  4.4492e+09    16.1012    93    92     7.7091
   94  4.3490e+09    16.1758    94    93     7.7885
   95  4.3015e+09    16.2119    95    94     7.8680
   96  4.2929e+09    16.2184    96    95     7.9475
   97  4.1625e+09    16.3201    97    96     8.0269
   98  4.1574e+09    16.3241    98    97     8.1064
   99  4.0891e+09    16.3789    99    98     8.1858
  100  4.0098e+09    16.4438   100    99     8.2653
