#indx Mass S step-number desc_indx 
    0  1.0000e+13     2.0577     0    -1     0.0134
    1  9.8814e+12     2.0664     1     0     0.1326
    2  8.5077e+12     2.1780     2     1     0.2441
    3  8.5011e+12     2.1786     3     2     0.3500
    4  7.3694e+12     2.2893     4     3     0.4519
    5  7.2936e+12     2.2975     5     4     0.5506
    6  7.1154e+12     2.3171     6     5     0.6467
    7  6.7966e+12     2.3538     7     6     0.7407
    8  6.6682e+12     2.3693     8     7     0.8330
    9  6.6344e+12     2.3734     9     8     0.9238
   10  5.0460e+12     2.6032    10     9     1.0134
   11  3.7853e+12     2.8621    11    10     1.1018
   12  2.5901e+12     3.2326    12    11     1.1894
   13  2.5082e+12     3.2655    13    12     1.2761
   14  2.4931e+12     3.2717    14    13     1.3621
   15  2.2125e+12     3.3965    15    14     1.4474
   16  2.1400e+12     3.4319    16    15     1.5322
   17  2.1310e+12     3.4364    17    16     1.6165
   18  2.1045e+12     3.4498    18    17     1.7003
   19  2.0935e+12     3.4554    19    18     1.7838
   20  2.0303e+12     3.4884    20    19     1.8669
   21  2.0129e+12     3.4977    21    20     1.9496
   22  2.0082e+12     3.5002    22    21     2.0321
   23  1.9652e+12     3.5237    23    22     2.1143
   24  1.8653e+12     3.5808    24    23     2.1963
   25  1.7623e+12     3.6438    25    24     2.2781
   26  1.7332e+12     3.6624    26    25     2.3597
   27  1.6729e+12     3.7021    27    26     2.4411
   28  1.3506e+12     3.9496    28    27     2.5223
   29  1.3391e+12     3.9597    29    28     2.6034
   30  1.3226e+12     3.9744    30    29     2.6844
   31  1.1660e+12     4.1263    31    30     2.7652
