#indx Mass S step-number desc_indx 
    0  1.0000e+13     2.0577     0    -1     0.0134
    1  8.6078e+12     2.1691     1     0     0.1326
    2  8.1742e+12     2.2086     2     1     0.2441
    3  8.1322e+12     2.2125     3     2     0.3500
    4  6.4563e+12     2.3955     4     3     0.4519
    5  6.3882e+12     2.4042     5     4     0.5506
    6  5.5657e+12     2.5191     6     5     0.6467
    7  4.8372e+12     2.6402     7     6     0.7407
    8  4.7366e+12     2.6586     8     7     0.8330
    9  4.3348e+12     2.7378     9     8     0.9238
   10  4.3143e+12     2.7421    10     9     1.0134
   11  4.1702e+12     2.7729    11    10     1.1018
   12  4.0782e+12     2.7932    12    11     1.1894
   13  4.0384e+12     2.8022    13    12     1.2761
   14  3.9853e+12     2.8144    14    13     1.3621
   15  3.9472e+12     2.8233    15    14     1.4474
   16  3.8623e+12     2.8434    16    15     1.5322
   17  3.8203e+12     2.8536    17    16     1.6165
   18  3.2292e+12     3.0132    18    17     1.7003
   19  3.1722e+12     3.0305    19    18     1.7838
   20  2.7373e+12     3.1765    20    19     1.8669
   21  2.6928e+12     3.1931    21    20     1.9496
   22  2.6395e+12     3.2134    22    21     2.0321
   23  2.5227e+12     3.2596    23    22     2.1143
   24  2.4668e+12     3.2827    24    23     2.1963
   25  2.4485e+12     3.2904    25    24     2.2781
   26  2.4023e+12     3.3101    26    25     2.3597
   27  2.3613e+12     3.3281    27    26     2.4411
   28  2.3422e+12     3.3365    28    27     2.5223
   29  2.1353e+12     3.4342    29    28     2.6034
   30  1.9828e+12     3.5140    30    29     2.6844
   31  1.8938e+12     3.5642    31    30     2.7652
   32  1.8115e+12     3.6131    32    31     2.8459
   33  1.7876e+12     3.6279    33    32     2.9266
   34  1.7557e+12     3.6480    34    33     3.0071
   35  1.7139e+12     3.6749    35    34     3.0876
   36  1.6518e+12     3.7165    36    35     3.1680
   37  1.6247e+12     3.7353    37    36     3.2483
   38  1.5932e+12     3.7576    38    37     3.3285
   39  1.4222e+12     3.8887    39    38     3.4087
   40  1.3112e+12     3.9847    40    39     3.4889
   41  1.2986e+12     3.9962    41    40     3.5689
   42  1.2857e+12     4.0082    42    41     3.6490
   43  1.2519e+12     4.0401    43    42     3.7290
   44  1.2300e+12     4.0614    44    43     3.8089
   45  1.2245e+12     4.0668    45    44     3.8889
   46  1.1567e+12     4.1361    46    45     3.9688
   47  1.1496e+12     4.1437    47    46     4.0486
   48  1.1479e+12     4.1455    48    47     4.1285
   49  9.8500e+11     4.3364    49    48     4.2083
   50  7.4510e+11     4.7009    50    49     4.2881
   51  7.2351e+11     4.7406    51    50     4.3678
   52  7.1096e+11     4.7643    52    51     4.4476
   53  5.5504e+11     5.1094    53    52     4.5273
   54  5.2492e+11     5.1896    54    53     4.6070
   55  5.2213e+11     5.1973    55    54     4.6867
   56  4.8909e+11     5.2926    56    55     4.7664
   57  4.8550e+11     5.3034    57    56     4.8460
   58  4.7154e+11     5.3464    58    57     4.9257
   59  4.6867e+11     5.3554    59    58     5.0053
   60  4.4923e+11     5.4183    60    59     5.0849
   61  4.4644e+11     5.4277    61    60     5.1646
   62  4.3954e+11     5.4510    62    61     5.2442
   63  4.3358e+11     5.4715    63    62     5.3238
   64  4.3293e+11     5.4737    64    63     5.4033
   65  4.3104e+11     5.4803    65    64     5.4829
   66  3.5348e+11     5.7847    66    65     5.5625
   67  3.4211e+11     5.8361    67    66     5.6421
   68  3.3672e+11     5.8611    68    67     5.7216
   69  2.9083e+11     6.0960    69    68     5.8012
   70  2.8780e+11     6.1131    70    69     5.8807
   71  2.8681e+11     6.1187    71    70     5.9602
   72  2.8657e+11     6.1200    72    71     6.0398
   73  2.8383e+11     6.1357    73    72     6.1193
   74  2.6742e+11     6.2336    74    73     6.1988
   75  2.3335e+11     6.4617    75    74     6.2783
   76  2.3266e+11     6.4668    76    75     6.3579
   77  2.2746e+11     6.5052    77    76     6.4374
   78  2.0965e+11     6.6453    78    77     6.5169
   79  2.0216e+11     6.7085    79    78     6.5964
   80  2.0145e+11     6.7147    80    79     6.6759
   81  1.1000e+11     7.8316    81    80     6.7554
   82  1.0860e+11     7.8566    82    81     6.8349
   83  1.0738e+11     7.8789    83    82     6.9143
   84  1.0467e+11     7.9289    84    83     6.9938
   85  1.0056e+11     8.0082    85    84     7.0733
   86  9.3462e+10     8.1541    86    85     7.1528
   87  9.3354e+10     8.1564    87    86     7.2323
   88  9.3301e+10     8.1576    88    87     7.3117
   89  7.9070e+10     8.4949    89    88     7.3912
   90  7.3772e+10     8.6392    90    89     7.4707
   91  6.8056e+10     8.8093    91    90     7.5502
   92  6.6455e+10     8.8599    92    91     7.6296
   93  6.2098e+10     9.0053    93    92     7.7091
   94  6.1338e+10     9.0319    94    93     7.7885
   95  6.1274e+10     9.0342    95    94     7.8680
   96  6.0532e+10     9.0605    96    95     7.9475
   97  5.8264e+10     9.1435    97    96     8.0269
   98  5.4994e+10     9.2702    98    97     8.1064
   99  5.4817e+10     9.2773    99    98     8.1858
  100  5.4208e+10     9.3019   100    99     8.2653
