#indx Mass S step-number desc_indx 
    0  1.0000e+13     2.0577     0    -1     0.0134
    1  9.6758e+12     2.0818     1     0     0.1326
    2  8.9780e+12     2.1374     2     1     0.2441
    3  8.8028e+12     2.1522     3     2     0.3500
    4  8.6319e+12     2.1670     4     3     0.4519
    5  8.4610e+12     2.1822     5     4     0.5506
    6  8.3495e+12     2.1923     6     5     0.6467
    7  8.2660e+12     2.2000     7     6     0.7407
    8  8.2455e+12     2.2019     8     7     0.8330
    9  7.7160e+12     2.2532     9     8     0.9238
   10  6.8041e+12     2.3530    10     9     1.0134
   11  5.8563e+12     2.4762    11    10     1.1018
   12  5.2980e+12     2.5611    12    11     1.1894
   13  5.2763e+12     2.5646    13    12     1.2761
   14  5.2721e+12     2.5653    14    13     1.3621
   15  5.0731e+12     2.5986    15    14     1.4474
   16  4.7544e+12     2.6553    16    15     1.5322
   17  4.7428e+12     2.6575    17    16     1.6165
   18  4.6752e+12     2.6702    18    17     1.7003
   19  4.4571e+12     2.7128    19    18     1.7838
   20  4.3420e+12     2.7363    20    19     1.8669
   21  3.1861e+12     3.0262    21    20     1.9496
   22  3.1308e+12     3.0433    22    21     2.0321
   23  3.0978e+12     3.0537    23    22     2.1143
   24  3.0607e+12     3.0655    24    23     2.1963
   25  2.9512e+12     3.1014    25    24     2.2781
   26  2.9377e+12     3.1059    26    25     2.3597
   27  2.7606e+12     3.1680    27    26     2.4411
   28  2.3440e+12     3.3357    28    27     2.5223
   29  1.9467e+12     3.5340    29    28     2.6034
   30  1.8164e+12     3.6101    30    29     2.6844
   31  1.7619e+12     3.6440    31    30     2.7652
   32  1.6798e+12     3.6975    32    31     2.8459
   33  1.6616e+12     3.7098    33    32     2.9266
   34  1.5071e+12     3.8213    34    33     3.0071
   35  1.4636e+12     3.8553    35    34     3.0876
   36  1.4496e+12     3.8665    36    35     3.1680
   37  1.4376e+12     3.8761    37    36     3.2483
   38  1.4214e+12     3.8894    38    37     3.3285
   39  1.2724e+12     4.0206    39    38     3.4087
   40  1.1468e+12     4.1467    40    39     3.4889
   41  1.0906e+12     4.2087    41    40     3.5689
   42  1.0833e+12     4.2169    42    41     3.6490
   43  1.0214e+12     4.2905    43    42     3.7290
   44  9.3790e+11     4.3988    44    43     3.8089
   45  9.2996e+11     4.4097    45    44     3.8889
   46  9.0107e+11     4.4503    46    45     3.9688
   47  8.5714e+11     4.5153    47    46     4.0486
   48  6.1443e+11     4.9656    48    47     4.1285
   49  4.9305e+11     5.2808    49    48     4.2083
   50  4.8612e+11     5.3015    50    49     4.2881
   51  4.7270e+11     5.3428    51    50     4.3678
   52  4.7134e+11     5.3470    52    51     4.4476
   53  4.6603e+11     5.3638    53    52     4.5273
   54  4.2207e+11     5.5120    54    53     4.6070
   55  4.1878e+11     5.5238    55    54     4.6867
   56  4.1382e+11     5.5419    56    55     4.7664
   57  4.1365e+11     5.5425    57    56     4.8460
   58  4.1176e+11     5.5495    58    57     4.9257
   59  4.0068e+11     5.5910    59    58     5.0053
   60  3.9899e+11     5.5975    60    59     5.0849
   61  3.8699e+11     5.6443    61    60     5.1646
   62  3.7896e+11     5.6765    62    61     5.2442
   63  3.7871e+11     5.6776    63    62     5.3238
   64  3.1362e+11     5.9743    64    63     5.4033
   65  3.1253e+11     5.9798    65    64     5.4829
   66  2.7323e+11     6.1981    66    65     5.5625
   67  2.7034e+11     6.2156    67    66     5.6421
   68  2.6944e+11     6.2212    68    67     5.7216
   69  2.5644e+11     6.3032    69    68     5.8012
   70  2.4096e+11     6.4075    70    69     5.8807
   71  2.1339e+11     6.6148    71    70     5.9602
   72  2.0671e+11     6.6698    72    71     6.0398
   73  1.9830e+11     6.7422    73    72     6.1193
   74  1.9563e+11     6.7660    74    73     6.1988
   75  1.9521e+11     6.7698    75    74     6.2783
   76  1.5128e+11     7.2279    76    75     6.3579
   77  1.4925e+11     7.2528    77    76     6.4374
   78  1.4610e+11     7.2922    78    77     6.5169
   79  1.4138e+11     7.3533    79    78     6.5964
   80  9.4435e+10     8.1333    80    79     6.6759
   81  9.1278e+10     8.2017    81    80     6.7554
   82  9.0526e+10     8.2184    82    81     6.8349
   83  8.7943e+10     8.2770    83    82     6.9143
   84  8.6202e+10     8.3176    84    83     6.9938
   85  8.3628e+10     8.3796    85    84     7.0733
   86  8.1052e+10     8.4438    86    85     7.1528
   87  7.9592e+10     8.4813    87    86     7.2323
   88  7.8727e+10     8.5039    88    87     7.3117
   89  7.6771e+10     8.5561    89    88     7.3912
   90  7.6696e+10     8.5581    90    89     7.4707
   91  7.5064e+10     8.6029    91    90     7.5502
   92  7.2717e+10     8.6694    92    91     7.6296
   93  7.2648e+10     8.6714    93    92     7.7091
   94  7.2028e+10     8.6894    94    93     7.7885
   95  7.1726e+10     8.6982    95    94     7.8680
   96  7.1683e+10     8.6995    96    95     7.9475
   97  2.3381e+10    11.2960    97    96     8.0269
   98  2.2626e+10    11.3796    98    97     8.1064
   99  2.2500e+10    11.3939    99    98     8.1858
  100  1.8697e+10    11.8740   100    99     8.2653
