#indx Mass S step-number desc_indx 
    0  1.0000e+13     2.0577     0    -1     0.0134
    1  9.4164e+12     2.1018     1     0     0.1326
    2  9.2598e+12     2.1143     2     1     0.2441
    3  8.2723e+12     2.1994     3     2     0.3500
    4  8.1124e+12     2.2144     4     3     0.4519
    5  8.0491e+12     2.2204     5     4     0.5506
    6  7.9308e+12     2.2319     6     5     0.6467
    7  7.7955e+12     2.2452     7     6     0.7407
    8  7.6436e+12     2.2606     8     7     0.8330
    9  7.4990e+12     2.2756     9     8     0.9238
   10  7.4804e+12     2.2775    10     9     1.0134
   11  7.3626e+12     2.2900    11    10     1.1018
   12  6.9764e+12     2.3329    12    11     1.1894
   13  6.8701e+12     2.3452    13    12     1.2761
   14  6.4034e+12     2.4022    14    13     1.3621
   15  6.3101e+12     2.4143    15    14     1.4474
   16  1.5738e+12     3.7716    16    15     1.5322
   17  1.5654e+12     3.7777    17    16     1.6165
   18  1.5605e+12     3.7813    18    17     1.7003
   19  1.5449e+12     3.7928    19    18     1.7838
   20  1.5336e+12     3.8012    20    19     1.8669
   21  1.5041e+12     3.8236    21    20     1.9496
   22  1.3820e+12     3.9224    22    21     2.0321
   23  1.3544e+12     3.9462    23    22     2.1143
   24  1.3409e+12     3.9581    24    23     2.1963
   25  1.3300e+12     3.9678    25    24     2.2781
   26  1.3169e+12     3.9796    26    25     2.3597
   27  1.3114e+12     3.9846    27    26     2.4411
   28  1.3105e+12     3.9853    28    27     2.5223
   29  8.2186e+11     4.5704    29    28     2.6034
   30  7.4990e+11     4.6923    30    29     2.6844
   31  6.9213e+11     4.8009    31    30     2.7652
   32  6.5009e+11     4.8871    32    31     2.8459
   33  6.4760e+11     4.8924    33    32     2.9266
   34  5.5467e+11     5.1103    34    33     3.0071
   35  5.5241e+11     5.1162    35    34     3.0876
   36  5.2943e+11     5.1773    36    35     3.1680
   37  5.1618e+11     5.2139    37    36     3.2483
   38  5.1574e+11     5.2152    38    37     3.3285
   39  4.8798e+11     5.2959    39    38     3.4087
   40  4.8317e+11     5.3105    40    39     3.4889
   41  4.5911e+11     5.3860    41    40     3.5689
   42  4.4745e+11     5.4243    42    41     3.6490
   43  4.3553e+11     5.4647    43    42     3.7290
   44  4.3035e+11     5.4827    44    43     3.8089
   45  4.1778e+11     5.5275    45    44     3.8889
   46  4.0724e+11     5.5662    46    45     3.9688
   47  3.9000e+11     5.6324    47    46     4.0486
   48  3.8840e+11     5.6387    48    47     4.1285
   49  2.4023e+11     6.4127    49    48     4.2083
   50  2.3946e+11     6.4180    50    49     4.2881
   51  2.3213e+11     6.4707    51    50     4.3678
   52  2.1886e+11     6.5712    52    51     4.4476
   53  2.1772e+11     6.5801    53    52     4.5273
   54  2.1745e+11     6.5823    54    53     4.6070
   55  2.1400e+11     6.6099    55    54     4.6867
   56  1.8344e+11     6.8795    56    55     4.7664
   57  1.8185e+11     6.8949    57    56     4.8460
   58  1.4846e+11     7.2626    58    57     4.9257
   59  1.4614e+11     7.2918    59    58     5.0053
   60  1.4031e+11     7.3674    60    59     5.0849
   61  1.3925e+11     7.3816    61    60     5.1646
   62  1.2966e+11     7.5158    62    61     5.2442
   63  1.2584e+11     7.5725    63    62     5.3238
   64  1.2500e+11     7.5852    64    63     5.4033
   65  1.2485e+11     7.5875    65    64     5.4829
   66  1.2363e+11     7.6063    66    65     5.5625
   67  1.1772e+11     7.7002    67    66     5.6421
   68  6.4008e+10     8.9402    68    67     5.7216
   69  6.0938e+10     9.0461    69    68     5.8012
   70  4.3029e+10     9.8220    70    69     5.8807
   71  4.1866e+10     9.8851    71    70     5.9602
   72  3.8781e+10    10.0629    72    71     6.0398
   73  2.8597e+10    10.7930    73    72     6.1193
   74  2.7324e+10    10.9053    74    73     6.1988
   75  1.8830e+10    11.8553    75    74     6.2783
   76  1.8190e+10    11.9465    76    75     6.3579
   77  1.7763e+10    12.0095    77    76     6.4374
   78  1.7744e+10    12.0122    78    77     6.5169
   79  1.7362e+10    12.0701    79    78     6.5964
   80  1.7099e+10    12.1108    80    79     6.6759
   81  1.6947e+10    12.1347    81    80     6.7554
   82  1.6894e+10    12.1431    82    81     6.8349
   83  1.5918e+10    12.3030    83    82     6.9143
   84  1.5820e+10    12.3196    84    83     6.9938
   85  1.5785e+10    12.3256    85    84     7.0733
   86  1.5678e+10    12.3440    86    85     7.1528
   87  1.5112e+10    12.4437    87    86     7.2323
   88  1.3916e+10    12.6696    88    87     7.3117
   89  1.3905e+10    12.6718    89    88     7.3912
   90  1.3777e+10    12.6973    90    89     7.4707
   91  1.3016e+10    12.8549    91    90     7.5502
   92  1.1053e+10    13.3161    92    91     7.6296
   93  1.0920e+10    13.3505    93    92     7.7091
   94  1.0506e+10    13.4615    94    93     7.7885
   95  1.0216e+10    13.5422    95    94     7.8680
   96  9.4622e+09    13.7652    96    95     7.9475
   97  9.3936e+09    13.7865    97    96     8.0269
   98  9.3539e+09    13.7989    98    97     8.1064
   99  9.3218e+09    13.8090    99    98     8.1858
  100  9.3197e+09    13.8096   100    99     8.2653
