#indx Mass S step-number desc_indx 
    0  1.0000e+13     2.0577     0    -1     0.0134
    1  4.2053e+12     2.7653     1     0     0.1326
    2  3.4672e+12     2.9449     2     1     0.2441
    3  3.3973e+12     2.9643     3     2     0.3500
    4  3.2984e+12     2.9927     4     3     0.4519
    5  3.2250e+12     3.0145     5     4     0.5506
    6  3.1282e+12     3.0441     6     5     0.6467
    7  3.0856e+12     3.0575     7     6     0.7407
    8  2.8143e+12     3.1487     8     7     0.8330
    9  2.4036e+12     3.3096     9     8     0.9238
   10  2.3556e+12     3.3306    10     9     1.0134
   11  2.2957e+12     3.3575    11    10     1.1018
   12  2.2048e+12     3.4001    12    11     1.1894
   13  1.9600e+12     3.5266    13    12     1.2761
   14  1.9524e+12     3.5308    14    13     1.3621
   15  1.5587e+12     3.7826    15    14     1.4474
   16  1.5540e+12     3.7860    16    15     1.5322
   17  1.3835e+12     3.9211    17    16     1.6165
   18  1.3772e+12     3.9265    18    17     1.7003
   19  1.3622e+12     3.9394    19    18     1.7838
   20  1.3130e+12     3.9830    20    19     1.8669
   21  1.3090e+12     3.9867    21    20     1.9496
   22  1.2767e+12     4.0166    22    21     2.0321
   23  7.5298e+11     4.6868    23    22     2.1143
   24  7.5054e+11     4.6912    24    23     2.1963
   25  7.4064e+11     4.7090    25    24     2.2781
   26  7.1404e+11     4.7585    26    25     2.3597
   27  7.0242e+11     4.7808    27    26     2.4411
   28  6.8928e+11     4.8065    28    27     2.5223
   29  6.8627e+11     4.8125    29    28     2.6034
   30  6.8214e+11     4.8208    30    29     2.6844
   31  6.1943e+11     4.9542    31    30     2.7652
   32  5.8233e+11     5.0411    32    31     2.8459
   33  5.7535e+11     5.0582    33    32     2.9266
   34  5.7257e+11     5.0651    34    33     3.0071
   35  5.6282e+11     5.0895    35    34     3.0876
   36  5.3985e+11     5.1492    36    35     3.1680
   37  5.2757e+11     5.1823    37    36     3.2483
   38  5.2651e+11     5.1853    38    37     3.3285
   39  5.0298e+11     5.2516    39    38     3.4087
   40  3.1621e+11     5.9610    40    39     3.4889
   41  2.7329e+11     6.1978    41    40     3.5689
   42  2.3735e+11     6.4330    42    41     3.6490
   43  2.2010e+11     6.5615    43    42     3.7290
   44  2.1687e+11     6.5869    44    43     3.8089
   45  2.1651e+11     6.5898    45    44     3.8889
   46  1.9668e+11     6.7566    46    45     3.9688
   47  1.9557e+11     6.7664    47    46     4.0486
   48  1.9191e+11     6.7997    48    47     4.1285
   49  1.6557e+11     7.0632    49    48     4.2083
   50  1.6509e+11     7.0685    50    49     4.2881
   51  1.6175e+11     7.1055    51    50     4.3678
   52  1.3221e+11     7.4789    52    51     4.4476
   53  1.1903e+11     7.6790    53    52     4.5273
   54  1.1848e+11     7.6878    54    53     4.6070
   55  1.1633e+11     7.7231    55    54     4.6867
   56  1.1541e+11     7.7385    56    55     4.7664
   57  1.0957e+11     7.8394    57    56     4.8460
   58  1.0931e+11     7.8440    58    57     4.9257
   59  1.0587e+11     7.9066    59    58     5.0053
   60  1.0580e+11     7.9078    60    59     5.0849
   61  1.0544e+11     7.9146    61    60     5.1646
   62  8.2633e+10     8.4041    62    61     5.2442
   63  8.1088e+10     8.4429    63    62     5.3238
   64  8.0895e+10     8.4478    64    63     5.4033
   65  8.0619e+10     8.4548    65    64     5.4829
   66  8.0309e+10     8.4628    66    65     5.5625
   67  7.7768e+10     8.5293    67    66     5.6421
   68  7.3875e+10     8.6363    68    67     5.7216
   69  7.2758e+10     8.6682    69    68     5.8012
   70  7.0937e+10     8.7215    70    69     5.8807
   71  7.0407e+10     8.7374    71    70     5.9602
   72  6.6901e+10     8.8457    72    71     6.0398
   73  6.6496e+10     8.8586    73    72     6.1193
   74  6.6084e+10     8.8718    74    73     6.1988
   75  6.5521e+10     8.8901    75    74     6.2783
   76  6.4352e+10     8.9287    76    75     6.3579
   77  6.2596e+10     8.9881    77    76     6.4374
   78  6.1057e+10     9.0418    78    77     6.5169
   79  6.0988e+10     9.0443    79    78     6.5964
   80  6.0655e+10     9.0561    80    79     6.6759
   81  5.9373e+10     9.1025    81    80     6.7554
   82  5.1547e+10     9.4135    82    81     6.8349
   83  4.8961e+10     9.5287    83    82     6.9143
   84  4.2046e+10     9.8752    84    83     6.9938
   85  4.2032e+10     9.8760    85    84     7.0733
   86  4.1972e+10     9.8793    86    85     7.1528
   87  3.3180e+10    10.4321    87    86     7.2323
   88  3.2932e+10    10.4501    88    87     7.3117
   89  3.2641e+10    10.4714    89    88     7.3912
   90  3.1954e+10    10.5227    90    89     7.4707
   91  3.0467e+10    10.6381    91    90     7.5502
   92  2.9384e+10    10.7264    92    91     7.6296
   93  2.7494e+10    10.8900    93    92     7.7091
   94  2.6708e+10    10.9618    94    93     7.7885
   95  2.6225e+10    11.0072    95    94     7.8680
   96  2.5636e+10    11.0639    96    95     7.9475
   97  2.5123e+10    11.1147    97    96     8.0269
   98  2.4405e+10    11.1876    98    97     8.1064
   99  2.4145e+10    11.2147    99    98     8.1858
  100  2.4036e+10    11.2261   100    99     8.2653
