#indx Mass S step-number desc_indx 
    0  1.0000e+13     2.0577     0    -1     0.0134
    1  9.9722e+12     2.0597     1     0     0.1326
    2  9.4825e+12     2.0967     2     1     0.2441
    3  3.4920e+12     2.9381     3     2     0.3500
    4  3.4327e+12     2.9544     4     3     0.4519
    5  3.3949e+12     2.9650     5     4     0.5506
    6  3.1860e+12     3.0263     6     5     0.6467
    7  3.1828e+12     3.0273     7     6     0.7407
    8  3.0447e+12     3.0706     8     7     0.8330
    9  2.6745e+12     3.2000     9     8     0.9238
   10  2.6383e+12     3.2138    10     9     1.0134
   11  2.5776e+12     3.2375    11    10     1.1018
   12  2.1802e+12     3.4121    12    11     1.1894
   13  2.1674e+12     3.4183    13    12     1.2761
   14  2.1290e+12     3.4374    14    13     1.3621
   15  2.0596e+12     3.4729    15    14     1.4474
   16  1.8037e+12     3.6180    16    15     1.5322
   17  1.7704e+12     3.6386    17    16     1.6165
   18  4.3278e+11     5.4742    18    17     1.7003
   19  4.2187e+11     5.5127    19    18     1.7838
   20  4.1985e+11     5.5200    20    19     1.8669
   21  4.1547e+11     5.5359    21    20     1.9496
   22  4.1245e+11     5.5469    22    21     2.0321
   23  4.0722e+11     5.5663    23    22     2.1143
   24  3.9033e+11     5.6311    24    23     2.1963
   25  3.5788e+11     5.7654    25    24     2.2781
   26  3.5236e+11     5.7897    26    25     2.3597
   27  3.5191e+11     5.7917    27    26     2.4411
   28  2.1154e+11     6.6298    28    27     2.5223
   29  1.8851e+11     6.8312    29    28     2.6034
   30  1.8786e+11     6.8373    30    29     2.6844
   31  1.8771e+11     6.8387    31    30     2.7652
   32  1.8539e+11     6.8607    32    31     2.8459
   33  1.8001e+11     6.9131    33    32     2.9266
   34  1.7975e+11     6.9156    34    33     3.0071
   35  1.7845e+11     6.9286    35    34     3.0876
   36  1.7006e+11     7.0149    36    35     3.1680
   37  1.4503e+11     7.3058    37    36     3.2483
   38  1.4221e+11     7.3423    38    37     3.3285
   39  1.4215e+11     7.3432    39    38     3.4087
   40  1.1438e+11     7.7558    40    39     3.4889
   41  1.1197e+11     7.7971    41    40     3.5689
   42  1.0940e+11     7.8423    42    41     3.6490
   43  9.9521e+10     8.0287    43    42     3.7290
   44  9.7884e+10     8.0617    44    43     3.8089
   45  9.7523e+10     8.0690    45    44     3.8889
   46  9.6942e+10     8.0810    46    45     3.9688
   47  9.6204e+10     8.0962    47    46     4.0486
   48  9.4859e+10     8.1244    48    47     4.1285
   49  9.4366e+10     8.1348    49    48     4.2083
   50  8.0893e+10     8.4478    50    49     4.2881
   51  7.9191e+10     8.4917    51    50     4.3678
   52  7.7073e+10     8.5479    52    51     4.4476
   53  7.7041e+10     8.5488    53    52     4.5273
   54  7.5929e+10     8.5790    54    53     4.6070
   55  6.9721e+10     8.7581    55    54     4.6867
   56  6.7746e+10     8.8189    56    55     4.7664
   57  6.7395e+10     8.8300    57    56     4.8460
   58  6.6660e+10     8.8533    58    57     4.9257
   59  4.4717e+10     9.7340    59    58     5.0053
   60  4.4245e+10     9.7582    60    59     5.0849
   61  4.3977e+10     9.7721    61    60     5.1646
   62  3.9627e+10    10.0125    62    61     5.2442
   63  3.9185e+10    10.0387    63    62     5.3238
   64  3.8657e+10    10.0703    64    63     5.4033
   65  3.8200e+10    10.0981    65    64     5.4829
   66  3.8040e+10    10.1080    66    65     5.5625
   67  3.4428e+10    10.3438    67    66     5.6421
   68  3.4056e+10    10.3697    68    67     5.7216
   69  3.3775e+10    10.3895    69    68     5.8012
   70  3.2696e+10    10.4674    70    69     5.8807
   71  3.2655e+10    10.4704    71    70     5.9602
   72  3.2389e+10    10.4901    72    71     6.0398
   73  3.2223e+10    10.5025    73    72     6.1193
   74  3.2191e+10    10.5049    74    73     6.1988
   75  3.2167e+10    10.5066    75    74     6.2783
   76  3.1990e+10    10.5199    76    75     6.3579
   77  3.1879e+10    10.5283    77    76     6.4374
   78  2.6068e+10    11.0223    78    77     6.5169
   79  2.5444e+10    11.0828    79    78     6.5964
   80  2.4283e+10    11.2002    80    79     6.6759
   81  2.3990e+10    11.2309    81    80     6.7554
   82  2.3670e+10    11.2649    82    81     6.8349
   83  2.3402e+10    11.2938    83    82     6.9143
   84  1.7865e+10    11.9942    84    83     6.9938
   85  1.7353e+10    12.0716    85    84     7.0733
   86  1.7274e+10    12.0836    86    85     7.1528
   87  1.7215e+10    12.0927    87    86     7.2323
   88  1.5792e+10    12.3244    88    87     7.3117
   89  1.5696e+10    12.3409    89    88     7.3912
   90  1.5650e+10    12.3488    90    89     7.4707
   91  1.5621e+10    12.3537    91    90     7.5502
   92  1.1655e+10    13.1651    92    91     7.6296
   93  9.3237e+09    13.8084    93    92     7.7091
   94  9.2832e+09    13.8212    94    93     7.7885
   95  9.2241e+09    13.8399    95    94     7.8680
   96  8.6514e+09    14.0290    96    95     7.9475
   97  8.6374e+09    14.0338    97    96     8.0269
   98  7.9964e+09    14.2638    98    97     8.1064
   99  7.9715e+09    14.2732    99    98     8.1858
  100  7.2114e+09    14.5762   100    99     8.2653
