#indx Mass S step-number desc_indx 
    0  1.0000e+13     2.0577     0    -1     0.0134
    1  9.3378e+12     2.1080     1     0     0.1326
    2  7.8768e+12     2.2372     2     1     0.2441
    3  7.7440e+12     2.2504     3     2     0.3500
    4  6.8424e+12     2.3484     4     3     0.4519
    5  6.8257e+12     2.3504     5     4     0.5506
    6  6.7005e+12     2.3653     6     5     0.6467
    7  6.5332e+12     2.3859     7     6     0.7407
    8  6.4928e+12     2.3909     8     7     0.8330
    9  5.6764e+12     2.5024     9     8     0.9238
   10  5.1377e+12     2.5876    10     9     1.0134
   11  5.0846e+12     2.5966    11    10     1.1018
   12  2.7028e+10    10.9323    12    11     1.1894
   13  2.6924e+10    10.9419    13    12     1.2761
   14  2.5281e+10    11.0989    14    13     1.3621
   15  2.5136e+10    11.1133    15    14     1.4474
   16  2.3453e+10    11.2882    16    15     1.5322
   17  2.3129e+10    11.3236    17    16     1.6165
   18  2.3097e+10    11.3271    18    17     1.7003
   19  2.2970e+10    11.3411    19    18     1.7838
   20  2.2864e+10    11.3530    20    19     1.8669
   21  2.2607e+10    11.3817    21    20     1.9496
   22  2.2482e+10    11.3960    22    21     2.0321
   23  2.2417e+10    11.4034    23    22     2.1143
   24  2.2021e+10    11.4489    24    23     2.1963
   25  2.0495e+10    11.6342    25    24     2.2781
   26  1.9014e+10    11.8299    26    25     2.3597
   27  1.8665e+10    11.8785    27    26     2.4411
   28  1.8650e+10    11.8806    28    27     2.5223
   29  1.8280e+10    11.9335    29    28     2.6034
   30  1.5913e+10    12.3037    30    29     2.6844
   31  1.5461e+10    12.3818    31    30     2.7652
   32  1.5277e+10    12.4143    32    31     2.8459
   33  1.4902e+10    12.4819    33    32     2.9266
   34  1.4274e+10    12.5998    34    33     3.0071
   35  1.3344e+10    12.7857    35    34     3.0876
   36  1.3104e+10    12.8361    36    35     3.1680
   37  1.1003e+10    13.3288    37    36     3.2483
   38  1.0719e+10    13.4039    38    37     3.3285
   39  1.0285e+10    13.5229    39    38     3.4087
   40  9.9140e+09    13.6292    40    39     3.4889
   41  9.8372e+09    13.6519    41    40     3.5689
   42  9.7809e+09    13.6686    42    41     3.6490
   43  9.6351e+09    13.7123    43    42     3.7290
   44  9.5168e+09    13.7484    44    43     3.8089
   45  9.4366e+09    13.7731    45    44     3.8889
   46  9.3869e+09    13.7886    46    45     3.9688
   47  9.3821e+09    13.7901    47    46     4.0486
   48  9.3783e+09    13.7913    48    47     4.1285
   49  9.1353e+09    13.8683    49    48     4.2083
   50  9.0829e+09    13.8852    50    49     4.2881
   51  9.0527e+09    13.8950    51    50     4.3678
   52  9.0130e+09    13.9080    52    51     4.4476
   53  9.0008e+09    13.9120    53    52     4.5273
   54  8.5266e+09    14.0721    54    53     4.6070
   55  8.4207e+09    14.1093    55    54     4.6867
   56  8.3863e+09    14.1215    56    55     4.7664
   57  8.3412e+09    14.1376    57    56     4.8460
   58  8.3239e+09    14.1438    58    57     4.9257
   59  8.0539e+09    14.2423    59    58     5.0053
   60  8.0447e+09    14.2458    60    59     5.0849
   61  7.9298e+09    14.2889    61    60     5.1646
   62  7.7385e+09    14.3624    62    61     5.2442
   63  6.9197e+09    14.7024    63    62     5.3238
   64  6.6971e+09    14.8029    64    63     5.4033
   65  6.5549e+09    14.8691    65    64     5.4829
   66  6.4769e+09    14.9062    66    65     5.5625
   67  6.2412e+09    15.0212    67    66     5.6421
   68  6.1719e+09    15.0560    68    67     5.7216
   69  5.6237e+09    15.3480    69    68     5.8012
   70  5.6075e+09    15.3571    70    69     5.8807
   71  5.5710e+09    15.3778    71    70     5.9602
   72  5.4233e+09    15.4630    72    71     6.0398
   73  3.1152e+09    17.2970    73    72     6.1193
   74  3.0848e+09    17.3307    74    73     6.1988
   75  2.8979e+09    17.5470    75    74     6.2783
   76  2.6907e+09    17.8062    76    75     6.3579
   77  2.6392e+09    17.8742    77    76     6.4374
   78  2.6084e+09    17.9156    78    77     6.5169
   79  2.5973e+09    17.9306    79    78     6.5964
   80  2.5949e+09    17.9338    80    79     6.6759
   81  2.5507e+09    17.9945    81    80     6.7554
   82  2.5133e+09    18.0469    82    81     6.8349
   83  2.4612e+09    18.1212    83    82     6.9143
   84  2.4191e+09    18.1826    84    83     6.9938
   85  2.4143e+09    18.1897    85    84     7.0733
   86  2.3094e+09    18.3486    86    85     7.1528
   87  2.2609e+09    18.4248    87    86     7.2323
   88  2.1972e+09    18.5278    88    87     7.3117
   89  2.1734e+09    18.5671    89    88     7.3912
   90  1.9722e+09    18.9208    90    89     7.4707
   91  1.9696e+09    18.9257    91    90     7.5502
   92  1.9500e+09    18.9624    92    91     7.6296
   93  1.9275e+09    19.0051    93    92     7.7091
   94  1.5555e+09    19.8051    94    93     7.7885
   95  1.5356e+09    19.8537    95    94     7.8680
   96  1.5332e+09    19.8598    96    95     7.9475
   97  1.5307e+09    19.8658    97    96     8.0269
   98  1.5120e+09    19.9126    98    97     8.1064
   99  1.5081e+09    19.9224    99    98     8.1858
  100  1.5079e+09    19.9230   100    99     8.2653
