#indx Mass S step-number desc_indx 
    0  1.0000e+13     2.0577     0    -1     0.0134
    1  9.6973e+12     2.0802     1     0     0.1326
    2  5.4562e+12     2.5360     2     1     0.2441
    3  5.3508e+12     2.5526     3     2     0.3500
    4  5.1855e+12     2.5796     4     3     0.4519
    5  5.1493e+12     2.5856     5     4     0.5506
    6  5.1284e+12     2.5892     6     5     0.6467
    7  5.0068e+12     2.6100     7     6     0.7407
    8  4.9465e+12     2.6206     8     7     0.8330
    9  4.5374e+12     2.6968     9     8     0.9238
   10  4.3364e+12     2.7374    10     9     1.0134
   11  4.2267e+12     2.7606    11    10     1.1018
   12  3.9171e+12     2.8304    12    11     1.1894
   13  2.9911e+12     3.0881    13    12     1.2761
   14  2.9399e+12     3.1052    14    13     1.3621
   15  2.6923e+12     3.1933    15    14     1.4474
   16  2.6802e+12     3.1979    16    15     1.5322
   17  2.6271e+12     3.2181    17    16     1.6165
   18  2.5605e+12     3.2444    18    17     1.7003
   19  2.5129e+12     3.2636    19    18     1.7838
   20  2.4927e+12     3.2719    20    19     1.8669
   21  2.4616e+12     3.2849    21    20     1.9496
   22  2.3229e+12     3.3452    22    21     2.0321
   23  2.1884e+12     3.4081    23    22     2.1143
   24  2.1705e+12     3.4168    24    23     2.1963
   25  1.8679e+12     3.5793    25    24     2.2781
   26  1.7320e+12     3.6631    26    25     2.3597
   27  1.6751e+12     3.7007    27    26     2.4411
   28  1.6638e+12     3.7083    28    27     2.5223
   29  1.2216e+12     4.0696    29    28     2.6034
   30  1.1845e+12     4.1071    30    29     2.6844
   31  1.1683e+12     4.1239    31    30     2.7652
   32  1.1198e+12     4.1760    32    31     2.8459
   33  1.1022e+12     4.1955    33    32     2.9266
   34  1.0993e+12     4.1988    34    33     3.0071
   35  1.0689e+12     4.2336    35    34     3.0876
   36  1.0221e+12     4.2897    36    35     3.1680
   37  1.0129e+12     4.3011    37    36     3.2483
   38  9.2813e+11     4.4122    38    37     3.3285
   39  9.1965e+11     4.4240    39    38     3.4087
   40  9.1946e+11     4.4243    40    39     3.4889
   41  8.8158e+11     4.4787    41    40     3.5689
   42  8.6491e+11     4.5035    42    41     3.6490
   43  3.1790e+11     5.9525    43    42     3.7290
   44  3.1780e+11     5.9530    44    43     3.8089
   45  3.1591e+11     5.9626    45    44     3.8889
   46  3.0956e+11     5.9951    46    45     3.9688
   47  3.0884e+11     5.9989    47    46     4.0486
   48  3.0741e+11     6.0064    48    47     4.1285
   49  3.0269e+11     6.0313    49    48     4.2083
   50  3.0007e+11     6.0453    50    49     4.2881
   51  2.9906e+11     6.0508    51    50     4.3678
   52  2.9531e+11     6.0712    52    51     4.4476
   53  2.9089e+11     6.0957    53    52     4.5273
   54  2.8569e+11     6.1250    54    53     4.6070
   55  2.7984e+11     6.1589    55    54     4.6867
   56  2.7926e+11     6.1623    56    55     4.7664
   57  2.7420e+11     6.1923    57    56     4.8460
   58  2.6436e+11     6.2526    58    57     4.9257
   59  2.3310e+11     6.4636    59    58     5.0053
   60  2.3064e+11     6.4817    60    59     5.0849
   61  2.1013e+11     6.6413    61    60     5.1646
   62  2.0866e+11     6.6535    62    61     5.2442
   63  1.5242e+11     7.2140    63    62     5.3238
   64  1.4165e+11     7.3497    64    63     5.4033
   65  1.4052e+11     7.3646    65    64     5.4829
   66  1.3965e+11     7.3762    66    65     5.5625
   67  1.2884e+11     7.5278    67    66     5.6421
   68  1.1056e+11     7.8219    68    67     5.7216
   69  1.0807e+11     7.8662    69    68     5.8012
   70  1.0569e+11     7.9098    70    69     5.8807
   71  9.4937e+10     8.1227    71    70     5.9602
   72  8.8642e+10     8.2609    72    71     6.0398
   73  8.8410e+10     8.2663    73    72     6.1193
   74  8.3548e+10     8.3815    74    73     6.1988
   75  8.0712e+10     8.4525    75    74     6.2783
   76  7.9810e+10     8.4757    76    75     6.3579
   77  7.9261e+10     8.4899    77    76     6.4374
   78  7.8925e+10     8.4987    78    77     6.5169
   79  7.7138e+10     8.5462    79    78     6.5964
   80  7.6869e+10     8.5534    80    79     6.6759
   81  7.3292e+10     8.6529    81    80     6.7554
   82  7.2730e+10     8.6690    82    81     6.8349
   83  6.9856e+10     8.7539    83    82     6.9143
   84  6.5869e+10     8.8788    84    83     6.9938
   85  6.3469e+10     8.9583    85    84     7.0733
   86  6.2713e+10     8.9841    86    85     7.1528
   87  6.1837e+10     9.0144    87    86     7.2323
   88  6.1592e+10     9.0230    88    87     7.3117
   89  5.9804e+10     9.0868    89    88     7.3912
   90  5.8218e+10     9.1453    90    89     7.4707
   91  5.6237e+10     9.2210    91    90     7.5502
   92  5.6150e+10     9.2244    92    91     7.6296
   93  5.5861e+10     9.2358    93    92     7.7091
   94  5.5533e+10     9.2487    94    93     7.7885
   95  5.5455e+10     9.2518    95    94     7.8680
   96  5.5159e+10     9.2636    96    95     7.9475
   97  5.5117e+10     9.2652    97    96     8.0269
   98  5.0241e+10     9.4708    98    97     8.1064
   99  4.9243e+10     9.5158    99    98     8.1858
  100  4.7453e+10     9.5992   100    99     8.2653
