#indx Mass S step-number desc_indx 
    0  1.0000e+13     2.0577     0    -1     0.0134
    1  9.8996e+12     2.0650     1     0     0.1326
    2  9.5478e+12     2.0916     2     1     0.2441
    3  9.0243e+12     2.1335     3     2     0.3500
    4  8.9454e+12     2.1401     4     3     0.4519
    5  8.5238e+12     2.1765     5     4     0.5506
    6  8.3264e+12     2.1944     6     5     0.6467
    7  7.4597e+12     2.2797     7     6     0.7407
    8  7.3231e+12     2.2943     8     7     0.8330
    9  7.3124e+12     2.2954     9     8     0.9238
   10  7.0648e+12     2.3228    10     9     1.0134
   11  6.2571e+12     2.4212    11    10     1.1018
   12  5.4514e+12     2.5367    12    11     1.1894
   13  5.2797e+12     2.5641    13    12     1.2761
   14  4.2192e+12     2.7623    14    13     1.3621
   15  4.0619e+12     2.7969    15    14     1.4474
   16  4.0396e+12     2.8020    16    15     1.5322
   17  4.0058e+12     2.8097    17    16     1.6165
   18  3.9413e+12     2.8247    18    17     1.7003
   19  3.8924e+12     2.8362    19    18     1.7838
   20  3.2823e+12     2.9975    20    19     1.8669
   21  3.1090e+12     3.0502    21    20     1.9496
   22  2.9491e+12     3.1021    22    21     2.0321
   23  2.5974e+12     3.2297    23    22     2.1143
   24  2.5648e+12     3.2426    24    23     2.1963
   25  2.5160e+12     3.2623    25    24     2.2781
   26  2.4881e+12     3.2738    26    25     2.3597
   27  2.2405e+12     3.3831    27    26     2.4411
   28  2.2084e+12     3.3984    28    27     2.5223
   29  2.1093e+12     3.4473    29    28     2.6034
   30  2.0473e+12     3.4794    30    29     2.6844
   31  2.0210e+12     3.4933    31    30     2.7652
   32  1.9794e+12     3.5159    32    31     2.8459
   33  1.4828e+12     3.8402    33    32     2.9266
   34  1.4470e+12     3.8685    34    33     3.0071
   35  1.4009e+12     3.9065    35    34     3.0876
   36  5.8965e+11     5.0235    36    35     3.1680
   37  5.8771e+11     5.0281    37    36     3.2483
   38  5.6620e+11     5.0810    38    37     3.3285
   39  2.4554e+11     6.3758    39    38     3.4087
   40  2.4145e+11     6.4041    40    39     3.4889
   41  2.3984e+11     6.4154    41    40     3.5689
   42  2.3511e+11     6.4491    42    41     3.6490
   43  2.2899e+11     6.4938    43    42     3.7290
   44  2.2232e+11     6.5443    44    43     3.8089
   45  2.0217e+11     6.7084    45    44     3.8889
   46  1.9961e+11     6.7307    46    45     3.9688
   47  1.9748e+11     6.7494    47    46     4.0486
   48  1.7620e+11     6.9512    48    47     4.1285
   49  9.1701e+10     8.1924    49    48     4.2083
   50  8.4780e+10     8.3516    50    49     4.2881
   51  8.4189e+10     8.3659    51    50     4.3678
   52  8.4030e+10     8.3697    52    51     4.4476
   53  7.8093e+10     8.5207    53    52     4.5273
   54  7.6126e+10     8.5736    54    53     4.6070
   55  7.0678e+10     8.7292    55    54     4.6867
   56  6.9034e+10     8.7790    56    55     4.7664
   57  5.8588e+10     9.1314    57    56     4.8460
   58  5.8279e+10     9.1430    58    57     4.9257
   59  5.8069e+10     9.1509    59    58     5.0053
   60  5.6378e+10     9.2155    60    59     5.0849
   61  5.3458e+10     9.3327    61    60     5.1646
   62  5.0290e+10     9.4686    62    61     5.2442
   63  5.0172e+10     9.4739    63    62     5.3238
   64  5.0079e+10     9.4780    64    63     5.4033
   65  4.9978e+10     9.4826    65    64     5.4829
   66  4.8086e+10     9.5692    66    65     5.5625
   67  4.7926e+10     9.5768    67    66     5.6421
   68  4.7232e+10     9.6097    68    67     5.7216
   69  4.5241e+10     9.7074    69    68     5.8012
   70  4.5071e+10     9.7160    70    69     5.8807
   71  4.0604e+10     9.9559    71    70     5.9602
   72  3.9236e+10    10.0356    72    71     6.0398
   73  3.1983e+10    10.5205    73    72     6.1193
   74  3.1547e+10    10.5536    74    73     6.1988
   75  3.1204e+10    10.5801    75    74     6.2783
   76  1.2464e+10    12.9761    76    75     6.3579
   77  1.2115e+10    13.0558    77    76     6.4374
   78  1.1929e+10    13.0994    78    77     6.5169
   79  1.1590e+10    13.1811    79    78     6.5964
   80  1.1552e+10    13.1902    80    79     6.6759
   81  1.1294e+10    13.2544    81    80     6.7554
   82  1.1234e+10    13.2697    82    81     6.8349
   83  1.0590e+10    13.4385    83    82     6.9143
   84  9.7005e+09    13.6926    84    83     6.9938
   85  8.8235e+09    13.9707    85    84     7.0733
   86  8.6760e+09    14.0206    86    85     7.1528
   87  1.1679e+09    20.9110    87    86     7.2323
   88  1.1436e+09    20.9935    88    87     7.3117
   89  1.1393e+09    21.0086    89    88     7.3912
   90  1.1307e+09    21.0383    90    89     7.4707
   91  1.0810e+09    21.2164    91    90     7.5502
   92  1.0782e+09    21.2266    92    91     7.6296
   93  1.0403e+09    21.3694    93    92     7.7091
   94  1.0296e+09    21.4106    94    93     7.7885
   95  1.0268e+09    21.4215    95    94     7.8680
   96  1.0263e+09    21.4233    96    95     7.9475
   97  9.8649e+08    21.5820    97    96     8.0269
   98  9.7850e+08    21.6147    98    97     8.1064
   99  9.7090e+08    21.6461    99    98     8.1858
  100  9.5976e+08    21.6927   100    99     8.2653
