#indx Mass S step-number desc_indx 
    0  1.0000e+13     2.0577     0    -1     0.0134
    1  9.2704e+12     2.1134     1     0     0.1326
    2  8.6525e+12     2.1652     2     1     0.2441
    3  8.5423e+12     2.1749     3     2     0.3500
    4  6.6762e+12     2.3683     4     3     0.4519
    5  6.6529e+12     2.3711     5     4     0.5506
    6  6.6122e+12     2.3761     6     5     0.6467
    7  6.2345e+12     2.4242     7     6     0.7407
    8  5.5987e+12     2.5141     8     7     0.8330
    9  5.4605e+12     2.5353     9     8     0.9238
   10  3.7288e+12     2.8762    10     9     1.0134
   11  3.6940e+12     2.8850    11    10     1.1018
   12  3.4557e+12     2.9481    12    11     1.1894
   13  2.9774e+12     3.0927    13    12     1.2761
   14  2.8502e+12     3.1360    14    13     1.3621
   15  2.1301e+12     3.4369    15    14     1.4474
   16  1.7237e+12     3.6685    16    15     1.5322
   17  1.6478e+12     3.7192    17    16     1.6165
   18  1.5561e+12     3.7845    18    17     1.7003
   19  1.5479e+12     3.7906    19    18     1.7838
   20  1.4646e+12     3.8545    20    19     1.8669
   21  1.4175e+12     3.8927    21    20     1.9496
   22  1.2528e+12     4.0393    22    21     2.0321
   23  1.1409e+12     4.1530    23    22     2.1143
   24  1.0998e+12     4.1983    24    23     2.1963
   25  8.4778e+11     4.5296    25    24     2.2781
   26  8.1888e+11     4.5752    26    25     2.3597
   27  8.1488e+11     4.5816    27    26     2.4411
   28  7.8995e+11     4.6228    28    27     2.5223
   29  7.8970e+11     4.6232    29    28     2.6034
   30  7.8628e+11     4.6290    30    29     2.6844
   31  7.5654e+11     4.6805    31    30     2.7652
   32  7.5602e+11     4.6814    32    31     2.8459
   33  7.3647e+11     4.7166    33    32     2.9266
   34  5.5798e+11     5.1019    34    33     3.0071
   35  5.2617e+11     5.1862    35    34     3.0876
   36  5.1626e+11     5.2137    36    35     3.1680
   37  4.4826e+11     5.4216    37    36     3.2483
   38  4.2147e+11     5.5141    38    37     3.3285
   39  3.9990e+11     5.5940    39    38     3.4087
   40  3.9340e+11     5.6190    40    39     3.4889
   41  3.6812e+11     5.7215    41    40     3.5689
   42  3.6412e+11     5.7385    42    41     3.6490
   43  3.3754e+11     5.8573    43    42     3.7290
   44  3.1073e+11     5.9891    44    43     3.8089
   45  2.7854e+11     6.1665    45    44     3.8889
   46  2.7766e+11     6.1717    46    45     3.9688
   47  2.7225e+11     6.2040    47    46     4.0486
   48  2.6882e+11     6.2250    48    47     4.1285
   49  2.2621e+11     6.5147    49    48     4.2083
   50  1.6952e+11     7.0206    50    49     4.2881
   51  1.6889e+11     7.0273    51    50     4.3678
   52  1.6653e+11     7.0527    52    51     4.4476
   53  1.6470e+11     7.0727    53    52     4.5273
   54  1.3188e+11     7.4837    54    53     4.6070
   55  1.3147e+11     7.4895    55    54     4.6867
   56  1.3066e+11     7.5012    56    55     4.7664
   57  1.2447e+11     7.5933    57    56     4.8460
   58  1.2102e+11     7.6472    58    57     4.9257
   59  1.1943e+11     7.6724    59    58     5.0053
   60  1.1849e+11     7.6876    60    59     5.0849
   61  8.4493e+10     8.3585    61    60     5.1646
   62  7.2918e+10     8.6636    62    61     5.2442
   63  7.2599e+10     8.6728    63    62     5.3238
   64  7.0182e+10     8.7441    64    63     5.4033
   65  6.9856e+10     8.7539    65    64     5.4829
   66  6.9068e+10     8.7780    66    65     5.5625
   67  6.8115e+10     8.8074    67    66     5.6421
   68  6.5001e+10     8.9072    68    67     5.7216
   69  6.4646e+10     8.9189    69    68     5.8012
   70  5.0099e+10     9.4772    70    69     5.8807
   71  4.8935e+10     9.5299    71    70     5.9602
   72  4.8518e+10     9.5491    72    71     6.0398
   73  4.8378e+10     9.5556    73    72     6.1193
   74  4.6148e+10     9.6623    74    73     6.1988
   75  4.1228e+10     9.9206    75    74     6.2783
   76  4.1013e+10     9.9327    76    75     6.3579
   77  3.9287e+10    10.0326    77    76     6.4374
   78  3.9220e+10    10.0366    78    77     6.5169
   79  3.2898e+10    10.4526    79    78     6.5964
   80  3.0797e+10    10.6119    80    79     6.6759
   81  3.0517e+10    10.6342    81    80     6.7554
   82  3.0462e+10    10.6385    82    81     6.8349
   83  3.0115e+10    10.6664    83    82     6.9143
   84  3.0102e+10    10.6675    84    83     6.9938
   85  2.9988e+10    10.6767    85    84     7.0733
   86  2.9271e+10    10.7359    86    85     7.1528
   87  2.7592e+10    10.8812    87    86     7.2323
   88  2.7579e+10    10.8823    88    87     7.3117
   89  2.6938e+10    10.9406    89    88     7.3912
   90  2.6040e+10    11.0249    90    89     7.4707
   91  2.5077e+10    11.1192    91    90     7.5502
   92  2.3277e+10    11.3073    92    91     7.6296
   93  2.2394e+10    11.4060    93    92     7.7091
   94  2.2269e+10    11.4202    94    93     7.7885
   95  2.2083e+10    11.4417    95    94     7.8680
   96  2.2002e+10    11.4512    96    95     7.9475
   97  2.0468e+10    11.6376    97    96     8.0269
   98  1.9573e+10    11.7539    98    97     8.1064
   99  1.9518e+10    11.7612    99    98     8.1858
  100  1.9493e+10    11.7646   100    99     8.2653
