#indx Mass S step-number desc_indx 
    0  1.0000e+13     2.0577     0    -1     0.0134
    1  9.7528e+12     2.0760     1     0     0.1326
    2  9.0366e+12     2.1325     2     1     0.2441
    3  8.9936e+12     2.1361     3     2     0.3500
    4  8.8794e+12     2.1456     4     3     0.4519
    5  8.8584e+12     2.1474     5     4     0.5506
    6  7.9155e+12     2.2334     6     5     0.6467
    7  7.3711e+12     2.2891     7     6     0.7407
    8  7.2787e+12     2.2991     8     7     0.8330
    9  6.2259e+12     2.4253     9     8     0.9238
   10  5.7262e+12     2.4950    10     9     1.0134
   11  5.6570e+12     2.5053    11    10     1.1018
   12  5.6213e+12     2.5106    12    11     1.1894
   13  5.3943e+12     2.5457    13    12     1.2761
   14  5.3419e+12     2.5541    14    13     1.3621
   15  4.8553e+12     2.6369    15    14     1.4474
   16  4.7351e+12     2.6589    16    15     1.5322
   17  4.5360e+12     2.6971    17    16     1.6165
   18  4.5131e+12     2.7016    18    17     1.7003
   19  4.4425e+12     2.7157    19    18     1.7838
   20  4.2160e+12     2.7629    20    19     1.8669
   21  4.1354e+12     2.7805    21    20     1.9496
   22  4.0174e+12     2.8070    22    21     2.0321
   23  3.8874e+12     2.8374    23    22     2.1143
   24  3.8599e+12     2.8440    24    23     2.1963
   25  3.8275e+12     2.8518    25    24     2.2781
   26  3.7983e+12     2.8590    26    25     2.3597
   27  3.7042e+12     2.8824    27    26     2.4411
   28  3.6426e+12     2.8982    28    27     2.5223
   29  2.5578e+12     3.2455    29    28     2.6034
   30  2.3901e+12     3.3154    30    29     2.6844
   31  2.2364e+12     3.3851    31    30     2.7652
   32  1.6565e+12     3.7133    32    31     2.8459
   33  1.5453e+12     3.7925    33    32     2.9266
   34  1.5280e+12     3.8055    34    33     3.0071
   35  1.3718e+12     3.9312    35    34     3.0876
   36  1.2949e+12     3.9996    36    35     3.1680
   37  1.2863e+12     4.0076    37    36     3.2483
   38  1.1058e+12     4.1915    38    37     3.3285
   39  1.0988e+12     4.1994    39    38     3.4087
   40  1.0612e+12     4.2426    40    39     3.4889
   41  1.0288e+12     4.2814    41    40     3.5689
   42  4.9538e+11     5.2739    42    41     3.6490
   43  4.8355e+11     5.3093    43    42     3.7290
   44  4.8311e+11     5.3107    44    43     3.8089
   45  4.7978e+11     5.3208    45    44     3.8889
   46  4.0593e+11     5.5712    46    45     3.9688
   47  4.0156e+11     5.5876    47    46     4.0486
   48  3.6475e+11     5.7358    48    47     4.1285
   49  3.5407e+11     5.7821    49    48     4.2083
   50  3.4948e+11     5.8026    50    49     4.2881
   51  3.2026e+11     5.9408    51    50     4.3678
   52  3.1269e+11     5.9790    52    51     4.4476
   53  3.0935e+11     5.9962    53    52     4.5273
   54  2.9884e+11     6.0520    54    53     4.6070
   55  2.9378e+11     6.0796    55    54     4.6867
   56  2.5887e+11     6.2874    56    55     4.7664
   57  1.9143e+11     6.8041    57    56     4.8460
   58  1.7880e+11     6.9250    58    57     4.9257
   59  1.6673e+11     7.0506    59    58     5.0053
   60  9.3329e+10     8.1570    60    59     5.0849
   61  9.3187e+10     8.1600    61    60     5.1646
   62  7.1004e+10     8.7196    62    61     5.2442
   63  7.0636e+10     8.7305    63    62     5.3238
   64  7.0129e+10     8.7457    64    63     5.4033
   65  5.3971e+10     9.3116    65    64     5.4829
   66  5.1592e+10     9.4116    66    65     5.5625
   67  2.9264e+10    10.7364    67    66     5.6421
   68  2.8316e+10    10.8173    68    67     5.7216
   69  2.8306e+10    10.8181    69    68     5.8012
   70  2.7895e+10    10.8542    70    69     5.8807
   71  2.7717e+10    10.8700    71    70     5.9602
   72  2.7599e+10    10.8806    72    71     6.0398
   73  2.6644e+10    10.9678    73    72     6.1193
   74  2.6576e+10    10.9742    74    73     6.1988
   75  2.6559e+10    10.9758    75    74     6.2783
   76  2.6277e+10    11.0024    76    75     6.3579
   77  2.6246e+10    11.0053    77    76     6.4374
   78  2.5286e+10    11.0984    78    77     6.5169
   79  2.5107e+10    11.1163    79    78     6.5964
   80  2.5034e+10    11.1236    80    79     6.6759
   81  2.3839e+10    11.2469    81    80     6.7554
   82  2.3346e+10    11.2998    82    81     6.8349
   83  2.3341e+10    11.3004    83    82     6.9143
   84  2.2723e+10    11.3686    84    83     6.9938
   85  2.2514e+10    11.3922    85    84     7.0733
   86  2.2504e+10    11.3934    86    85     7.1528
   87  2.2203e+10    11.4279    87    86     7.2323
   88  2.1367e+10    11.5265    88    87     7.3117
   89  2.0196e+10    11.6723    89    88     7.3912
   90  1.9314e+10    11.7888    90    89     7.4707
   91  1.7702e+10    12.0185    91    90     7.5502
   92  1.7031e+10    12.1215    92    91     7.6296
   93  1.6918e+10    12.1393    93    92     7.7091
   94  1.6866e+10    12.1475    94    93     7.7885
   95  1.6469e+10    12.2113    95    94     7.8680
   96  1.6408e+10    12.2213    96    95     7.9475
   97  1.6312e+10    12.2371    97    96     8.0269
   98  1.6287e+10    12.2412    98    97     8.1064
   99  1.6196e+10    12.2562    99    98     8.1858
  100  1.6165e+10    12.2613   100    99     8.2653
