#indx Mass S step-number desc_indx 
    0  1.0000e+13     2.0577     0    -1     0.0134
    1  9.9024e+12     2.0648     1     0     0.1326
    2  9.7968e+12     2.0727     2     1     0.2441
    3  8.0585e+12     2.2195     3     2     0.3500
    4  5.6965e+12     2.4994     4     3     0.4519
    5  4.6644e+12     2.6722     5     4     0.5506
    6  4.5135e+12     2.7015     6     5     0.6467
    7  5.9578e+11     5.0089     7     6     0.7407
    8  5.3652e+11     5.1581     8     7     0.8330
    9  5.3319e+11     5.1670     9     8     0.9238
   10  5.0180e+11     5.2550    10     9     1.0134
   11  4.2099e+11     5.5159    11    10     1.1018
   12  4.1214e+11     5.5481    12    11     1.1894
   13  4.1110e+11     5.5519    13    12     1.2761
   14  4.0378e+11     5.5793    14    13     1.3621
   15  4.0276e+11     5.5831    15    14     1.4474
   16  3.6908e+11     5.7174    16    15     1.5322
   17  3.6266e+11     5.7447    17    16     1.6165
   18  3.5848e+11     5.7628    18    17     1.7003
   19  3.3893e+11     5.8508    19    18     1.7838
   20  3.2971e+11     5.8945    20    19     1.8669
   21  3.2160e+11     5.9341    21    20     1.9496
   22  3.2123e+11     5.9359    22    21     2.0321
   23  3.0138e+11     6.0382    23    22     2.1143
   24  2.9304e+11     6.0837    24    23     2.1963
   25  2.6816e+11     6.2290    25    24     2.2781
   26  2.3901e+11     6.4212    26    25     2.3597
   27  2.3868e+11     6.4236    27    26     2.4411
   28  2.3006e+11     6.4859    28    27     2.5223
   29  2.2188e+11     6.5477    29    28     2.6034
   30  2.1893e+11     6.5707    30    29     2.6844
   31  2.1809e+11     6.5773    31    30     2.7652
   32  2.1658e+11     6.5892    32    31     2.8459
   33  2.1305e+11     6.6175    33    32     2.9266
   34  2.1161e+11     6.6293    34    33     3.0071
   35  2.0741e+11     6.6639    35    34     3.0876
   36  1.9267e+11     6.7927    36    35     3.1680
   37  1.9178e+11     6.8009    37    36     3.2483
   38  1.8951e+11     6.8219    38    37     3.3285
   39  6.0095e+10     9.0762    39    38     3.4087
   40  3.2589e+10    10.4753    40    39     3.4889
   41  3.1292e+10    10.5733    41    40     3.5689
   42  2.9777e+10    10.6939    42    41     3.6490
   43  2.9227e+10    10.7395    43    42     3.7290
   44  2.6466e+10    10.9845    44    43     3.8089
   45  2.6303e+10    10.9999    45    44     3.8889
   46  2.5895e+10    11.0389    46    45     3.9688
   47  2.4998e+10    11.1271    47    46     4.0486
   48  2.4691e+10    11.1582    48    47     4.1285
   49  2.3948e+10    11.2354    49    48     4.2083
   50  2.3284e+10    11.3066    50    49     4.2881
   51  2.2843e+10    11.3552    51    50     4.3678
   52  2.2800e+10    11.3601    52    51     4.4476
   53  2.1710e+10    11.4855    53    52     4.5273
   54  1.9236e+10    11.7994    54    53     4.6070
   55  1.8015e+10    11.9721    55    54     4.6867
   56  1.7798e+10    12.0041    56    55     4.7664
   57  1.7741e+10    12.0127    57    56     4.8460
   58  1.6249e+10    12.2475    58    57     4.9257
   59  1.6178e+10    12.2593    59    58     5.0053
   60  1.3361e+10    12.7821    60    59     5.0849
   61  1.3125e+10    12.8317    61    60     5.1646
   62  1.2979e+10    12.8628    62    61     5.2442
   63  1.2655e+10    12.9334    63    62     5.3238
   64  1.2638e+10    12.9371    64    63     5.4033
   65  1.2572e+10    12.9517    65    64     5.4829
   66  1.2551e+10    12.9564    66    65     5.5625
   67  1.2488e+10    12.9706    67    66     5.6421
   68  1.2478e+10    12.9728    68    67     5.7216
   69  1.2048e+10    13.0715    69    68     5.8012
   70  1.2030e+10    13.0756    70    69     5.8807
   71  1.1908e+10    13.1043    71    70     5.9602
   72  1.1855e+10    13.1171    72    71     6.0398
   73  1.1502e+10    13.2027    73    72     6.1193
   74  1.1500e+10    13.2032    74    73     6.1988
   75  1.1359e+10    13.2381    75    74     6.2783
   76  1.1327e+10    13.2463    76    75     6.3579
   77  1.0450e+10    13.4769    77    76     6.4374
   78  1.0417e+10    13.4861    78    77     6.5169
   79  1.0361e+10    13.5016    79    78     6.5964
   80  1.0181e+10    13.5523    80    79     6.6759
   81  9.9004e+09    13.6332    81    80     6.7554
   82  9.6457e+09    13.7091    82    81     6.8349
   83  9.5473e+09    13.7390    83    82     6.9143
   84  9.5027e+09    13.7527    84    83     6.9938
   85  9.4899e+09    13.7566    85    84     7.0733
   86  7.9312e+09    14.2884    86    85     7.1528
   87  7.8969e+09    14.3014    87    86     7.2323
   88  7.8304e+09    14.3268    88    87     7.3117
   89  7.7415e+09    14.3612    89    88     7.3912
   90  4.9563e+09    15.7510    90    89     7.4707
   91  4.9545e+09    15.7521    91    90     7.5502
   92  4.8972e+09    15.7896    92    91     7.6296
   93  3.8863e+09    16.5478    93    92     7.7091
   94  3.7752e+09    16.6448    94    93     7.7885
   95  1.3225e+09    20.4259    95    94     7.8680
   96  1.2820e+09    20.5466    96    95     7.9475
   97  1.1848e+09    20.8545    97    96     8.0269
   98  1.1830e+09    20.8602    98    97     8.1064
   99  1.1407e+09    21.0037    99    98     8.1858
  100  1.1318e+09    21.0345   100    99     8.2653
