#indx Mass S step-number desc_indx 
    0  1.0000e+13     2.0577     0    -1     0.0134
    1  9.3224e+12     2.1093     1     0     0.1326
    2  9.0813e+12     2.1288     2     1     0.2441
    3  6.7409e+12     2.3605     3     2     0.3500
    4  6.7234e+12     2.3626     4     3     0.4519
    5  5.2700e+12     2.5657     5     4     0.5506
    6  5.1901e+12     2.5788     6     5     0.6467
    7  4.4990e+12     2.7044     7     6     0.7407
    8  4.3914e+12     2.7261     8     7     0.8330
    9  3.3250e+12     2.9850     9     8     0.9238
   10  2.8743e+12     3.1276    10     9     1.0134
   11  2.4789e+12     3.2776    11    10     1.1018
   12  1.8162e+12     3.6103    12    11     1.1894
   13  1.7293e+12     3.6649    13    12     1.2761
   14  1.6445e+12     3.7215    14    13     1.3621
   15  1.6376e+12     3.7263    15    14     1.4474
   16  1.6249e+12     3.7351    16    15     1.5322
   17  1.6094e+12     3.7461    17    16     1.6165
   18  1.5654e+12     3.7777    18    17     1.7003
   19  1.4027e+12     3.9049    19    18     1.7838
   20  1.3191e+12     3.9775    20    19     1.8669
   21  1.3118e+12     3.9841    21    20     1.9496
   22  1.2915e+12     4.0028    22    21     2.0321
   23  1.2774e+12     4.0159    23    22     2.1143
   24  1.1028e+12     4.1949    24    23     2.1963
   25  1.0955e+12     4.2031    25    24     2.2781
   26  1.0905e+12     4.2088    26    25     2.3597
   27  1.0777e+12     4.2235    27    26     2.4411
   28  7.4009e+11     4.7100    28    27     2.5223
   29  7.3083e+11     4.7270    29    28     2.6034
   30  7.2421e+11     4.7393    30    29     2.6844
   31  7.0371e+11     4.7783    31    30     2.7652
   32  6.4610e+11     4.8956    32    31     2.8459
   33  6.4240e+11     4.9035    33    32     2.9266
   34  6.1298e+11     4.9689    34    33     3.0071
   35  6.1050e+11     4.9746    35    34     3.0876
   36  6.0802e+11     4.9803    36    35     3.1680
   37  6.0484e+11     4.9876    37    36     3.2483
   38  5.9768e+11     5.0044    38    37     3.3285
   39  5.8286e+11     5.0398    39    38     3.4087
   40  5.8139e+11     5.0434    40    39     3.4889
   41  5.5141e+11     5.1188    41    40     3.5689
   42  5.4657e+11     5.1314    42    41     3.6490
   43  4.8904e+11     5.2927    43    42     3.7290
   44  4.8760e+11     5.2971    44    43     3.8089
   45  4.8570e+11     5.3028    45    44     3.8889
   46  4.6929e+11     5.3534    46    45     3.9688
   47  4.6253e+11     5.3749    47    46     4.0486
   48  4.5077e+11     5.4132    48    47     4.1285
   49  4.0678e+11     5.5680    49    48     4.2083
   50  4.0238e+11     5.5846    50    49     4.2881
   51  3.1957e+11     5.9442    51    50     4.3678
   52  2.7147e+11     6.2088    52    51     4.4476
   53  2.5773e+11     6.2948    53    52     4.5273
   54  2.2983e+11     6.4876    54    53     4.6070
   55  2.1437e+11     6.6069    55    54     4.6867
   56  2.1197e+11     6.6263    56    55     4.7664
   57  2.0705e+11     6.6670    57    56     4.8460
   58  2.0320e+11     6.6995    58    57     4.9257
   59  1.7755e+11     6.9376    59    58     5.0053
   60  1.7668e+11     6.9463    60    59     5.0849
   61  1.6626e+11     7.0556    61    60     5.1646
   62  1.6181e+11     7.1048    62    61     5.2442
   63  1.5954e+11     7.1305    63    62     5.3238
   64  1.4157e+11     7.3507    64    63     5.4033
   65  1.3915e+11     7.3829    65    64     5.4829
   66  1.3906e+11     7.3841    66    65     5.5625
   67  1.3832e+11     7.3941    67    66     5.6421
   68  1.3725e+11     7.4086    68    67     5.7216
   69  1.3642e+11     7.4199    69    68     5.8012
   70  1.2266e+11     7.6214    70    69     5.8807
   71  9.5511e+10     8.1107    71    70     5.9602
   72  9.5161e+10     8.1180    72    71     6.0398
   73  9.4611e+10     8.1296    73    72     6.1193
   74  9.0669e+10     8.2152    74    73     6.1988
   75  8.9714e+10     8.2366    75    74     6.2783
   76  8.9453e+10     8.2425    76    75     6.3579
   77  8.6541e+10     8.3097    77    76     6.4374
   78  8.5921e+10     8.3243    78    77     6.5169
   79  7.6368e+10     8.5670    79    78     6.5964
   80  7.3832e+10     8.6375    80    79     6.6759
   81  5.6444e+10     9.2130    81    80     6.7554
   82  5.0805e+10     9.4459    82    81     6.8349
   83  5.0566e+10     9.4564    83    82     6.9143
   84  5.0220e+10     9.4718    84    83     6.9938
   85  4.0940e+10     9.9368    85    84     7.0733
   86  3.9962e+10     9.9929    86    85     7.1528
   87  3.9762e+10    10.0046    87    86     7.2323
   88  3.9125e+10    10.0422    88    87     7.3117
   89  3.8512e+10    10.0791    89    88     7.3912
   90  3.8450e+10    10.0829    90    89     7.4707
   91  3.8163e+10    10.1004    91    90     7.5502
   92  3.6137e+10    10.2288    92    91     7.6296
   93  3.6077e+10    10.2328    93    92     7.7091
   94  3.1637e+10    10.5467    94    93     7.7885
   95  3.1610e+10    10.5488    95    94     7.8680
   96  2.5949e+10    11.0337    96    95     7.9475
   97  7.2463e+09    14.5615    97    96     8.0269
   98  7.1666e+09    14.5952    98    97     8.1064
   99  6.8365e+09    14.7395    99    98     8.1858
  100  6.3255e+09    14.9795   100    99     8.2653
