#indx Mass S step-number desc_indx 
    0  1.0000e+13     2.0577     0    -1     0.0134
    1  9.2298e+12     2.1167     1     0     0.1326
    2  8.8475e+12     2.1484     2     1     0.2441
    3  7.9903e+12     2.2261     3     2     0.3500
    4  6.2654e+12     2.4201     4     3     0.4519
    5  6.2092e+12     2.4275     5     4     0.5506
    6  1.2851e+12     4.0087     6     5     0.6467
    7  1.2763e+12     4.0170     7     6     0.7407
    8  1.2718e+12     4.0212     8     7     0.8330
    9  1.2398e+12     4.0518     9     8     0.9238
   10  1.1930e+12     4.0985    10     9     1.0134
   11  6.7231e+11     4.8407    11    10     1.1018
   12  6.0958e+10     9.0453    12    11     1.1894
   13  6.0883e+10     9.0480    13    12     1.2761
   14  5.9856e+10     9.0849    14    13     1.3621
   15  5.0094e+10     9.4774    15    14     1.4474
   16  4.9036e+10     9.5252    16    15     1.5322
   17  4.8811e+10     9.5356    17    16     1.6165
   18  4.7112e+10     9.6154    18    17     1.7003
   19  4.6882e+10     9.6265    19    18     1.7838
   20  4.4751e+10     9.7322    20    19     1.8669
   21  4.4371e+10     9.7517    21    20     1.9496
   22  4.4234e+10     9.7588    22    21     2.0321
   23  4.4046e+10     9.7685    23    22     2.1143
   24  3.3588e+10    10.4028    24    23     2.1963
   25  3.3457e+10    10.4122    25    24     2.2781
   26  3.3437e+10    10.4136    26    25     2.3597
   27  2.7287e+10    10.9087    27    26     2.4411
   28  2.7010e+10    10.9339    28    27     2.5223
   29  2.3108e+10    11.3259    29    28     2.6034
   30  1.8469e+10    11.9064    30    29     2.6844
   31  1.8188e+10    11.9468    31    30     2.7652
   32  1.8136e+10    11.9544    32    31     2.8459
   33  1.7272e+10    12.0840    33    32     2.9266
   34  1.6924e+10    12.1382    34    33     3.0071
   35  1.6801e+10    12.1578    35    34     3.0876
   36  1.6614e+10    12.1877    36    35     3.1680
   37  1.6418e+10    12.2197    37    36     3.2483
   38  1.6042e+10    12.2819    38    37     3.3285
   39  1.5772e+10    12.3278    39    38     3.4087
   40  1.5342e+10    12.4027    40    39     3.4889
   41  1.4979e+10    12.4678    41    40     3.5689
   42  1.4580e+10    12.5415    42    41     3.6490
   43  1.3412e+10    12.7716    43    42     3.7290
   44  1.3059e+10    12.8457    44    43     3.8089
   45  1.2941e+10    12.8710    45    44     3.8889
   46  1.1505e+10    13.2017    46    45     3.9688
   47  1.1380e+10    13.2330    47    46     4.0486
   48  1.0224e+10    13.5402    48    47     4.1285
   49  1.0190e+10    13.5497    49    48     4.2083
   50  8.2640e+09    14.1653    50    49     4.2881
   51  7.1207e+09    14.6148    51    50     4.3678
   52  7.0575e+09    14.6420    52    51     4.4476
   53  6.8375e+09    14.7391    53    52     4.5273
   54  5.5523e+09    15.3884    54    53     4.6070
   55  5.4103e+09    15.4706    55    54     4.6867
   56  5.3264e+09    15.5203    56    55     4.7664
   57  5.1493e+09    15.6283    57    56     4.8460
   58  5.1365e+09    15.6363    58    57     4.9257
   59  5.0672e+09    15.6799    59    58     5.0053
   60  5.0553e+09    15.6874    60    59     5.0849
   61  4.9797e+09    15.7359    61    60     5.1646
   62  4.7014e+09    15.9216    62    61     5.2442
   63  4.6157e+09    15.9814    63    62     5.3238
   64  4.6002e+09    15.9923    64    63     5.4033
   65  4.5912e+09    15.9987    65    64     5.4829
   66  4.5904e+09    15.9993    66    65     5.5625
   67  4.5700e+09    16.0138    67    66     5.6421
   68  4.5432e+09    16.0329    68    67     5.7216
   69  4.5056e+09    16.0601    69    68     5.8012
   70  4.3583e+09    16.1688    70    69     5.8807
   71  4.1808e+09    16.3056    71    70     5.9602
   72  4.1423e+09    16.3361    72    71     6.0398
   73  3.8667e+09    16.5648    73    72     6.1193
   74  3.8665e+09    16.5649    74    73     6.1988
   75  3.6653e+09    16.7439    75    74     6.2783
   76  3.6119e+09    16.7933    76    75     6.3579
   77  3.6028e+09    16.8018    77    76     6.4374
   78  3.4721e+09    16.9266    78    77     6.5169
   79  3.3824e+09    17.0155    79    78     6.5964
   80  3.3726e+09    17.0254    80    79     6.6759
   81  3.3553e+09    17.0428    81    80     6.7554
   82  3.3545e+09    17.0437    82    81     6.8349
   83  3.3449e+09    17.0535    83    82     6.9143
   84  3.3172e+09    17.0817    84    83     6.9938
   85  3.2545e+09    17.1469    85    84     7.0733
   86  3.2540e+09    17.1475    86    85     7.1528
   87  3.2502e+09    17.1515    87    86     7.2323
   88  3.2493e+09    17.1524    88    87     7.3117
   89  3.2437e+09    17.1583    89    88     7.3912
   90  3.2404e+09    17.1618    90    89     7.4707
   91  3.2054e+09    17.1990    91    90     7.5502
   92  3.1906e+09    17.2149    92    91     7.6296
   93  3.1777e+09    17.2287    93    92     7.7091
   94  3.0567e+09    17.3623    94    93     7.7885
   95  3.0213e+09    17.4025    95    94     7.8680
   96  2.8829e+09    17.5651    96    95     7.9475
   97  2.8800e+09    17.5685    97    96     8.0269
   98  2.8735e+09    17.5764    98    97     8.1064
   99  2.8649e+09    17.5868    99    98     8.1858
  100  2.8539e+09    17.6003   100    99     8.2653
