#indx Mass S step-number desc_indx 
    0  1.0000e+13     2.0577     0    -1     0.0134
    1  9.8930e+12     2.0655     1     0     0.1326
    2  5.3016e+12     2.5605     2     1     0.2441
    3  3.5642e+12     2.9187     3     2     0.3500
    4  3.4816e+12     2.9410     4     3     0.4519
    5  3.4543e+12     2.9484     5     4     0.5506
    6  3.4176e+12     2.9586     6     5     0.6467
    7  3.2055e+12     3.0204     7     6     0.7407
    8  3.0965e+12     3.0541     8     7     0.8330
    9  3.0402e+12     3.0721     9     8     0.9238
   10  3.0253e+12     3.0769    10     9     1.0134
   11  3.0161e+12     3.0799    11    10     1.1018
   12  2.9762e+12     3.0931    12    11     1.1894
   13  2.7662e+12     3.1660    13    12     1.2761
   14  2.7158e+12     3.1845    14    13     1.3621
   15  2.6552e+12     3.2073    15    14     1.4474
   16  2.6287e+12     3.2175    16    15     1.5322
   17  2.4252e+12     3.3003    17    16     1.6165
   18  2.0888e+12     3.4578    18    17     1.7003
   19  2.0170e+12     3.4955    19    18     1.7838
   20  1.8499e+12     3.5900    20    19     1.8669
   21  1.8132e+12     3.6121    21    20     1.9496
   22  1.7797e+12     3.6328    22    21     2.0321
   23  1.7426e+12     3.6563    23    22     2.1143
   24  1.7170e+12     3.6729    24    23     2.1963
   25  1.6456e+12     3.7207    25    24     2.2781
   26  1.6092e+12     3.7461    26    25     2.3597
   27  1.5995e+12     3.7531    27    26     2.4411
   28  1.0865e+12     4.2133    28    27     2.5223
   29  9.9269e+11     4.3265    29    28     2.6034
   30  9.6197e+11     4.3664    30    29     2.6844
   31  9.2341e+11     4.4188    31    30     2.7652
   32  9.2006e+11     4.4235    32    31     2.8459
   33  8.4524e+11     4.5336    33    32     2.9266
   34  5.7391e+11     5.0618    34    33     3.0071
   35  5.7179e+11     5.0670    35    34     3.0876
   36  5.5739e+11     5.1034    36    35     3.1680
   37  5.5208e+11     5.1170    37    36     3.2483
   38  5.1875e+11     5.2067    38    37     3.3285
   39  5.0707e+11     5.2398    39    38     3.4087
   40  5.0169e+11     5.2554    40    39     3.4889
   41  4.8830e+11     5.2949    41    40     3.5689
   42  4.7355e+11     5.3401    42    41     3.6490
   43  4.2969e+11     5.4850    43    42     3.7290
   44  4.2157e+11     5.5138    44    43     3.8089
   45  3.1403e+11     5.9721    45    44     3.8889
   46  3.1148e+11     5.9852    46    45     3.9688
   47  2.8901e+11     6.1062    47    46     4.0486
   48  2.8732e+11     6.1158    48    47     4.1285
   49  1.6274e+11     7.0944    49    48     4.2083
   50  1.4836e+11     7.2638    50    49     4.2881
   51  1.2811e+11     7.5386    51    50     4.3678
   52  1.2603e+11     7.5696    52    51     4.4476
   53  1.0802e+11     7.8671    53    52     4.5273
   54  7.6408e+10     8.5659    54    53     4.6070
   55  7.6207e+10     8.5714    55    54     4.6867
   56  7.1664e+10     8.7001    56    55     4.7664
   57  6.9191e+10     8.7742    57    56     4.8460
   58  6.8985e+10     8.7805    58    57     4.9257
   59  6.5732e+10     8.8832    59    58     5.0053
   60  6.5489e+10     8.8912    60    59     5.0849
   61  6.4953e+10     8.9087    61    60     5.1646
   62  6.4855e+10     8.9120    62    61     5.2442
   63  6.3216e+10     8.9669    63    62     5.3238
   64  6.0892e+10     9.0477    64    63     5.4033
   65  6.0245e+10     9.0709    65    64     5.4829
   66  6.0087e+10     9.0765    66    65     5.5625
   67  5.9064e+10     9.1138    67    66     5.6421
   68  5.4981e+10     9.2707    68    67     5.7216
   69  5.4912e+10     9.2735    69    68     5.8012
   70  4.8832e+10     9.5346    70    69     5.8807
   71  4.7965e+10     9.5749    71    70     5.9602
   72  4.3623e+10     9.7906    72    71     6.0398
   73  4.3484e+10     9.7979    73    72     6.1193
   74  4.2995e+10     9.8239    74    73     6.1988
   75  4.2529e+10     9.8489    75    74     6.2783
   76  3.7215e+10    10.1595    76    75     6.3579
   77  3.6502e+10    10.2051    77    76     6.4374
   78  3.6448e+10    10.2086    78    77     6.5169
   79  3.5275e+10    10.2860    79    78     6.5964
   80  3.0718e+10    10.6182    80    79     6.6759
   81  3.0707e+10    10.6190    81    80     6.7554
   82  3.0071e+10    10.6700    82    81     6.8349
   83  2.8817e+10    10.7742    83    82     6.9143
   84  2.8452e+10    10.8055    84    83     6.9938
   85  2.8414e+10    10.8087    85    84     7.0733
   86  2.8404e+10    10.8096    86    85     7.1528
   87  2.7596e+10    10.8808    87    86     7.2323
   88  2.7126e+10    10.9233    88    87     7.3117
   89  2.6943e+10    10.9401    89    88     7.3912
   90  2.6546e+10    10.9770    90    89     7.4707
   91  2.2044e+10    11.4463    91    90     7.5502
   92  2.1823e+10    11.4722    92    91     7.6296
   93  2.1554e+10    11.5040    93    92     7.7091
   94  1.7058e+10    12.1173    94    93     7.7885
   95  1.5542e+10    12.3675    95    94     7.8680
   96  1.5470e+10    12.3801    96    95     7.9475
   97  1.5173e+10    12.4327    97    96     8.0269
   98  1.5092e+10    12.4473    98    97     8.1064
   99  1.5085e+10    12.4486    99    98     8.1858
  100  1.4923e+10    12.4780   100    99     8.2653
