#indx Mass S step-number desc_indx 
    0  1.0000e+13     2.0577     0    -1     0.0134
    1  9.1378e+12     2.1242     1     0     0.1326
    2  9.0445e+12     2.1318     2     1     0.2441
    3  5.7370e+12     2.4935     3     2     0.3500
    4  5.5750e+12     2.5177     4     3     0.4519
    5  4.3448e+12     2.7357     5     4     0.5506
    6  4.2776e+12     2.7498     6     5     0.6467
    7  4.1340e+12     2.7808     7     6     0.7407
    8  4.0745e+12     2.7941     8     7     0.8330
    9  4.0231e+12     2.8057     9     8     0.9238
   10  3.7304e+12     2.8758    10     9     1.0134
   11  3.6396e+12     2.8989    11    10     1.1018
   12  3.1072e+12     3.0507    12    11     1.1894
   13  3.1012e+12     3.0526    13    12     1.2761
   14  3.0808e+12     3.0591    14    13     1.3621
   15  2.9851e+12     3.0901    15    14     1.4474
   16  2.9340e+12     3.1072    16    15     1.5322
   17  1.8944e+12     3.5638    17    16     1.6165
   18  1.8756e+12     3.5747    18    17     1.7003
   19  1.8576e+12     3.5854    19    18     1.7838
   20  1.8474e+12     3.5914    20    19     1.8669
   21  1.5915e+12     3.7588    21    20     1.9496
   22  1.5897e+12     3.7601    22    21     2.0321
   23  1.5233e+12     3.8090    23    22     2.1143
   24  1.4762e+12     3.8453    24    23     2.1963
   25  1.4572e+12     3.8603    25    24     2.2781
   26  1.3957e+12     3.9108    26    25     2.3597
   27  1.3549e+12     3.9458    27    26     2.4411
   28  1.3420e+12     3.9572    28    27     2.5223
   29  1.3133e+12     3.9828    29    28     2.6034
   30  1.2878e+12     4.0062    30    29     2.6844
   31  1.0270e+12     4.2837    31    30     2.7652
   32  1.0045e+12     4.3116    32    31     2.8459
   33  9.8621e+11     4.3348    33    32     2.9266
   34  9.2392e+11     4.4181    34    33     3.0071
   35  8.7305e+11     4.4913    35    34     3.0876
   36  8.5330e+11     4.5211    36    35     3.1680
   37  8.4571e+11     4.5328    37    36     3.2483
   38  7.9889e+11     4.6079    38    37     3.3285
   39  3.0429e+11     6.0228    39    38     3.4087
   40  3.0217e+11     6.0341    40    39     3.4889
   41  2.7226e+11     6.2040    41    40     3.5689
   42  2.6825e+11     6.2285    42    41     3.6490
   43  2.6574e+11     6.2440    43    42     3.7290
   44  2.0773e+11     6.6613    44    43     3.8089
   45  1.9823e+11     6.7428    45    44     3.8889
   46  1.9538e+11     6.7682    46    45     3.9688
   47  1.7803e+11     6.9327    47    46     4.0486
   48  1.5886e+11     7.1383    48    47     4.1285
   49  1.5659e+11     7.1646    49    48     4.2083
   50  1.5166e+11     7.2232    50    49     4.2881
   51  1.4937e+11     7.2513    51    50     4.3678
   52  1.4921e+11     7.2533    52    51     4.4476
   53  1.4676e+11     7.2839    53    52     4.5273
   54  1.4020e+11     7.3689    54    53     4.6070
   55  1.3529e+11     7.4356    55    54     4.6867
   56  1.3475e+11     7.4431    56    55     4.7664
   57  1.3351e+11     7.4605    57    56     4.8460
   58  1.3325e+11     7.4642    58    57     4.9257
   59  7.9373e+10     8.4870    59    58     5.0053
   60  6.8282e+10     8.8022    60    59     5.0849
   61  6.3081e+10     8.9715    61    60     5.1646
   62  6.2433e+10     8.9937    62    61     5.2442
   63  6.2201e+10     9.0017    63    62     5.3238
   64  5.9864e+10     9.0846    64    63     5.4033
   65  3.8350e+10    10.0890    65    64     5.4829
   66  3.7477e+10    10.1430    66    65     5.5625
   67  3.7281e+10    10.1553    67    66     5.6421
   68  3.6459e+10    10.2078    68    67     5.7216
   69  3.5658e+10    10.2604    69    68     5.8012
   70  3.5254e+10    10.2874    70    69     5.8807
   71  3.2114e+10    10.5106    71    70     5.9602
   72  3.1126e+10    10.5861    72    71     6.0398
   73  3.0572e+10    10.6298    73    72     6.1193
   74  3.0149e+10    10.6637    74    73     6.1988
   75  2.9353e+10    10.7290    75    74     6.2783
   76  2.7353e+10    10.9027    76    75     6.3579
   77  2.7161e+10    10.9201    77    76     6.4374
   78  2.6800e+10    10.9533    78    77     6.5169
   79  2.6114e+10    11.0178    79    78     6.5964
   80  2.6092e+10    11.0199    80    79     6.6759
   81  2.5643e+10    11.0633    81    80     6.7554
   82  2.4014e+10    11.2283    82    81     6.8349
   83  2.3950e+10    11.2352    83    82     6.9143
   84  2.1831e+10    11.4712    84    83     6.9938
   85  2.1470e+10    11.5141    85    84     7.0733
   86  2.1318e+10    11.5324    86    85     7.1528
   87  2.1160e+10    11.5515    87    86     7.2323
   88  2.0259e+10    11.6642    88    87     7.3117
   89  2.0105e+10    11.6840    89    88     7.3912
   90  1.9702e+10    11.7369    90    89     7.4707
   91  1.8858e+10    11.8514    91    90     7.5502
   92  1.8739e+10    11.8681    92    91     7.6296
   93  1.0600e+10    13.4359    93    92     7.7091
   94  1.0579e+10    13.4415    94    93     7.7885
   95  1.0542e+10    13.4518    95    94     7.8680
   96  9.4589e+09    13.7662    96    95     7.9475
   97  9.3957e+09    13.7858    97    96     8.0269
   98  9.3842e+09    13.7894    98    97     8.1064
   99  9.2901e+09    13.8190    99    98     8.1858
  100  9.2188e+09    13.8416   100    99     8.2653
