#indx Mass S step-number desc_indx 
    0  1.0000e+13     2.0577     0    -1     0.0134
    1  9.8660e+12     2.0675     1     0     0.1326
    2  6.5923e+12     2.3785     2     1     0.2441
    3  6.4976e+12     2.3903     3     2     0.3500
    4  6.3350e+12     2.4110     4     3     0.4519
    5  4.5794e+12     2.6886     5     4     0.5506
    6  1.1085e+12     4.1885     6     5     0.6467
    7  9.3414e+11     4.4039     7     6     0.7407
    8  9.1805e+11     4.4263     8     7     0.8330
    9  7.4381e+11     4.7033     9     8     0.9238
   10  5.3379e+11     5.1654    10     9     1.0134
   11  5.3245e+11     5.1691    11    10     1.1018
   12  5.1608e+11     5.2142    12    11     1.1894
   13  5.0734e+11     5.2390    13    12     1.2761
   14  4.9847e+11     5.2648    14    13     1.3621
   15  4.8789e+11     5.2962    15    14     1.4474
   16  4.8407e+11     5.3077    16    15     1.5322
   17  4.7826e+11     5.3255    17    16     1.6165
   18  4.1987e+11     5.5199    18    17     1.7003
   19  4.1925e+11     5.5222    19    18     1.7838
   20  3.7711e+11     5.6841    20    19     1.8669
   21  3.7459e+11     5.6945    21    20     1.9496
   22  3.6946e+11     5.7159    22    21     2.0321
   23  3.6175e+11     5.7486    23    22     2.1143
   24  3.5261e+11     5.7886    24    23     2.1963
   25  3.3259e+11     5.8807    25    24     2.2781
   26  3.2151e+11     5.9345    26    25     2.3597
   27  3.2004e+11     5.9418    27    26     2.4411
   28  3.1195e+11     5.9828    28    27     2.5223
   29  3.0894e+11     5.9984    29    28     2.6034
   30  3.0142e+11     6.0381    30    29     2.6844
   31  2.8567e+11     6.1252    31    30     2.7652
   32  2.8331e+11     6.1387    32    31     2.8459
   33  2.8173e+11     6.1479    33    32     2.9266
   34  2.7627e+11     6.1800    34    33     3.0071
   35  2.5328e+11     6.3238    35    34     3.0876
   36  2.5175e+11     6.3340    36    35     3.1680
   37  2.4908e+11     6.3518    37    36     3.2483
   38  2.4597e+11     6.3729    38    37     3.3285
   39  2.4552e+11     6.3759    39    38     3.4087
   40  2.4389e+11     6.3871    40    39     3.4889
   41  2.3713e+11     6.4346    41    40     3.5689
   42  2.3550e+11     6.4463    42    41     3.6490
   43  2.1682e+11     6.5873    43    42     3.7290
   44  2.1473e+11     6.6039    44    43     3.8089
   45  1.8825e+11     6.8336    45    44     3.8889
   46  1.8572e+11     6.8576    46    45     3.9688
   47  1.6818e+11     7.0349    47    46     4.0486
   48  1.6590e+11     7.0596    48    47     4.1285
   49  1.5591e+11     7.1726    49    48     4.2083
   50  1.5281e+11     7.2094    50    49     4.2881
   51  1.4621e+11     7.2908    51    50     4.3678
   52  1.4514e+11     7.3044    52    51     4.4476
   53  1.4470e+11     7.3101    53    52     4.5273
   54  1.3730e+11     7.4079    54    53     4.6070
   55  1.3538e+11     7.4343    55    54     4.6867
   56  1.3449e+11     7.4467    56    55     4.7664
   57  1.3434e+11     7.4488    57    56     4.8460
   58  1.3338e+11     7.4624    58    57     4.9257
   59  9.3390e+10     8.1557    59    58     5.0053
   60  9.3196e+10     8.1598    60    59     5.0849
   61  9.3162e+10     8.1606    61    60     5.1646
   62  9.1556e+10     8.1956    62    61     5.2442
   63  9.0989e+10     8.2081    63    62     5.3238
   64  8.9284e+10     8.2463    64    63     5.4033
   65  8.1434e+10     8.4341    65    64     5.4829
   66  8.1340e+10     8.4365    66    65     5.5625
   67  7.2631e+10     8.6719    67    66     5.6421
   68  6.8925e+10     8.7824    68    67     5.7216
   69  4.5209e+10     9.7090    69    68     5.8012
   70  3.4947e+10    10.3082    70    69     5.8807
   71  3.4861e+10    10.3140    71    70     5.9602
   72  3.4721e+10    10.3237    72    71     6.0398
   73  3.4106e+10    10.3663    73    72     6.1193
   74  3.3274e+10    10.4253    74    73     6.1988
   75  3.2491e+10    10.4825    75    74     6.2783
   76  3.1100e+10    10.5882    76    75     6.3579
   77  2.9616e+10    10.7072    77    76     6.4374
   78  2.9405e+10    10.7246    78    77     6.5169
   79  2.9355e+10    10.7288    79    78     6.5964
   80  2.8971e+10    10.7611    80    79     6.6759
   81  2.8944e+10    10.7633    81    80     6.7554
   82  2.8934e+10    10.7642    82    81     6.8349
   83  2.8773e+10    10.7779    83    82     6.9143
   84  2.7841e+10    10.8589    84    83     6.9938
   85  2.7429e+10    10.8958    85    84     7.0733
   86  2.6166e+10    11.0129    86    85     7.1528
   87  2.4105e+10    11.2188    87    86     7.2323
   88  2.4080e+10    11.2214    88    87     7.3117
   89  2.4076e+10    11.2219    89    88     7.3912
   90  2.4063e+10    11.2232    90    89     7.4707
   91  2.3888e+10    11.2417    91    90     7.5502
   92  2.3385e+10    11.2956    92    91     7.6296
   93  2.3094e+10    11.3275    93    92     7.7091
   94  2.1702e+10    11.4865    94    93     7.7885
   95  2.1679e+10    11.4891    95    94     7.8680
   96  2.1285e+10    11.5364    96    95     7.9475
   97  2.1192e+10    11.5477    97    96     8.0269
   98  1.9947e+10    11.7046    98    97     8.1064
   99  1.3864e+10    12.6799    99    98     8.1858
  100  1.2246e+10    13.0255   100    99     8.2653
