#indx Mass S step-number desc_indx 
    0  1.0000e+13     2.0577     0    -1     0.0134
    1  9.7389e+12     2.0770     1     0     0.1326
    2  8.4779e+12     2.1807     2     1     0.2441
    3  7.3421e+12     2.2922     3     2     0.3500
    4  6.1398e+12     2.4368     4     3     0.4519
    5  5.1004e+12     2.5939     5     4     0.5506
    6  4.9465e+12     2.6206     6     5     0.6467
    7  4.9113e+12     2.6268     7     6     0.7407
    8  4.6867e+12     2.6680     8     7     0.8330
    9  4.6658e+12     2.6720     9     8     0.9238
   10  4.2760e+12     2.7501    10     9     1.0134
   11  4.1009e+12     2.7882    11    10     1.1018
   12  4.0745e+12     2.7941    12    11     1.1894
   13  3.9528e+12     2.8220    13    12     1.2761
   14  3.5056e+12     2.9344    14    13     1.3621
   15  2.4757e+12     3.2790    15    14     1.4474
   16  2.4243e+12     3.3007    16    15     1.5322
   17  2.4211e+12     3.3020    17    16     1.6165
   18  2.2332e+12     3.3866    18    17     1.7003
   19  2.2112e+12     3.3971    19    18     1.7838
   20  2.0525e+12     3.4767    20    19     1.8669
   21  1.9451e+12     3.5349    21    20     1.9496
   22  1.9179e+12     3.5503    22    21     2.0321
   23  1.4373e+12     3.8764    23    22     2.1143
   24  1.2831e+12     4.0106    24    23     2.1963
   25  1.2597e+12     4.0327    25    24     2.2781
   26  1.2487e+12     4.0432    26    25     2.3597
   27  1.1922e+12     4.0992    27    26     2.4411
   28  9.6452e+11     4.3630    28    27     2.5223
   29  9.5538e+11     4.3752    29    28     2.6034
   30  9.3531e+11     4.4023    30    29     2.6844
   31  8.6670e+11     4.5008    31    30     2.7652
   32  8.5006e+11     4.5261    32    31     2.8459
   33  7.9778e+11     4.6097    33    32     2.9266
   34  7.9474e+11     4.6148    34    33     3.0071
   35  7.7451e+11     4.6491    35    34     3.0876
   36  6.9273e+11     4.7997    36    35     3.1680
   37  5.9850e+11     5.0025    37    36     3.2483
   38  5.9308e+11     5.0153    38    37     3.3285
   39  5.6596e+11     5.0816    39    38     3.4087
   40  5.5431e+11     5.1113    40    39     3.4889
   41  5.4801e+11     5.1277    41    40     3.5689
   42  5.3126e+11     5.1723    42    41     3.6490
   43  5.1573e+11     5.2152    43    42     3.7290
   44  5.1490e+11     5.2175    44    43     3.8089
   45  5.0778e+11     5.2378    45    44     3.8889
   46  4.9908e+11     5.2630    46    45     3.9688
   47  4.9135e+11     5.2858    47    46     4.0486
   48  4.6841e+11     5.3562    48    47     4.1285
   49  4.5760e+11     5.3909    49    48     4.2083
   50  4.5750e+11     5.3912    50    49     4.2881
   51  4.4669e+11     5.4268    51    50     4.3678
   52  4.4571e+11     5.4301    52    51     4.4476
   53  3.9493e+11     5.6131    53    52     4.5273
   54  3.8020e+11     5.6715    54    53     4.6070
   55  3.7632e+11     5.6873    55    54     4.6867
   56  3.5472e+11     5.7793    56    55     4.7664
   57  3.5054e+11     5.7979    57    56     4.8460
   58  3.4847e+11     5.8071    58    57     4.9257
   59  3.4486e+11     5.8235    59    58     5.0053
   60  3.2911e+11     5.8974    60    59     5.0849
   61  3.1877e+11     5.9482    61    60     5.1646
   62  2.8719e+11     6.1165    62    61     5.2442
   63  2.8569e+11     6.1250    63    62     5.3238
   64  2.8201e+11     6.1462    64    63     5.4033
   65  2.8095e+11     6.1524    65    64     5.4829
   66  2.7075e+11     6.2132    66    65     5.5625
   67  2.4282e+11     6.3945    67    66     5.6421
   68  2.4240e+11     6.3975    68    67     5.7216
   69  2.3492e+11     6.4504    69    68     5.8012
   70  2.0993e+11     6.6430    70    69     5.8807
   71  1.9894e+11     6.7366    71    70     5.9602
   72  1.9679e+11     6.7555    72    71     6.0398
   73  1.9348e+11     6.7853    73    72     6.1193
   74  1.9186e+11     6.8002    74    73     6.1988
   75  1.9145e+11     6.8039    75    74     6.2783
   76  1.8715e+11     6.8440    76    75     6.3579
   77  1.8491e+11     6.8653    77    76     6.4374
   78  1.7973e+11     6.9158    78    77     6.5169
   79  1.7747e+11     6.9384    79    78     6.5964
   80  1.7744e+11     6.9387    80    79     6.6759
   81  1.7540e+11     6.9594    81    80     6.7554
   82  1.7454e+11     6.9682    82    81     6.8349
   83  1.7421e+11     6.9715    83    82     6.9143
   84  1.4938e+11     7.2512    84    83     6.9938
   85  1.4895e+11     7.2565    85    84     7.0733
   86  1.4527e+11     7.3027    86    85     7.1528
   87  5.8851e+10     9.1217    87    86     7.2323
   88  5.8329e+10     9.1411    88    87     7.3117
   89  5.8058e+10     9.1513    89    88     7.3912
   90  5.7315e+10     9.1794    90    89     7.4707
   91  5.4447e+10     9.2922    91    90     7.5502
   92  5.4380e+10     9.2949    92    91     7.6296
   93  4.7792e+10     9.5831    93    92     7.7091
   94  4.7710e+10     9.5869    94    93     7.7885
   95  4.7267e+10     9.6080    95    94     7.8680
   96  4.7166e+10     9.6128    96    95     7.9475
   97  4.6395e+10     9.6502    97    96     8.0269
   98  4.6019e+10     9.6686    98    97     8.1064
   99  4.5419e+10     9.6985    99    98     8.1858
  100  4.4892e+10     9.7251   100    99     8.2653
