#indx Mass S step-number desc_indx 
    0  1.0000e+13     2.0577     0    -1     0.0134
    1  9.9147e+12     2.0639     1     0     0.1326
    2  9.4808e+12     2.0968     2     1     0.2441
    3  8.9248e+12     2.1418     3     2     0.3500
    4  8.6821e+12     2.1626     4     3     0.4519
    5  7.9060e+12     2.2343     5     4     0.5506
    6  6.1397e+12     2.4369     6     5     0.6467
    7  5.9609e+12     2.4614     7     6     0.7407
    8  5.8349e+12     2.4793     8     7     0.8330
    9  5.6039e+12     2.5133     9     8     0.9238
   10  4.9279e+12     2.6239    10     9     1.0134
   11  4.7773e+12     2.6511    11    10     1.1018
   12  4.3515e+12     2.7343    12    11     1.1894
   13  4.1247e+12     2.7829    13    12     1.2761
   14  1.9350e+12     3.5406    14    13     1.3621
   15  1.8794e+12     3.5725    15    14     1.4474
   16  1.8265e+12     3.6040    16    15     1.5322
   17  1.6919e+12     3.6895    17    16     1.6165
   18  1.6858e+12     3.6935    18    17     1.7003
   19  1.6828e+12     3.6955    19    18     1.7838
   20  1.6764e+12     3.6998    20    19     1.8669
   21  1.5042e+12     3.8236    21    20     1.9496
   22  1.2149e+12     4.0764    22    21     2.0321
   23  1.1512e+12     4.1420    23    22     2.1143
   24  1.1468e+12     4.1466    24    23     2.1963
   25  7.1906e+11     4.7490    25    24     2.2781
   26  7.1447e+11     4.7576    26    25     2.3597
   27  6.0089e+11     4.9969    27    26     2.4411
   28  5.9868e+11     5.0020    28    27     2.5223
   29  5.7990e+11     5.0470    29    28     2.6034
   30  5.7726e+11     5.0535    30    29     2.6844
   31  5.6542e+11     5.0830    31    30     2.7652
   32  5.6433e+11     5.0857    32    31     2.8459
   33  5.5975e+11     5.0973    33    32     2.9266
   34  5.2669e+11     5.1848    34    33     3.0071
   35  4.1093e+11     5.5525    35    34     3.0876
   36  4.0770e+11     5.5645    36    35     3.1680
   37  4.0201e+11     5.5859    37    36     3.2483
   38  3.9930e+11     5.5963    38    37     3.3285
   39  3.9601e+11     5.6089    39    38     3.4087
   40  3.9383e+11     5.6174    40    39     3.4889
   41  2.8515e+11     6.1282    41    40     3.5689
   42  2.8392e+11     6.1352    42    41     3.6490
   43  2.8276e+11     6.1419    43    42     3.7290
   44  2.8066e+11     6.1541    44    43     3.8089
   45  2.7416e+11     6.1925    45    44     3.8889
   46  2.6049e+11     6.2771    46    45     3.9688
   47  2.5730e+11     6.2976    47    46     4.0486
   48  2.5587e+11     6.3069    48    47     4.1285
   49  2.5538e+11     6.3101    49    48     4.2083
   50  2.1241e+11     6.6227    50    49     4.2881
   51  2.1179e+11     6.6278    51    50     4.3678
   52  2.0180e+11     6.7116    52    51     4.4476
   53  1.9956e+11     6.7311    53    52     4.5273
   54  1.8590e+11     6.8559    54    53     4.6070
   55  1.6969e+11     7.0188    55    54     4.6867
   56  1.6613e+11     7.0571    56    55     4.7664
   57  1.6186e+11     7.1043    57    56     4.8460
   58  1.6081e+11     7.1162    58    57     4.9257
   59  1.5899e+11     7.1368    59    58     5.0053
   60  1.5860e+11     7.1414    60    59     5.0849
   61  1.5816e+11     7.1464    61    60     5.1646
   62  1.5600e+11     7.1715    62    61     5.2442
   63  1.5526e+11     7.1803    63    62     5.3238
   64  1.5479e+11     7.1857    64    63     5.4033
   65  1.3569e+11     7.4300    65    64     5.4829
   66  1.3520e+11     7.4368    66    65     5.5625
   67  1.3338e+11     7.4623    67    66     5.6421
   68  1.3074e+11     7.5000    68    67     5.7216
   69  1.2710e+11     7.5536    69    68     5.8012
   70  1.2162e+11     7.6376    70    69     5.8807
   71  1.2052e+11     7.6551    71    70     5.9602
   72  1.1688e+11     7.7140    72    71     6.0398
   73  1.0925e+11     7.8451    73    72     6.1193
   74  1.0881e+11     7.8530    74    73     6.1988
   75  1.0728e+11     7.8807    75    74     6.2783
   76  1.0721e+11     7.8820    76    75     6.3579
   77  1.0170e+11     7.9857    77    76     6.4374
   78  9.7690e+10     8.0656    78    77     6.5169
   79  9.7219e+10     8.0752    79    78     6.5964
   80  9.6308e+10     8.0940    80    79     6.6759
   81  9.5412e+10     8.1127    81    80     6.7554
   82  9.5262e+10     8.1159    82    81     6.8349
   83  8.4892e+10     8.3489    83    82     6.9143
   84  8.4194e+10     8.3658    84    83     6.9938
   85  7.3531e+10     8.6461    85    84     7.0733
   86  7.1558e+10     8.7032    86    85     7.1528
   87  6.9603e+10     8.7616    87    86     7.2323
   88  6.9305e+10     8.7707    88    87     7.3117
   89  6.8485e+10     8.7959    89    88     7.3912
   90  6.6938e+10     8.8445    90    89     7.4707
   91  6.6067e+10     8.8724    91    90     7.5502
   92  6.3419e+10     8.9600    92    91     7.6296
   93  6.3256e+10     8.9655    93    92     7.7091
   94  6.1542e+10     9.0248    94    93     7.7885
   95  6.1257e+10     9.0348    95    94     7.8680
   96  5.7240e+10     9.1823    96    95     7.9475
   97  5.6885e+10     9.1959    97    96     8.0269
   98  5.6622e+10     9.2061    98    97     8.1064
   99  4.4907e+10     9.7243    99    98     8.1858
  100  4.4728e+10     9.7334   100    99     8.2653
