#indx Mass S step-number desc_indx 
    0  1.0000e+13     2.0577     0    -1     0.0134
    1  9.2072e+12     2.1185     1     0     0.1326
    2  7.9674e+12     2.2283     2     1     0.2441
    3  7.5834e+12     2.2668     3     2     0.3500
    4  7.3103e+12     2.2957     4     3     0.4519
    5  7.2553e+12     2.3016     5     4     0.5506
    6  7.0537e+12     2.3241     6     5     0.6467
    7  6.9845e+12     2.3319     7     6     0.7407
    8  6.8737e+12     2.3448     8     7     0.8330
    9  6.3667e+12     2.4070     9     8     0.9238
   10  6.1464e+12     2.4360    10     9     1.0134
   11  5.7725e+12     2.4883    11    10     1.1018
   12  5.7055e+12     2.4981    12    11     1.1894
   13  5.5280e+12     2.5248    13    12     1.2761
   14  3.8491e+12     2.8466    14    13     1.3621
   15  3.7199e+12     2.8784    15    14     1.4474
   16  3.6800e+12     2.8885    16    15     1.5322
   17  3.4985e+12     2.9363    17    16     1.6165
   18  2.9076e+12     3.1162    18    17     1.7003
   19  2.0316e+12     3.4877    19    18     1.7838
   20  1.9847e+12     3.5130    20    19     1.8669
   21  1.8307e+12     3.6015    21    20     1.9496
   22  1.7327e+12     3.6627    22    21     2.0321
   23  1.6781e+12     3.6987    23    22     2.1143
   24  1.6635e+12     3.7085    24    23     2.1963
   25  1.0869e+12     4.2129    25    24     2.2781
   26  1.0838e+12     4.2164    26    25     2.3597
   27  1.0135e+12     4.3003    27    26     2.4411
   28  1.0095e+12     4.3052    28    27     2.5223
   29  9.3148e+11     4.4076    29    28     2.6034
   30  9.0912e+11     4.4389    30    29     2.6844
   31  8.4680e+11     4.5311    31    30     2.7652
   32  8.3664e+11     4.5470    32    31     2.8459
   33  7.7292e+11     4.6518    33    32     2.9266
   34  7.6784e+11     4.6606    34    33     3.0071
   35  7.6445e+11     4.6665    35    34     3.0876
   36  6.4813e+11     4.8912    36    35     3.1680
   37  6.3564e+11     4.9182    37    36     3.2483
   38  6.2793e+11     4.9352    38    37     3.3285
   39  6.1986e+11     4.9533    39    38     3.4087
   40  5.9822e+11     5.0031    40    39     3.4889
   41  5.7959e+11     5.0478    41    40     3.5689
   42  5.6954e+11     5.0726    42    41     3.6490
   43  5.5155e+11     5.1184    43    42     3.7290
   44  5.4953e+11     5.1237    44    43     3.8089
   45  5.4737e+11     5.1293    45    44     3.8889
   46  5.3437e+11     5.1639    46    45     3.9688
   47  5.2884e+11     5.1789    47    46     4.0486
   48  5.0841e+11     5.2360    48    47     4.1285
   49  4.9804e+11     5.2660    49    48     4.2083
   50  4.8288e+11     5.3114    50    49     4.2881
   51  4.8113e+11     5.3167    51    50     4.3678
   52  4.7881e+11     5.3238    52    51     4.4476
   53  4.6324e+11     5.3727    53    52     4.5273
   54  4.0874e+11     5.5606    54    53     4.6070
   55  4.0833e+11     5.5622    55    54     4.6867
   56  3.9618e+11     5.6083    56    55     4.7664
   57  3.8240e+11     5.6626    57    56     4.8460
   58  3.3820e+11     5.8542    58    57     4.9257
   59  3.2844e+11     5.9006    59    58     5.0053
   60  3.0994e+11     5.9932    60    59     5.0849
   61  7.6390e+10     8.5664    61    60     5.1646
   62  7.3697e+10     8.6414    62    61     5.2442
   63  7.3540e+10     8.6458    63    62     5.3238
   64  7.2230e+10     8.6835    64    63     5.4033
   65  7.0959e+10     8.7209    65    64     5.4829
   66  7.0245e+10     8.7422    66    65     5.5625
   67  5.9722e+10     9.0898    67    66     5.6421
   68  5.9517e+10     9.0972    68    67     5.7216
   69  5.8561e+10     9.1325    69    68     5.8012
   70  5.5507e+10     9.2497    70    69     5.8807
   71  5.5360e+10     9.2555    71    70     5.9602
   72  5.2980e+10     9.3526    72    71     6.0398
   73  5.1293e+10     9.4245    73    72     6.1193
   74  4.8404e+10     9.5544    74    73     6.1988
   75  4.6580e+10     9.6411    75    74     6.2783
   76  4.5986e+10     9.6703    76    75     6.3579
   77  4.5431e+10     9.6978    77    76     6.4374
   78  1.3785e+10    12.6956    78    77     6.5169
   79  1.3774e+10    12.6979    79    78     6.5964
   80  1.3567e+10    12.7397    80    79     6.6759
   81  1.3356e+10    12.7831    81    80     6.7554
   82  1.3082e+10    12.8407    82    81     6.8349
   83  1.2722e+10    12.9185    83    82     6.9143
   84  1.2720e+10    12.9190    84    83     6.9938
   85  1.1901e+10    13.1061    85    84     7.0733
   86  1.1727e+10    13.1477    86    85     7.1528
   87  1.1655e+10    13.1650    87    86     7.2323
   88  1.1641e+10    13.1687    88    87     7.3117
   89  1.0681e+10    13.4140    89    88     7.3912
   90  4.0504e+09    16.4104    90    89     7.4707
   91  4.0085e+09    16.4448    91    90     7.5502
   92  4.0049e+09    16.4479    92    91     7.6296
   93  3.9059e+09    16.5311    93    92     7.7091
   94  3.8817e+09    16.5518    94    93     7.7885
   95  3.3410e+09    17.0574    95    94     7.8680
   96  3.2871e+09    17.1129    96    95     7.9475
   97  3.1596e+09    17.2484    97    96     8.0269
   98  3.0485e+09    17.3716    98    97     8.1064
   99  3.0408e+09    17.3803    99    98     8.1858
  100  2.7205e+09    17.7675   100    99     8.2653
