#indx Mass S step-number desc_indx 
    0  1.0000e+13     2.0577     0    -1     0.0134
    1  9.9930e+12     2.0582     1     0     0.1326
    2  9.9481e+12     2.0615     2     1     0.2441
    3  9.0819e+12     2.1287     3     2     0.3500
    4  8.9401e+12     2.1405     4     3     0.4519
    5  8.8192e+12     2.1508     5     4     0.5506
    6  5.2494e+12     2.5691     6     5     0.6467
    7  4.9441e+12     2.6210     7     6     0.7407
    8  4.5785e+12     2.6888     8     7     0.8330
    9  4.5514e+12     2.6940     9     8     0.9238
   10  4.2770e+12     2.7499    10     9     1.0134
   11  4.2292e+12     2.7601    11    10     1.1018
   12  4.1582e+12     2.7755    12    11     1.1894
   13  3.9021e+12     2.8339    13    12     1.2761
   14  3.8592e+12     2.8442    14    13     1.3621
   15  3.8506e+12     2.8462    15    14     1.4474
   16  3.7787e+12     2.8638    16    15     1.5322
   17  3.5768e+12     2.9154    17    16     1.6165
   18  3.4251e+12     2.9566    18    17     1.7003
   19  3.1664e+12     3.0323    19    18     1.7838
   20  3.1485e+12     3.0378    20    19     1.8669
   21  2.6984e+12     3.1910    21    20     1.9496
   22  2.6924e+12     3.1932    22    21     2.0321
   23  2.6638e+12     3.2041    23    22     2.1143
   24  2.6225e+12     3.2199    24    23     2.1963
   25  2.5032e+12     3.2676    25    24     2.2781
   26  2.4594e+12     3.2858    26    25     2.3597
   27  2.4419e+12     3.2932    27    26     2.4411
   28  2.3165e+12     3.3481    28    27     2.5223
   29  1.9330e+12     3.5417    29    28     2.6034
   30  1.9269e+12     3.5452    30    29     2.6844
   31  1.8796e+12     3.5724    31    30     2.7652
   32  1.3926e+12     3.9134    32    31     2.8459
   33  1.3871e+12     3.9181    33    32     2.9266
   34  1.3757e+12     3.9278    34    33     3.0071
   35  1.3614e+12     3.9401    35    34     3.0876
   36  1.3597e+12     3.9416    36    35     3.1680
   37  1.2118e+12     4.0794    37    36     3.2483
   38  1.1744e+12     4.1176    38    37     3.3285
   39  1.1444e+12     4.1492    39    38     3.4087
   40  1.1380e+12     4.1561    40    39     3.4889
   41  1.1013e+12     4.1966    41    40     3.5689
   42  1.0830e+12     4.2173    42    41     3.6490
   43  1.0296e+12     4.2805    43    42     3.7290
   44  8.8178e+11     4.4784    44    43     3.8089
   45  8.6254e+11     4.5071    45    44     3.8889
   46  6.2772e+11     4.9357    46    45     3.9688
   47  6.0424e+11     4.9890    47    46     4.0486
   48  5.9540e+11     5.0098    48    47     4.1285
   49  4.6993e+11     5.3515    49    48     4.2083
   50  4.0051e+11     5.5916    50    49     4.2881
   51  3.9921e+11     5.5966    51    50     4.3678
   52  3.9736e+11     5.6037    52    51     4.4476
   53  3.8814e+11     5.6397    53    52     4.5273
   54  3.7118e+11     5.7086    54    53     4.6070
   55  3.6956e+11     5.7154    55    54     4.6867
   56  3.5635e+11     5.7721    56    55     4.7664
   57  3.5314e+11     5.7863    57    56     4.8460
   58  2.9110e+11     6.0945    58    57     4.9257
   59  2.8754e+11     6.1146    59    58     5.0053
   60  2.8333e+11     6.1386    60    59     5.0849
   61  2.6076e+11     6.2754    61    60     5.1646
   62  2.5895e+11     6.2869    62    61     5.2442
   63  2.5723e+11     6.2980    63    62     5.3238
   64  2.4133e+11     6.4049    64    63     5.4033
   65  1.9951e+11     6.7315    65    64     5.4829
   66  1.9651e+11     6.7580    66    65     5.5625
   67  1.9558e+11     6.7664    67    66     5.6421
   68  1.8169e+11     6.8965    68    67     5.7216
   69  1.7619e+11     6.9513    69    68     5.8012
   70  1.4740e+11     7.2758    70    69     5.8807
   71  1.2564e+11     7.5755    71    70     5.9602
   72  1.2433e+11     7.5956    72    71     6.0398
   73  1.0846e+11     7.8593    73    72     6.1193
   74  9.7079e+10     8.0781    74    73     6.1988
   75  9.6924e+10     8.0813    75    74     6.2783
   76  9.6643e+10     8.0871    76    75     6.3579
   77  9.0207e+10     8.2255    77    76     6.4374
   78  6.4385e+10     8.9276    78    77     6.5169
   79  6.4338e+10     8.9291    79    78     6.5964
   80  6.2919e+10     8.9770    80    79     6.6759
   81  6.2175e+10     9.0027    81    80     6.7554
   82  6.0539e+10     9.0603    82    81     6.8349
   83  5.9034e+10     9.1149    83    82     6.9143
   84  5.8653e+10     9.1290    84    83     6.9938
   85  5.8547e+10     9.1330    85    84     7.0733
   86  5.6540e+10     9.2092    86    85     7.1528
   87  5.6523e+10     9.2099    87    86     7.2323
   88  5.6515e+10     9.2102    88    87     7.3117
   89  5.5457e+10     9.2517    89    88     7.3912
   90  5.0248e+10     9.4705    90    89     7.4707
   91  5.0132e+10     9.4757    91    90     7.5502
   92  5.0107e+10     9.4768    92    91     7.6296
   93  4.7841e+10     9.5808    93    92     7.7091
   94  4.7716e+10     9.5866    94    93     7.7885
   95  4.6741e+10     9.6334    95    94     7.8680
   96  4.6626e+10     9.6389    96    95     7.9475
   97  3.6885e+10    10.1805    97    96     8.0269
   98  3.6405e+10    10.2114    98    97     8.1064
   99  3.6350e+10    10.2150    99    98     8.1858
  100  3.6239e+10    10.2221   100    99     8.2653
