#indx Mass S step-number desc_indx 
    0  1.0000e+13     2.0577     0    -1     0.0134
    1  9.6571e+12     2.0832     1     0     0.1326
    2  9.1462e+12     2.1235     2     1     0.2441
    3  8.8641e+12     2.1469     3     2     0.3500
    4  7.7871e+12     2.2461     4     3     0.4519
    5  7.7521e+12     2.2496     5     4     0.5506
    6  7.6916e+12     2.2557     6     5     0.6467
    7  7.5720e+12     2.2680     7     6     0.7407
    8  7.0421e+12     2.3254     8     7     0.8330
    9  6.9287e+12     2.3384     9     8     0.9238
   10  6.9080e+12     2.3408    10     9     1.0134
   11  6.4178e+12     2.4004    11    10     1.1018
   12  6.0926e+12     2.4432    12    11     1.1894
   13  6.0659e+12     2.4469    13    12     1.2761
   14  6.0418e+12     2.4502    14    13     1.3621
   15  5.9618e+12     2.4613    15    14     1.4474
   16  4.0727e+12     2.7945    16    15     1.5322
   17  3.6568e+12     2.8945    17    16     1.6165
   18  3.4671e+12     2.9449    18    17     1.7003
   19  3.4126e+12     2.9600    19    18     1.7838
   20  3.0965e+12     3.0541    20    19     1.8669
   21  2.8099e+12     3.1503    21    20     1.9496
   22  2.7884e+12     3.1580    22    21     2.0321
   23  2.7494e+12     3.1721    23    22     2.1143
   24  2.7090e+12     3.1871    24    23     2.1963
   25  2.1424e+12     3.4307    25    24     2.2781
   26  2.1259e+12     3.4389    26    25     2.3597
   27  2.1106e+12     3.4467    27    26     2.4411
   28  2.0953e+12     3.4545    28    27     2.5223
   29  2.0696e+12     3.4677    29    28     2.6034
   30  2.0434e+12     3.4814    30    29     2.6844
   31  1.9516e+12     3.5313    31    30     2.7652
   32  1.9409e+12     3.5373    32    31     2.8459
   33  1.7540e+12     3.6490    33    32     2.9266
   34  1.6554e+12     3.7140    34    33     3.0071
   35  1.5059e+12     3.8223    35    34     3.0876
   36  1.4953e+12     3.8304    36    35     3.1680
   37  1.4931e+12     3.8321    37    36     3.2483
   38  1.4558e+12     3.8615    38    37     3.3285
   39  1.3769e+12     3.9267    39    38     3.4087
   40  1.3576e+12     3.9434    40    39     3.4889
   41  1.3520e+12     3.9483    41    40     3.5689
   42  1.3212e+12     3.9757    42    41     3.6490
   43  1.2895e+12     4.0046    43    42     3.7290
   44  1.2861e+12     4.0078    44    43     3.8089
   45  1.2841e+12     4.0097    45    44     3.8889
   46  1.0045e+12     4.3115    46    45     3.9688
   47  9.3955e+11     4.3965    47    46     4.0486
   48  9.3719e+11     4.3998    48    47     4.1285
   49  7.7405e+11     4.6499    49    48     4.2083
   50  7.5649e+11     4.6806    50    49     4.2881
   51  7.4203e+11     4.7065    51    50     4.3678
   52  6.7229e+11     4.8407    52    51     4.4476
   53  5.4381e+11     5.1387    53    52     4.5273
   54  5.3456e+11     5.1633    54    53     4.6070
   55  5.3074e+11     5.1737    55    54     4.6867
   56  4.9807e+11     5.2660    56    55     4.7664
   57  4.3603e+11     5.4630    57    56     4.8460
   58  4.3487e+11     5.4670    58    57     4.9257
   59  4.2119e+11     5.5152    59    58     5.0053
   60  4.0557e+11     5.5725    60    59     5.0849
   61  3.9351e+11     5.6186    61    60     5.1646
   62  3.8923e+11     5.6354    62    61     5.2442
   63  3.8620e+11     5.6474    63    62     5.3238
   64  3.8047e+11     5.6704    64    63     5.4033
   65  2.3969e+11     6.4164    65    64     5.4829
   66  2.1643e+11     6.5904    66    65     5.5625
   67  2.0066e+11     6.7215    67    66     5.6421
   68  1.9988e+11     6.7283    68    67     5.7216
   69  1.9288e+11     6.7908    69    68     5.8012
   70  1.9095e+11     6.8086    70    69     5.8807
   71  1.8848e+11     6.8315    71    70     5.9602
   72  1.8611e+11     6.8539    72    71     6.0398
   73  1.8524e+11     6.8621    73    72     6.1193
   74  1.8514e+11     6.8631    74    73     6.1988
   75  1.7482e+11     6.9653    75    74     6.2783
   76  1.6934e+11     7.0226    76    75     6.3579
   77  1.6849e+11     7.0316    77    76     6.4374
   78  1.0845e+11     7.8593    78    77     6.5169
   79  1.0721e+11     7.8819    79    78     6.5964
   80  1.0429e+11     7.9361    80    79     6.6759
   81  9.9862e+10     8.0219    81    80     6.7554
   82  9.9331e+10     8.0325    82    81     6.8349
   83  9.7183e+10     8.0760    83    82     6.9143
   84  9.0760e+10     8.2132    84    83     6.9938
   85  9.0541e+10     8.2180    85    84     7.0733
   86  9.0409e+10     8.2210    86    85     7.1528
   87  8.8483e+10     8.2646    87    86     7.2323
   88  8.6399e+10     8.3130    88    87     7.3117
   89  8.5497e+10     8.3344    89    88     7.3912
   90  8.5414e+10     8.3364    90    89     7.4707
   91  8.4546e+10     8.3572    91    90     7.5502
   92  7.3236e+10     8.6545    92    91     7.6296
   93  7.2431e+10     8.6777    93    92     7.7091
   94  7.2396e+10     8.6787    94    93     7.7885
   95  7.2286e+10     8.6819    95    94     7.8680
   96  6.5884e+10     8.8783    96    95     7.9475
   97  6.5864e+10     8.8790    97    96     8.0269
   98  6.5771e+10     8.8820    98    97     8.1064
   99  5.7114e+10     9.1871    99    98     8.1858
  100  5.6885e+10     9.1959   100    99     8.2653
