#indx Mass S step-number desc_indx 
    0  1.0000e+13     2.0577     0    -1     0.0134
    1  9.9907e+12     2.0583     1     0     0.1326
    2  9.2234e+12     2.1172     2     1     0.2441
    3  8.8974e+12     2.1441     3     2     0.3500
    4  8.4662e+12     2.1817     4     3     0.4519
    5  7.9572e+12     2.2293     5     4     0.5506
    6  5.8470e+12     2.4775     6     5     0.6467
    7  5.7659e+12     2.4892     7     6     0.7407
    8  5.3365e+12     2.5549     8     7     0.8330
    9  5.3017e+12     2.5605     9     8     0.9238
   10  4.1737e+12     2.7721    10     9     1.0134
   11  3.9814e+12     2.8153    11    10     1.1018
   12  3.9647e+12     2.8192    12    11     1.1894
   13  2.6964e+12     3.1917    13    12     1.2761
   14  2.6623e+12     3.2046    14    13     1.3621
   15  1.8932e+12     3.5645    15    14     1.4474
   16  1.4281e+12     3.8839    16    15     1.5322
   17  1.3879e+12     3.9174    17    16     1.6165
   18  1.3768e+12     3.9269    18    17     1.7003
   19  1.2955e+12     3.9990    19    18     1.7838
   20  1.2715e+12     4.0215    20    19     1.8669
   21  1.2451e+12     4.0466    21    20     1.9496
   22  1.1057e+12     4.1917    22    21     2.0321
   23  9.6115e+11     4.3675    23    22     2.1143
   24  9.4764e+11     4.3856    24    23     2.1963
   25  9.3421e+11     4.4039    25    24     2.2781
   26  8.9518e+11     4.4588    26    25     2.3597
   27  8.9074e+11     4.4653    27    26     2.4411
   28  7.8493e+11     4.6313    28    27     2.5223
   29  7.4684e+11     4.6978    29    28     2.6034
   30  7.4644e+11     4.6985    30    29     2.6844
   31  7.2248e+11     4.7425    31    30     2.7652
   32  7.2191e+11     4.7436    32    31     2.8459
   33  7.0883e+11     4.7684    33    32     2.9266
   34  7.0202e+11     4.7815    34    33     3.0071
   35  6.7646e+11     4.8323    35    34     3.0876
   36  6.6168e+11     4.8626    36    35     3.1680
   37  6.5923e+11     4.8678    37    36     3.2483
   38  6.3803e+11     4.9130    38    37     3.3285
   39  6.2769e+11     4.9357    39    38     3.4087
   40  5.9107e+11     5.0201    40    39     3.4889
   41  5.8502e+11     5.0346    41    40     3.5689
   42  5.6422e+11     5.0860    42    41     3.6490
   43  5.1332e+11     5.2220    43    42     3.7290
   44  4.8192e+11     5.3143    44    43     3.8089
   45  2.0079e+11     6.7203    45    44     3.8889
   46  1.9854e+11     6.7400    46    45     3.9688
   47  1.9569e+11     6.7654    47    46     4.0486
   48  1.9530e+11     6.7689    48    47     4.1285
   49  1.9464e+11     6.7749    49    48     4.2083
   50  1.9183e+11     6.8004    50    49     4.2881
   51  1.8947e+11     6.8222    51    50     4.3678
   52  1.8836e+11     6.8326    52    51     4.4476
   53  1.6848e+11     7.0317    53    52     4.5273
   54  1.5957e+11     7.1302    54    53     4.6070
   55  1.4585e+11     7.2953    55    54     4.6867
   56  1.2515e+11     7.5830    56    55     4.7664
   57  1.2429e+11     7.5961    57    56     4.8460
   58  1.2367e+11     7.6056    58    57     4.9257
   59  1.0171e+11     7.9856    59    58     5.0053
   60  8.9677e+10     8.2374    60    59     5.0849
   61  8.8775e+10     8.2579    61    60     5.1646
   62  8.7504e+10     8.2871    62    61     5.2442
   63  8.2167e+10     8.4157    63    62     5.3238
   64  8.1840e+10     8.4239    64    63     5.4033
   65  8.0029e+10     8.4700    65    64     5.4829
   66  7.8722e+10     8.5040    66    65     5.5625
   67  7.6863e+10     8.5536    67    66     5.6421
   68  7.6416e+10     8.5657    68    67     5.7216
   69  6.9876e+10     8.7534    69    68     5.8012
   70  6.6836e+10     8.8477    70    69     5.8807
   71  6.6456e+10     8.8599    71    70     5.9602
   72  6.5906e+10     8.8776    72    71     6.0398
   73  6.5592e+10     8.8878    73    72     6.1193
   74  6.5235e+10     8.8995    74    73     6.1988
   75  6.5008e+10     8.9069    75    74     6.2783
   76  6.2506e+10     8.9912    76    75     6.3579
   77  5.3885e+10     9.3151    77    76     6.4374
   78  5.3814e+10     9.3180    78    77     6.5169
   79  4.9764e+10     9.4922    79    78     6.5964
   80  4.9648e+10     9.4974    80    79     6.6759
   81  4.4169e+10     9.7621    81    80     6.7554
   82  4.4036e+10     9.7690    82    81     6.8349
   83  3.7607e+10    10.1348    83    82     6.9143
   84  3.3625e+10    10.4002    84    83     6.9938
   85  3.3271e+10    10.4255    85    84     7.0733
   86  3.2464e+10    10.4845    86    85     7.1528
   87  3.2012e+10    10.5183    87    86     7.2323
   88  3.1822e+10    10.5326    88    87     7.3117
   89  3.1300e+10    10.5726    89    88     7.3912
   90  3.1246e+10    10.5769    90    89     7.4707
   91  3.1016e+10    10.5948    91    90     7.5502
   92  2.9982e+10    10.6772    92    91     7.6296
   93  2.9794e+10    10.6925    93    92     7.7091
   94  2.9696e+10    10.7006    94    93     7.7885
   95  2.9677e+10    10.7022    95    94     7.8680
   96  1.5720e+10    12.3368    96    95     7.9475
   97  1.5648e+10    12.3491    97    96     8.0269
   98  1.5639e+10    12.3506    98    97     8.1064
   99  1.5377e+10    12.3965    99    98     8.1858
  100  1.0548e+10    13.4501   100    99     8.2653
