#indx Mass S step-number desc_indx 
    0  1.0000e+13     2.0577     0    -1     0.0134
    1  9.6891e+12     2.0808     1     0     0.1326
    2  8.3763e+12     2.1898     2     1     0.2441
    3  8.2340e+12     2.2030     3     2     0.3500
    4  8.1989e+12     2.2062     4     3     0.4519
    5  8.1586e+12     2.2100     5     4     0.5506
    6  7.6278e+12     2.2622     6     5     0.6467
    7  5.9768e+12     2.4592     7     6     0.7407
    8  5.9650e+12     2.4608     8     7     0.8330
    9  5.8331e+12     2.4795     9     8     0.9238
   10  5.0957e+12     2.5947    10     9     1.0134
   11  4.0367e+12     2.8026    11    10     1.1018
   12  3.8056e+12     2.8572    12    11     1.1894
   13  3.7457e+12     2.8720    13    12     1.2761
   14  3.6896e+12     2.8861    14    13     1.3621
   15  3.4177e+12     2.9586    15    14     1.4474
   16  2.7685e+12     3.1651    16    15     1.5322
   17  2.5508e+12     3.2483    17    16     1.6165
   18  2.5003e+12     3.2688    18    17     1.7003
   19  2.4196e+12     3.3027    19    18     1.7838
   20  2.0846e+12     3.4599    20    19     1.8669
   21  2.0023e+12     3.5034    21    20     1.9496
   22  1.8527e+12     3.5883    22    21     2.0321
   23  1.7840e+12     3.6301    23    22     2.1143
   24  1.7428e+12     3.6562    24    23     2.1963
   25  1.7102e+12     3.6773    25    24     2.2781
   26  1.6539e+12     3.7151    26    25     2.3597
   27  1.6475e+12     3.7195    27    26     2.4411
   28  1.5911e+12     3.7591    28    27     2.5223
   29  1.3526e+12     3.9478    29    28     2.6034
   30  1.3466e+12     3.9531    30    29     2.6844
   31  1.1070e+12     4.1902    31    30     2.7652
   32  1.0886e+12     4.2109    32    31     2.8459
   33  9.9226e+11     4.3270    33    32     2.9266
   34  9.2614e+11     4.4150    34    33     3.0071
   35  6.5276e+11     4.8814    35    34     3.0876
   36  6.4037e+11     4.9079    36    35     3.1680
   37  6.3750e+11     4.9142    37    36     3.2483
   38  6.0941e+11     4.9771    38    37     3.3285
   39  6.0577e+11     4.9855    39    38     3.4087
   40  5.7739e+11     5.0532    40    39     3.4889
   41  5.7048e+11     5.0703    41    40     3.5689
   42  5.5289e+11     5.1149    42    41     3.6490
   43  4.1998e+11     5.5195    43    42     3.7290
   44  4.0425e+11     5.5775    44    43     3.8089
   45  4.0382e+11     5.5791    45    44     3.8889
   46  3.9649e+11     5.6071    46    45     3.9688
   47  3.8328e+11     5.6591    47    46     4.0486
   48  3.5496e+11     5.7782    48    47     4.1285
   49  2.5934e+11     6.2844    49    48     4.2083
   50  8.3965e+10     8.3713    50    49     4.2881
   51  8.3925e+10     8.3723    51    50     4.3678
   52  8.3361e+10     8.3861    52    51     4.4476
   53  7.6584e+10     8.5612    53    52     4.5273
   54  7.6269e+10     8.5697    54    53     4.6070
   55  7.5895e+10     8.5800    55    54     4.6867
   56  7.5436e+10     8.5926    56    55     4.7664
   57  7.4876e+10     8.6082    57    56     4.8460
   58  7.2405e+10     8.6784    58    57     4.9257
   59  6.5996e+10     8.8747    59    58     5.0053
   60  6.5670e+10     8.8852    60    59     5.0849
   61  6.5484e+10     8.8913    61    60     5.1646
   62  6.5364e+10     8.8952    62    61     5.2442
   63  6.2018e+10     9.0081    63    62     5.3238
   64  6.0267e+10     9.0701    64    63     5.4033
   65  5.8629e+10     9.1299    65    64     5.4829
   66  5.8046e+10     9.1517    66    65     5.5625
   67  5.6413e+10     9.2142    67    66     5.6421
   68  5.5772e+10     9.2392    68    67     5.7216
   69  5.4022e+10     9.3095    69    68     5.8012
   70  5.3620e+10     9.3260    70    69     5.8807
   71  5.2672e+10     9.3655    71    70     5.9602
   72  5.1898e+10     9.3984    72    71     6.0398
   73  4.7049e+10     9.6185    73    72     6.1193
   74  4.4976e+10     9.7208    74    73     6.1988
   75  4.3890e+10     9.7766    75    74     6.2783
   76  4.1499e+10     9.9054    76    75     6.3579
   77  4.1434e+10     9.9091    77    76     6.4374
   78  4.0929e+10     9.9375    78    77     6.5169
   79  4.0771e+10     9.9464    79    78     6.5964
   80  4.0654e+10     9.9530    80    79     6.6759
   81  4.0556e+10     9.9587    81    80     6.7554
   82  4.0474e+10     9.9633    82    81     6.8349
   83  3.7969e+10    10.1124    83    82     6.9143
   84  3.7953e+10    10.1133    84    83     6.9938
   85  3.4026e+10    10.3719    85    84     7.0733
   86  3.2860e+10    10.4554    86    85     7.1528
   87  3.1849e+10    10.5306    87    86     7.2323
   88  3.1488e+10    10.5582    88    87     7.3117
   89  3.1080e+10    10.5898    89    88     7.3912
   90  3.0844e+10    10.6082    90    89     7.4707
   91  3.0418e+10    10.6421    91    90     7.5502
   92  2.8687e+10    10.7852    92    91     7.6296
   93  2.0794e+10    11.5967    93    92     7.7091
   94  1.9468e+10    11.7681    94    93     7.7885
   95  1.8946e+10    11.8392    95    94     7.8680
   96  1.5884e+10    12.3086    96    95     7.9475
   97  1.5805e+10    12.3222    97    96     8.0269
   98  1.5220e+10    12.4243    98    97     8.1064
   99  1.5058e+10    12.4536    99    98     8.1858
  100  1.4738e+10    12.5120   100    99     8.2653
