#indx Mass S step-number desc_indx 
    0  1.0000e+13     2.0577     0    -1     0.0134
    1  9.0625e+12     2.1303     1     0     0.1326
    2  8.2433e+12     2.2021     2     1     0.2441
    3  8.1602e+12     2.2099     3     2     0.3500
    4  7.4415e+12     2.2816     4     3     0.4519
    5  7.1309e+12     2.3154     5     4     0.5506
    6  6.6951e+12     2.3660     6     5     0.6467
    7  6.5652e+12     2.3819     7     6     0.7407
    8  6.4819e+12     2.3923     8     7     0.8330
    9  6.3455e+12     2.4097     9     8     0.9238
   10  5.6024e+12     2.5135    10     9     1.0134
   11  5.5120e+12     2.5273    11    10     1.1018
   12  5.4816e+12     2.5320    12    11     1.1894
   13  5.1684e+12     2.5825    13    12     1.2761
   14  4.6042e+12     2.6838    14    13     1.3621
   15  2.9472e+12     3.1027    15    14     1.4474
   16  2.8026e+12     3.1529    16    15     1.5322
   17  2.7874e+12     3.1583    17    16     1.6165
   18  2.7679e+12     3.1654    18    17     1.7003
   19  2.6780e+12     3.1987    19    18     1.7838
   20  2.6144e+12     3.2231    20    19     1.8669
   21  2.5839e+12     3.2351    21    20     1.9496
   22  2.5535e+12     3.2472    22    21     2.0321
   23  2.4767e+12     3.2786    23    22     2.1143
   24  1.4907e+12     3.8340    24    23     2.1963
   25  1.4278e+12     3.8842    25    24     2.2781
   26  1.3972e+12     3.9095    26    25     2.3597
   27  1.3291e+12     3.9685    27    26     2.4411
   28  1.3232e+12     3.9739    28    27     2.5223
   29  1.3174e+12     3.9790    29    28     2.6034
   30  1.3094e+12     3.9863    30    29     2.6844
   31  1.2853e+12     4.0085    31    30     2.7652
   32  1.2768e+12     4.0165    32    31     2.8459
   33  1.2752e+12     4.0180    33    32     2.9266
   34  1.2306e+12     4.0608    34    33     3.0071
   35  1.0262e+12     4.2846    35    34     3.0876
   36  1.0169e+12     4.2961    36    35     3.1680
   37  9.0810e+11     4.4403    37    36     3.2483
   38  8.7950e+11     4.4817    38    37     3.3285
   39  8.6919e+11     4.4971    39    38     3.4087
   40  8.6086e+11     4.5096    40    39     3.4889
   41  8.5209e+11     4.5230    41    40     3.5689
   42  7.7046e+11     4.6561    42    41     3.6490
   43  7.5931e+11     4.6756    43    42     3.7290
   44  7.0218e+11     4.7812    44    43     3.8089
   45  6.7376e+11     4.8377    45    44     3.8889
   46  6.7134e+11     4.8427    46    45     3.9688
   47  6.2252e+11     4.9473    47    46     4.0486
   48  6.1078e+11     4.9739    48    47     4.1285
   49  5.7219e+11     5.0660    49    48     4.2083
   50  5.6606e+11     5.0813    50    49     4.2881
   51  5.6360e+11     5.0876    51    50     4.3678
   52  5.6014e+11     5.0963    52    51     4.4476
   53  4.6664e+11     5.3618    53    52     4.5273
   54  4.6482e+11     5.3676    54    53     4.6070
   55  4.6427e+11     5.3694    55    54     4.6867
   56  4.4969e+11     5.4168    56    55     4.7664
   57  4.1598e+11     5.5340    57    56     4.8460
   58  4.0573e+11     5.5719    58    57     4.9257
   59  3.9678e+11     5.6060    59    58     5.0053
   60  3.8423e+11     5.6553    60    59     5.0849
   61  3.5782e+11     5.7657    61    60     5.1646
   62  3.4864e+11     5.8064    62    61     5.2442
   63  3.3635e+11     5.8629    63    62     5.3238
   64  3.3512e+11     5.8687    64    63     5.4033
   65  3.3302e+11     5.8786    65    64     5.4829
   66  3.2903e+11     5.8977    66    65     5.5625
   67  2.9626e+11     6.0660    67    66     5.6421
   68  2.9503e+11     6.0727    68    67     5.7216
   69  2.8634e+11     6.1214    69    68     5.8012
   70  2.8584e+11     6.1242    70    69     5.8807
   71  2.7583e+11     6.1826    71    70     5.9602
   72  2.7166e+11     6.2076    72    71     6.0398
   73  2.6392e+11     6.2554    73    72     6.1193
   74  2.6112e+11     6.2731    74    73     6.1988
   75  2.3665e+11     6.4380    75    74     6.2783
   76  2.3529e+11     6.4477    76    75     6.3579
   77  2.2342e+11     6.5359    77    76     6.4374
   78  1.9655e+11     6.7578    78    77     6.5169
   79  1.9384e+11     6.7821    79    78     6.5964
   80  1.0738e+11     7.8789    80    79     6.6759
   81  1.0703e+11     7.8852    81    80     6.7554
   82  1.0613e+11     7.9018    82    81     6.8349
   83  1.0512e+11     7.9205    83    82     6.9143
   84  1.0502e+11     7.9224    84    83     6.9938
   85  8.2593e+10     8.4051    85    84     7.0733
   86  7.5000e+10     8.6047    86    85     7.1528
   87  5.8819e+10     9.1229    87    86     7.2323
   88  5.8742e+10     9.1258    88    87     7.3117
   89  5.8670e+10     9.1284    89    88     7.3912
   90  5.3099e+10     9.3476    90    89     7.4707
   91  4.9172e+10     9.5190    91    90     7.5502
   92  4.8308e+10     9.5589    92    91     7.6296
   93  4.6897e+10     9.6258    93    92     7.7091
   94  4.6177e+10     9.6609    94    93     7.7885
   95  4.4478e+10     9.7462    95    94     7.8680
   96  4.3834e+10     9.7795    96    95     7.9475
   97  4.3344e+10     9.8053    97    96     8.0269
   98  4.3211e+10     9.8124    98    97     8.1064
   99  4.2725e+10     9.8383    99    98     8.1858
  100  4.2335e+10     9.8594   100    99     8.2653
