#indx Mass S step-number desc_indx 
    0  1.0000e+13     2.0577     0    -1     0.0134
    1  9.9470e+12     2.0615     1     0     0.1326
    2  9.0659e+12     2.1301     2     1     0.2441
    3  8.8819e+12     2.1454     3     2     0.3500
    4  6.9427e+12     2.3367     4     3     0.4519
    5  5.2011e+12     2.5770     5     4     0.5506
    6  5.0779e+12     2.5977     6     5     0.6467
    7  4.1323e+12     2.7812     7     6     0.7407
    8  3.8072e+12     2.8568     8     7     0.8330
    9  3.5494e+12     2.9226     9     8     0.9238
   10  2.9450e+12     3.1035    10     9     1.0134
   11  2.7149e+12     3.1848    11    10     1.1018
   12  2.6722e+12     3.2009    12    11     1.1894
   13  2.1632e+12     3.4204    13    12     1.2761
   14  2.1096e+12     3.4472    14    13     1.3621
   15  2.0557e+12     3.4750    15    14     1.4474
   16  2.0390e+12     3.4838    16    15     1.5322
   17  2.0121e+12     3.4981    17    16     1.6165
   18  1.9457e+12     3.5346    18    17     1.7003
   19  1.9133e+12     3.5529    19    18     1.7838
   20  1.9082e+12     3.5558    20    19     1.8669
   21  1.8973e+12     3.5621    21    20     1.9496
   22  1.8963e+12     3.5627    22    21     2.0321
   23  1.8901e+12     3.5663    23    22     2.1143
   24  1.8393e+12     3.5963    24    23     2.1963
   25  1.7828e+12     3.6309    25    24     2.2781
   26  1.5761e+12     3.7699    26    25     2.3597
   27  1.4882e+12     3.8360    27    26     2.4411
   28  1.4626e+12     3.8561    28    27     2.5223
   29  1.4210e+12     3.8898    29    28     2.6034
   30  1.1921e+12     4.0994    30    29     2.6844
   31  1.1851e+12     4.1065    31    30     2.7652
   32  1.1551e+12     4.1378    32    31     2.8459
   33  1.1439e+12     4.1497    33    32     2.9266
   34  6.9152e+11     4.8021    34    33     3.0071
   35  6.7155e+11     4.8422    35    34     3.0876
   36  6.6044e+11     4.8652    36    35     3.1680
   37  6.2702e+11     4.9372    37    36     3.2483
   38  5.4214e+11     5.1431    38    37     3.3285
   39  5.3990e+11     5.1490    39    38     3.4087
   40  5.2965e+11     5.1767    40    39     3.4889
   41  5.0052e+11     5.2588    41    40     3.5689
   42  4.9423e+11     5.2773    42    41     3.6490
   43  2.9983e+11     6.0466    43    42     3.7290
   44  2.9952e+11     6.0483    44    43     3.8089
   45  2.9493e+11     6.0733    45    44     3.8889
   46  2.9320e+11     6.0828    46    45     3.9688
   47  2.9260e+11     6.0862    47    46     4.0486
   48  2.8815e+11     6.1111    48    47     4.1285
   49  2.8445e+11     6.1322    49    48     4.2083
   50  2.8229e+11     6.1446    50    49     4.2881
   51  2.8154e+11     6.1490    51    50     4.3678
   52  2.8144e+11     6.1496    52    51     4.4476
   53  2.7259e+11     6.2020    53    52     4.5273
   54  2.6796e+11     6.2303    54    53     4.6070
   55  2.6619e+11     6.2412    55    54     4.6867
   56  2.6167e+11     6.2696    56    55     4.7664
   57  2.5616e+11     6.3050    57    56     4.8460
   58  2.3721e+11     6.4340    58    57     4.9257
   59  2.3022e+11     6.4847    59    58     5.0053
   60  2.2857e+11     6.4970    60    59     5.0849
   61  1.3597e+11     7.4261    61    60     5.1646
   62  1.3518e+11     7.4371    62    61     5.2442
   63  1.3095e+11     7.4970    63    62     5.3238
   64  1.3029e+11     7.5066    64    63     5.4033
   65  1.2902e+11     7.5251    65    64     5.4829
   66  1.2843e+11     7.5338    66    65     5.5625
   67  1.2776e+11     7.5437    67    66     5.6421
   68  1.1690e+11     7.7137    68    67     5.7216
   69  1.1577e+11     7.7325    69    68     5.8012
   70  1.1179e+11     7.8003    70    69     5.8807
   71  1.0091e+11     8.0012    71    70     5.9602
   72  9.9509e+10     8.0289    72    71     6.0398
   73  9.8016e+10     8.0590    73    72     6.1193
   74  9.3259e+10     8.1585    74    73     6.1988
   75  9.2547e+10     8.1739    75    74     6.2783
   76  7.4507e+10     8.6185    76    75     6.3579
   77  7.3927e+10     8.6348    77    76     6.4374
   78  6.2888e+10     8.9781    78    77     6.5169
   79  5.8466e+10     9.1360    79    78     6.5964
   80  5.8162e+10     9.1474    80    79     6.6759
   81  5.5614e+10     9.2455    81    80     6.7554
   82  5.5484e+10     9.2506    82    81     6.8349
   83  5.5089e+10     9.2664    83    82     6.9143
   84  5.5061e+10     9.2675    84    83     6.9938
   85  5.4401e+10     9.2941    85    84     7.0733
   86  4.7563e+10     9.5939    86    85     7.1528
   87  4.7531e+10     9.5954    87    86     7.2323
   88  4.7138e+10     9.6142    88    87     7.3117
   89  4.6936e+10     9.6239    89    88     7.3912
   90  4.5924e+10     9.6733    90    89     7.4707
   91  3.9708e+10    10.0077    91    90     7.5502
   92  3.6837e+10    10.1835    92    91     7.6296
   93  3.6392e+10    10.2122    93    92     7.7091
   94  3.6130e+10    10.2293    94    93     7.7885
   95  3.3284e+10    10.4246    95    94     7.8680
   96  4.4211e+09    16.1219    96    95     7.9475
   97  4.3295e+09    16.1906    97    96     8.0269
   98  4.2985e+09    16.2142    98    97     8.1064
   99  1.3274e+09    20.4116    99    98     8.1858
  100  1.3051e+09    20.4773   100    99     8.2653
