#indx Mass S step-number desc_indx 
    0  1.0000e+13     2.0577     0    -1     0.0134
    1  9.7561e+12     2.0757     1     0     0.1326
    2  9.6878e+12     2.0809     2     1     0.2441
    3  8.8152e+12     2.1511     3     2     0.3500
    4  8.1260e+12     2.2131     4     3     0.4519
    5  7.5989e+12     2.2652     5     4     0.5506
    6  6.1093e+12     2.4410     6     5     0.6467
    7  5.9921e+12     2.4570     7     6     0.7407
    8  5.7061e+12     2.4980     8     7     0.8330
    9  5.6322e+12     2.5090     9     8     0.9238
   10  5.5465e+12     2.5220    10     9     1.0134
   11  5.4884e+12     2.5309    11    10     1.1018
   12  5.3140e+12     2.5585    12    11     1.1894
   13  3.4716e+12     2.9437    13    12     1.2761
   14  3.4609e+12     2.9466    14    13     1.3621
   15  3.4038e+12     2.9625    15    14     1.4474
   16  3.2423e+12     3.0093    16    15     1.5322
   17  3.1740e+12     3.0299    17    16     1.6165
   18  2.9482e+12     3.1024    18    17     1.7003
   19  2.9157e+12     3.1134    19    18     1.7838
   20  2.8705e+12     3.1289    20    19     1.8669
   21  2.8281e+12     3.1438    21    20     1.9496
   22  2.5352e+12     3.2545    22    21     2.0321
   23  2.2984e+12     3.3563    23    22     2.1143
   24  2.0130e+12     3.4976    24    23     2.1963
   25  1.7375e+12     3.6596    25    24     2.2781
   26  1.7023e+12     3.6825    26    25     2.3597
   27  1.5989e+12     3.7535    27    26     2.4411
   28  1.4156e+12     3.8942    28    27     2.5223
   29  1.3688e+12     3.9338    29    28     2.6034
   30  1.3617e+12     3.9398    30    29     2.6844
   31  1.3416e+12     3.9575    31    30     2.7652
   32  1.2141e+12     4.0771    32    31     2.8459
   33  1.1943e+12     4.0971    33    32     2.9266
   34  1.0001e+12     4.3171    34    33     3.0071
   35  9.8495e+11     4.3364    35    34     3.0876
   36  9.7442e+11     4.3501    36    35     3.1680
   37  9.6231e+11     4.3660    37    36     3.2483
   38  6.0166e+11     4.9951    38    37     3.3285
   39  5.3834e+11     5.1532    39    38     3.4087
   40  5.2382e+11     5.1926    40    39     3.4889
   41  5.1111e+11     5.2283    41    40     3.5689
   42  5.0742e+11     5.2388    42    41     3.6490
   43  4.9056e+11     5.2882    43    42     3.7290
   44  4.8872e+11     5.2937    44    43     3.8089
   45  3.8863e+11     5.6378    45    44     3.8889
   46  3.7863e+11     5.6779    46    45     3.9688
   47  3.7492e+11     5.6931    47    46     4.0486
   48  3.6902e+11     5.7177    48    47     4.1285
   49  3.6707e+11     5.7259    49    48     4.2083
   50  3.3716e+11     5.8591    50    49     4.2881
   51  3.2910e+11     5.8974    51    50     4.3678
   52  3.2808e+11     5.9023    52    51     4.4476
   53  3.1900e+11     5.9470    53    52     4.5273
   54  3.1185e+11     5.9833    54    53     4.6070
   55  3.0360e+11     6.0264    55    54     4.6867
   56  2.8449e+11     6.1319    56    55     4.7664
   57  2.6103e+11     6.2737    57    56     4.8460
   58  2.5748e+11     6.2964    58    57     4.9257
   59  2.5298e+11     6.3258    59    58     5.0053
   60  2.4900e+11     6.3523    60    59     5.0849
   61  2.4177e+11     6.4019    61    60     5.1646
   62  2.3185e+11     6.4727    62    61     5.2442
   63  2.3016e+11     6.4852    63    62     5.3238
   64  2.2530e+11     6.5215    64    63     5.4033
   65  2.1068e+11     6.6368    65    64     5.4829
   66  1.9714e+11     6.7525    66    65     5.5625
   67  1.7251e+11     6.9892    67    66     5.6421
   68  1.6505e+11     7.0689    68    67     5.7216
   69  1.5107e+11     7.2304    69    68     5.8012
   70  3.9756e+10    10.0050    70    69     5.8807
   71  3.9491e+10    10.0205    71    70     5.9602
   72  3.6481e+10    10.2065    72    71     6.0398
   73  3.5105e+10    10.2975    73    72     6.1193
   74  3.4919e+10    10.3101    74    73     6.1988
   75  3.4501e+10    10.3388    75    74     6.2783
   76  3.4210e+10    10.3590    76    75     6.3579
   77  3.3851e+10    10.3842    77    76     6.4374
   78  3.3678e+10    10.3964    78    77     6.5169
   79  3.1793e+10    10.5349    79    78     6.5964
   80  3.1575e+10    10.5515    80    79     6.6759
   81  3.1481e+10    10.5587    81    80     6.7554
   82  2.8939e+10    10.7638    82    81     6.8349
   83  2.8728e+10    10.7817    83    82     6.9143
   84  2.8452e+10    10.8055    84    83     6.9938
   85  2.8334e+10    10.8157    85    84     7.0733
   86  2.7287e+10    10.9086    86    85     7.1528
   87  2.2950e+10    11.3433    87    86     7.2323
   88  2.2920e+10    11.3467    88    87     7.3117
   89  2.2027e+10    11.4482    89    88     7.3912
   90  2.0782e+10    11.5981    90    89     7.4707
   91  2.0692e+10    11.6093    91    90     7.5502
   92  2.0568e+10    11.6249    92    91     7.6296
   93  1.7453e+10    12.0563    93    92     7.7091
   94  1.7172e+10    12.0994    94    93     7.7885
   95  1.6793e+10    12.1590    95    94     7.8680
   96  1.6352e+10    12.2304    96    95     7.9475
   97  1.3850e+10    12.6826    97    96     8.0269
   98  1.3739e+10    12.7048    98    97     8.1064
   99  1.3610e+10    12.7311    99    98     8.1858
  100  1.3161e+10    12.8240   100    99     8.2653
