#indx Mass S step-number desc_indx 
    0  1.0000e+13     2.0577     0    -1     0.0134
    1  9.0163e+12     2.1342     1     0     0.1326
    2  8.7122e+12     2.1600     2     1     0.2441
    3  8.4244e+12     2.1855     3     2     0.3500
    4  7.1926e+12     2.3085     4     3     0.4519
    5  6.2559e+12     2.4214     5     4     0.5506
    6  6.0197e+12     2.4532     6     5     0.6467
    7  5.9602e+12     2.4615     7     6     0.7407
    8  5.3863e+12     2.5470     8     7     0.8330
    9  5.3004e+12     2.5607     9     8     0.9238
   10  4.5338e+12     2.6975    10     9     1.0134
   11  4.4210e+12     2.7201    11    10     1.1018
   12  3.8343e+12     2.8502    12    11     1.1894
   13  3.7802e+12     2.8634    13    12     1.2761
   14  3.5169e+12     2.9314    14    13     1.3621
   15  3.4727e+12     2.9434    15    14     1.4474
   16  3.4331e+12     2.9543    16    15     1.5322
   17  3.3394e+12     2.9808    17    16     1.6165
   18  1.9543e+12     3.5298    18    17     1.7003
   19  1.9445e+12     3.5352    19    18     1.7838
   20  1.6731e+12     3.7020    20    19     1.8669
   21  1.5218e+12     3.8101    21    20     1.9496
   22  1.4869e+12     3.8370    22    21     2.0321
   23  1.4177e+12     3.8925    23    22     2.1143
   24  1.4122e+12     3.8970    24    23     2.1963
   25  1.3254e+12     3.9719    25    24     2.2781
   26  1.0163e+12     4.2968    26    25     2.3597
   27  1.0144e+12     4.2992    27    26     2.4411
   28  9.7906e+11     4.3440    28    27     2.5223
   29  9.6801e+11     4.3585    29    28     2.6034
   30  9.6253e+11     4.3657    30    29     2.6844
   31  9.4486e+11     4.3893    31    30     2.7652
   32  9.1953e+11     4.4242    32    31     2.8459
   33  8.4830e+11     4.5288    33    32     2.9266
   34  8.4771e+11     4.5297    34    33     3.0071
   35  8.1053e+11     4.5887    35    34     3.0876
   36  7.1449e+11     4.7576    36    35     3.1680
   37  7.0083e+11     4.7838    37    36     3.2483
   38  6.9337e+11     4.7984    38    37     3.3285
   39  6.5426e+11     4.8782    39    38     3.4087
   40  4.0524e+11     5.5737    40    39     3.4889
   41  4.0048e+11     5.5918    41    40     3.5689
   42  3.9673e+11     5.6062    42    41     3.6490
   43  3.9660e+11     5.6066    43    42     3.7290
   44  3.8892e+11     5.6366    44    43     3.8089
   45  3.8388e+11     5.6567    45    44     3.8889
   46  3.7981e+11     5.6731    46    45     3.9688
   47  1.0211e+11     7.9779    47    46     4.0486
   48  8.5299e+10     8.3391    48    47     4.1285
   49  8.4918e+10     8.3483    49    48     4.2083
   50  8.4843e+10     8.3501    50    49     4.2881
   51  8.4678e+10     8.3540    51    50     4.3678
   52  8.3956e+10     8.3716    52    51     4.4476
   53  8.3184e+10     8.3905    53    52     4.5273
   54  8.0566e+10     8.4562    54    53     4.6070
   55  7.1952e+10     8.6916    55    54     4.6867
   56  6.8456e+10     8.7968    56    55     4.7664
   57  6.8242e+10     8.8035    57    56     4.8460
   58  5.9594e+10     9.0944    58    57     4.9257
   59  5.8995e+10     9.1164    59    58     5.0053
   60  3.5018e+10    10.3034    60    59     5.0849
   61  3.4629e+10    10.3300    61    60     5.1646
   62  3.4528e+10    10.3369    62    61     5.2442
   63  3.4427e+10    10.3439    63    62     5.3238
   64  3.3573e+10    10.4039    64    63     5.4033
   65  3.3489e+10    10.4099    65    64     5.4829
   66  3.3281e+10    10.4248    66    65     5.5625
   67  3.2699e+10    10.4672    67    66     5.6421
   68  3.2563e+10    10.4772    68    67     5.7216
   69  3.1907e+10    10.5262    69    68     5.8012
   70  3.1513e+10    10.5562    70    69     5.8807
   71  2.4075e+10    11.2219    71    70     5.9602
   72  2.3924e+10    11.2379    72    71     6.0398
   73  2.3255e+10    11.3098    73    72     6.1193
   74  2.3109e+10    11.3258    74    73     6.1988
   75  2.3089e+10    11.3280    75    74     6.2783
   76  2.2276e+10    11.4195    76    75     6.3579
   77  2.1860e+10    11.4678    77    76     6.4374
   78  1.2270e+10    13.0199    78    77     6.5169
   79  1.2001e+10    13.0824    79    78     6.5964
   80  9.5464e+09    13.7393    80    79     6.6759
   81  9.4973e+09    13.7544    81    80     6.7554
   82  9.4135e+09    13.7803    82    81     6.8349
   83  9.2024e+09    13.8468    83    82     6.9143
   84  9.1205e+09    13.8731    84    83     6.9938
   85  8.9149e+09    13.9402    85    84     7.0733
   86  8.1372e+09    14.2115    86    85     7.1528
   87  7.7390e+09    14.3622    87    86     7.2323
   88  7.3533e+09    14.5169    88    87     7.3117
   89  7.2438e+09    14.5626    89    88     7.3912
   90  7.1988e+09    14.5815    90    89     7.4707
   91  7.0792e+09    14.6327    91    90     7.5502
   92  7.0656e+09    14.6385    92    91     7.6296
   93  7.0007e+09    14.6668    93    92     7.7091
   94  6.4852e+09    14.9022    94    93     7.7885
   95  6.4804e+09    14.9045    95    94     7.8680
   96  6.2982e+09    14.9929    96    95     7.9475
   97  6.2668e+09    15.0085    97    96     8.0269
   98  6.1681e+09    15.0579    98    97     8.1064
   99  5.9006e+09    15.1966    99    98     8.1858
  100  5.2806e+09    15.5479   100    99     8.2653
