#indx Mass S step-number desc_indx 
    0  1.0000e+13     2.0577     0    -1     0.0134
    1  9.0012e+12     2.1354     1     0     0.1326
    2  8.9065e+12     2.1434     2     1     0.2441
    3  7.3927e+12     2.2868     3     2     0.3500
    4  5.7790e+12     2.4873     4     3     0.4519
    5  5.6742e+12     2.5027     5     4     0.5506
    6  5.5762e+12     2.5175     6     5     0.6467
    7  5.4005e+12     2.5447     7     6     0.7407
    8  5.1881e+12     2.5792     8     7     0.8330
    9  5.0836e+12     2.5968     9     8     0.9238
   10  4.8060e+12     2.6458    10     9     1.0134
   11  4.5345e+12     2.6974    11    10     1.1018
   12  4.4418e+12     2.7158    12    11     1.1894
   13  3.0540e+12     3.0676    13    12     1.2761
   14  2.9962e+12     3.0865    14    13     1.3621
   15  2.9855e+12     3.0900    15    14     1.4474
   16  2.0254e+12     3.4910    16    15     1.5322
   17  1.9946e+12     3.5076    17    16     1.6165
   18  1.9751e+12     3.5183    18    17     1.7003
   19  1.9249e+12     3.5463    19    18     1.7838
   20  1.9080e+12     3.5560    20    19     1.8669
   21  1.8747e+12     3.5753    21    20     1.9496
   22  1.8577e+12     3.5853    22    21     2.0321
   23  6.5682e+11     4.8728    23    22     2.1143
   24  6.5603e+11     4.8745    24    23     2.1963
   25  6.4913e+11     4.8891    25    24     2.2781
   26  6.4574e+11     4.8963    26    25     2.3597
   27  6.4501e+11     4.8979    27    26     2.4411
   28  4.3619e+11     5.4624    28    27     2.5223
   29  4.2726e+11     5.4936    29    28     2.6034
   30  4.2518e+11     5.5009    30    29     2.6844
   31  3.7974e+11     5.6734    31    30     2.7652
   32  3.4215e+11     5.8359    32    31     2.8459
   33  3.3641e+11     5.8626    33    32     2.9266
   34  3.1509e+11     5.9667    34    33     3.0071
   35  3.1355e+11     5.9746    35    34     3.0876
   36  2.9160e+11     6.0917    36    35     3.1680
   37  2.8825e+11     6.1105    37    36     3.2483
   38  2.8656e+11     6.1201    38    37     3.3285
   39  2.2534e+11     6.5212    39    38     3.4087
   40  2.2365e+11     6.5341    40    39     3.4889
   41  2.1688e+11     6.5869    41    40     3.5689
   42  2.0632e+11     6.6731    42    41     3.6490
   43  2.0553e+11     6.6798    43    42     3.7290
   44  2.0442e+11     6.6892    44    43     3.8089
   45  1.6092e+11     7.1149    45    44     3.8889
   46  3.6360e+10    10.2143    46    45     3.9688
   47  3.6204e+10    10.2244    47    46     4.0486
   48  3.3738e+10    10.3921    48    47     4.1285
   49  2.9144e+10    10.7465    49    48     4.2083
   50  2.9067e+10    10.7530    50    49     4.2881
   51  2.8484e+10    10.8027    51    50     4.3678
   52  2.8371e+10    10.8125    52    51     4.4476
   53  1.8743e+09    19.1082    53    52     4.5273
   54  1.7558e+09    19.3503    54    53     4.6070
   55  1.6706e+09    19.5361    55    54     4.6867
   56  1.6651e+09    19.5485    56    55     4.7664
   57  1.6598e+09    19.5604    57    56     4.8460
   58  1.6467e+09    19.5901    58    57     4.9257
   59  1.6412e+09    19.6027    59    58     5.0053
   60  1.5541e+09    19.8084    60    59     5.0849
   61  1.5492e+09    19.8203    61    60     5.1646
   62  1.3916e+09    20.2295    62    61     5.2442
   63  1.3771e+09    20.2698    63    62     5.3238
   64  1.3757e+09    20.2737    64    63     5.4033
   65  1.3536e+09    20.3361    65    64     5.4829
   66  1.3356e+09    20.3878    66    65     5.5625
   67  1.3068e+09    20.4723    67    66     5.6421
   68  1.2935e+09    20.5119    68    67     5.7216
   69  7.7655e+08    22.5591    69    68     5.8012
   70  7.7640e+08    22.5599    70    69     5.8807
   71  7.7615e+08    22.5612    71    70     5.9602
   72  7.4974e+08    22.7051    72    71     6.0398
   73  7.4878e+08    22.7104    73    72     6.1193
   74  7.0836e+08    22.9424    74    73     6.1988
   75  6.4103e+08    23.3641    75    74     6.2783
   76  6.4075e+08    23.3660    76    75     6.3579
   77  6.0650e+08    23.6002    77    76     6.4374
   78  6.0108e+08    23.6386    78    77     6.5169
   79  5.8723e+08    23.7386    79    78     6.5964
   80  5.8425e+08    23.7605    80    79     6.6759
   81  4.5598e+08    24.8428    81    80     6.7554
   82  4.5458e+08    24.8565    82    81     6.8349
   83  4.5453e+08    24.8570    83    82     6.9143
   84  4.5377e+08    24.8644    84    83     6.9938
   85  4.3475e+08    25.0548    85    84     7.0733
   86  4.3107e+08    25.0927    86    85     7.1528
   87  4.3095e+08    25.0940    87    86     7.2323
   88  1.5935e+08    29.8130    88    87     7.3117
   89  1.5912e+08    29.8201    89    88     7.3912
   90  1.5660e+08    29.9004    90    89     7.4707
   91  1.5592e+08    29.9225    91    90     7.5502
   92  1.5527e+08    29.9436    92    91     7.6296
   93  1.3243e+08    30.7528    93    92     7.7091
   94  1.3163e+08    30.7838    94    93     7.7885
   95  1.3153e+08    30.7878    95    94     7.8680
   96  1.2963e+08    30.8629    96    95     7.9475
   97  1.2691e+08    30.9718    97    96     8.0269
   98  1.2563e+08    31.0243    98    97     8.1064
   99  1.2561e+08    31.0249    99    98     8.1858
  100  1.1368e+08    31.5432   100    99     8.2653
