#indx Mass S step-number desc_indx 
    0  1.0000e+13     2.0577     0    -1     0.0134
    1  9.6493e+12     2.0838     1     0     0.1326
    2  8.6755e+12     2.1632     2     1     0.2441
    3  8.2894e+12     2.1978     3     2     0.3500
    4  8.2282e+12     2.2035     4     3     0.4519
    5  8.1065e+12     2.2150     5     4     0.5506
    6  7.1685e+12     2.3112     6     5     0.6467
    7  6.2195e+12     2.4262     7     6     0.7407
    8  5.9103e+12     2.4685     8     7     0.8330
    9  5.8490e+12     2.4772     9     8     0.9238
   10  5.5887e+12     2.5156    10     9     1.0134
   11  5.4021e+12     2.5445    11    10     1.1018
   12  5.2860e+12     2.5631    12    11     1.1894
   13  5.2628e+12     2.5668    13    12     1.2761
   14  4.8901e+12     2.6306    14    13     1.3621
   15  4.8615e+12     2.6358    15    14     1.4474
   16  4.8445e+12     2.6388    16    15     1.5322
   17  4.4411e+12     2.7160    17    16     1.6165
   18  4.4287e+12     2.7185    18    17     1.7003
   19  3.9747e+12     2.8169    19    18     1.7838
   20  3.7979e+12     2.8590    20    19     1.8669
   21  3.6603e+12     2.8936    21    20     1.9496
   22  3.6187e+12     2.9043    22    21     2.0321
   23  3.4010e+12     2.9633    23    22     2.1143
   24  3.0734e+12     3.0614    24    23     2.1963
   25  2.9036e+12     3.1175    25    24     2.2781
   26  2.2718e+12     3.3686    26    25     2.3597
   27  2.2224e+12     3.3917    27    26     2.4411
   28  2.1729e+12     3.4156    28    27     2.5223
   29  2.1682e+12     3.4180    29    28     2.6034
   30  2.1557e+12     3.4241    30    29     2.6844
   31  1.6790e+12     3.6980    31    30     2.7652
   32  1.6233e+12     3.7362    32    31     2.8459
   33  1.5597e+12     3.7819    33    32     2.9266
   34  1.4525e+12     3.8641    34    33     3.0071
   35  1.4005e+12     3.9068    35    34     3.0876
   36  1.3837e+12     3.9209    36    35     3.1680
   37  1.3071e+12     3.9884    37    36     3.2483
   38  1.2808e+12     4.0127    38    37     3.3285
   39  1.0322e+12     4.2773    39    38     3.4087
   40  9.9272e+11     4.3265    40    39     3.4889
   41  9.6327e+11     4.3647    41    40     3.5689
   42  9.5254e+11     4.3790    42    41     3.6490
   43  9.2413e+11     4.4178    43    42     3.7290
   44  7.0826e+11     4.7695    44    43     3.8089
   45  7.0421e+11     4.7773    45    44     3.8889
   46  6.8844e+11     4.8082    46    45     3.9688
   47  6.4984e+11     4.8876    47    46     4.0486
   48  6.3563e+11     4.9183    48    47     4.1285
   49  6.2282e+11     4.9466    49    48     4.2083
   50  6.1461e+11     4.9652    50    49     4.2881
   51  5.3545e+11     5.1610    51    50     4.3678
   52  5.3275e+11     5.1683    52    51     4.4476
   53  5.3177e+11     5.1709    53    52     4.5273
   54  5.2974e+11     5.1764    54    53     4.6070
   55  5.2209e+11     5.1975    55    54     4.6867
   56  5.1937e+11     5.2050    56    55     4.7664
   57  4.8778e+11     5.2965    57    56     4.8460
   58  4.7874e+11     5.3240    58    57     4.9257
   59  3.7610e+11     5.6883    59    58     5.0053
   60  3.7307e+11     5.7008    60    59     5.0849
   61  2.6140e+11     6.2713    61    60     5.1646
   62  2.4579e+11     6.3741    62    61     5.2442
   63  2.3592e+11     6.4432    63    62     5.3238
   64  2.3470e+11     6.4520    64    63     5.4033
   65  2.3263e+11     6.4670    65    64     5.4829
   66  2.3076e+11     6.4808    66    65     5.5625
   67  2.2518e+11     6.5225    67    66     5.6421
   68  1.8838e+11     6.8324    68    67     5.7216
   69  1.8690e+11     6.8464    69    68     5.8012
   70  1.7892e+11     6.9238    70    69     5.8807
   71  1.7635e+11     6.9497    71    70     5.9602
   72  1.7447e+11     6.9689    72    71     6.0398
   73  1.6040e+11     7.1208    73    72     6.1193
   74  1.5959e+11     7.1300    74    73     6.1988
   75  1.4704e+11     7.2803    75    74     6.2783
   76  1.4624e+11     7.2905    76    75     6.3579
   77  1.3179e+11     7.4849    77    76     6.4374
   78  1.3166e+11     7.4868    78    77     6.5169
   79  1.3021e+11     7.5077    79    78     6.5964
   80  1.2744e+11     7.5484    80    79     6.6759
   81  1.1669e+11     7.7172    81    80     6.7554
   82  1.0385e+11     7.9444    82    81     6.8349
   83  1.0215e+11     7.9771    83    82     6.9143
   84  1.0095e+11     8.0005    84    83     6.9938
   85  1.0061e+11     8.0072    85    84     7.0733
   86  9.4870e+10     8.1241    86    85     7.1528
   87  9.3294e+10     8.1577    87    86     7.2323
   88  9.2461e+10     8.1757    88    87     7.3117
   89  9.1705e+10     8.1923    89    88     7.3912
   90  8.7729e+10     8.2819    90    89     7.4707
   91  8.5904e+10     8.3247    91    90     7.5502
   92  8.5401e+10     8.3367    92    91     7.6296
   93  7.7241e+10     8.5434    93    92     7.7091
   94  7.5197e+10     8.5992    94    93     7.7885
   95  7.1647e+10     8.7006    95    94     7.8680
   96  7.1358e+10     8.7091    96    95     7.9475
   97  7.0610e+10     8.7313    97    96     8.0269
   98  6.0506e+10     9.0615    98    97     8.1064
   99  5.9972e+10     9.0807    99    98     8.1858
  100  4.2265e+10     9.8632   100    99     8.2653
