#indx Mass S step-number desc_indx 
    0  1.0000e+13     2.0577     0    -1     0.0134
    1  8.4192e+12     2.1859     1     0     0.1326
    2  7.5429e+12     2.2710     2     1     0.2441
    3  6.4548e+12     2.3957     3     2     0.3500
    4  6.2474e+12     2.4225     4     3     0.4519
    5  6.1907e+12     2.4300     5     4     0.5506
    6  5.9740e+12     2.4596     6     5     0.6467
    7  5.6691e+12     2.5035     7     6     0.7407
    8  5.5543e+12     2.5208     8     7     0.8330
    9  8.7949e+11     4.4817     9     8     0.9238
   10  8.6737e+11     4.4998    10     9     1.0134
   11  7.3901e+11     4.7120    11    10     1.1018
   12  6.3825e+11     4.9125    12    11     1.1894
   13  6.2632e+11     4.9388    13    12     1.2761
   14  5.9708e+11     5.0058    14    13     1.3621
   15  5.9516e+11     5.0103    15    14     1.4474
   16  5.7887e+11     5.0496    16    15     1.5322
   17  5.7708e+11     5.0539    17    16     1.6165
   18  5.7281e+11     5.0645    18    17     1.7003
   19  5.5235e+11     5.1163    19    18     1.7838
   20  5.0766e+11     5.2381    20    19     1.8669
   21  4.9824e+11     5.2654    21    20     1.9496
   22  4.9671e+11     5.2699    22    21     2.0321
   23  4.8542e+11     5.3036    23    22     2.1143
   24  4.8206e+11     5.3139    24    23     2.1963
   25  4.7748e+11     5.3279    25    24     2.2781
   26  4.6437e+11     5.3691    26    25     2.3597
   27  3.7957e+11     5.6741    27    26     2.4411
   28  3.7777e+11     5.6814    28    27     2.5223
   29  3.6841e+11     5.7203    29    28     2.6034
   30  3.0441e+11     6.0221    30    29     2.6844
   31  2.9192e+11     6.0899    31    30     2.7652
   32  2.9146e+11     6.0925    32    31     2.8459
   33  2.8454e+11     6.1316    33    32     2.9266
   34  2.7907e+11     6.1634    34    33     3.0071
   35  2.6431e+11     6.2529    35    34     3.0876
   36  2.6259e+11     6.2638    36    35     3.1680
   37  2.5500e+11     6.3126    37    36     3.2483
   38  1.5492e+11     7.1843    38    37     3.3285
   39  1.3284e+11     7.4700    39    38     3.4087
   40  1.2486e+11     7.5874    40    39     3.4889
   41  1.2480e+11     7.5882    41    40     3.5689
   42  1.2408e+11     7.5993    42    41     3.6490
   43  1.2178e+11     7.6351    43    42     3.7290
   44  1.2091e+11     7.6488    44    43     3.8089
   45  1.2042e+11     7.6567    45    44     3.8889
   46  1.1926e+11     7.6751    46    45     3.9688
   47  1.1903e+11     7.6789    47    46     4.0486
   48  1.1386e+11     7.7646    48    47     4.1285
   49  1.1152e+11     7.8050    49    48     4.2083
   50  1.0984e+11     7.8345    50    49     4.2881
   51  1.0208e+11     7.9785    51    50     4.3678
   52  1.0169e+11     7.9859    52    51     4.4476
   53  7.9176e+10     8.4921    53    52     4.5273
   54  7.4339e+10     8.6232    54    53     4.6070
   55  7.0478e+10     8.7352    55    54     4.6867
   56  6.8813e+10     8.7858    56    55     4.7664
   57  6.8377e+10     8.7993    57    56     4.8460
   58  6.7565e+10     8.8246    58    57     4.9257
   59  6.4997e+10     8.9073    59    58     5.0053
   60  6.2421e+10     8.9941    60    59     5.0849
   61  6.0134e+10     9.0748    61    60     5.1646
   62  5.6987e+10     9.1920    62    61     5.2442
   63  5.5669e+10     9.2433    63    62     5.3238
   64  5.5114e+10     9.2653    64    63     5.4033
   65  5.4768e+10     9.2792    65    64     5.4829
   66  5.0962e+10     9.4390    66    65     5.5625
   67  4.2563e+10     9.8470    67    66     5.6421
   68  4.0185e+10     9.9800    68    67     5.7216
   69  3.9339e+10    10.0295    69    68     5.8012
   70  1.9433e+10    11.7727    70    69     5.8807
   71  1.9073e+10    11.8217    71    70     5.9602
   72  1.8982e+10    11.8343    72    71     6.0398
   73  1.8559e+10    11.8936    73    72     6.1193
   74  1.8469e+10    11.9064    74    73     6.1988
   75  1.8184e+10    11.9474    75    74     6.2783
   76  1.7835e+10    11.9987    76    75     6.3579
   77  1.7819e+10    12.0011    77    76     6.4374
   78  1.7654e+10    12.0257    78    77     6.5169
   79  1.7588e+10    12.0358    79    78     6.5964
   80  1.7511e+10    12.0474    80    79     6.6759
   81  1.7427e+10    12.0601    81    80     6.7554
   82  1.7318e+10    12.0769    82    81     6.8349
   83  1.6949e+10    12.1343    83    82     6.9143
   84  1.6913e+10    12.1400    84    83     6.9938
   85  1.6693e+10    12.1750    85    84     7.0733
   86  1.6601e+10    12.1898    86    85     7.1528
   87  1.6202e+10    12.2552    87    86     7.2323
   88  1.5880e+10    12.3094    88    87     7.3117
   89  1.5753e+10    12.3311    89    88     7.3912
   90  1.5563e+10    12.3639    90    89     7.4707
   91  1.3182e+10    12.8197    91    90     7.5502
   92  1.2285e+10    13.0165    92    91     7.6296
   93  1.1701e+10    13.1541    93    92     7.7091
   94  1.1336e+10    13.2439    94    93     7.7885
   95  1.1175e+10    13.2846    95    94     7.8680
   96  1.0164e+10    13.5571    96    95     7.9475
   97  1.0145e+10    13.5625    97    96     8.0269
   98  1.0118e+10    13.5701    98    97     8.1064
   99  1.0032e+10    13.5949    99    98     8.1858
  100  5.7195e+09    15.2946   100    99     8.2653
