#indx Mass S step-number desc_indx 
    0  1.0000e+13     2.0577     0    -1     0.0134
    1  9.7946e+12     2.0728     1     0     0.1326
    2  6.6142e+12     2.3758     2     1     0.2441
    3  6.4659e+12     2.3943     3     2     0.3500
    4  6.3484e+12     2.4093     4     3     0.4519
    5  5.3275e+12     2.5564     5     4     0.5506
    6  5.2872e+12     2.5629     6     5     0.6467
    7  5.2060e+12     2.5762     7     6     0.7407
    8  4.5973e+12     2.6851     8     7     0.8330
    9  4.3255e+12     2.7397     9     8     0.9238
   10  4.2869e+12     2.7478    10     9     1.0134
   11  4.2037e+12     2.7656    11    10     1.1018
   12  4.0092e+12     2.8089    12    11     1.1894
   13  3.7950e+12     2.8597    13    12     1.2761
   14  3.6879e+12     2.8865    14    13     1.3621
   15  2.9133e+12     3.1142    15    14     1.4474
   16  2.8747e+12     3.1275    16    15     1.5322
   17  2.1426e+12     3.4306    17    16     1.6165
   18  2.1147e+12     3.4446    18    17     1.7003
   19  2.0989e+12     3.4526    19    18     1.7838
   20  1.9958e+12     3.5069    20    19     1.8669
   21  1.4962e+12     3.8297    21    20     1.9496
   22  1.9401e+11     6.7806    22    21     2.0321
   23  1.9134e+11     6.8049    23    22     2.1143
   24  1.8658e+11     6.8494    24    23     2.1963
   25  1.2871e+11     7.5296    25    24     2.2781
   26  1.2614e+11     7.5680    26    25     2.3597
   27  1.1401e+11     7.7622    27    26     2.4411
   28  1.1278e+11     7.7831    28    27     2.5223
   29  1.1134e+11     7.8080    29    28     2.6034
   30  9.8859e+10     8.0420    30    29     2.6844
   31  9.5621e+10     8.1083    31    30     2.7652
   32  9.3250e+10     8.1587    32    31     2.8459
   33  9.2445e+10     8.1761    33    32     2.9266
   34  9.2047e+10     8.1848    34    33     3.0071
   35  9.1589e+10     8.1949    35    34     3.0876
   36  4.3145e+10     9.8159    36    35     3.1680
   37  3.9637e+10    10.0119    37    36     3.2483
   38  3.8835e+10    10.0596    38    37     3.3285
   39  3.8614e+10    10.0729    39    38     3.4087
   40  3.8574e+10    10.0754    40    39     3.4889
   41  3.7907e+10    10.1162    41    40     3.5689
   42  3.7574e+10    10.1369    42    41     3.6490
   43  3.6998e+10    10.1733    43    42     3.7290
   44  3.6988e+10    10.1739    44    43     3.8089
   45  3.6055e+10    10.2342    45    44     3.8889
   46  2.5306e+10    11.0965    46    45     3.9688
   47  2.4806e+10    11.1465    47    46     4.0486
   48  2.4478e+10    11.1800    48    47     4.1285
   49  2.4138e+10    11.2154    49    48     4.2083
   50  2.4044e+10    11.2252    50    49     4.2881
   51  2.3898e+10    11.2406    51    50     4.3678
   52  2.2206e+10    11.4275    52    51     4.4476
   53  2.1550e+10    11.5045    53    52     4.5273
   54  2.1005e+10    11.5705    54    53     4.6070
   55  2.0920e+10    11.5810    55    54     4.6867
   56  1.9839e+10    11.7187    56    55     4.7664
   57  1.9754e+10    11.7299    57    56     4.8460
   58  1.9051e+10    11.8248    58    57     4.9257
   59  1.7689e+10    12.0205    59    58     5.0053
   60  1.7078e+10    12.1141    60    59     5.0849
   61  1.7056e+10    12.1175    61    60     5.1646
   62  1.6671e+10    12.1786    62    61     5.2442
   63  1.6653e+10    12.1815    63    62     5.3238
   64  1.6603e+10    12.1895    64    63     5.4033
   65  1.5159e+10    12.4353    65    64     5.4829
   66  1.4845e+10    12.4922    66    65     5.5625
   67  1.4643e+10    12.5297    67    66     5.6421
   68  1.4484e+10    12.5597    68    67     5.7216
   69  1.3577e+10    12.7378    69    68     5.8012
   70  1.3423e+10    12.7693    70    69     5.8807
   71  1.3206e+10    12.8145    71    70     5.9602
   72  1.2570e+10    12.9523    72    71     6.0398
   73  1.2165e+10    13.0443    73    72     6.1193
   74  1.2137e+10    13.0507    74    73     6.1988
   75  1.2082e+10    13.0634    75    74     6.2783
   76  1.1473e+10    13.2097    76    75     6.3579
   77  1.1182e+10    13.2829    77    76     6.4374
   78  1.1118e+10    13.2992    78    77     6.5169
   79  1.0995e+10    13.3311    79    78     6.5964
   80  1.0895e+10    13.3573    80    79     6.6759
   81  1.0739e+10    13.3984    81    80     6.7554
   82  8.9914e+09    13.9151    82    81     6.8349
   83  8.9376e+09    13.9328    83    82     6.9143
   84  8.6360e+09    14.0343    84    83     6.9938
   85  7.9667e+09    14.2750    85    84     7.0733
   86  7.8257e+09    14.3287    86    85     7.1528
   87  7.7682e+09    14.3509    87    86     7.2323
   88  7.7009e+09    14.3771    88    87     7.3117
   89  6.9689e+09    14.6807    89    88     7.3912
   90  6.5567e+09    14.8683    90    89     7.4707
   91  6.5031e+09    14.8936    91    90     7.5502
   92  6.3554e+09    14.9648    92    91     7.6296
   93  6.3282e+09    14.9782    93    92     7.7091
   94  3.5532e+09    16.8486    94    93     7.7885
   95  3.5527e+09    16.8490    95    94     7.8680
   96  3.5181e+09    16.8822    96    95     7.9475
   97  3.5082e+09    16.8917    97    96     8.0269
   98  3.3642e+09    17.0338    98    97     8.1064
   99  3.2548e+09    17.1467    99    98     8.1858
  100  3.2348e+09    17.1677   100    99     8.2653
