#indx Mass S step-number desc_indx 
    0  1.0000e+13     2.0577     0    -1     0.0134
    1  9.7349e+12     2.0773     1     0     0.1326
    2  9.6081e+12     2.0870     2     1     0.2441
    3  9.4729e+12     2.0974     3     2     0.3500
    4  9.0873e+12     2.1283     4     3     0.4519
    5  8.8721e+12     2.1463     5     4     0.5506
    6  8.5856e+12     2.1711     6     5     0.6467
    7  7.0917e+12     2.3198     7     6     0.7407
    8  6.3471e+12     2.4095     8     7     0.8330
    9  6.2201e+12     2.4261     9     8     0.9238
   10  5.8406e+12     2.4784    10     9     1.0134
   11  5.7437e+12     2.4925    11    10     1.1018
   12  5.1893e+12     2.5790    12    11     1.1894
   13  4.9888e+12     2.6132    13    12     1.2761
   14  4.8476e+12     2.6383    14    13     1.3621
   15  4.6579e+12     2.6735    15    14     1.4474
   16  4.3897e+12     2.7264    16    15     1.5322
   17  4.3848e+12     2.7275    17    16     1.6165
   18  4.0549e+12     2.7985    18    17     1.7003
   19  4.0102e+12     2.8087    19    18     1.7838
   20  3.8608e+12     2.8438    20    19     1.8669
   21  3.1380e+12     3.0411    21    20     1.9496
   22  2.6992e+12     3.1907    22    21     2.0321
   23  2.6824e+12     3.1970    23    22     2.1143
   24  2.6707e+12     3.2014    24    23     2.1963
   25  2.5922e+12     3.2318    25    24     2.2781
   26  2.4351e+12     3.2961    26    25     2.3597
   27  2.2613e+12     3.3734    27    26     2.4411
   28  2.2221e+12     3.3919    28    27     2.5223
   29  2.1803e+12     3.4120    29    28     2.6034
   30  2.1133e+12     3.4453    30    29     2.6844
   31  2.1037e+12     3.4502    31    30     2.7652
   32  1.4706e+12     3.8497    32    31     2.8459
   33  1.3979e+12     3.9089    33    32     2.9266
   34  1.2182e+12     4.0731    34    33     3.0071
   35  1.1606e+12     4.1320    35    34     3.0876
   36  1.1450e+12     4.1486    36    35     3.1680
   37  7.5633e+11     4.6808    37    36     3.2483
   38  7.1924e+11     4.7486    38    37     3.3285
   39  6.8903e+11     4.8070    39    38     3.4087
   40  4.3788e+11     5.4566    40    39     3.4889
   41  4.3282e+11     5.4741    41    40     3.5689
   42  3.9887e+11     5.5979    42    41     3.6490
   43  3.9271e+11     5.6217    43    42     3.7290
   44  3.9097e+11     5.6285    44    43     3.8089
   45  3.7533e+11     5.6914    45    44     3.8889
   46  3.7498e+11     5.6929    46    45     3.9688
   47  3.6926e+11     5.7167    47    46     4.0486
   48  3.3991e+11     5.8463    48    47     4.1285
   49  3.3545e+11     5.8671    49    48     4.2083
   50  3.3261e+11     5.8806    50    49     4.2881
   51  2.8582e+11     6.1243    51    50     4.3678
   52  2.7669e+11     6.1774    52    51     4.4476
   53  2.6879e+11     6.2251    53    52     4.5273
   54  2.6855e+11     6.2266    54    53     4.6070
   55  2.6710e+11     6.2356    55    54     4.6867
   56  2.4796e+11     6.3593    56    55     4.7664
   57  2.4723e+11     6.3643    57    56     4.8460
   58  1.6069e+11     7.1175    58    57     4.9257
   59  1.5748e+11     7.1542    59    58     5.0053
   60  1.5718e+11     7.1578    60    59     5.0849
   61  1.4672e+11     7.2843    61    60     5.1646
   62  1.4651e+11     7.2870    62    61     5.2442
   63  1.2350e+11     7.6083    63    62     5.3238
   64  1.1966e+11     7.6688    64    63     5.4033
   65  1.1771e+11     7.7004    65    64     5.4829
   66  1.1491e+11     7.7468    66    65     5.5625
   67  1.1311e+11     7.7774    67    66     5.6421
   68  1.1043e+11     7.8242    68    67     5.7216
   69  9.2517e+10     8.1745    69    68     5.8012
   70  9.1799e+10     8.1902    70    69     5.8807
   71  9.1351e+10     8.2001    71    70     5.9602
   72  8.9203e+10     8.2482    72    71     6.0398
   73  8.8109e+10     8.2732    73    72     6.1193
   74  8.3457e+10     8.3837    74    73     6.1988
   75  7.5533e+10     8.5899    75    74     6.2783
   76  7.3821e+10     8.6378    76    75     6.3579
   77  1.6442e+10    12.2157    77    76     6.4374
   78  1.5931e+10    12.3008    78    77     6.5169
   79  1.5788e+10    12.3251    79    78     6.5964
   80  1.5603e+10    12.3569    80    79     6.6759
   81  1.5464e+10    12.3812    81    80     6.7554
   82  1.5327e+10    12.4054    82    81     6.8349
   83  1.5170e+10    12.4333    83    82     6.9143
   84  1.5096e+10    12.4466    84    83     6.9938
   85  1.4961e+10    12.4712    85    84     7.0733
   86  1.3231e+10    12.8093    86    85     7.1528
   87  1.3176e+10    12.8210    87    86     7.2323
   88  1.3072e+10    12.8429    88    87     7.3117
   89  7.1026e+09    14.6226    89    88     7.3912
   90  6.4674e+09    14.9107    90    89     7.4707
   91  6.4345e+09    14.9265    91    90     7.5502
   92  5.9947e+09    15.1470    92    91     7.6296
   93  5.9841e+09    15.1525    93    92     7.7091
   94  5.9825e+09    15.1534    94    93     7.7885
   95  5.9789e+09    15.1553    95    94     7.8680
   96  5.9766e+09    15.1565    96    95     7.9475
   97  5.8949e+09    15.1996    97    96     8.0269
   98  5.4611e+09    15.4409    98    97     8.1064
   99  5.3624e+09    15.4989    99    98     8.1858
  100  5.3456e+09    15.5089   100    99     8.2653
