#indx Mass S step-number desc_indx 
    0  1.0000e+13     2.0577     0    -1     0.0134
    1  9.7600e+12     2.0754     1     0     0.1326
    2  9.5559e+12     2.0910     2     1     0.2441
    3  9.4024e+12     2.1029     3     2     0.3500
    4  8.8168e+12     2.1510     4     3     0.4519
    5  8.4520e+12     2.1830     5     4     0.5506
    6  8.3935e+12     2.1883     6     5     0.6467
    7  8.1087e+12     2.2147     7     6     0.7407
    8  6.0062e+12     2.4551     8     7     0.8330
    9  5.8194e+12     2.4815     9     8     0.9238
   10  5.6818e+12     2.5016    10     9     1.0134
   11  5.5784e+12     2.5171    11    10     1.1018
   12  4.9528e+12     2.6195    12    11     1.1894
   13  3.5070e+12     2.9340    13    12     1.2761
   14  3.4831e+12     2.9405    14    13     1.3621
   15  3.1124e+12     3.0491    15    14     1.4474
   16  2.9101e+12     3.1153    16    15     1.5322
   17  2.8974e+12     3.1196    17    16     1.6165
   18  2.1192e+12     3.4423    18    17     1.7003
   19  2.1066e+12     3.4487    19    18     1.7838
   20  1.9527e+12     3.5306    20    19     1.8669
   21  1.9451e+12     3.5349    21    20     1.9496
   22  1.5767e+12     3.7695    22    21     2.0321
   23  1.5702e+12     3.7742    23    22     2.1143
   24  1.5363e+12     3.7992    24    23     2.1963
   25  1.4242e+12     3.8871    25    24     2.2781
   26  1.4207e+12     3.8900    26    25     2.3597
   27  8.8021e+11     4.4807    27    26     2.4411
   28  8.3009e+11     4.5573    28    27     2.5223
   29  8.2587e+11     4.5640    29    28     2.6034
   30  8.0206e+11     4.6026    30    29     2.6844
   31  7.9602e+11     4.6126    31    30     2.7652
   32  7.4708e+11     4.6974    32    31     2.8459
   33  7.4468e+11     4.7017    33    32     2.9266
   34  7.3785e+11     4.7141    34    33     3.0071
   35  7.3417e+11     4.7209    35    34     3.0876
   36  6.8527e+11     4.8145    36    35     3.1680
   37  6.8153e+11     4.8220    37    36     3.2483
   38  6.6273e+11     4.8605    38    37     3.3285
   39  6.3877e+11     4.9114    39    38     3.4087
   40  6.2328e+11     4.9456    40    39     3.4889
   41  5.4156e+11     5.1446    41    40     3.5689
   42  5.2443e+11     5.1910    42    41     3.6490
   43  5.0898e+11     5.2343    43    42     3.7290
   44  4.6986e+11     5.3517    44    43     3.8089
   45  4.6949e+11     5.3528    45    44     3.8889
   46  4.5793e+11     5.3898    46    45     3.9688
   47  4.5676e+11     5.3936    47    46     4.0486
   48  4.2941e+11     5.4860    48    47     4.1285
   49  3.1133e+11     5.9860    49    48     4.2083
   50  3.0774e+11     6.0046    50    49     4.2881
   51  3.0452e+11     6.0216    51    50     4.3678
   52  3.0148e+11     6.0377    52    51     4.4476
   53  2.6763e+11     6.2323    53    52     4.5273
   54  2.6150e+11     6.2707    54    53     4.6070
   55  2.4479e+11     6.3810    55    54     4.6867
   56  2.1976e+11     6.5642    56    55     4.7664
   57  2.1737e+11     6.5830    57    56     4.8460
   58  2.1184e+11     6.6274    58    57     4.9257
   59  2.0295e+11     6.7017    59    58     5.0053
   60  1.9532e+11     6.7687    60    59     5.0849
   61  1.8619e+11     6.8531    61    60     5.1646
   62  1.8525e+11     6.8621    62    61     5.2442
   63  1.7501e+11     6.9633    63    62     5.3238
   64  1.6430e+11     7.0772    64    63     5.4033
   65  1.3840e+11     7.3930    65    64     5.4829
   66  1.3475e+11     7.4431    66    65     5.5625
   67  1.3468e+11     7.4441    67    66     5.6421
   68  1.2533e+11     7.5802    68    67     5.7216
   69  1.2403e+11     7.6001    69    68     5.8012
   70  1.2383e+11     7.6032    70    69     5.8807
   71  1.2136e+11     7.6417    71    70     5.9602
   72  1.1676e+11     7.7160    72    71     6.0398
   73  1.1400e+11     7.7622    73    72     6.1193
   74  1.1013e+11     7.8294    74    73     6.1988
   75  9.6801e+10     8.0839    75    74     6.2783
   76  9.3225e+10     8.1592    76    75     6.3579
   77  9.3140e+10     8.1610    77    76     6.4374
   78  9.1984e+10     8.1862    78    77     6.5169
   79  9.1850e+10     8.1891    79    78     6.5964
   80  8.7891e+10     8.2782    80    79     6.6759
   81  8.7454e+10     8.2883    81    80     6.7554
   82  2.9773e+10    10.6943    82    81     6.8349
   83  2.8300e+10    10.8186    83    82     6.9143
   84  2.8051e+10    10.8404    84    83     6.9938
   85  2.7814e+10    10.8614    85    84     7.0733
   86  2.7536e+10    10.8862    86    85     7.1528
   87  2.1129e+10    11.5554    87    86     7.2323
   88  2.0164e+10    11.6764    88    87     7.3117
   89  2.0041e+10    11.6924    89    88     7.3912
   90  1.7945e+10    11.9824    90    89     7.4707
   91  1.7303e+10    12.0791    91    90     7.5502
   92  1.7290e+10    12.0811    92    91     7.6296
   93  1.7264e+10    12.0852    93    92     7.7091
   94  1.7133e+10    12.1055    94    93     7.7885
   95  1.7067e+10    12.1158    95    94     7.8680
   96  1.6997e+10    12.1268    96    95     7.9475
   97  1.6376e+10    12.2265    97    96     8.0269
   98  1.5546e+10    12.3668    98    97     8.1064
   99  1.5502e+10    12.3745    99    98     8.1858
  100  1.3337e+10    12.7871   100    99     8.2653
