#indx Mass S step-number desc_indx 
    0  1.0000e+13     2.0577     0    -1     0.0134
    1  9.8232e+12     2.0707     1     0     0.1326
    2  9.7883e+12     2.0733     2     1     0.2441
    3  9.6155e+12     2.0864     3     2     0.3500
    4  9.1981e+12     2.1193     4     3     0.4519
    5  8.6781e+12     2.1629     5     4     0.5506
    6  8.5183e+12     2.1770     6     5     0.6467
    7  8.4653e+12     2.1818     7     6     0.7407
    8  8.3348e+12     2.1936     8     7     0.8330
    9  7.9271e+12     2.2322     9     8     0.9238
   10  7.7178e+12     2.2530    10     9     1.0134
   11  7.5702e+12     2.2681    11    10     1.1018
   12  7.2729e+12     2.2997    12    11     1.1894
   13  7.0712e+12     2.3221    13    12     1.2761
   14  6.6507e+12     2.3714    14    13     1.3621
   15  5.4256e+12     2.5408    15    14     1.4474
   16  5.1431e+12     2.5867    16    15     1.5322
   17  4.9639e+12     2.6175    17    16     1.6165
   18  4.9578e+12     2.6186    18    17     1.7003
   19  4.6849e+12     2.6684    19    18     1.7838
   20  4.1019e+12     2.7879    20    19     1.8669
   21  4.0430e+12     2.8012    21    20     1.9496
   22  3.9892e+12     2.8135    22    21     2.0321
   23  3.9435e+12     2.8242    23    22     2.1143
   24  3.7672e+12     2.8666    24    23     2.1963
   25  3.6572e+12     2.8944    25    24     2.2781
   26  2.6097e+12     3.2249    26    25     2.3597
   27  2.6010e+12     3.2283    27    26     2.4411
   28  2.5809e+12     3.2363    28    27     2.5223
   29  2.5488e+12     3.2490    29    28     2.6034
   30  2.5432e+12     3.2513    30    29     2.6844
   31  1.8889e+12     3.5670    31    30     2.7652
   32  1.8472e+12     3.5916    32    31     2.8459
   33  1.8383e+12     3.5969    33    32     2.9266
   34  1.7443e+12     3.6552    34    33     3.0071
   35  1.7071e+12     3.6794    35    34     3.0876
   36  1.6920e+12     3.6894    36    35     3.1680
   37  1.5638e+12     3.7789    37    36     3.2483
   38  1.0849e+12     4.2151    38    37     3.3285
   39  1.0299e+12     4.2801    39    38     3.4087
   40  1.0233e+12     4.2882    40    39     3.4889
   41  1.0149e+12     4.2986    41    40     3.5689
   42  1.0060e+12     4.3097    42    41     3.6490
   43  9.7497e+11     4.3494    43    42     3.7290
   44  8.4466e+11     4.5345    44    43     3.8089
   45  8.3621e+11     4.5476    45    44     3.8889
   46  8.2895e+11     4.5591    46    45     3.9688
   47  8.2178e+11     4.5705    47    46     4.0486
   48  7.7610e+11     4.6463    48    47     4.1285
   49  7.6192e+11     4.6710    49    48     4.2083
   50  7.6135e+11     4.6720    50    49     4.2881
   51  7.1395e+11     4.7586    51    50     4.3678
   52  7.0338e+11     4.7789    52    51     4.4476
   53  6.2339e+11     4.9453    53    52     4.5273
   54  6.1962e+11     4.9538    54    53     4.6070
   55  5.3215e+11     5.1699    55    54     4.6867
   56  5.3007e+11     5.1755    56    55     4.7664
   57  4.9410e+11     5.2776    57    56     4.8460
   58  4.9311e+11     5.2806    58    57     4.9257
   59  4.9179e+11     5.2845    59    58     5.0053
   60  4.8683e+11     5.2994    60    59     5.0849
   61  4.8534e+11     5.3039    61    60     5.1646
   62  4.8491e+11     5.3052    62    61     5.2442
   63  4.8403e+11     5.3078    63    62     5.3238
   64  4.3873e+11     5.4537    64    63     5.4033
   65  4.3150e+11     5.4787    65    64     5.4829
   66  4.1968e+11     5.5206    66    65     5.5625
   67  4.1781e+11     5.5274    67    66     5.6421
   68  4.1031e+11     5.5548    68    67     5.7216
   69  3.9179e+11     5.6253    69    68     5.8012
   70  3.8526e+11     5.6512    70    69     5.8807
   71  3.8445e+11     5.6544    71    70     5.9602
   72  3.8011e+11     5.6719    72    71     6.0398
   73  3.7803e+11     5.6804    73    72     6.1193
   74  3.6823e+11     5.7210    74    73     6.1988
   75  3.5895e+11     5.7608    75    74     6.2783
   76  3.5247e+11     5.7893    76    75     6.3579
   77  3.2897e+11     5.8980    77    76     6.4374
   78  2.4863e+11     6.3548    78    77     6.5169
   79  1.8525e+11     6.8620    79    78     6.5964
   80  1.8271e+11     6.8865    80    79     6.6759
   81  9.7091e+10     8.0779    81    80     6.7554
   82  9.6912e+10     8.0816    82    81     6.8349
   83  9.6628e+10     8.0874    83    82     6.9143
   84  9.6447e+10     8.0912    84    83     6.9938
   85  9.4980e+10     8.1218    85    84     7.0733
   86  9.1010e+10     8.2076    86    85     7.1528
   87  9.0283e+10     8.2238    87    86     7.2323
   88  8.5715e+10     8.3292    88    87     7.3117
   89  8.5565e+10     8.3328    89    88     7.3912
   90  6.4929e+10     8.9095    90    89     7.4707
   91  6.3739e+10     8.9492    91    90     7.5502
   92  5.9998e+10     9.0797    92    91     7.6296
   93  5.8726e+10     9.1263    93    92     7.7091
   94  5.8053e+10     9.1515    94    93     7.7885
   95  5.5612e+10     9.2456    95    94     7.8680
   96  5.5522e+10     9.2491    96    95     7.9475
   97  5.1690e+10     9.4074    97    96     8.0269
   98  5.0456e+10     9.4613    98    97     8.1064
   99  3.8985e+10    10.0506    99    98     8.1858
  100  3.6805e+10    10.1856   100    99     8.2653
