#indx Mass S step-number desc_indx 
    0  1.0000e+14     0.8310     0    -1     0.0134
    1  9.9786e+13     0.8318     1     0     0.1326
    2  8.1146e+13     0.9097     2     1     0.2441
    3  7.2595e+13     0.9540     3     2     0.3500
    4  7.0213e+13     0.9676     4     3     0.4519
    5  6.6191e+13     0.9920     5     4     0.5506
    6  6.2750e+13     1.0144     6     5     0.6467
    7  6.0452e+13     1.0304     7     6     0.7407
    8  6.0103e+13     1.0329     8     7     0.8330
    9  5.7327e+13     1.0534     9     8     0.9238
   10  4.8330e+13     1.1301    10     9     1.0134
   11  4.7958e+13     1.1337    11    10     1.1018
   12  4.5763e+13     1.1555    12    11     1.1894
   13  3.6956e+13     1.2593    13    12     1.2761
   14  3.6530e+13     1.2651    14    13     1.3621
   15  2.8776e+13     1.3897    15    14     1.4474
   16  2.6000e+13     1.4454    16    15     1.5322
   17  2.4855e+13     1.4707    17    16     1.6165
   18  2.4286e+13     1.4838    18    17     1.7003
   19  2.3048e+13     1.5138    19    18     1.7838
   20  2.2722e+13     1.5221    20    19     1.8669
   21  2.1776e+13     1.5469    21    20     1.9496
   22  2.1123e+13     1.5648    22    21     2.0321
   23  2.0530e+13     1.5818    23    22     2.1143
   24  1.9770e+13     1.6044    24    23     2.1963
   25  1.9427e+13     1.6150    25    24     2.2781
   26  1.8065e+13     1.6596    26    25     2.3597
   27  1.6404e+13     1.7202    27    26     2.4411
   28  1.4868e+13     1.7836    28    27     2.5223
   29  1.2764e+13     1.8855    29    28     2.6034
   30  1.2589e+13     1.8950    30    29     2.6844
   31  1.2366e+13     1.9072    31    30     2.7652
   32  1.1906e+13     1.9335    32    31     2.8459
   33  1.1712e+13     1.9449    33    32     2.9266
   34  1.1512e+13     1.9570    34    33     3.0071
   35  1.1143e+13     1.9799    35    34     3.0876
   36  9.6145e+12     2.0865    36    35     3.1680
   37  9.4129e+12     2.1021    37    36     3.2483
   38  8.5303e+12     2.1760    38    37     3.3285
   39  8.1839e+12     2.2076    39    38     3.4087
   40  7.7748e+12     2.2473    40    39     3.4889
   41  6.3385e+12     2.4106    41    40     3.5689
   42  6.1947e+12     2.4295    42    41     3.6490
   43  5.7332e+12     2.4940    43    42     3.7290
   44  5.5585e+12     2.5202    44    43     3.8089
   45  5.5282e+12     2.5248    45    44     3.8889
   46  4.8305e+12     2.6414    46    45     3.9688
   47  4.6861e+12     2.6681    47    46     4.0486
   48  4.5488e+12     2.6946    48    47     4.1285
   49  4.4803e+12     2.7081    49    48     4.2083
   50  4.4659e+12     2.7110    50    49     4.2881
   51  4.2478e+12     2.7561    51    50     4.3678
   52  4.2225e+12     2.7615    52    51     4.4476
   53  4.2154e+12     2.7631    53    52     4.5273
   54  4.0798e+12     2.7929    54    53     4.6070
   55  4.0396e+12     2.8020    55    54     4.6867
   56  3.8858e+12     2.8378    56    55     4.7664
   57  3.8561e+12     2.8449    57    56     4.8460
   58  3.7215e+12     2.8780    58    57     4.9257
   59  3.6851e+12     2.8873    59    58     5.0053
   60  3.6558e+12     2.8948    60    59     5.0849
   61  3.5855e+12     2.9131    61    60     5.1646
   62  3.5235e+12     2.9296    62    61     5.2442
   63  3.3610e+12     2.9746    63    62     5.3238
   64  3.0145e+12     3.0804    64    63     5.4033
   65  2.8687e+12     3.1296    65    64     5.4829
   66  2.7030e+12     3.1893    66    65     5.5625
   67  2.6862e+12     3.1956    67    66     5.6421
   68  2.4276e+12     3.2993    68    67     5.7216
   69  2.2925e+12     3.3590    69    68     5.8012
   70  2.2325e+12     3.3869    70    69     5.8807
   71  2.2252e+12     3.3904    71    70     5.9602
   72  2.0747e+12     3.4651    72    71     6.0398
   73  1.4219e+12     3.8890    73    72     6.1193
   74  1.3051e+12     3.9903    74    73     6.1988
   75  1.1057e+12     4.1916    75    74     6.2783
   76  1.1008e+12     4.1971    76    75     6.3579
   77  1.0683e+12     4.2344    77    76     6.4374
   78  1.0452e+12     4.2617    78    77     6.5169
   79  1.0426e+12     4.2647    79    78     6.5964
   80  9.7622e+11     4.3477    80    79     6.6759
   81  9.4790e+11     4.3852    81    80     6.7554
   82  8.5163e+11     4.5237    82    81     6.8349
   83  8.3972e+11     4.5421    83    82     6.9143
   84  7.3487e+11     4.7196    84    83     6.9938
   85  7.2827e+11     4.7317    85    84     7.0733
   86  5.3131e+11     5.1722    86    85     7.1528
   87  5.2939e+11     5.1774    87    86     7.2323
   88  4.9270e+11     5.2818    88    87     7.3117
   89  4.7732e+11     5.3284    89    88     7.3912
   90  4.6788e+11     5.3579    90    89     7.4707
   91  4.5060e+11     5.4138    91    90     7.5502
   92  4.0103e+11     5.5897    92    91     7.6296
   93  3.9505e+11     5.6126    93    92     7.7091
   94  3.8807e+11     5.6400    94    93     7.7885
   95  3.8230e+11     5.6630    95    94     7.8680
   96  3.7541e+11     5.6911    96    95     7.9475
   97  3.7147e+11     5.7074    97    96     8.0269
   98  3.5515e+11     5.7774    98    97     8.1064
   99  3.5367e+11     5.7839    99    98     8.1858
  100  3.5090e+11     5.7962   100    99     8.2653
