#indx Mass S step-number desc_indx 
    0  1.0000e+14     0.8310     0    -1     0.0134
    1  9.8929e+13     0.8349     1     0     0.1326
    2  6.0217e+13     1.0321     2     1     0.2441
    3  5.9239e+13     1.0391     3     2     0.3500
    4  5.7526e+13     1.0519     4     3     0.4519
    5  5.5551e+13     1.0672     5     4     0.5506
    6  4.5269e+13     1.1606     6     5     0.6467
    7  4.1150e+13     1.2063     7     6     0.7407
    8  4.0502e+13     1.2140     8     7     0.8330
    9  3.5463e+13     1.2801     9     8     0.9238
   10  3.5436e+13     1.2805    10     9     1.0134
   11  3.0828e+13     1.3528    11    10     1.1018
   12  3.0771e+13     1.3538    12    11     1.1894
   13  2.9307e+13     1.3799    13    12     1.2761
   14  2.8256e+13     1.3996    14    13     1.3621
   15  2.3330e+13     1.5068    15    14     1.4474
   16  2.3179e+13     1.5106    16    15     1.5322
   17  2.2868e+13     1.5184    17    16     1.6165
   18  2.1991e+13     1.5411    18    17     1.7003
   19  1.9301e+13     1.6190    19    18     1.7838
   20  1.9165e+13     1.6233    20    19     1.8669
   21  1.5276e+13     1.7660    21    20     1.9496
   22  1.4384e+13     1.8053    22    21     2.0321
   23  3.6103e+12     2.9065    23    22     2.1143
   24  3.2203e+12     3.0159    24    23     2.1963
   25  2.4093e+12     3.3071    25    24     2.2781
   26  1.5864e+12     3.7624    26    25     2.3597
   27  1.5352e+12     3.8001    27    26     2.4411
   28  1.4926e+12     3.8325    28    27     2.5223
   29  1.4892e+12     3.8352    29    28     2.6034
   30  1.4506e+12     3.8657    30    29     2.6844
   31  9.1877e+11     4.4253    31    30     2.7652
   32  8.8834e+11     4.4688    32    31     2.8459
   33  8.8418e+11     4.4748    33    32     2.9266
   34  8.7700e+11     4.4854    34    33     3.0071
   35  7.9596e+11     4.6127    35    34     3.0876
   36  7.7979e+11     4.6400    36    35     3.1680
   37  7.2537e+11     4.7371    37    36     3.2483
   38  6.6882e+11     4.8479    38    37     3.3285
   39  6.6671e+11     4.8522    39    38     3.4087
   40  6.6458e+11     4.8566    40    39     3.4889
   41  6.5685e+11     4.8727    41    40     3.5689
   42  4.7481e+11     5.3362    42    41     3.6490
   43  4.0391e+11     5.5787    43    42     3.7290
   44  4.0008e+11     5.5933    44    43     3.8089
   45  3.9184e+11     5.6251    45    44     3.8889
   46  3.6817e+11     5.7213    46    45     3.9688
   47  3.6488e+11     5.7352    47    46     4.0486
   48  3.4531e+11     5.8214    48    47     4.1285
   49  3.3735e+11     5.8582    49    48     4.2083
   50  3.2902e+11     5.8978    50    49     4.2881
   51  3.2283e+11     5.9280    51    50     4.3678
   52  3.1632e+11     5.9605    52    51     4.4476
   53  3.1364e+11     5.9741    53    52     4.5273
   54  3.0985e+11     5.9936    54    53     4.6070
   55  2.6751e+11     6.2330    55    54     4.6867
   56  2.6489e+11     6.2493    56    55     4.7664
   57  2.4956e+11     6.3486    57    56     4.8460
   58  2.4436e+11     6.3839    58    57     4.9257
   59  2.4370e+11     6.3885    59    58     5.0053
   60  2.2898e+11     6.4939    60    59     5.0849
   61  2.2118e+11     6.5531    61    60     5.1646
   62  2.1911e+11     6.5692    62    61     5.2442
   63  2.1857e+11     6.5735    63    62     5.3238
   64  2.1771e+11     6.5802    64    63     5.4033
   65  2.1633e+11     6.5912    65    64     5.4829
   66  2.0707e+11     6.6668    66    65     5.5625
   67  2.0142e+11     6.7150    67    66     5.6421
   68  1.9199e+11     6.7990    68    67     5.7216
   69  1.3813e+11     7.3966    69    68     5.8012
   70  1.1585e+11     7.7312    70    69     5.8807
   71  1.0971e+11     7.8368    71    70     5.9602
   72  1.0811e+11     7.8656    72    71     6.0398
   73  1.0374e+11     7.9466    73    72     6.1193
   74  1.0247e+11     7.9710    74    73     6.1988
   75  1.0024e+11     8.0144    75    74     6.2783
   76  9.5905e+10     8.1024    76    75     6.3579
   77  9.3726e+10     8.1484    77    76     6.4374
   78  7.9336e+10     8.4880    78    77     6.5169
   79  7.7949e+10     8.5245    79    78     6.5964
   80  7.3791e+10     8.6387    80    79     6.6759
   81  7.2395e+10     8.6787    81    80     6.7554
   82  6.5187e+10     8.9011    82    81     6.8349
   83  6.5105e+10     8.9037    83    82     6.9143
   84  6.2157e+10     9.0033    84    83     6.9938
   85  6.2040e+10     9.0074    85    84     7.0733
   86  6.1423e+10     9.0289    86    85     7.1528
   87  5.2891e+10     9.3563    87    86     7.2323
   88  5.2866e+10     9.3574    88    87     7.3117
   89  5.2780e+10     9.3610    89    88     7.3912
   90  4.4341e+10     9.7532    90    89     7.4707
   91  4.2396e+10     9.8561    91    90     7.5502
   92  4.1782e+10     9.8897    92    91     7.6296
   93  4.0900e+10     9.9391    93    92     7.7091
   94  4.0730e+10     9.9487    94    93     7.7885
   95  3.0060e+10    10.6709    95    94     7.8680
   96  3.0044e+10    10.6722    96    95     7.9475
   97  2.9283e+10    10.7349    97    96     8.0269
   98  2.9192e+10    10.7424    98    97     8.1064
   99  2.9057e+10    10.7538    99    98     8.1858
  100  2.8852e+10    10.7712   100    99     8.2653
