#indx Mass S step-number desc_indx 
    0  1.0000e+14     0.8310     0    -1     0.0134
    1  9.8200e+13     0.8376     1     0     0.1326
    2  9.0260e+13     0.8689     2     1     0.2441
    3  8.8912e+13     0.8746     3     2     0.3500
    4  8.8438e+13     0.8766     4     3     0.4519
    5  7.5829e+13     0.9365     5     4     0.5506
    6  7.2318e+13     0.9555     6     5     0.6467
    7  6.0076e+13     1.0331     7     6     0.7407
    8  5.9766e+13     1.0353     8     7     0.8330
    9  5.9323e+13     1.0385     9     8     0.9238
   10  5.5359e+13     1.0688    10     9     1.0134
   11  5.2767e+13     1.0901    11    10     1.1018
   12  5.2082e+13     1.0960    12    11     1.1894
   13  4.6958e+13     1.1435    13    12     1.2761
   14  4.6392e+13     1.1491    14    13     1.3621
   15  4.0943e+13     1.2087    15    14     1.4474
   16  3.8587e+13     1.2378    16    15     1.5322
   17  2.9159e+13     1.3826    17    16     1.6165
   18  2.7052e+13     1.4235    18    17     1.7003
   19  2.6000e+13     1.4454    19    18     1.7838
   20  1.9066e+13     1.6264    20    19     1.8669
   21  1.6081e+13     1.7329    21    20     1.9496
   22  1.2548e+13     1.8972    22    21     2.0321
   23  1.2089e+13     1.9229    23    22     2.1143
   24  1.1169e+13     1.9783    24    23     2.1963
   25  1.0353e+13     2.0325    25    24     2.2781
   26  9.9501e+12     2.0613    26    25     2.3597
   27  9.3901e+12     2.1039    27    26     2.4411
   28  8.7759e+12     2.1545    28    27     2.5223
   29  8.5825e+12     2.1713    29    28     2.6034
   30  8.3506e+12     2.1922    30    29     2.6844
   31  8.2719e+12     2.1994    31    30     2.7652
   32  6.5631e+12     2.3821    32    31     2.8459
   33  6.0592e+12     2.4478    33    32     2.9266
   34  5.3456e+12     2.5535    34    33     3.0071
   35  5.3070e+12     2.5597    35    34     3.0876
   36  4.5746e+12     2.6895    36    35     3.1680
   37  4.4400e+12     2.7162    37    36     3.2483
   38  4.3011e+12     2.7448    38    37     3.3285
   39  4.0556e+12     2.7984    39    38     3.4087
   40  3.9038e+12     2.8335    40    39     3.4889
   41  3.8619e+12     2.8435    41    40     3.5689
   42  3.8474e+12     2.8470    42    41     3.6490
   43  3.7752e+12     2.8646    43    42     3.7290
   44  3.3432e+12     2.9797    44    43     3.8089
   45  3.1765e+12     3.0292    45    44     3.8889
   46  2.7686e+12     3.1651    46    45     3.9688
   47  2.5562e+12     3.2461    47    46     4.0486
   48  2.4400e+12     3.2940    48    47     4.1285
   49  2.2153e+12     3.3951    49    48     4.2083
   50  2.1515e+12     3.4261    50    49     4.2881
   51  2.1128e+12     3.4456    51    50     4.3678
   52  2.0894e+12     3.4575    52    51     4.4476
   53  2.0797e+12     3.4625    53    52     4.5273
   54  2.0368e+12     3.4849    54    53     4.6070
   55  1.7944e+12     3.6237    55    54     4.6867
   56  1.6192e+12     3.7391    56    55     4.7664
   57  1.5884e+12     3.7610    57    56     4.8460
   58  8.2199e+11     4.5702    58    57     4.9257
   59  7.9627e+11     4.6122    59    58     5.0053
   60  6.1049e+11     4.9746    60    59     5.0849
   61  6.0859e+11     4.9790    61    60     5.1646
   62  5.8592e+11     5.0324    62    61     5.2442
   63  5.8026e+11     5.0462    63    62     5.3238
   64  5.7765e+11     5.0526    64    63     5.4033
   65  5.0357e+11     5.2499    65    64     5.4829
   66  4.7855e+11     5.3246    66    65     5.5625
   67  3.7557e+11     5.6905    67    66     5.6421
   68  3.7478e+11     5.6937    68    67     5.7216
   69  3.7357e+11     5.6987    69    68     5.8012
   70  3.4557e+11     5.8202    70    69     5.8807
   71  3.3049e+11     5.8907    71    70     5.9602
   72  3.2141e+11     5.9350    72    71     6.0398
   73  3.1952e+11     5.9444    73    72     6.1193
   74  3.1720e+11     5.9561    74    73     6.1988
   75  3.0157e+11     6.0373    75    74     6.2783
   76  2.7944e+11     6.1612    76    75     6.3579
   77  2.5297e+11     6.3259    77    76     6.4374
   78  2.4679e+11     6.3673    78    77     6.5169
   79  2.3354e+11     6.4604    79    78     6.5964
   80  2.2607e+11     6.5157    80    79     6.6759
   81  2.1158e+11     6.6295    81    80     6.7554
   82  2.0706e+11     6.6668    82    81     6.8349
   83  1.9786e+11     6.7461    83    82     6.9143
   84  1.9426e+11     6.7783    84    83     6.9938
   85  1.9308e+11     6.7890    85    84     7.0733
   86  1.9275e+11     6.7920    86    85     7.1528
   87  1.7633e+11     6.9500    87    86     7.2323
   88  1.7346e+11     6.9793    88    87     7.3117
   89  1.5463e+11     7.1877    89    88     7.3912
   90  1.5161e+11     7.2239    90    89     7.4707
   91  1.4738e+11     7.2761    91    90     7.5502
   92  1.4264e+11     7.3367    92    91     7.6296
   93  1.3568e+11     7.4302    93    92     7.7091
   94  1.1508e+11     7.7440    94    93     7.7885
   95  1.1459e+11     7.7522    95    94     7.8680
   96  1.1100e+11     7.8141    96    95     7.9475
   97  1.0761e+11     7.8745    97    96     8.0269
   98  1.0656e+11     7.8938    98    97     8.1064
   99  1.0636e+11     7.8974    99    98     8.1858
  100  1.0592e+11     7.9057   100    99     8.2653
