#indx Mass S step-number desc_indx 
    0  1.0000e+14     0.8310     0    -1     0.0134
    1  7.9305e+13     0.9187     1     0     0.1326
    2  7.7656e+13     0.9270     2     1     0.2441
    3  7.2574e+13     0.9541     3     2     0.3500
    4  7.2023e+13     0.9572     4     3     0.4519
    5  6.9662e+13     0.9708     5     4     0.5506
    6  6.7836e+13     0.9818     6     5     0.6467
    7  5.9061e+13     1.0404     7     6     0.7407
    8  5.3306e+13     1.0856     8     7     0.8330
    9  5.1568e+13     1.1005     9     8     0.9238
   10  5.0849e+13     1.1068    10     9     1.0134
   11  4.9868e+13     1.1157    11    10     1.1018
   12  4.9604e+13     1.1181    12    11     1.1894
   13  4.8395e+13     1.1295    13    12     1.2761
   14  3.9557e+13     1.2255    14    13     1.3621
   15  3.7790e+13     1.2481    15    14     1.4474
   16  3.6834e+13     1.2610    16    15     1.5322
   17  2.4809e+13     1.4718    17    16     1.6165
   18  2.4642e+13     1.4756    18    17     1.7003
   19  2.3150e+13     1.5113    19    18     1.7838
   20  2.1723e+13     1.5483    20    19     1.8669
   21  2.0780e+13     1.5746    21    20     1.9496
   22  1.7107e+13     1.6936    22    21     2.0321
   23  1.6864e+13     1.7026    23    22     2.1143
   24  1.4667e+13     1.7925    24    23     2.1963
   25  1.4606e+13     1.7952    25    24     2.2781
   26  1.3897e+13     1.8282    26    25     2.3597
   27  1.3470e+13     1.8491    27    26     2.4411
   28  1.3057e+13     1.8701    28    27     2.5223
   29  1.2697e+13     1.8891    29    28     2.6034
   30  5.6052e+12     2.5131    30    29     2.6844
   31  5.5014e+12     2.5289    31    30     2.7652
   32  5.3883e+12     2.5467    32    31     2.8459
   33  5.2725e+12     2.5653    33    32     2.9266
   34  4.9497e+12     2.6200    34    33     3.0071
   35  4.7739e+12     2.6517    35    34     3.0876
   36  4.4549e+12     2.7132    36    35     3.1680
   37  4.2607e+12     2.7534    37    36     3.2483
   38  7.2080e+11     4.7457    38    37     3.3285
   39  3.9370e+11     5.6179    39    38     3.4087
   40  3.9291e+11     5.6210    40    39     3.4889
   41  3.8559e+11     5.6498    41    40     3.5689
   42  3.6940e+11     5.7161    42    41     3.6490
   43  3.4499e+11     5.8229    43    42     3.7290
   44  3.4044e+11     5.8438    44    43     3.8089
   45  3.3438e+11     5.8722    45    44     3.8889
   46  2.7975e+11     6.1594    46    45     3.9688
   47  2.1738e+11     6.5829    47    46     4.0486
   48  2.1442e+11     6.6065    48    47     4.1285
   49  2.0972e+11     6.6447    49    48     4.2083
   50  2.0956e+11     6.6460    50    49     4.2881
   51  1.5768e+11     7.1520    51    50     4.3678
   52  1.5528e+11     7.1799    52    51     4.4476
   53  1.5393e+11     7.1960    53    52     4.5273
   54  1.3573e+11     7.4295    54    53     4.6070
   55  1.3527e+11     7.4358    55    54     4.6867
   56  1.3101e+11     7.4961    56    55     4.7664
   57  1.2756e+11     7.5467    57    56     4.8460
   58  1.2699e+11     7.5551    58    57     4.9257
   59  1.1348e+11     7.7711    59    58     5.0053
   60  1.1073e+11     7.8188    60    59     5.0849
   61  1.0053e+11     8.0087    61    60     5.1646
   62  9.9132e+10     8.0365    62    61     5.2442
   63  9.3619e+10     8.1507    63    62     5.3238
   64  9.2378e+10     8.1776    64    63     5.4033
   65  8.5038e+10     8.3454    65    64     5.4829
   66  8.4839e+10     8.3501    66    65     5.5625
   67  8.4770e+10     8.3518    67    66     5.6421
   68  8.4344e+10     8.3621    68    67     5.7216
   69  8.4256e+10     8.3643    69    68     5.8012
   70  8.2435e+10     8.4090    70    69     5.8807
   71  7.6111e+10     8.5740    71    70     5.9602
   72  7.4845e+10     8.6090    72    71     6.0398
   73  7.3607e+10     8.6439    73    72     6.1193
   74  7.2354e+10     8.6799    74    73     6.1988
   75  7.1717e+10     8.6985    75    74     6.2783
   76  6.4256e+10     8.9318    76    75     6.3579
   77  5.8498e+10     9.1348    77    76     6.4374
   78  5.5988e+10     9.2307    78    77     6.5169
   79  5.5625e+10     9.2450    79    78     6.5964
   80  5.5429e+10     9.2528    80    79     6.6759
   81  5.5120e+10     9.2651    81    80     6.7554
   82  5.4921e+10     9.2731    82    81     6.8349
   83  5.4040e+10     9.3088    83    82     6.9143
   84  5.1451e+10     9.4177    84    83     6.9938
   85  5.1401e+10     9.4198    85    84     7.0733
   86  5.1248e+10     9.4265    86    85     7.1528
   87  5.0206e+10     9.4724    87    86     7.2323
   88  5.0064e+10     9.4787    88    87     7.3117
   89  4.9836e+10     9.4889    89    88     7.3912
   90  4.9542e+10     9.5022    90    89     7.4707
   91  4.9181e+10     9.5186    91    90     7.5502
   92  4.7700e+10     9.5874    92    91     7.6296
   93  4.3685e+10     9.7873    93    92     7.7091
   94  4.2812e+10     9.8336    94    93     7.7885
   95  4.1749e+10     9.8916    95    94     7.8680
   96  4.1369e+10     9.9127    96    95     7.9475
   97  4.0701e+10     9.9504    97    96     8.0269
   98  4.0117e+10     9.9839    98    97     8.1064
   99  3.9930e+10     9.9948    99    98     8.1858
  100  3.8892e+10    10.0561   100    99     8.2653
