#indx Mass S step-number desc_indx 
    0  1.0000e+14     0.8310     0    -1     0.0134
    1  9.3487e+13     0.8558     1     0     0.1326
    2  5.5923e+13     1.0643     2     1     0.2441
    3  5.5769e+13     1.0655     3     2     0.3500
    4  3.5050e+13     1.2861     4     3     0.4519
    5  3.3630e+13     1.3073     5     4     0.5506
    6  3.2734e+13     1.3213     6     5     0.6467
    7  2.9076e+13     1.3841     7     6     0.7407
    8  2.7887e+13     1.4068     8     7     0.8330
    9  2.7589e+13     1.4126     9     8     0.9238
   10  2.7535e+13     1.4137    10     9     1.0134
   11  2.7253e+13     1.4194    11    10     1.1018
   12  2.6405e+13     1.4368    12    11     1.1894
   13  2.6274e+13     1.4396    13    12     1.2761
   14  2.6028e+13     1.4448    14    13     1.3621
   15  2.1355e+13     1.5584    15    14     1.4474
   16  1.9468e+13     1.6138    16    15     1.5322
   17  1.8025e+13     1.6610    17    16     1.6165
   18  1.5149e+13     1.7714    18    17     1.7003
   19  1.4441e+13     1.8028    19    18     1.7838
   20  1.2084e+13     1.9232    20    19     1.8669
   21  1.1880e+13     1.9350    21    20     1.9496
   22  1.1775e+13     1.9412    22    21     2.0321
   23  1.1214e+13     1.9755    23    22     2.1143
   24  1.1171e+13     1.9782    24    23     2.1963
   25  1.0911e+13     1.9949    25    24     2.2781
   26  1.0707e+13     2.0083    26    25     2.3597
   27  9.8552e+12     2.0683    27    26     2.4411
   28  9.6838e+12     2.0812    28    27     2.5223
   29  7.3324e+12     2.2933    29    28     2.6034
   30  7.2042e+12     2.3072    30    29     2.6844
   31  7.1182e+12     2.3168    31    30     2.7652
   32  6.7798e+12     2.3558    32    31     2.8459
   33  6.7760e+12     2.3563    33    32     2.9266
   34  6.6954e+12     2.3660    34    33     3.0071
   35  4.3244e+12     2.7399    35    34     3.0876
   36  4.2788e+12     2.7495    36    35     3.1680
   37  4.1109e+12     2.7859    37    36     3.2483
   38  3.4796e+12     2.9415    38    37     3.3285
   39  3.3432e+12     2.9797    39    38     3.4087
   40  3.2890e+12     2.9955    40    39     3.4889
   41  3.2482e+12     3.0075    41    40     3.5689
   42  3.1978e+12     3.0227    42    41     3.6490
   43  3.1188e+12     3.0471    43    42     3.7290
   44  2.9648e+12     3.0968    44    43     3.8089
   45  2.2232e+12     3.3914    45    44     3.8889
   46  1.5228e+12     3.8094    46    45     3.9688
   47  1.5074e+12     3.8211    47    46     4.0486
   48  1.5004e+12     3.8265    48    47     4.1285
   49  1.4066e+12     3.9017    49    48     4.2083
   50  1.3872e+12     3.9180    50    49     4.2881
   51  1.3810e+12     3.9233    51    50     4.3678
   52  8.0837e+11     4.5922    52    51     4.4476
   53  7.9477e+11     4.6147    53    52     4.5273
   54  7.5186e+11     4.6888    54    53     4.6070
   55  6.7575e+11     4.8337    55    54     4.6867
   56  6.6568e+11     4.8543    56    55     4.7664
   57  6.4660e+11     4.8945    57    56     4.8460
   58  6.3872e+11     4.9115    58    57     4.9257
   59  6.3710e+11     4.9150    59    58     5.0053
   60  6.2034e+11     4.9522    60    59     5.0849
   61  6.1710e+11     4.9595    61    60     5.1646
   62  5.7153e+11     5.0677    62    61     5.2442
   63  4.6843e+11     5.3562    63    62     5.3238
   64  4.5437e+11     5.4014    64    63     5.4033
   65  4.5194e+11     5.4094    65    64     5.4829
   66  3.4855e+11     5.8068    66    65     5.5625
   67  3.4384e+11     5.8281    67    66     5.6421
   68  2.3074e+11     6.4809    68    67     5.7216
   69  2.3006e+11     6.4859    69    68     5.8012
   70  2.2726e+11     6.5068    70    69     5.8807
   71  2.1849e+11     6.5741    71    70     5.9602
   72  2.1769e+11     6.5804    72    71     6.0398
   73  1.3634e+11     7.4211    73    72     6.1193
   74  9.7277e+10     8.0741    74    73     6.1988
   75  9.5606e+10     8.1087    75    74     6.2783
   76  8.7432e+10     8.2888    76    75     6.3579
   77  8.7127e+10     8.2959    77    76     6.4374
   78  8.6380e+10     8.3134    78    77     6.5169
   79  8.1791e+10     8.4252    79    78     6.5964
   80  7.0728e+10     8.7278    80    79     6.6759
   81  7.0604e+10     8.7315    81    80     6.7554
   82  7.0206e+10     8.7434    82    81     6.8349
   83  6.8667e+10     8.7903    83    82     6.9143
   84  6.8197e+10     8.8048    84    83     6.9938
   85  5.7191e+10     9.1842    85    84     7.0733
   86  5.4490e+10     9.2904    86    85     7.1528
   87  5.4092e+10     9.3066    87    86     7.2323
   88  5.2146e+10     9.3878    88    87     7.3117
   89  4.2760e+10     9.8364    89    88     7.3912
   90  4.1637e+10     9.8978    90    89     7.4707
   91  4.1599e+10     9.8998    91    90     7.5502
   92  4.1102e+10     9.9277    92    91     7.6296
   93  4.0805e+10     9.9445    93    92     7.7091
   94  2.9654e+10    10.7041    94    93     7.7885
   95  2.9649e+10    10.7044    95    94     7.8680
   96  2.7847e+10    10.8584    96    95     7.9475
   97  2.7743e+10    10.8677    97    96     8.0269
   98  2.7712e+10    10.8705    98    97     8.1064
   99  2.7121e+10    10.9237    99    98     8.1858
  100  2.6543e+10    10.9773   100    99     8.2653
