#indx Mass S step-number desc_indx 
    0  1.0000e+14     0.8310     0    -1     0.0134
    1  9.4518e+13     0.8517     1     0     0.1326
    2  9.3537e+13     0.8556     2     1     0.2441
    3  6.9855e+13     0.9697     3     2     0.3500
    4  6.8417e+13     0.9782     4     3     0.4519
    5  6.2403e+13     1.0168     5     4     0.5506
    6  6.1181e+13     1.0252     6     5     0.6467
    7  5.4498e+13     1.0757     7     6     0.7407
    8  4.3064e+13     1.1843     8     7     0.8330
    9  3.1049e+13     1.3490     9     8     0.9238
   10  3.0982e+13     1.3502    10     9     1.0134
   11  3.0729e+13     1.3545    11    10     1.1018
   12  3.0112e+13     1.3653    12    11     1.1894
   13  2.8798e+13     1.3893    13    12     1.2761
   14  2.5570e+13     1.4548    14    13     1.3621
   15  2.1690e+13     1.5492    15    14     1.4474
   16  1.8880e+13     1.6324    16    15     1.5322
   17  1.8299e+13     1.6516    17    16     1.6165
   18  1.7463e+13     1.6807    18    17     1.7003
   19  1.6335e+13     1.7228    19    18     1.7838
   20  1.6180e+13     1.7289    20    19     1.8669
   21  1.5845e+13     1.7423    21    20     1.9496
   22  1.5617e+13     1.7517    22    21     2.0321
   23  1.5032e+13     1.7764    23    22     2.1143
   24  1.3943e+13     1.8260    24    23     2.1963
   25  1.3295e+13     1.8579    25    24     2.2781
   26  1.2536e+13     1.8979    26    25     2.3597
   27  1.1154e+13     1.9792    27    26     2.4411
   28  1.0450e+13     2.0258    28    27     2.5223
   29  1.0159e+13     2.0462    29    28     2.6034
   30  9.5221e+12     2.0936    30    29     2.6844
   31  8.5212e+12     2.1768    31    30     2.7652
   32  7.2120e+12     2.3064    32    31     2.8459
   33  6.5269e+12     2.3866    33    32     2.9266
   34  6.4313e+12     2.3987    34    33     3.0071
   35  5.8648e+12     2.4750    35    34     3.0876
   36  5.7603e+12     2.4901    36    35     3.1680
   37  5.6642e+12     2.5042    37    36     3.2483
   38  5.6356e+12     2.5085    38    37     3.3285
   39  3.4390e+12     2.9527    39    38     3.4087
   40  3.4217e+12     2.9575    40    39     3.4889
   41  3.4059e+12     2.9619    41    40     3.5689
   42  3.2694e+12     3.0012    42    41     3.6490
   43  3.0920e+12     3.0555    43    42     3.7290
   44  1.7084e+12     3.6785    44    43     3.8089
   45  1.5694e+12     3.7747    45    44     3.8889
   46  1.3673e+12     3.9350    46    45     3.9688
   47  1.3572e+12     3.9438    47    46     4.0486
   48  1.3281e+12     3.9695    48    47     4.1285
   49  1.2718e+12     4.0211    49    48     4.2083
   50  1.1690e+12     4.1232    50    49     4.2881
   51  1.1637e+12     4.1288    51    50     4.3678
   52  1.1540e+12     4.1390    52    51     4.4476
   53  1.1458e+12     4.1478    53    52     4.5273
   54  1.0279e+12     4.2826    54    53     4.6070
   55  1.0093e+12     4.3056    55    54     4.6867
   56  8.5960e+11     4.5115    56    55     4.7664
   57  8.5186e+11     4.5233    57    56     4.8460
   58  8.2184e+11     4.5704    58    57     4.9257
   59  8.1255e+11     4.5854    59    58     5.0053
   60  8.1014e+11     4.5894    60    59     5.0849
   61  8.0906e+11     4.5911    61    60     5.1646
   62  7.9837e+11     4.6087    62    61     5.2442
   63  7.9073e+11     4.6215    63    62     5.3238
   64  7.2076e+11     4.7458    64    63     5.4033
   65  7.0303e+11     4.7796    65    64     5.4829
   66  7.0134e+11     4.7829    66    65     5.5625
   67  5.4496e+11     5.1357    67    66     5.6421
   68  5.4031e+11     5.1480    68    67     5.7216
   69  5.3682e+11     5.1573    69    68     5.8012
   70  5.3068e+11     5.1739    70    69     5.8807
   71  5.2115e+11     5.2000    71    70     5.9602
   72  5.1563e+11     5.2155    72    71     6.0398
   73  5.1417e+11     5.2196    73    72     6.1193
   74  5.1127e+11     5.2278    74    73     6.1988
   75  5.0793e+11     5.2374    75    74     6.2783
   76  5.0142e+11     5.2561    76    75     6.3579
   77  4.8542e+11     5.3037    77    76     6.4374
   78  3.2140e+11     5.9351    78    77     6.5169
   79  3.2106e+11     5.9368    79    78     6.5964
   80  3.0478e+11     6.0202    80    79     6.6759
   81  3.0418e+11     6.0233    81    80     6.7554
   82  2.8541e+11     6.1266    82    81     6.8349
   83  2.8084e+11     6.1530    83    82     6.9143
   84  2.7491e+11     6.1881    84    83     6.9938
   85  2.5418e+11     6.3179    85    84     7.0733
   86  1.4325e+11     7.3288    86    85     7.1528
   87  1.3111e+11     7.4947    87    86     7.2323
   88  1.2830e+11     7.5358    88    87     7.3117
   89  1.2692e+11     7.5562    89    88     7.3912
   90  1.2514e+11     7.5831    90    89     7.4707
   91  1.1240e+11     7.7897    91    90     7.5502
   92  7.2147e+10     8.6859    92    91     7.6296
   93  6.8128e+10     8.8070    93    92     7.7091
   94  6.7982e+10     8.8115    94    93     7.7885
   95  5.9011e+10     9.1158    95    94     7.8680
   96  5.6964e+10     9.1929    96    95     7.9475
   97  3.6982e+10    10.1743    97    96     8.0269
   98  3.6622e+10    10.1973    98    97     8.1064
   99  3.6209e+10    10.2241    99    98     8.1858
  100  3.0178e+10    10.6613   100    99     8.2653
