#indx Mass S step-number desc_indx 
    0  1.0000e+14     0.8310     0    -1     0.0134
    1  6.4831e+13     1.0007     1     0     0.1326
    2  6.0139e+13     1.0326     2     1     0.2441
    3  5.7512e+13     1.0520     3     2     0.3500
    4  5.5616e+13     1.0667     4     3     0.4519
    5  5.0683e+13     1.1083     5     4     0.5506
    6  4.7746e+13     1.1357     6     5     0.6467
    7  4.6559e+13     1.1474     7     6     0.7407
    8  4.4204e+13     1.1719     8     7     0.8330
    9  4.2295e+13     1.1930     9     8     0.9238
   10  4.2169e+13     1.1944    10     9     1.0134
   11  3.9292e+13     1.2288    11    10     1.1018
   12  3.7775e+13     1.2483    12    11     1.1894
   13  2.1651e+13     1.5503    13    12     1.2761
   14  2.1533e+13     1.5535    14    13     1.3621
   15  2.0550e+13     1.5812    15    14     1.4474
   16  1.8857e+13     1.6332    16    15     1.5322
   17  1.7220e+13     1.6895    17    16     1.6165
   18  1.6928e+13     1.7002    18    17     1.7003
   19  1.6840e+13     1.7035    19    18     1.7838
   20  1.4584e+13     1.7962    20    19     1.8669
   21  1.4438e+13     1.8029    21    20     1.9496
   22  1.3136e+13     1.8660    22    21     2.0321
   23  1.3086e+13     1.8686    23    22     2.1143
   24  1.2806e+13     1.8833    24    23     2.1963
   25  1.1297e+13     1.9703    25    24     2.2781
   26  1.0965e+13     1.9914    26    25     2.3597
   27  1.0168e+13     2.0456    27    26     2.4411
   28  9.4572e+12     2.0986    28    27     2.5223
   29  8.3408e+12     2.1931    29    28     2.6034
   30  7.9190e+12     2.2330    30    29     2.6844
   31  7.6569e+12     2.2592    31    30     2.7652
   32  7.0244e+12     2.3274    32    31     2.8459
   33  6.9232e+12     2.3390    33    32     2.9266
   34  6.7885e+12     2.3548    34    33     3.0071
   35  6.7318e+12     2.3616    35    34     3.0876
   36  5.7592e+12     2.4902    36    35     3.1680
   37  5.0846e+12     2.5966    37    36     3.2483
   38  5.0509e+12     2.6024    38    37     3.3285
   39  4.8123e+12     2.6447    39    38     3.4087
   40  4.6772e+12     2.6698    40    39     3.4889
   41  4.6596e+12     2.6731    41    40     3.5689
   42  4.1242e+12     2.7830    42    41     3.6490
   43  4.0361e+12     2.8028    43    42     3.7290
   44  3.6400e+12     2.8988    44    43     3.8089
   45  3.6117e+12     2.9062    45    44     3.8889
   46  2.3435e+12     3.3359    46    45     3.9688
   47  2.1310e+12     3.4364    47    46     4.0486
   48  2.1214e+12     3.4412    48    47     4.1285
   49  2.0002e+12     3.5045    49    48     4.2083
   50  1.9763e+12     3.5176    50    49     4.2881
   51  1.8684e+12     3.5790    51    50     4.3678
   52  1.8564e+12     3.5861    52    51     4.4476
   53  1.8502e+12     3.5898    53    52     4.5273
   54  1.1885e+12     4.1030    54    53     4.6070
   55  1.1335e+12     4.1610    55    54     4.6867
   56  1.1277e+12     4.1673    56    55     4.7664
   57  1.1091e+12     4.1878    57    56     4.8460
   58  1.0717e+12     4.2304    58    57     4.9257
   59  1.0520e+12     4.2535    59    58     5.0053
   60  1.0126e+12     4.3014    60    59     5.0849
   61  9.5760e+11     4.3722    61    60     5.1646
   62  4.6145e+11     5.3784    62    61     5.2442
   63  4.5919e+11     5.3857    63    62     5.3238
   64  4.5683e+11     5.3934    64    63     5.4033
   65  4.5174e+11     5.4100    65    64     5.4829
   66  4.1647e+11     5.5322    66    65     5.5625
   67  4.1592e+11     5.5342    67    66     5.6421
   68  3.8660e+11     5.6458    68    67     5.7216
   69  3.7352e+11     5.6989    69    68     5.8012
   70  3.6294e+11     5.7435    70    69     5.8807
   71  3.4570e+11     5.8197    71    70     5.9602
   72  2.8005e+11     6.1576    72    71     6.0398
   73  2.7472e+11     6.1892    73    72     6.1193
   74  2.6722e+11     6.2348    74    73     6.1988
   75  2.4892e+11     6.3529    75    74     6.2783
   76  2.4391e+11     6.3870    76    75     6.3579
   77  2.3551e+11     6.4461    77    76     6.4374
   78  2.3423e+11     6.4554    78    77     6.5169
   79  1.6914e+11     7.0247    79    78     6.5964
   80  1.4137e+11     7.3534    80    79     6.6759
   81  1.4132e+11     7.3540    81    80     6.7554
   82  1.3936e+11     7.3800    82    81     6.8349
   83  1.3006e+11     7.5098    83    82     6.9143
   84  1.2794e+11     7.5411    84    83     6.9938
   85  1.2693e+11     7.5561    85    84     7.0733
   86  1.2664e+11     7.5605    86    85     7.1528
   87  1.2244e+11     7.6248    87    86     7.2323
   88  1.2230e+11     7.6269    88    87     7.3117
   89  1.1985e+11     7.6657    89    88     7.3912
   90  1.1972e+11     7.6677    90    89     7.4707
   91  1.1858e+11     7.6863    91    90     7.5502
   92  1.1790e+11     7.6972    92    91     7.6296
   93  1.0698e+11     7.8860    93    92     7.7091
   94  1.0688e+11     7.8879    94    93     7.7885
   95  1.0600e+11     7.9041    95    94     7.8680
   96  1.0253e+11     7.9698    96    95     7.9475
   97  1.0165e+11     7.9868    97    96     8.0269
   98  1.0023e+11     8.0145    98    97     8.1064
   99  1.0011e+11     8.0170    99    98     8.1858
  100  9.9260e+10     8.0339   100    99     8.2653
