#indx Mass S step-number desc_indx 
    0  1.0000e+14     0.8310     0    -1     0.0134
    1  8.3940e+13     0.8966     1     0     0.1326
    2  8.2776e+13     0.9020     2     1     0.2441
    3  7.9066e+13     0.9199     3     2     0.3500
    4  7.1450e+13     0.9604     4     3     0.4519
    5  6.4794e+13     1.0009     5     4     0.5506
    6  5.9572e+13     1.0367     6     5     0.6467
    7  4.7521e+13     1.1379     7     6     0.7407
    8  4.6435e+13     1.1487     8     7     0.8330
    9  4.5828e+13     1.1549     9     8     0.9238
   10  3.3750e+13     1.3055    10     9     1.0134
   11  2.3386e+13     1.5054    11    10     1.1018
   12  2.1338e+13     1.5589    12    11     1.1894
   13  2.0791e+13     1.5743    13    12     1.2761
   14  1.9832e+13     1.6025    14    13     1.3621
   15  1.9448e+13     1.6144    15    14     1.4474
   16  1.8220e+13     1.6543    16    15     1.5322
   17  1.7666e+13     1.6735    17    16     1.6165
   18  1.7117e+13     1.6932    18    17     1.7003
   19  1.6889e+13     1.7017    19    18     1.7838
   20  1.5736e+13     1.7468    20    19     1.8669
   21  1.3941e+13     1.8261    21    20     1.9496
   22  1.3888e+13     1.8286    22    21     2.0321
   23  1.3683e+13     1.8385    23    22     2.1143
   24  1.3049e+13     1.8705    24    23     2.1963
   25  1.2563e+13     1.8964    25    24     2.2781
   26  1.1159e+13     1.9789    26    25     2.3597
   27  1.0970e+13     1.9911    27    26     2.4411
   28  1.0890e+13     1.9963    28    27     2.5223
   29  6.2380e+12     2.4237    29    28     2.6034
   30  5.9865e+12     2.4578    30    29     2.6844
   31  5.3230e+12     2.5571    31    30     2.7652
   32  5.2119e+12     2.5752    32    31     2.8459
   33  4.9047e+12     2.6280    33    32     2.9266
   34  4.6125e+12     2.6822    34    33     3.0071
   35  4.5595e+12     2.6924    35    34     3.0876
   36  4.4500e+12     2.7142    36    35     3.1680
   37  4.2452e+12     2.7567    37    36     3.2483
   38  3.7641e+12     2.8674    38    37     3.3285
   39  3.6530e+12     2.8955    39    38     3.4087
   40  2.4901e+12     3.2730    40    39     3.4889
   41  2.4587e+12     3.2861    41    40     3.5689
   42  2.1367e+12     3.4335    42    41     3.6490
   43  1.9166e+12     3.5510    43    42     3.7290
   44  1.7696e+12     3.6391    44    43     3.8089
   45  1.7471e+12     3.6534    45    44     3.8889
   46  1.7149e+12     3.6743    46    45     3.9688
   47  1.6983e+12     3.6852    47    46     4.0486
   48  8.8700e+10     8.2596    48    47     4.1285
   49  8.8109e+10     8.2732    49    48     4.2083
   50  8.3246e+10     8.3889    50    49     4.2881
   51  8.0935e+10     8.4468    51    50     4.3678
   52  7.9885e+10     8.4737    52    51     4.4476
   53  7.9681e+10     8.4790    53    52     4.5273
   54  6.5139e+10     8.9026    54    53     4.6070
   55  6.4791e+10     8.9141    55    54     4.6867
   56  6.3353e+10     8.9622    56    55     4.7664
   57  6.2472e+10     8.9924    57    56     4.8460
   58  6.0003e+10     9.0796    58    57     4.9257
   59  5.9792e+10     9.0872    59    58     5.0053
   60  5.9101e+10     9.1125    60    59     5.0849
   61  4.1771e+10     9.8904    61    60     5.1646
   62  4.1390e+10     9.9115    62    61     5.2442
   63  4.1210e+10     9.9216    63    62     5.3238
   64  4.0942e+10     9.9367    64    63     5.4033
   65  4.0234e+10     9.9771    65    64     5.4829
   66  3.9027e+10    10.0481    66    65     5.5625
   67  3.8314e+10    10.0912    67    66     5.6421
   68  3.7655e+10    10.1318    68    67     5.7216
   69  3.5610e+10    10.2636    69    68     5.8012
   70  3.2439e+10    10.4863    70    69     5.8807
   71  3.2404e+10    10.4890    71    70     5.9602
   72  3.1952e+10    10.5228    72    71     6.0398
   73  1.5719e+10    12.3369    73    72     6.1193
   74  1.5714e+10    12.3378    74    73     6.1988
   75  1.4155e+10    12.6227    75    74     6.2783
   76  1.4102e+10    12.6330    76    75     6.3579
   77  1.4090e+10    12.6354    77    76     6.4374
   78  1.4039e+10    12.6453    78    77     6.5169
   79  1.2910e+10    12.8776    79    78     6.5964
   80  1.2550e+10    12.9568    80    79     6.6759
   81  1.2530e+10    12.9611    81    80     6.7554
   82  1.2247e+10    13.0254    82    81     6.8349
   83  1.2128e+10    13.0527    83    82     6.9143
   84  1.1323e+10    13.2473    84    83     6.9938
   85  7.0188e+09    14.6589    85    84     7.0733
   86  6.4902e+09    14.8998    86    85     7.1528
   87  3.8021e+09    16.6210    87    86     7.2323
   88  3.7043e+09    16.7083    88    87     7.3117
   89  3.6792e+09    16.7312    89    88     7.3912
   90  3.4767e+09    16.9222    90    89     7.4707
   91  3.4072e+09    16.9907    91    90     7.5502
   92  3.2050e+09    17.1994    92    91     7.6296
   93  3.1957e+09    17.2093    93    92     7.7091
   94  3.1858e+09    17.2201    94    93     7.7885
   95  3.1745e+09    17.2322    95    94     7.8680
   96  3.1324e+09    17.2780    96    95     7.9475
   97  3.1258e+09    17.2853    97    96     8.0269
   98  3.1106e+09    17.3020    98    97     8.1064
   99  3.0863e+09    17.3290    99    98     8.1858
  100  3.0771e+09    17.3394   100    99     8.2653
