#indx Mass S step-number desc_indx 
    0  1.0000e+14     0.8310     0    -1     0.0134
    1  8.5466e+13     0.8897     1     0     0.1326
    2  7.2160e+13     0.9564     2     1     0.2441
    3  6.6892e+13     0.9876     3     2     0.3500
    4  6.6269e+13     0.9915     4     3     0.4519
    5  6.3658e+13     1.0084     5     4     0.5506
    6  6.0979e+13     1.0267     6     5     0.6467
    7  5.7726e+13     1.0504     7     6     0.7407
    8  4.3195e+13     1.1829     8     7     0.8330
    9  3.6131e+13     1.2707     9     8     0.9238
   10  3.4448e+13     1.2950    10     9     1.0134
   11  3.1459e+13     1.3421    11    10     1.1018
   12  3.1021e+13     1.3495    12    11     1.1894
   13  3.0838e+13     1.3527    13    12     1.2761
   14  2.4392e+13     1.4814    14    13     1.3621
   15  2.0832e+13     1.5731    15    14     1.4474
   16  2.0127e+13     1.5937    16    15     1.5322
   17  1.8038e+13     1.6605    17    16     1.6165
   18  1.7708e+13     1.6720    18    17     1.7003
   19  1.7135e+13     1.6926    19    18     1.7838
   20  1.6731e+13     1.7076    20    19     1.8669
   21  1.6587e+13     1.7131    21    20     1.9496
   22  1.6137e+13     1.7306    22    21     2.0321
   23  1.5574e+13     1.7534    23    22     2.1143
   24  1.4440e+13     1.8028    24    23     2.1963
   25  1.4055e+13     1.8207    25    24     2.2781
   26  1.3898e+13     1.8281    26    25     2.3597
   27  1.3219e+13     1.8617    27    26     2.4411
   28  1.2767e+13     1.8854    28    27     2.5223
   29  1.1276e+13     1.9715    29    28     2.6034
   30  1.0871e+13     1.9975    30    29     2.6844
   31  9.9376e+12     2.0622    31    30     2.7652
   32  9.6573e+12     2.0832    32    31     2.8459
   33  9.0799e+12     2.1289    33    32     2.9266
   34  8.9621e+12     2.1387    34    33     3.0071
   35  7.3381e+12     2.2927    35    34     3.0876
   36  7.2520e+12     2.3020    36    35     3.1680
   37  6.2956e+12     2.4162    37    36     3.2483
   38  6.1116e+12     2.4407    38    37     3.3285
   39  5.7204e+12     2.4959    39    38     3.4087
   40  5.6302e+12     2.5093    40    39     3.4889
   41  4.8238e+12     2.6426    41    40     3.5689
   42  4.7621e+12     2.6539    42    41     3.6490
   43  4.6956e+12     2.6663    43    42     3.7290
   44  4.4944e+12     2.7053    44    43     3.8089
   45  4.0410e+12     2.8017    45    44     3.8889
   46  3.4584e+12     2.9473    46    45     3.9688
   47  3.4245e+12     2.9567    47    46     4.0486
   48  3.3431e+12     2.9798    48    47     4.1285
   49  3.3176e+12     2.9871    49    48     4.2083
   50  3.2174e+12     3.0168    50    49     4.2881
   51  3.2030e+12     3.0211    51    50     4.3678
   52  2.9495e+12     3.1020    52    51     4.4476
   53  2.9334e+12     3.1074    53    52     4.5273
   54  2.7623e+12     3.1674    54    53     4.6070
   55  2.7326e+12     3.1783    55    54     4.6867
   56  2.7266e+12     3.1805    56    55     4.7664
   57  2.6799e+12     3.1980    57    56     4.8460
   58  2.6702e+12     3.2016    58    57     4.9257
   59  2.6084e+12     3.2254    59    58     5.0053
   60  2.5558e+12     3.2462    60    59     5.0849
   61  2.3656e+12     3.3262    61    60     5.1646
   62  2.3116e+12     3.3503    62    61     5.2442
   63  2.0851e+12     3.4597    63    62     5.3238
   64  2.0561e+12     3.4747    64    63     5.4033
   65  2.0197e+12     3.4940    65    64     5.4829
   66  1.9966e+12     3.5065    66    65     5.5625
   67  1.9900e+12     3.5101    67    66     5.6421
   68  1.8897e+12     3.5665    68    67     5.7216
   69  1.8177e+12     3.6093    69    68     5.8012
   70  1.6688e+12     3.7049    70    69     5.8807
   71  1.6338e+12     3.7290    71    70     5.9602
   72  1.6015e+12     3.7517    72    71     6.0398
   73  1.5858e+12     3.7629    73    72     6.1193
   74  1.5540e+12     3.7860    74    73     6.1988
   75  1.5513e+12     3.7880    75    74     6.2783
   76  1.4540e+12     3.8629    76    75     6.3579
   77  6.3143e+11     4.9275    77    76     6.4374
   78  6.2320e+11     4.9458    78    77     6.5169
   79  6.1929e+11     4.9546    79    78     6.5964
   80  5.5228e+11     5.1165    80    79     6.6759
   81  5.4894e+11     5.1252    81    80     6.7554
   82  5.3079e+11     5.1736    82    81     6.8349
   83  5.2461e+11     5.1905    83    82     6.9143
   84  5.2004e+11     5.2031    84    83     6.9938
   85  5.1768e+11     5.2097    85    84     7.0733
   86  4.9304e+11     5.2808    86    85     7.1528
   87  4.3436e+11     5.4687    87    86     7.2323
   88  4.1307e+11     5.5447    88    87     7.3117
   89  3.8741e+11     5.6426    89    88     7.3912
   90  3.8368e+11     5.6575    90    89     7.4707
   91  3.8289e+11     5.6607    91    90     7.5502
   92  3.4431e+11     5.8260    92    91     7.6296
   93  3.3227e+11     5.8822    93    92     7.7091
   94  2.3245e+11     6.4683    94    93     7.7885
   95  1.9879e+11     6.7379    95    94     7.8680
   96  1.8938e+11     6.8230    96    95     7.9475
   97  1.8555e+11     6.8592    97    96     8.0269
   98  1.6276e+11     7.0943    98    97     8.1064
   99  1.5289e+11     7.2084    99    98     8.1858
  100  1.5121e+11     7.2287   100    99     8.2653
