#indx Mass S step-number desc_indx 
    0  1.0000e+14     0.8310     0    -1     0.0134
    1  9.5427e+13     0.8482     1     0     0.1326
    2  5.5757e+13     1.0656     2     1     0.2441
    3  5.3824e+13     1.0812     3     2     0.3500
    4  5.2667e+13     1.0910     4     3     0.4519
    5  4.0149e+13     1.2183     5     4     0.5506
    6  3.6868e+13     1.2605     6     5     0.6467
    7  2.9155e+13     1.3826     7     6     0.7407
    8  2.8757e+13     1.3901     8     7     0.8330
    9  2.7063e+13     1.4232     9     8     0.9238
   10  2.5288e+13     1.4610    10     9     1.0134
   11  2.4568e+13     1.4773    11    10     1.1018
   12  2.3686e+13     1.4981    12    11     1.1894
   13  1.9983e+13     1.5980    13    12     1.2761
   14  1.9158e+13     1.6235    14    13     1.3621
   15  1.8888e+13     1.6322    15    14     1.4474
   16  1.8661e+13     1.6396    16    15     1.5322
   17  1.8456e+13     1.6464    17    16     1.6165
   18  3.3739e+12     2.9710    18    17     1.7003
   19  3.2603e+12     3.0039    19    18     1.7838
   20  3.2278e+12     3.0136    20    19     1.8669
   21  3.1165e+12     3.0478    21    20     1.9496
   22  3.1067e+12     3.0509    22    21     2.0321
   23  3.0845e+12     3.0579    23    22     2.1143
   24  3.0003e+12     3.0851    24    23     2.1963
   25  2.9058e+12     3.1168    25    24     2.2781
   26  2.8041e+12     3.1523    26    25     2.3597
   27  2.7532e+12     3.1707    27    26     2.4411
   28  2.5608e+12     3.2442    28    27     2.5223
   29  8.6320e+11     4.5061    29    28     2.6034
   30  8.5419e+11     4.5198    30    29     2.6844
   31  8.3167e+11     4.5548    31    30     2.7652
   32  8.0244e+11     4.6020    32    31     2.8459
   33  7.9641e+11     4.6120    33    32     2.9266
   34  7.8394e+11     4.6329    34    33     3.0071
   35  6.1232e+11     4.9704    35    34     3.0876
   36  5.4573e+11     5.1336    36    35     3.1680
   37  5.4435e+11     5.1373    37    36     3.2483
   38  5.0232e+11     5.2535    38    37     3.3285
   39  4.8274e+11     5.3118    39    38     3.4087
   40  4.6607e+11     5.3636    40    39     3.4889
   41  3.8273e+11     5.6613    41    40     3.5689
   42  3.7364e+11     5.6984    42    41     3.6490
   43  3.6954e+11     5.7155    43    42     3.7290
   44  2.4080e+11     6.4086    44    43     3.8089
   45  2.4019e+11     6.4129    45    44     3.8889
   46  2.3869e+11     6.4235    46    45     3.9688
   47  2.3845e+11     6.4252    47    46     4.0486
   48  2.3792e+11     6.4289    48    47     4.1285
   49  2.3575e+11     6.4444    49    48     4.2083
   50  2.3290e+11     6.4650    50    49     4.2881
   51  2.2079e+11     6.5562    51    50     4.3678
   52  2.1838e+11     6.5749    52    51     4.4476
   53  2.1679e+11     6.5875    53    52     4.5273
   54  2.1573e+11     6.5960    54    53     4.6070
   55  2.1237e+11     6.6231    55    54     4.6867
   56  2.0908e+11     6.6500    56    55     4.7664
   57  2.0791e+11     6.6598    57    56     4.8460
   58  1.6992e+11     7.0164    58    57     4.9257
   59  1.4511e+11     7.3048    59    58     5.0053
   60  1.3708e+11     7.4109    60    59     5.0849
   61  1.3594e+11     7.4267    61    60     5.1646
   62  1.3525e+11     7.4362    62    61     5.2442
   63  1.3124e+11     7.4929    63    62     5.3238
   64  1.2322e+11     7.6126    64    63     5.4033
   65  1.2133e+11     7.6421    65    64     5.4829
   66  1.1167e+11     7.8023    66    65     5.5625
   67  1.1064e+11     7.8204    67    66     5.6421
   68  1.0804e+11     7.8668    68    67     5.7216
   69  1.0675e+11     7.8903    69    68     5.8012
   70  1.0568e+11     7.9101    70    69     5.8807
   71  8.6492e+10     8.3108    71    70     5.9602
   72  8.6419e+10     8.3125    72    71     6.0398
   73  8.6363e+10     8.3139    73    72     6.1193
   74  8.5265e+10     8.3399    74    73     6.1988
   75  8.1152e+10     8.4413    75    74     6.2783
   76  7.9297e+10     8.4890    76    75     6.3579
   77  7.1495e+10     8.7050    77    76     6.4374
   78  6.8525e+10     8.7947    78    77     6.5169
   79  6.8278e+10     8.8023    79    78     6.5964
   80  5.1598e+10     9.4113    80    79     6.6759
   81  5.0973e+10     9.4385    81    80     6.7554
   82  4.4062e+10     9.7677    82    81     6.8349
   83  4.3786e+10     9.7821    83    82     6.9143
   84  4.3117e+10     9.8174    84    83     6.9938
   85  4.2866e+10     9.8308    85    84     7.0733
   86  4.2651e+10     9.8423    86    85     7.1528
   87  4.1047e+10     9.9308    87    86     7.2323
   88  4.0606e+10     9.9558    88    87     7.3117
   89  3.7103e+10    10.1666    89    88     7.3912
   90  3.7080e+10    10.1680    90    89     7.4707
   91  3.6988e+10    10.1739    91    90     7.5502
   92  3.6451e+10    10.2084    92    91     7.6296
   93  3.6181e+10    10.2259    93    92     7.7091
   94  2.6869e+10    10.9469    94    93     7.7885
   95  2.6757e+10    10.9573    95    94     7.8680
   96  2.6650e+10    10.9673    96    95     7.9475
   97  2.6593e+10    10.9726    97    96     8.0269
   98  2.4311e+10    11.1973    98    97     8.1064
   99  2.4302e+10    11.1982    99    98     8.1858
  100  2.3774e+10    11.2538   100    99     8.2653
