#indx Mass S step-number desc_indx 
    0  1.0000e+14     0.8310     0    -1     0.0134
    1  9.6476e+13     0.8441     1     0     0.1326
    2  9.5518e+13     0.8478     2     1     0.2441
    3  8.4338e+13     0.8948     3     2     0.3500
    4  6.0350e+13     1.0311     4     3     0.4519
    5  5.5013e+13     1.0715     5     4     0.5506
    6  4.3859e+13     1.1756     6     5     0.6467
    7  2.5857e+13     1.4485     7     6     0.7407
    8  2.4889e+13     1.4699     8     7     0.8330
    9  2.4536e+13     1.4780     9     8     0.9238
   10  2.3548e+13     1.5015    10     9     1.0134
   11  2.1164e+13     1.5637    11    10     1.1018
   12  8.1894e+12     2.2071    12    11     1.1894
   13  5.6965e+12     2.4994    13    12     1.2761
   14  5.2182e+12     2.5742    14    13     1.3621
   15  5.1733e+12     2.5816    15    14     1.4474
   16  5.1354e+12     2.5880    16    15     1.5322
   17  4.9890e+12     2.6131    17    16     1.6165
   18  4.8380e+12     2.6400    18    17     1.7003
   19  4.5767e+12     2.6891    19    18     1.7838
   20  4.0435e+12     2.8011    20    19     1.8669
   21  4.0281e+12     2.8046    21    20     1.9496
   22  3.9443e+12     2.8240    22    21     2.0321
   23  3.9181e+12     2.8301    23    22     2.1143
   24  3.5631e+12     2.9190    24    23     2.1963
   25  3.5126e+12     2.9325    25    24     2.2781
   26  2.4015e+12     3.3105    26    25     2.3597
   27  2.1938e+12     3.4055    27    26     2.4411
   28  2.1147e+12     3.4446    28    27     2.5223
   29  2.0414e+12     3.4825    29    28     2.6034
   30  1.9052e+12     3.5576    30    29     2.6844
   31  1.8699e+12     3.5781    31    30     2.7652
   32  1.8662e+12     3.5803    32    31     2.8459
   33  1.7901e+12     3.6264    33    32     2.9266
   34  1.7878e+12     3.6277    34    33     3.0071
   35  1.7238e+12     3.6685    35    34     3.0876
   36  1.7064e+12     3.6799    36    35     3.1680
   37  1.6524e+12     3.7161    37    36     3.2483
   38  1.5856e+12     3.7630    38    37     3.3285
   39  1.5631e+12     3.7793    39    38     3.4087
   40  1.4886e+12     3.8357    40    39     3.4889
   41  1.4768e+12     3.8448    41    40     3.5689
   42  1.3694e+12     3.9332    42    41     3.6490
   43  1.1488e+12     4.1445    43    42     3.7290
   44  1.1395e+12     4.1545    44    43     3.8089
   45  1.0168e+12     4.2962    45    44     3.8889
   46  6.3768e+11     4.9138    46    45     3.9688
   47  5.8075e+11     5.0450    47    46     4.0486
   48  5.7444e+11     5.0605    48    47     4.1285
   49  4.9761e+11     5.2673    49    48     4.2083
   50  4.9626e+11     5.2713    50    49     4.2881
   51  4.6501e+11     5.3670    51    50     4.3678
   52  4.6051e+11     5.3814    52    51     4.4476
   53  4.3647e+11     5.4615    53    52     4.5273
   54  2.5088e+11     6.3397    54    53     4.6070
   55  2.4350e+11     6.3898    55    54     4.6867
   56  2.4298e+11     6.3935    56    55     4.7664
   57  2.3729e+11     6.4334    57    56     4.8460
   58  2.2938e+11     6.4910    58    57     4.9257
   59  2.2851e+11     6.4974    59    58     5.0053
   60  2.2103e+11     6.5543    60    59     5.0849
   61  2.1292e+11     6.6186    61    60     5.1646
   62  2.1091e+11     6.6349    62    61     5.2442
   63  2.0854e+11     6.6545    63    62     5.3238
   64  1.9345e+11     6.7856    64    63     5.4033
   65  1.7603e+11     6.9530    65    64     5.4829
   66  1.7567e+11     6.9566    66    65     5.5625
   67  1.5566e+11     7.1755    67    66     5.6421
   68  1.5527e+11     7.1801    68    67     5.7216
   69  1.5336e+11     7.2028    69    68     5.8012
   70  1.5249e+11     7.2133    70    69     5.8807
   71  1.4449e+11     7.3127    71    70     5.9602
   72  1.0992e+11     7.8331    72    71     6.0398
   73  1.0528e+11     7.9176    73    72     6.1193
   74  1.0441e+11     7.9339    74    73     6.1988
   75  1.0287e+11     7.9632    75    74     6.2783
   76  1.0169e+11     7.9860    76    75     6.3579
   77  9.6111e+10     8.0981    77    76     6.4374
   78  9.5068e+10     8.1200    78    77     6.5169
   79  9.4560e+10     8.1307    79    78     6.5964
   80  9.4295e+10     8.1363    80    79     6.6759
   81  8.9989e+10     8.2304    81    80     6.7554
   82  8.8605e+10     8.2618    82    81     6.8349
   83  8.7688e+10     8.2829    83    82     6.9143
   84  8.0623e+10     8.4548    84    83     6.9938
   85  8.0211e+10     8.4653    85    84     7.0733
   86  7.6802e+10     8.5552    86    85     7.1528
   87  7.4569e+10     8.6167    87    86     7.2323
   88  7.4417e+10     8.6210    88    87     7.3117
   89  7.4220e+10     8.6265    89    88     7.3912
   90  7.1070e+10     8.7176    90    89     7.4707
   91  7.0355e+10     8.7389    91    90     7.5502
   92  6.9720e+10     8.7581    92    91     7.6296
   93  6.5623e+10     8.8868    93    92     7.7091
   94  6.4253e+10     8.9320    94    93     7.7885
   95  6.4032e+10     8.9393    95    94     7.8680
   96  6.3673e+10     8.9514    96    95     7.9475
   97  5.9880e+10     9.0840    97    96     8.0269
   98  5.9043e+10     9.1146    98    97     8.1064
   99  5.6488e+10     9.2113    99    98     8.1858
  100  5.2108e+10     9.3894   100    99     8.2653
