#indx Mass S step-number desc_indx 
    0  1.0000e+14     0.8310     0    -1     0.0134
    1  9.4853e+13     0.8504     1     0     0.1326
    2  8.6551e+13     0.8848     2     1     0.2441
    3  7.2322e+13     0.9555     3     2     0.3500
    4  6.4409e+13     1.0034     4     3     0.4519
    5  4.4288e+13     1.1710     5     4     0.5506
    6  4.0270e+13     1.2168     6     5     0.6467
    7  3.5655e+13     1.2774     7     6     0.7407
    8  2.1888e+13     1.5439     8     7     0.8330
    9  2.0877e+13     1.5718     9     8     0.9238
   10  2.0210e+13     1.5912    10     9     1.0134
   11  1.8309e+13     1.6513    11    10     1.1018
   12  1.4843e+13     1.7847    12    11     1.1894
   13  1.3586e+13     1.8433    13    12     1.2761
   14  8.1164e+12     2.2140    14    13     1.3621
   15  7.2315e+12     2.3042    15    14     1.4474
   16  6.8137e+12     2.3518    16    15     1.5322
   17  6.2845e+12     2.4176    17    16     1.6165
   18  5.2161e+12     2.5745    18    17     1.7003
   19  5.1806e+12     2.5804    19    18     1.7838
   20  5.1271e+12     2.5894    20    19     1.8669
   21  4.9463e+12     2.6206    21    20     1.9496
   22  4.9214e+12     2.6250    22    21     2.0321
   23  4.8230e+12     2.6427    23    22     2.1143
   24  4.7830e+12     2.6501    24    23     2.1963
   25  4.6590e+12     2.6733    25    24     2.2781
   26  4.6377e+12     2.6773    26    25     2.3597
   27  4.5899e+12     2.6865    27    26     2.4411
   28  3.3913e+12     2.9660    28    27     2.5223
   29  3.3812e+12     2.9689    29    28     2.6034
   30  3.3703e+12     2.9720    30    29     2.6844
   31  1.9377e+12     3.5391    31    30     2.7652
   32  1.9363e+12     3.5398    32    31     2.8459
   33  1.8995e+12     3.5608    33    32     2.9266
   34  1.8084e+12     3.6151    34    33     3.0071
   35  1.7334e+12     3.6622    35    34     3.0876
   36  1.7079e+12     3.6788    36    35     3.1680
   37  1.6643e+12     3.7080    37    36     3.2483
   38  1.6437e+12     3.7221    38    37     3.3285
   39  1.5456e+12     3.7923    39    38     3.4087
   40  1.4785e+12     3.8435    40    39     3.4889
   41  1.4570e+12     3.8605    41    40     3.5689
   42  1.0269e+12     4.2838    42    41     3.6490
   43  1.0082e+12     4.3069    43    42     3.7290
   44  8.4501e+11     4.5339    44    43     3.8089
   45  8.2532e+11     4.5649    45    44     3.8889
   46  7.9103e+11     4.6210    46    45     3.9688
   47  7.7650e+11     4.6456    47    46     4.0486
   48  7.4035e+11     4.7095    48    47     4.1285
   49  6.9617e+11     4.7930    49    48     4.2083
   50  6.5145e+11     4.8842    50    49     4.2881
   51  5.1492e+11     5.2175    51    50     4.3678
   52  5.0371e+11     5.2495    52    51     4.4476
   53  4.7938e+11     5.3220    53    52     4.5273
   54  4.7659e+11     5.3307    54    53     4.6070
   55  4.7543e+11     5.3342    55    54     4.6867
   56  4.6559e+11     5.3652    56    55     4.7664
   57  4.4898e+11     5.4192    57    56     4.8460
   58  4.4700e+11     5.4258    58    57     4.9257
   59  1.8750e+11     6.8407    59    58     5.0053
   60  5.5529e+10     9.2488    60    59     5.0849
   61  5.5119e+10     9.2652    61    60     5.1646
   62  1.5445e+10    12.3845    62    61     5.2442
   63  1.3678e+10    12.7172    63    62     5.3238
   64  1.1677e+10    13.1599    64    63     5.4033
   65  1.0892e+10    13.3580    65    64     5.4829
   66  9.5605e+09    13.7350    66    65     5.5625
   67  9.5182e+09    13.7479    67    66     5.6421
   68  9.1405e+09    13.8666    68    67     5.7216
   69  8.3636e+09    14.1296    69    68     5.8012
   70  7.6220e+09    14.4082    70    69     5.8807
   71  7.2575e+09    14.5568    71    70     5.9602
   72  7.1456e+09    14.6042    72    71     6.0398
   73  6.9950e+09    14.6692    73    72     6.1193
   74  6.9554e+09    14.6866    74    73     6.1988
   75  6.8172e+09    14.7482    75    74     6.2783
   76  6.7644e+09    14.7721    76    75     6.3579
   77  6.6471e+09    14.8260    77    76     6.4374
   78  6.4032e+09    14.9416    78    77     6.5169
   79  6.0688e+09    15.1086    79    78     6.5964
   80  6.0268e+09    15.1303    80    79     6.6759
   81  5.2452e+09    15.5693    81    80     6.7554
   82  5.2403e+09    15.5723    82    81     6.8349
   83  4.3476e+09    16.1768    83    82     6.9143
   84  4.1264e+09    16.3488    84    83     6.9938
   85  4.0800e+09    16.3863    85    84     7.0733
   86  4.0152e+09    16.4393    86    85     7.1528
   87  3.9079e+09    16.5294    87    86     7.2323
   88  3.8415e+09    16.5865    88    87     7.3117
   89  3.8404e+09    16.5875    89    88     7.3912
   90  3.8180e+09    16.6070    90    89     7.4707
   91  3.4490e+09    16.9493    91    90     7.5502
   92  3.4113e+09    16.9866    92    91     7.6296
   93  3.4070e+09    16.9909    93    92     7.7091
   94  3.3536e+09    17.0446    94    93     7.7885
   95  3.1807e+09    17.2255    95    94     7.8680
   96  3.1519e+09    17.2567    96    95     7.9475
   97  3.1476e+09    17.2615    97    96     8.0269
   98  3.0966e+09    17.3176    98    97     8.1064
   99  3.0750e+09    17.3417    99    98     8.1858
  100  3.0706e+09    17.3467   100    99     8.2653
