#indx Mass S step-number desc_indx 
    0  1.0000e+14     0.8310     0    -1     0.0134
    1  9.7556e+13     0.8400     1     0     0.1326
    2  8.8302e+13     0.8772     2     1     0.2441
    3  8.7484e+13     0.8807     3     2     0.3500
    4  8.5422e+13     0.8899     4     3     0.4519
    5  8.0434e+13     0.9132     5     4     0.5506
    6  7.4557e+13     0.9432     6     5     0.6467
    7  6.9385e+13     0.9724     7     6     0.7407
    8  6.2602e+13     1.0154     8     7     0.8330
    9  5.7383e+13     1.0530     9     8     0.9238
   10  5.0739e+13     1.1078    10     9     1.0134
   11  4.6140e+13     1.1517    11    10     1.1018
   12  4.5547e+13     1.1577    12    11     1.1894
   13  3.9461e+13     1.2267    13    12     1.2761
   14  3.6583e+13     1.2644    14    13     1.3621
   15  3.6103e+13     1.2711    15    14     1.4474
   16  3.0118e+13     1.3652    16    15     1.5322
   17  2.6481e+13     1.4352    17    16     1.6165
   18  2.4510e+13     1.4786    18    17     1.7003
   19  2.3053e+13     1.5137    19    18     1.7838
   20  1.7555e+13     1.6774    20    19     1.8669
   21  1.7071e+13     1.6949    21    20     1.9496
   22  1.5949e+13     1.7381    22    21     2.0321
   23  9.5164e+12     2.0940    23    22     2.1143
   24  9.2998e+12     2.1111    24    23     2.1963
   25  5.6530e+12     2.5059    25    24     2.2781
   26  5.0967e+12     2.5945    26    25     2.3597
   27  4.9986e+12     2.6114    27    26     2.4411
   28  4.5249e+12     2.6993    28    27     2.5223
   29  2.5737e+12     3.2391    29    28     2.6034
   30  2.5697e+12     3.2407    30    29     2.6844
   31  2.4270e+12     3.2995    31    30     2.7652
   32  2.0328e+12     3.4871    32    31     2.8459
   33  2.0207e+12     3.4935    33    32     2.9266
   34  6.0501e+11     4.9873    34    33     3.0071
   35  5.7668e+11     5.0549    35    34     3.0876
   36  5.6413e+11     5.0862    36    35     3.1680
   37  5.5890e+11     5.0995    37    36     3.2483
   38  5.5691e+11     5.1046    38    37     3.3285
   39  3.7600e+11     5.6887    39    38     3.4087
   40  3.6538e+11     5.7331    40    39     3.4889
   41  3.3752e+11     5.8574    41    40     3.5689
   42  3.1327e+11     5.9760    42    41     3.6490
   43  3.0091e+11     6.0408    43    42     3.7290
   44  2.9589e+11     6.0680    44    43     3.8089
   45  2.8898e+11     6.1064    45    44     3.8889
   46  2.8325e+11     6.1390    46    45     3.9688
   47  2.7969e+11     6.1598    47    46     4.0486
   48  2.7213e+11     6.2048    48    47     4.1285
   49  2.6291e+11     6.2617    49    48     4.2083
   50  2.6183e+11     6.2686    50    49     4.2881
   51  2.4220e+11     6.3989    51    50     4.3678
   52  2.2512e+11     6.5229    52    51     4.4476
   53  2.1144e+11     6.6306    53    52     4.5273
   54  2.1102e+11     6.6340    54    53     4.6070
   55  2.1022e+11     6.6406    55    54     4.6867
   56  1.6609e+11     7.0575    56    55     4.7664
   57  1.6316e+11     7.0898    57    56     4.8460
   58  1.5193e+11     7.2200    58    57     4.9257
   59  1.4528e+11     7.3026    59    58     5.0053
   60  1.4401e+11     7.3189    60    59     5.0849
   61  1.4204e+11     7.3445    61    60     5.1646
   62  1.3592e+11     7.4269    62    61     5.2442
   63  1.3524e+11     7.4363    63    62     5.3238
   64  1.2475e+11     7.5890    64    63     5.4033
   65  1.2326e+11     7.6119    65    64     5.4829
   66  1.0782e+11     7.8709    66    65     5.5625
   67  1.0716e+11     7.8828    67    66     5.6421
   68  1.0536e+11     7.9161    68    67     5.7216
   69  9.7505e+10     8.0694    69    68     5.8012
   70  9.2924e+10     8.1657    70    69     5.8807
   71  9.2451e+10     8.1760    71    70     5.9602
   72  9.2058e+10     8.1845    72    71     6.0398
   73  9.1721e+10     8.1919    73    72     6.1193
   74  9.0479e+10     8.2194    74    73     6.1988
   75  8.8287e+10     8.2691    75    74     6.2783
   76  8.1310e+10     8.4373    76    75     6.3579
   77  7.8240e+10     8.5167    77    76     6.4374
   78  7.1119e+10     8.7162    78    77     6.5169
   79  7.0964e+10     8.7207    79    78     6.5964
   80  7.0647e+10     8.7302    80    79     6.6759
   81  6.7396e+10     8.8300    81    80     6.7554
   82  2.5988e+10    11.0300    82    81     6.8349
   83  2.5904e+10    11.0380    83    82     6.9143
   84  2.5898e+10    11.0386    84    83     6.9938
   85  2.5193e+10    11.1077    85    84     7.0733
   86  2.5103e+10    11.1167    86    85     7.1528
   87  2.4764e+10    11.1508    87    86     7.2323
   88  2.4435e+10    11.1845    88    87     7.3117
   89  2.2331e+10    11.4131    89    88     7.3912
   90  2.1212e+10    11.5452    90    89     7.4707
   91  1.9372e+10    11.7810    91    90     7.5502
   92  1.8540e+10    11.8962    92    91     7.6296
   93  1.8358e+10    11.9222    93    92     7.7091
   94  1.8184e+10    11.9473    94    93     7.7885
   95  1.2580e+10    12.9501    95    94     7.8680
   96  1.1875e+10    13.1122    96    95     7.9475
   97  1.1839e+10    13.1208    97    96     8.0269
   98  1.1154e+10    13.2900    98    97     8.1064
   99  4.2204e+09    16.2745    99    98     8.1858
  100  3.0460e+09    17.3744   100    99     8.2653
