#indx Mass S step-number desc_indx 
    0  1.0000e+14     0.8310     0    -1     0.0134
    1  9.2501e+13     0.8597     1     0     0.1326
    2  7.4727e+13     0.9423     2     1     0.2441
    3  5.7605e+13     1.0513     3     2     0.3500
    4  5.7314e+13     1.0535     4     3     0.4519
    5  5.2253e+13     1.0945     5     4     0.5506
    6  4.7747e+13     1.1357     6     5     0.6467
    7  4.6017e+13     1.1529     7     6     0.7407
    8  4.5463e+13     1.1586     8     7     0.8330
    9  4.4541e+13     1.1683     9     8     0.9238
   10  4.2633e+13     1.1892    10     9     1.0134
   11  4.1791e+13     1.1988    11    10     1.1018
   12  3.9680e+13     1.2240    12    11     1.1894
   13  3.3724e+13     1.3059    13    12     1.2761
   14  3.3258e+13     1.3131    14    13     1.3621
   15  3.2217e+13     1.3296    15    14     1.4474
   16  6.4022e+12     2.4024    16    15     1.5322
   17  2.7276e+12     3.1801    17    16     1.6165
   18  2.5252e+12     3.2586    18    17     1.7003
   19  2.3049e+12     3.3533    19    18     1.7838
   20  2.2185e+12     3.3936    20    19     1.8669
   21  1.8800e+12     3.5722    21    20     1.9496
   22  1.8536e+12     3.5878    22    21     2.0321
   23  1.7951e+12     3.6232    23    22     2.1143
   24  1.6814e+12     3.6965    24    23     2.1963
   25  1.6386e+12     3.7256    25    24     2.2781
   26  1.5474e+12     3.7910    26    25     2.3597
   27  1.4677e+12     3.8520    27    26     2.4411
   28  1.4138e+12     3.8957    28    27     2.5223
   29  1.4071e+12     3.9013    29    28     2.6034
   30  1.2917e+12     4.0026    30    29     2.6844
   31  1.0698e+12     4.2326    31    30     2.7652
   32  9.5988e+11     4.3692    32    31     2.8459
   33  9.3716e+11     4.3998    33    32     2.9266
   34  9.3028e+11     4.4093    34    33     3.0071
   35  8.0967e+11     4.5901    35    34     3.0876
   36  8.0196e+11     4.6028    36    35     3.1680
   37  6.1039e+11     4.9748    37    36     3.2483
   38  5.9074e+11     5.0209    38    37     3.3285
   39  5.7820e+11     5.0512    39    38     3.4087
   40  5.5311e+11     5.1144    40    39     3.4889
   41  5.5136e+11     5.1189    41    40     3.5689
   42  5.4543e+11     5.1344    42    41     3.6490
   43  5.4332e+11     5.1400    43    42     3.7290
   44  5.3761e+11     5.1552    44    43     3.8089
   45  5.3659e+11     5.1579    45    44     3.8889
   46  5.0580e+11     5.2435    46    45     3.9688
   47  5.0408e+11     5.2484    47    46     4.0486
   48  4.9437e+11     5.2769    48    47     4.1285
   49  4.8975e+11     5.2906    49    48     4.2083
   50  4.6526e+11     5.3662    50    49     4.2881
   51  4.6503e+11     5.3670    51    50     4.3678
   52  4.5454e+11     5.4008    52    51     4.4476
   53  4.5172e+11     5.4101    53    52     4.5273
   54  3.9976e+11     5.5945    54    53     4.6070
   55  3.9709e+11     5.6047    55    54     4.6867
   56  3.9285e+11     5.6212    56    55     4.7664
   57  3.8086e+11     5.6688    57    56     4.8460
   58  3.6344e+11     5.7414    58    57     4.9257
   59  3.4784e+11     5.8100    59    58     5.0053
   60  3.4132e+11     5.8397    60    59     5.0849
   61  3.3815e+11     5.8545    61    60     5.1646
   62  3.3712e+11     5.8593    62    61     5.2442
   63  2.6394e+11     6.2553    63    62     5.3238
   64  2.6169e+11     6.2695    64    63     5.4033
   65  2.5765e+11     6.2953    65    64     5.4829
   66  2.5245e+11     6.3293    66    65     5.5625
   67  1.4682e+11     7.2831    67    66     5.6421
   68  1.4670e+11     7.2847    68    67     5.7216
   69  1.4378e+11     7.3219    69    68     5.8012
   70  1.0697e+11     7.8862    70    69     5.8807
   71  1.0226e+11     7.9749    71    70     5.9602
   72  3.3239e+10    10.4279    72    71     6.0398
   73  3.1744e+10    10.5386    73    72     6.1193
   74  2.8533e+10    10.7985    74    73     6.1988
   75  2.8452e+10    10.8054    75    74     6.2783
   76  2.6992e+10    10.9356    76    75     6.3579
   77  2.6646e+10    10.9677    77    76     6.4374
   78  1.7180e+10    12.0981    78    77     6.5169
   79  1.7121e+10    12.1074    79    78     6.5964
   80  1.7077e+10    12.1142    80    79     6.6759
   81  1.6699e+10    12.1741    81    80     6.7554
   82  1.5322e+10    12.4062    82    81     6.8349
   83  1.2769e+10    12.9082    83    82     6.9143
   84  1.2726e+10    12.9177    84    83     6.9938
   85  1.2651e+10    12.9342    85    84     7.0733
   86  1.2649e+10    12.9346    86    85     7.1528
   87  1.2642e+10    12.9361    87    86     7.2323
   88  1.2393e+10    12.9920    88    87     7.3117
   89  1.1409e+10    13.2256    89    88     7.3912
   90  1.1316e+10    13.2489    90    89     7.4707
   91  1.1239e+10    13.2684    91    90     7.5502
   92  8.3485e+09    14.1350    92    91     7.6296
   93  8.2990e+09    14.1527    93    92     7.7091
   94  8.2552e+09    14.1685    94    93     7.7885
   95  7.6240e+09    14.4074    95    94     7.8680
   96  7.0272e+09    14.6552    96    95     7.9475
   97  6.6332e+09    14.8324    97    96     8.0269
   98  6.6102e+09    14.8431    98    97     8.1064
   99  6.5448e+09    14.8739    99    98     8.1858
  100  6.5372e+09    14.8775   100    99     8.2653
