#indx Mass S step-number desc_indx 
    0  1.0000e+14     0.8310     0    -1     0.0134
    1  9.5308e+13     0.8486     1     0     0.1326
    2  9.3518e+13     0.8556     2     1     0.2441
    3  8.1707e+13     0.9070     3     2     0.3500
    4  7.9586e+13     0.9173     4     3     0.4519
    5  7.7959e+13     0.9255     5     4     0.5506
    6  6.8853e+13     0.9756     6     5     0.6467
    7  6.7185e+13     0.9858     7     6     0.7407
    8  6.5203e+13     0.9983     8     7     0.8330
    9  6.3844e+13     1.0071     9     8     0.9238
   10  6.1824e+13     1.0208    10     9     1.0134
   11  6.0455e+13     1.0304    11    10     1.1018
   12  5.9606e+13     1.0365    12    11     1.1894
   13  5.5987e+13     1.0638    13    12     1.2761
   14  5.4901e+13     1.0724    14    13     1.3621
   15  5.4404e+13     1.0765    15    14     1.4474
   16  4.8832e+13     1.1253    16    15     1.5322
   17  4.7007e+13     1.1430    17    16     1.6165
   18  4.6061e+13     1.1525    18    17     1.7003
   19  4.5285e+13     1.1605    19    18     1.7838
   20  4.3899e+13     1.1752    20    19     1.8669
   21  4.2724e+13     1.1881    21    20     1.9496
   22  4.2543e+13     1.1902    22    21     2.0321
   23  3.5948e+13     1.2732    23    22     2.1143
   24  3.4872e+13     1.2887    24    23     2.1963
   25  3.4424e+13     1.2953    25    24     2.2781
   26  3.4198e+13     1.2987    26    25     2.3597
   27  3.0687e+13     1.3553    27    26     2.4411
   28  3.0178e+13     1.3642    28    27     2.5223
   29  2.9917e+13     1.3688    29    28     2.6034
   30  2.9880e+13     1.3695    30    29     2.6844
   31  2.7315e+13     1.4181    31    30     2.7652
   32  2.6333e+13     1.4384    32    31     2.8459
   33  2.5991e+13     1.4456    33    32     2.9266
   34  2.4120e+13     1.4878    34    33     3.0071
   35  2.3797e+13     1.4954    35    34     3.0876
   36  1.7187e+13     1.6907    36    35     3.1680
   37  1.6717e+13     1.7081    37    36     3.2483
   38  1.2498e+13     1.8999    38    37     3.3285
   39  1.1301e+13     1.9700    39    38     3.4087
   40  1.0591e+13     2.0162    40    39     3.4889
   41  1.0166e+13     2.0457    41    40     3.5689
   42  6.9479e+12     2.3361    42    41     3.6490
   43  6.5280e+12     2.3865    43    42     3.7290
   44  6.3697e+12     2.4066    44    43     3.8089
   45  6.2114e+12     2.4273    45    44     3.8889
   46  6.0209e+12     2.4531    46    45     3.9688
   47  5.9337e+12     2.4652    47    46     4.0486
   48  5.8841e+12     2.4722    48    47     4.1285
   49  5.3621e+12     2.5508    49    48     4.2083
   50  4.9477e+12     2.6204    50    49     4.2881
   51  4.5734e+12     2.6897    51    50     4.3678
   52  4.5119e+12     2.7018    52    51     4.4476
   53  4.4153e+12     2.7212    53    52     4.5273
   54  4.3370e+12     2.7373    54    53     4.6070
   55  4.2866e+12     2.7479    55    54     4.6867
   56  4.1668e+12     2.7736    56    55     4.7664
   57  4.0476e+12     2.8002    57    56     4.8460
   58  2.3694e+12     3.3245    58    57     4.9257
   59  2.3398e+12     3.3376    59    58     5.0053
   60  2.2353e+12     3.3856    60    59     5.0849
   61  2.0599e+12     3.4728    61    60     5.1646
   62  2.0130e+12     3.4976    62    61     5.2442
   63  1.9749e+12     3.5184    63    62     5.3238
   64  1.9696e+12     3.5213    64    63     5.4033
   65  1.9153e+12     3.5518    65    64     5.4829
   66  1.8790e+12     3.5728    66    65     5.5625
   67  1.2251e+12     4.0662    67    66     5.6421
   68  1.2124e+12     4.0788    68    67     5.7216
   69  1.1663e+12     4.1260    69    68     5.8012
   70  1.1528e+12     4.1403    70    69     5.8807
   71  1.1501e+12     4.1432    71    70     5.9602
   72  1.1445e+12     4.1492    72    71     6.0398
   73  1.1103e+12     4.1865    73    72     6.1193
   74  1.1087e+12     4.1883    74    73     6.1988
   75  1.0794e+12     4.2215    75    74     6.2783
   76  1.0779e+12     4.2232    76    75     6.3579
   77  1.0754e+12     4.2261    77    76     6.4374
   78  1.0371e+12     4.2713    78    77     6.5169
   79  9.6094e+11     4.3678    79    78     6.5964
   80  6.0688e+11     4.9829    80    79     6.6759
   81  6.0594e+11     4.9851    81    80     6.7554
   82  5.7375e+11     5.0622    82    81     6.8349
   83  5.5466e+11     5.1104    83    82     6.9143
   84  4.7806e+11     5.3261    84    83     6.9938
   85  4.6279e+11     5.3741    85    84     7.0733
   86  4.4941e+11     5.4178    86    85     7.1528
   87  4.4027e+11     5.4485    87    86     7.2323
   88  4.1141e+11     5.5508    88    87     7.3117
   89  3.9614e+11     5.6084    89    88     7.3912
   90  3.9432e+11     5.6155    90    89     7.4707
   91  3.6586e+11     5.7310    91    90     7.5502
   92  3.6344e+11     5.7414    92    91     7.6296
   93  3.5582e+11     5.7744    93    92     7.7091
   94  3.3982e+11     5.8467    94    93     7.7885
   95  3.2979e+11     5.8941    95    94     7.8680
   96  2.9907e+11     6.0507    96    95     7.9475
   97  2.9049e+11     6.0979    97    96     8.0269
   98  2.8550e+11     6.1261    98    97     8.1064
   99  2.8461e+11     6.1312    99    98     8.1858
  100  2.8329e+11     6.1388   100    99     8.2653
