#indx Mass S step-number desc_indx 
    0  1.0000e+14     0.8310     0    -1     0.0134
    1  8.6057e+13     0.8870     1     0     0.1326
    2  7.6916e+13     0.9308     2     1     0.2441
    3  7.6639e+13     0.9322     3     2     0.3500
    4  5.3606e+13     1.0831     4     3     0.4519
    5  4.4811e+13     1.1654     5     4     0.5506
    6  4.4189e+13     1.1720     6     5     0.6467
    7  4.0331e+13     1.2160     7     6     0.7407
    8  3.9968e+13     1.2205     8     7     0.8330
    9  3.6980e+13     1.2590     9     8     0.9238
   10  2.8427e+13     1.3963    10     9     1.0134
   11  2.6600e+13     1.4328    11    10     1.1018
   12  2.4655e+13     1.4753    12    11     1.1894
   13  1.8116e+13     1.6579    13    12     1.2761
   14  1.7837e+13     1.6675    14    13     1.3621
   15  1.7261e+13     1.6880    15    14     1.4474
   16  1.7220e+13     1.6894    16    15     1.5322
   17  1.6229e+13     1.7270    17    16     1.6165
   18  1.6113e+13     1.7316    18    17     1.7003
   19  1.5747e+13     1.7463    19    18     1.7838
   20  1.5666e+13     1.7496    20    19     1.8669
   21  1.4468e+13     1.8015    21    20     1.9496
   22  1.4443e+13     1.8027    22    21     2.0321
   23  1.4346e+13     1.8071    23    22     2.1143
   24  1.2290e+13     1.9115    24    23     2.1963
   25  1.2155e+13     1.9191    25    24     2.2781
   26  1.0477e+13     2.0239    26    25     2.3597
   27  9.7566e+12     2.0757    27    26     2.4411
   28  8.7140e+12     2.1598    28    27     2.5223
   29  8.6819e+12     2.1626    29    28     2.6034
   30  6.8944e+12     2.3423    30    29     2.6844
   31  6.3103e+12     2.4143    31    30     2.7652
   32  6.2770e+12     2.4186    32    31     2.8459
   33  6.1674e+12     2.4331    33    32     2.9266
   34  4.9582e+12     2.6185    34    33     3.0071
   35  4.6280e+12     2.6792    35    34     3.0876
   36  4.5879e+12     2.6869    36    35     3.1680
   37  4.1834e+12     2.7700    37    36     3.2483
   38  4.1448e+12     2.7785    38    37     3.3285
   39  3.8436e+12     2.8479    39    38     3.4087
   40  3.7652e+12     2.8671    40    39     3.4889
   41  3.6938e+12     2.8850    41    40     3.5689
   42  3.3588e+12     2.9753    42    41     3.6490
   43  3.1023e+12     3.0523    43    42     3.7290
   44  2.8173e+12     3.1476    44    43     3.8089
   45  2.5745e+12     3.2388    45    44     3.8889
   46  2.5472e+12     3.2497    46    45     3.9688
   47  2.5008e+12     3.2686    47    46     4.0486
   48  2.4599e+12     3.2856    48    47     4.1285
   49  2.3390e+12     3.3380    49    48     4.2083
   50  2.0859e+12     3.4593    50    49     4.2881
   51  1.9287e+12     3.5441    51    50     4.3678
   52  1.8944e+12     3.5638    52    51     4.4476
   53  1.8893e+12     3.5668    53    52     4.5273
   54  1.8770e+12     3.5739    54    53     4.6070
   55  1.6089e+12     3.7464    55    54     4.6867
   56  1.5244e+12     3.8082    56    55     4.7664
   57  1.4459e+12     3.8695    57    56     4.8460
   58  1.3906e+12     3.9151    58    57     4.9257
   59  1.3783e+12     3.9256    59    58     5.0053
   60  1.3326e+12     3.9655    60    59     5.0849
   61  1.2980e+12     3.9967    61    60     5.1646
   62  1.2369e+12     4.0546    62    61     5.2442
   63  1.2067e+12     4.0846    63    62     5.3238
   64  1.1402e+12     4.1537    64    63     5.4033
   65  1.0980e+12     4.2003    65    64     5.4829
   66  1.0396e+12     4.2683    66    65     5.5625
   67  1.0252e+12     4.2859    67    66     5.6421
   68  9.7954e+11     4.3434    68    67     5.7216
   69  9.7550e+11     4.3487    69    68     5.8012
   70  9.7409e+11     4.3505    70    69     5.8807
   71  7.9524e+11     4.6139    71    70     5.9602
   72  7.9044e+11     4.6220    72    71     6.0398
   73  6.7122e+11     4.8429    73    72     6.1193
   74  6.6818e+11     4.8492    74    73     6.1988
   75  6.5861e+11     4.8691    75    74     6.2783
   76  6.4348e+11     4.9012    76    75     6.3579
   77  6.1462e+11     4.9651    77    76     6.4374
   78  5.7994e+11     5.0469    78    77     6.5169
   79  5.3334e+11     5.1666    79    78     6.5964
   80  4.8576e+11     5.3026    80    79     6.6759
   81  4.7454e+11     5.3370    81    80     6.7554
   82  4.1571e+11     5.5350    82    81     6.8349
   83  4.1385e+11     5.5418    83    82     6.9143
   84  3.6355e+11     5.7409    84    83     6.9938
   85  3.5282e+11     5.7877    85    84     7.0733
   86  3.4569e+11     5.8197    86    85     7.1528
   87  3.4454e+11     5.8250    87    86     7.2323
   88  3.4045e+11     5.8438    88    87     7.3117
   89  3.2824e+11     5.9015    89    88     7.3912
   90  3.2753e+11     5.9050    90    89     7.4707
   91  2.8987e+11     6.1014    91    90     7.5502
   92  2.8560e+11     6.1256    92    91     7.6296
   93  2.7472e+11     6.1892    93    92     7.7091
   94  2.6698e+11     6.2363    94    93     7.7885
   95  2.4757e+11     6.3620    95    94     7.8680
   96  2.4604e+11     6.3724    96    95     7.9475
   97  2.3602e+11     6.4425    97    96     8.0269
   98  2.2993e+11     6.4869    98    97     8.1064
   99  2.0459e+11     6.6877    99    98     8.1858
  100  2.0347e+11     6.6972   100    99     8.2653
