#indx Mass S step-number desc_indx 
    0  1.0000e+14     0.8310     0    -1     0.0134
    1  9.0132e+13     0.8695     1     0     0.1326
    2  7.7490e+13     0.9279     2     1     0.2441
    3  7.2631e+13     0.9538     3     2     0.3500
    4  6.6764e+13     0.9884     4     3     0.4519
    5  6.2026e+13     1.0194     5     4     0.5506
    6  5.8219e+13     1.0467     6     5     0.6467
    7  5.7263e+13     1.0539     7     6     0.7407
    8  5.4036e+13     1.0795     8     7     0.8330
    9  5.3153e+13     1.0869     9     8     0.9238
   10  3.5719e+13     1.2765    10     9     1.0134
   11  3.3161e+13     1.3146    11    10     1.1018
   12  3.0201e+13     1.3638    12    11     1.1894
   13  2.4627e+13     1.4759    13    12     1.2761
   14  1.0835e+13     1.9998    14    13     1.3621
   15  8.8539e+12     2.1478    15    14     1.4474
   16  8.7781e+12     2.1543    16    15     1.5322
   17  8.5019e+12     2.1785    17    16     1.6165
   18  5.7119e+12     2.4971    18    17     1.7003
   19  5.4479e+12     2.5373    19    18     1.7838
   20  5.2454e+12     2.5697    20    19     1.8669
   21  4.7942e+12     2.6480    21    20     1.9496
   22  4.6061e+12     2.6834    22    21     2.0321
   23  4.5326e+12     2.6977    23    22     2.1143
   24  4.3043e+12     2.7442    24    23     2.1963
   25  4.2715e+12     2.7511    25    24     2.2781
   26  4.2374e+12     2.7584    26    25     2.3597
   27  3.7919e+12     2.8605    27    26     2.4411
   28  3.6387e+12     2.8992    28    27     2.5223
   29  3.5314e+12     2.9274    29    28     2.6034
   30  3.5242e+12     2.9294    30    29     2.6844
   31  3.1763e+12     3.0292    31    30     2.7652
   32  3.1363e+12     3.0416    32    31     2.8459
   33  3.1258e+12     3.0449    33    32     2.9266
   34  3.0117e+12     3.0814    34    33     3.0071
   35  2.9588e+12     3.0988    35    34     3.0876
   36  2.9372e+12     3.1061    36    35     3.1680
   37  2.8223e+12     3.1458    37    36     3.2483
   38  2.7494e+12     3.1721    38    37     3.3285
   39  2.7454e+12     3.1736    39    38     3.4087
   40  2.7214e+12     3.1824    40    39     3.4889
   41  2.6902e+12     3.1941    41    40     3.5689
   42  2.6476e+12     3.2103    42    41     3.6490
   43  2.5857e+12     3.2344    43    42     3.7290
   44  2.4350e+12     3.2961    44    43     3.8089
   45  2.4160e+12     3.3042    45    44     3.8889
   46  2.3972e+12     3.3123    46    45     3.9688
   47  2.3608e+12     3.3283    47    46     4.0486
   48  2.3337e+12     3.3403    48    47     4.1285
   49  1.3372e+12     3.9614    49    48     4.2083
   50  1.3249e+12     3.9723    50    49     4.2881
   51  1.3228e+12     3.9742    51    50     4.3678
   52  1.2367e+12     4.0548    52    51     4.4476
   53  1.1368e+12     4.1574    53    52     4.5273
   54  1.0621e+12     4.2416    54    53     4.6070
   55  8.8903e+11     4.4677    55    54     4.6867
   56  8.7979e+11     4.4813    56    55     4.7664
   57  8.5632e+11     4.5165    57    56     4.8460
   58  8.5503e+11     4.5185    58    57     4.9257
   59  7.1962e+11     4.7479    59    58     5.0053
   60  6.8696e+11     4.8111    60    59     5.0849
   61  6.5893e+11     4.8684    61    60     5.1646
   62  6.4300e+11     4.9022    62    61     5.2442
   63  6.3227e+11     4.9256    63    62     5.3238
   64  6.2547e+11     4.9407    64    63     5.4033
   65  5.5164e+11     5.1182    65    64     5.4829
   66  4.4100e+11     5.4460    66    65     5.5625
   67  4.1663e+11     5.5316    67    66     5.6421
   68  4.1176e+11     5.5495    68    67     5.7216
   69  3.9596e+11     5.6091    69    68     5.8012
   70  3.9012e+11     5.6319    70    69     5.8807
   71  2.0678e+11     6.6692    71    70     5.9602
   72  2.0201e+11     6.7098    72    71     6.0398
   73  1.8354e+11     6.8785    73    72     6.1193
   74  1.7855e+11     6.9275    74    73     6.1988
   75  1.7778e+11     6.9353    75    74     6.2783
   76  1.7615e+11     6.9518    76    75     6.3579
   77  1.5610e+11     7.1704    77    76     6.4374
   78  1.5337e+11     7.2026    78    77     6.5169
   79  1.5229e+11     7.2157    79    78     6.5964
   80  1.3304e+11     7.4671    80    79     6.6759
   81  1.1777e+11     7.6994    81    80     6.7554
   82  1.1560e+11     7.7353    82    81     6.8349
   83  1.1476e+11     7.7493    83    82     6.9143
   84  1.1159e+11     7.8037    84    83     6.9938
   85  1.0739e+11     7.8787    85    84     7.0733
   86  7.9759e+10     8.4770    86    85     7.1528
   87  6.8385e+10     8.7990    87    86     7.2323
   88  6.6424e+10     8.8609    88    87     7.3117
   89  6.4321e+10     8.9297    89    88     7.3912
   90  6.3806e+10     8.9469    90    89     7.4707
   91  5.3394e+10     9.3354    91    90     7.5502
   92  5.2597e+10     9.3687    92    91     7.6296
   93  5.2477e+10     9.3738    93    92     7.7091
   94  5.0018e+10     9.4808    94    93     7.7885
   95  4.9855e+10     9.4881    95    94     7.8680
   96  4.9206e+10     9.5175    96    95     7.9475
   97  4.4458e+10     9.7472    97    96     8.0269
   98  4.4344e+10     9.7531    98    97     8.1064
   99  4.0189e+10     9.9797    99    98     8.1858
  100  3.5686e+10    10.2586   100    99     8.2653
