#indx Mass S step-number desc_indx 
    0  1.0000e+14     0.8310     0    -1     0.0134
    1  9.7550e+13     0.8401     1     0     0.1326
    2  9.2874e+13     0.8582     2     1     0.2441
    3  7.1811e+13     0.9584     3     2     0.3500
    4  6.6974e+13     0.9871     4     3     0.4519
    5  6.2143e+13     1.0186     5     4     0.5506
    6  5.8868e+13     1.0418     6     5     0.6467
    7  5.7229e+13     1.0541     7     6     0.7407
    8  5.4993e+13     1.0717     8     7     0.8330
    9  5.2369e+13     1.0935     9     8     0.9238
   10  5.0432e+13     1.1106    10     9     1.0134
   11  4.9741e+13     1.1169    11    10     1.1018
   12  3.4010e+13     1.3015    12    11     1.1894
   13  1.4390e+13     1.8051    13    12     1.2761
   14  1.4349e+13     1.8070    14    13     1.3621
   15  1.4032e+13     1.8218    15    14     1.4474
   16  7.3544e+12     2.2909    16    15     1.5322
   17  3.4195e+12     2.9581    17    16     1.6165
   18  2.9624e+12     3.0976    18    17     1.7003
   19  2.4382e+12     3.2948    19    18     1.7838
   20  2.4063e+12     3.3084    20    19     1.8669
   21  2.4027e+12     3.3100    21    20     1.9496
   22  2.3703e+12     3.3241    22    21     2.0321
   23  2.3242e+12     3.3446    23    22     2.1143
   24  2.3210e+12     3.3461    24    23     2.1963
   25  2.2801e+12     3.3647    25    24     2.2781
   26  2.1849e+12     3.4098    26    25     2.3597
   27  1.4609e+12     3.8574    27    26     2.4411
   28  1.4457e+12     3.8696    28    27     2.5223
   29  1.2398e+12     4.0518    29    28     2.6034
   30  1.2325e+12     4.0590    30    29     2.6844
   31  1.1827e+12     4.1090    31    30     2.7652
   32  1.1474e+12     4.1460    32    31     2.8459
   33  1.1415e+12     4.1523    33    32     2.9266
   34  1.1308e+12     4.1639    34    33     3.0071
   35  1.1116e+12     4.1851    35    34     3.0876
   36  1.0863e+12     4.2135    36    35     3.1680
   37  1.0792e+12     4.2217    37    36     3.2483
   38  1.0542e+12     4.2509    38    37     3.3285
   39  1.0507e+12     4.2550    39    38     3.4087
   40  1.0356e+12     4.2732    40    39     3.4889
   41  8.6427e+11     4.5045    41    40     3.5689
   42  8.5688e+11     4.5157    42    41     3.6490
   43  7.3109e+11     4.7265    43    42     3.7290
   44  7.0232e+11     4.7810    44    43     3.8089
   45  6.7129e+11     4.8428    45    44     3.8889
   46  6.6594e+11     4.8538    46    45     3.9688
   47  6.6446e+11     4.8569    47    46     4.0486
   48  6.1841e+11     4.9566    48    47     4.1285
   49  6.1111e+11     4.9732    49    48     4.2083
   50  5.8269e+11     5.0402    50    49     4.2881
   51  5.6900e+11     5.0740    51    50     4.3678
   52  5.0438e+11     5.2476    52    51     4.4476
   53  4.3148e+11     5.4788    53    52     4.5273
   54  4.2881e+11     5.4881    54    53     4.6070
   55  4.2271e+11     5.5097    55    54     4.6867
   56  4.1346e+11     5.5432    56    55     4.7664
   57  2.2356e+11     6.5348    57    56     4.8460
   58  1.4347e+11     7.3259    58    57     4.9257
   59  1.4272e+11     7.3356    59    58     5.0053
   60  1.4110e+11     7.3568    60    59     5.0849
   61  1.4086e+11     7.3601    61    60     5.1646
   62  1.4079e+11     7.3610    62    61     5.2442
   63  1.1500e+11     7.7453    63    62     5.3238
   64  1.1444e+11     7.7548    64    63     5.4033
   65  7.5351e+10     8.5950    65    64     5.4829
   66  7.4496e+10     8.6188    66    65     5.5625
   67  7.3139e+10     8.6573    67    66     5.6421
   68  7.1118e+10     8.7162    68    67     5.7216
   69  6.1273e+10     9.0342    69    68     5.8012
   70  6.0623e+10     9.0573    70    69     5.8807
   71  6.0206e+10     9.0723    71    70     5.9602
   72  5.9212e+10     9.1084    72    71     6.0398
   73  5.7800e+10     9.1610    73    72     6.1193
   74  5.7421e+10     9.1754    74    73     6.1988
   75  5.7374e+10     9.1772    75    74     6.2783
   76  5.6961e+10     9.1930    76    75     6.3579
   77  5.5592e+10     9.2464    77    76     6.4374
   78  5.1301e+10     9.4242    78    77     6.5169
   79  4.9181e+10     9.5186    79    78     6.5964
   80  4.7995e+10     9.5735    80    79     6.6759
   81  4.7973e+10     9.5746    81    80     6.7554
   82  4.4303e+10     9.7552    82    81     6.8349
   83  4.2677e+10     9.8409    83    82     6.9143
   84  4.1931e+10     9.8815    84    83     6.9938
   85  4.1829e+10     9.8871    85    84     7.0733
   86  4.1764e+10     9.8907    86    85     7.1528
   87  3.1658e+10    10.5451    87    86     7.2323
   88  3.1531e+10    10.5549    88    87     7.3117
   89  3.1326e+10    10.5707    89    88     7.3912
   90  3.0954e+10    10.5996    90    89     7.4707
   91  3.0458e+10    10.6388    91    90     7.5502
   92  3.0270e+10    10.6539    92    91     7.6296
   93  2.9889e+10    10.6848    93    92     7.7091
   94  2.9822e+10    10.6903    94    93     7.7885
   95  2.8740e+10    10.7807    95    94     7.8680
   96  2.8351e+10    10.8142    96    95     7.9475
   97  2.7990e+10    10.8458    97    96     8.0269
   98  2.7952e+10    10.8491    98    97     8.1064
   99  2.7874e+10    10.8560    99    98     8.1858
  100  2.6993e+10    10.9356   100    99     8.2653
