#indx Mass S step-number desc_indx 
    0  1.0000e+14     0.8310     0    -1     0.0134
    1  9.4863e+13     0.8503     1     0     0.1326
    2  7.2425e+13     0.9549     2     1     0.2441
    3  6.8897e+13     0.9753     3     2     0.3500
    4  6.8716e+13     0.9764     4     3     0.4519
    5  6.6433e+13     0.9904     5     4     0.5506
    6  6.5016e+13     0.9995     6     5     0.6467
    7  4.9279e+13     1.1212     7     6     0.7407
    8  4.6428e+13     1.1488     8     7     0.8330
    9  4.3786e+13     1.1764     9     8     0.9238
   10  2.4930e+13     1.4690    10     9     1.0134
   11  2.4571e+13     1.4772    11    10     1.1018
   12  2.0619e+13     1.5792    12    11     1.1894
   13  1.8378e+13     1.6490    13    12     1.2761
   14  1.6604e+13     1.7124    14    13     1.3621
   15  1.6125e+13     1.7311    15    14     1.4474
   16  1.2621e+13     1.8933    16    15     1.5322
   17  1.0893e+13     1.9960    17    16     1.6165
   18  9.4465e+12     2.0995    18    17     1.7003
   19  8.3078e+12     2.1961    19    18     1.7838
   20  8.2361e+12     2.2028    20    19     1.8669
   21  8.1364e+12     2.2121    21    20     1.9496
   22  7.4541e+12     2.2803    22    21     2.0321
   23  6.9781e+12     2.3327    23    22     2.1143
   24  6.9650e+12     2.3342    24    23     2.1963
   25  6.0449e+12     2.4498    25    24     2.2781
   26  5.8739e+12     2.4737    26    25     2.3597
   27  4.7395e+12     2.6581    27    26     2.4411
   28  4.6993e+12     2.6656    28    27     2.5223
   29  3.9584e+12     2.8207    29    28     2.6034
   30  3.8676e+12     2.8421    30    29     2.6844
   31  3.6945e+12     2.8849    31    30     2.7652
   32  3.1068e+12     3.0508    32    31     2.8459
   33  2.9403e+12     3.1051    33    32     2.9266
   34  2.5192e+12     3.2610    34    33     3.0071
   35  2.4797e+12     3.2773    35    34     3.0876
   36  2.4777e+12     3.2782    36    35     3.1680
   37  2.4695e+12     3.2816    37    36     3.2483
   38  2.4612e+12     3.2850    38    37     3.3285
   39  2.3519e+12     3.3322    39    38     3.4087
   40  2.3337e+12     3.3403    40    39     3.4889
   41  2.2448e+12     3.3812    41    40     3.5689
   42  1.4810e+12     3.8415    42    41     3.6490
   43  1.4547e+12     3.8624    43    42     3.7290
   44  1.4196e+12     3.8909    44    43     3.8089
   45  1.3988e+12     3.9082    45    44     3.8889
   46  1.3955e+12     3.9110    46    45     3.9688
   47  1.3923e+12     3.9137    47    46     4.0486
   48  1.3892e+12     3.9163    48    47     4.1285
   49  1.3780e+12     3.9259    49    48     4.2083
   50  9.2327e+11     4.4190    50    49     4.2881
   51  9.2082e+11     4.4224    51    50     4.3678
   52  7.7280e+11     4.6520    52    51     4.4476
   53  6.2139e+11     4.9498    53    52     4.5273
   54  6.0753e+11     4.9814    54    53     4.6070
   55  5.6674e+11     5.0796    55    54     4.6867
   56  5.5396e+11     5.1122    56    55     4.7664
   57  4.4835e+11     5.4213    57    56     4.8460
   58  4.3944e+11     5.4513    58    57     4.9257
   59  4.2989e+11     5.4843    59    58     5.0053
   60  4.2763e+11     5.4923    60    59     5.0849
   61  4.0591e+11     5.5712    61    60     5.1646
   62  4.0085e+11     5.5903    62    61     5.2442
   63  3.3455e+11     5.8714    63    62     5.3238
   64  3.2987e+11     5.8937    64    63     5.4033
   65  3.2454e+11     5.9196    65    64     5.4829
   66  3.2110e+11     5.9365    66    65     5.5625
   67  2.8903e+11     6.1061    67    66     5.6421
   68  1.9340e+11     6.7861    68    67     5.7216
   69  1.8960e+11     6.8210    69    68     5.8012
   70  1.8697e+11     6.8457    70    69     5.8807
   71  1.8157e+11     6.8977    71    70     5.9602
   72  1.7573e+11     6.9560    72    71     6.0398
   73  1.7536e+11     6.9598    73    72     6.1193
   74  1.6940e+11     7.0219    74    73     6.1988
   75  1.6501e+11     7.0693    75    74     6.2783
   76  1.4817e+11     7.2661    76    75     6.3579
   77  1.4158e+11     7.3505    77    76     6.4374
   78  1.3440e+11     7.4480    78    77     6.5169
   79  1.3186e+11     7.4840    79    78     6.5964
   80  1.3182e+11     7.4845    80    79     6.6759
   81  1.2806e+11     7.5392    81    80     6.7554
   82  1.2744e+11     7.5485    82    81     6.8349
   83  1.2167e+11     7.6368    83    82     6.9143
   84  1.1548e+11     7.7373    84    83     6.9938
   85  1.1230e+11     7.7914    85    84     7.0733
   86  8.9868e+10     8.2331    86    85     7.1528
   87  8.7756e+10     8.2813    87    86     7.2323
   88  8.7425e+10     8.2890    88    87     7.3117
   89  8.7193e+10     8.2944    89    88     7.3912
   90  8.3081e+10     8.3930    90    89     7.4707
   91  8.2481e+10     8.4079    91    90     7.5502
   92  7.7417e+10     8.5387    92    91     7.6296
   93  7.7042e+10     8.5488    93    92     7.7091
   94  7.4340e+10     8.6232    94    93     7.7885
   95  7.4252e+10     8.6257    95    94     7.8680
   96  5.0510e+10     9.4589    96    95     7.9475
   97  4.9067e+10     9.5238    97    96     8.0269
   98  4.8644e+10     9.5433    98    97     8.1064
   99  4.8150e+10     9.5663    99    98     8.1858
  100  4.7096e+10     9.6162   100    99     8.2653
