#indx Mass S step-number desc_indx 
    0  1.0000e+14     0.8310     0    -1     0.0134
    1  9.3990e+13     0.8538     1     0     0.1326
    2  8.8790e+13     0.8751     2     1     0.2441
    3  8.7528e+13     0.8806     3     2     0.3500
    4  7.8452e+13     0.9230     4     3     0.4519
    5  7.6609e+13     0.9324     5     4     0.5506
    6  7.4904e+13     0.9414     6     5     0.6467
    7  7.4147e+13     0.9455     7     6     0.7407
    8  6.5037e+13     0.9993     8     7     0.8330
    9  6.3911e+13     1.0067     9     8     0.9238
   10  6.2906e+13     1.0134    10     9     1.0134
   11  5.9320e+13     1.0385    11    10     1.1018
   12  5.8821e+13     1.0422    12    11     1.1894
   13  4.6993e+13     1.1431    13    12     1.2761
   14  4.6555e+13     1.1475    14    13     1.3621
   15  4.5767e+13     1.1555    15    14     1.4474
   16  4.3029e+13     1.1847    16    15     1.5322
   17  4.1616e+13     1.2008    17    16     1.6165
   18  3.8807e+13     1.2350    18    17     1.7003
   19  3.1144e+13     1.3474    19    18     1.7838
   20  2.9181e+13     1.3822    20    19     1.8669
   21  2.7818e+13     1.4081    21    20     1.9496
   22  2.7271e+13     1.4190    22    21     2.0321
   23  2.5574e+13     1.4547    23    22     2.1143
   24  1.7497e+13     1.6795    24    23     2.1963
   25  1.5343e+13     1.7631    25    24     2.2781
   26  1.4685e+13     1.7917    26    25     2.3597
   27  1.2864e+13     1.8802    27    26     2.4411
   28  1.2682e+13     1.8900    28    27     2.5223
   29  1.2533e+13     1.8980    29    28     2.6034
   30  1.2447e+13     1.9028    30    29     2.6844
   31  1.2348e+13     1.9082    31    30     2.7652
   32  1.2300e+13     1.9110    32    31     2.8459
   33  1.0620e+13     2.0142    33    32     2.9266
   34  1.0577e+13     2.0171    34    33     3.0071
   35  1.0267e+13     2.0385    35    34     3.0876
   36  9.9922e+12     2.0582    36    35     3.1680
   37  9.6134e+12     2.0865    37    36     3.2483
   38  8.1918e+12     2.2069    38    37     3.3285
   39  7.9575e+12     2.2293    39    38     3.4087
   40  7.0202e+12     2.3279    40    39     3.4889
   41  6.9063e+12     2.3410    41    40     3.5689
   42  6.5791e+12     2.3802    42    41     3.6490
   43  6.5115e+12     2.3886    43    42     3.7290
   44  6.0737e+12     2.4458    44    43     3.8089
   45  5.9888e+12     2.4575    45    44     3.8889
   46  5.6642e+12     2.5042    46    45     3.9688
   47  5.3544e+12     2.5520    47    46     4.0486
   48  5.1524e+12     2.5851    48    47     4.1285
   49  3.9697e+12     2.8180    49    48     4.2083
   50  3.7848e+12     2.8623    50    49     4.2881
   51  3.5942e+12     2.9108    51    50     4.3678
   52  3.5484e+12     2.9229    52    51     4.4476
   53  3.5142e+12     2.9321    53    52     4.5273
   54  3.4520e+12     2.9491    54    53     4.6070
   55  3.1415e+12     3.0400    55    54     4.6867
   56  3.0667e+12     3.0635    56    55     4.7664
   57  3.0075e+12     3.0827    57    56     4.8460
   58  2.9879e+12     3.0892    58    57     4.9257
   59  2.7644e+12     3.1666    59    58     5.0053
   60  2.6598e+12     3.2056    60    59     5.0849
   61  2.4309e+12     3.2978    61    60     5.1646
   62  2.1724e+12     3.4159    62    61     5.2442
   63  2.0829e+12     3.4608    63    62     5.3238
   64  2.0627e+12     3.4713    64    63     5.4033
   65  1.9546e+12     3.5296    65    64     5.4829
   66  1.9444e+12     3.5353    66    65     5.5625
   67  1.9032e+12     3.5587    67    66     5.6421
   68  1.8944e+12     3.5638    68    67     5.7216
   69  1.7961e+12     3.6226    69    68     5.8012
   70  1.7183e+12     3.6721    70    69     5.8807
   71  1.5075e+12     3.8210    71    70     5.9602
   72  1.5062e+12     3.8220    72    71     6.0398
   73  1.5048e+12     3.8231    73    72     6.1193
   74  1.4842e+12     3.8391    74    73     6.1988
   75  1.4572e+12     3.8604    75    74     6.2783
   76  1.4454e+12     3.8699    76    75     6.3579
   77  4.1616e+11     5.5334    77    76     6.4374
   78  4.1279e+11     5.5457    78    77     6.5169
   79  4.0870e+11     5.5608    79    78     6.5964
   80  4.0215e+11     5.5854    80    79     6.6759
   81  3.9407e+11     5.6164    81    80     6.7554
   82  3.9049e+11     5.6304    82    81     6.8349
   83  3.7126e+11     5.7083    83    82     6.9143
   84  3.6712e+11     5.7257    84    83     6.9938
   85  3.5571e+11     5.7749    85    84     7.0733
   86  3.4945e+11     5.8027    86    85     7.1528
   87  3.3095e+11     5.8885    87    86     7.2323
   88  3.2335e+11     5.9254    88    87     7.3117
   89  3.1981e+11     5.9430    89    88     7.3912
   90  3.1564e+11     5.9640    90    89     7.4707
   91  2.3297e+11     6.4646    91    90     7.5502
   92  2.2841e+11     6.4981    92    91     7.6296
   93  2.2740e+11     6.5057    93    92     7.7091
   94  2.0435e+11     6.6897    94    93     7.7885
   95  1.9061e+11     6.8117    95    94     7.8680
   96  1.8952e+11     6.8218    96    95     7.9475
   97  1.4112e+11     7.3566    97    96     8.0269
   98  1.3134e+11     7.4915    98    97     8.1064
   99  1.2640e+11     7.5641    99    98     8.1858
  100  1.2372e+11     7.6049   100    99     8.2653
