#indx Mass S step-number desc_indx 
    0  1.0000e+14     0.8310     0    -1     0.0134
    1  8.6676e+13     0.8843     1     0     0.1326
    2  8.2196e+13     0.9047     2     1     0.2441
    3  8.1539e+13     0.9078     3     2     0.3500
    4  7.0645e+13     0.9651     4     3     0.4519
    5  6.1438e+13     1.0234     5     4     0.5506
    6  5.6339e+13     1.0610     6     5     0.6467
    7  4.3169e+13     1.1832     7     6     0.7407
    8  3.3769e+13     1.3052     8     7     0.8330
    9  3.3094e+13     1.3156     9     8     0.9238
   10  2.7294e+13     1.4186    10     9     1.0134
   11  2.7218e+13     1.4201    11    10     1.1018
   12  2.6555e+13     1.4337    12    11     1.1894
   13  2.3554e+13     1.5013    13    12     1.2761
   14  2.1988e+13     1.5412    14    13     1.3621
   15  2.1557e+13     1.5528    15    14     1.4474
   16  2.1298e+13     1.5600    16    15     1.5322
   17  1.4462e+13     1.8018    17    16     1.6165
   18  1.1620e+13     1.9504    18    17     1.7003
   19  1.0981e+13     1.9903    19    18     1.7838
   20  9.9417e+12     2.0619    20    19     1.8669
   21  9.8853e+12     2.0661    21    20     1.9496
   22  9.5889e+12     2.0884    22    21     2.0321
   23  9.1760e+12     2.1211    23    22     2.1143
   24  9.0893e+12     2.1281    24    23     2.1963
   25  8.9000e+12     2.1439    25    24     2.2781
   26  8.7570e+12     2.1561    26    25     2.3597
   27  8.2440e+12     2.2020    27    26     2.4411
   28  7.4328e+12     2.2825    28    27     2.5223
   29  6.7885e+12     2.3548    29    28     2.6034
   30  5.7141e+12     2.4968    30    29     2.6844
   31  4.6518e+12     2.6746    31    30     2.7652
   32  4.5984e+12     2.6849    32    31     2.8459
   33  3.7932e+12     2.8602    33    32     2.9266
   34  3.6812e+12     2.8882    34    33     3.0071
   35  3.5876e+12     2.9125    35    34     3.0876
   36  3.3988e+12     2.9639    36    35     3.1680
   37  3.3889e+12     2.9667    37    36     3.2483
   38  2.3237e+12     3.3448    38    37     3.3285
   39  1.5159e+12     3.8146    39    38     3.4087
   40  9.1085e+11     4.4364    40    39     3.4889
   41  8.9732e+11     4.4557    41    40     3.5689
   42  8.8948e+11     4.4671    42    41     3.6490
   43  4.9239e+11     5.2827    43    42     3.7290
   44  4.7841e+11     5.3250    44    43     3.8089
   45  4.7530e+11     5.3347    45    44     3.8889
   46  3.3727e+11     5.8586    46    45     3.9688
   47  3.3187e+11     5.8841    47    46     4.0486
   48  3.2159e+11     5.9341    48    47     4.1285
   49  3.0833e+11     6.0015    49    48     4.2083
   50  3.0410e+11     6.0238    50    49     4.2881
   51  2.8461e+11     6.1313    51    50     4.3678
   52  2.7813e+11     6.1689    52    51     4.4476
   53  2.7624e+11     6.1801    53    52     4.5273
   54  2.7261e+11     6.2019    54    53     4.6070
   55  2.3976e+11     6.4159    55    54     4.6867
   56  2.2682e+11     6.5100    56    55     4.7664
   57  2.2633e+11     6.5137    57    56     4.8460
   58  2.2161e+11     6.5498    58    57     4.9257
   59  2.2066e+11     6.5571    59    58     5.0053
   60  2.0914e+11     6.6495    60    59     5.0849
   61  2.0442e+11     6.6892    61    60     5.1646
   62  1.8788e+11     6.8371    62    61     5.2442
   63  1.8257e+11     6.8879    63    62     5.3238
   64  1.7976e+11     6.9155    64    63     5.4033
   65  1.7669e+11     6.9463    65    64     5.4829
   66  1.7582e+11     6.9551    66    65     5.5625
   67  1.7526e+11     6.9608    67    66     5.6421
   68  1.6950e+11     7.0208    68    67     5.7216
   69  1.5792e+11     7.1491    69    68     5.8012
   70  1.5706e+11     7.1591    70    69     5.8807
   71  1.5597e+11     7.1719    71    70     5.9602
   72  1.5544e+11     7.1781    72    71     6.0398
   73  1.4974e+11     7.2468    73    72     6.1193
   74  1.4651e+11     7.2870    74    73     6.1988
   75  1.4607e+11     7.2926    75    74     6.2783
   76  1.4155e+11     7.3509    76    75     6.3579
   77  1.3327e+11     7.4639    77    76     6.4374
   78  1.3225e+11     7.4783    78    77     6.5169
   79  1.3166e+11     7.4867    79    78     6.5964
   80  1.3036e+11     7.5056    80    79     6.6759
   81  1.2893e+11     7.5264    81    80     6.7554
   82  1.2062e+11     7.6535    82    81     6.8349
   83  1.1217e+11     7.7936    83    82     6.9143
   84  1.0891e+11     7.8511    84    83     6.9938
   85  1.0872e+11     7.8545    85    84     7.0733
   86  8.6729e+10     8.3052    86    85     7.1528
   87  8.6631e+10     8.3075    87    86     7.2323
   88  8.5504e+10     8.3342    88    87     7.3117
   89  7.9617e+10     8.4807    89    88     7.3912
   90  7.6298e+10     8.5689    90    89     7.4707
   91  7.6257e+10     8.5701    91    90     7.5502
   92  7.6158e+10     8.5728    92    91     7.6296
   93  7.1853e+10     8.6945    93    92     7.7091
   94  7.1636e+10     8.7009    94    93     7.7885
   95  6.6448e+10     8.8601    95    94     7.8680
   96  4.8259e+10     9.5612    96    95     7.9475
   97  4.7572e+10     9.5935    97    96     8.0269
   98  4.7418e+10     9.6008    98    97     8.1064
   99  4.4209e+10     9.7601    99    98     8.1858
  100  4.3491e+10     9.7976   100    99     8.2653
