#indx Mass S step-number desc_indx 
    0  1.0000e+14     0.8310     0    -1     0.0134
    1  9.7772e+13     0.8392     1     0     0.1326
    2  9.6787e+13     0.8429     2     1     0.2441
    3  3.6674e+13     1.2632     3     2     0.3500
    4  3.2774e+13     1.3207     4     3     0.4519
    5  3.2464e+13     1.3256     5     4     0.5506
    6  2.7896e+13     1.4066     6     5     0.6467
    7  2.6628e+13     1.4322     7     6     0.7407
    8  2.6001e+13     1.4454     8     7     0.8330
    9  2.4842e+13     1.4710     9     8     0.9238
   10  2.4631e+13     1.4758    10     9     1.0134
   11  2.2657e+13     1.5238    11    10     1.1018
   12  2.0947e+13     1.5698    12    11     1.1894
   13  1.9959e+13     1.5987    13    12     1.2761
   14  1.8442e+13     1.6468    14    13     1.3621
   15  1.7433e+13     1.6818    15    14     1.4474
   16  1.5184e+13     1.7699    16    15     1.5322
   17  1.4741e+13     1.7892    17    16     1.6165
   18  1.4274e+13     1.8104    18    17     1.7003
   19  9.6331e+12     2.0850    19    18     1.7838
   20  9.4230e+12     2.1013    20    19     1.8669
   21  9.3039e+12     2.1108    21    20     1.9496
   22  9.1689e+12     2.1216    22    21     2.0321
   23  9.1043e+12     2.1269    23    22     2.1143
   24  7.8991e+12     2.2350    24    23     2.1963
   25  7.8437e+12     2.2404    25    24     2.2781
   26  7.7099e+12     2.2538    26    25     2.3597
   27  7.6761e+12     2.2573    27    26     2.4411
   28  7.1226e+12     2.3163    28    27     2.5223
   29  6.7627e+12     2.3579    29    28     2.6034
   30  6.4005e+12     2.4026    30    29     2.6844
   31  6.0475e+12     2.4494    31    30     2.7652
   32  5.7677e+12     2.4890    32    31     2.8459
   33  5.3068e+12     2.5597    33    32     2.9266
   34  5.2050e+12     2.5764    34    33     3.0071
   35  1.4312e+12     3.8814    35    34     3.0876
   36  1.3863e+12     3.9188    36    35     3.1680
   37  1.3026e+12     3.9925    37    36     3.2483
   38  1.1547e+12     4.1382    38    37     3.3285
   39  1.1422e+12     4.1516    39    38     3.4087
   40  1.1397e+12     4.1543    40    39     3.4889
   41  1.0581e+12     4.2463    41    40     3.5689
   42  1.0218e+12     4.2901    42    41     3.6490
   43  9.8493e+11     4.3364    43    42     3.7290
   44  9.7508e+11     4.3492    44    43     3.8089
   45  9.3562e+11     4.4019    45    44     3.8889
   46  9.2153e+11     4.4214    46    45     3.9688
   47  9.2099e+11     4.4222    47    46     4.0486
   48  8.9775e+11     4.4551    48    47     4.1285
   49  6.6545e+11     4.8548    49    48     4.2083
   50  6.5736e+11     4.8717    50    49     4.2881
   51  6.2484e+11     4.9421    51    50     4.3678
   52  5.9299e+11     5.0155    52    51     4.4476
   53  5.3875e+11     5.1521    53    52     4.5273
   54  3.7514e+11     5.6922    54    53     4.6070
   55  3.7413e+11     5.6964    55    54     4.6867
   56  3.1293e+11     5.9778    56    55     4.7664
   57  3.0822e+11     6.0021    57    56     4.8460
   58  3.0734e+11     6.0067    58    57     4.9257
   59  2.9656e+11     6.0643    59    58     5.0053
   60  2.9305e+11     6.0836    60    59     5.0849
   61  2.8935e+11     6.1043    61    60     5.1646
   62  2.5307e+11     6.3252    62    61     5.2442
   63  2.5235e+11     6.3300    63    62     5.3238
   64  2.2102e+11     6.5544    64    63     5.4033
   65  2.1979e+11     6.5639    65    64     5.4829
   66  1.7513e+11     6.9621    66    65     5.5625
   67  1.7252e+11     6.9890    67    66     5.6421
   68  1.6742e+11     7.0431    68    67     5.7216
   69  1.6653e+11     7.0528    69    68     5.8012
   70  1.6227e+11     7.0997    70    69     5.8807
   71  1.6156e+11     7.1076    71    70     5.9602
   72  1.5816e+11     7.1464    72    71     6.0398
   73  1.5628e+11     7.1683    73    72     6.1193
   74  1.3865e+11     7.3896    74    73     6.1988
   75  1.3820e+11     7.3957    75    74     6.2783
   76  1.3601e+11     7.4257    76    75     6.3579
   77  1.2619e+11     7.5672    77    76     6.4374
   78  1.1702e+11     7.7116    78    77     6.5169
   79  1.1690e+11     7.7137    79    78     6.5964
   80  1.0699e+11     7.8858    80    79     6.6759
   81  1.0445e+11     7.9332    81    80     6.7554
   82  1.0386e+11     7.9442    82    81     6.8349
   83  1.0242e+11     7.9719    83    82     6.9143
   84  1.0220e+11     7.9760    84    83     6.9938
   85  1.0106e+11     7.9983    85    84     7.0733
   86  8.2218e+10     8.4144    86    85     7.1528
   87  8.1654e+10     8.4286    87    86     7.2323
   88  2.7788e+10    10.8636    88    87     7.3117
   89  2.7719e+10    10.8698    89    88     7.3912
   90  2.6805e+10    10.9528    90    89     7.4707
   91  2.5841e+10    11.0441    91    90     7.5502
   92  2.4252e+10    11.2034    92    91     7.6296
   93  2.3667e+10    11.2652    93    92     7.7091
   94  2.3593e+10    11.2731    94    93     7.7885
   95  1.9245e+10    11.7982    95    94     7.8680
   96  1.9101e+10    11.8178    96    95     7.9475
   97  1.6192e+10    12.2569    97    96     8.0269
   98  1.0655e+10    13.4210    98    97     8.1064
   99  1.0591e+10    13.4383    99    98     8.1858
  100  1.0568e+10    13.4447   100    99     8.2653
