#indx Mass S step-number desc_indx 
    0  1.0000e+14     0.8310     0    -1     0.0134
    1  9.2323e+13     0.8604     1     0     0.1326
    2  9.1504e+13     0.8638     2     1     0.2441
    3  9.0018e+13     0.8699     3     2     0.3500
    4  8.9502e+13     0.8721     4     3     0.4519
    5  7.7591e+13     0.9273     5     4     0.5506
    6  1.7105e+13     1.6937     6     5     0.6467
    7  1.7012e+13     1.6971     7     6     0.7407
    8  1.1023e+13     1.9876     8     7     0.8330
    9  1.1019e+13     1.9878     9     8     0.9238
   10  8.9998e+12     2.1355    10     9     1.0134
   11  7.5936e+12     2.2657    11    10     1.1018
   12  7.2713e+12     2.2999    12    11     1.1894
   13  7.0911e+12     2.3198    13    12     1.2761
   14  6.7232e+12     2.3626    14    13     1.3621
   15  6.5527e+12     2.3834    15    14     1.4474
   16  6.5213e+12     2.3873    16    15     1.5322
   17  5.6658e+12     2.5040    17    16     1.6165
   18  5.4110e+12     2.5431    18    17     1.7003
   19  4.3659e+12     2.7313    19    18     1.7838
   20  4.2185e+12     2.7624    20    19     1.8669
   21  4.2047e+12     2.7654    21    20     1.9496
   22  3.8496e+12     2.8465    22    21     2.0321
   23  3.6483e+12     2.8967    23    22     2.1143
   24  3.5892e+12     2.9121    24    23     2.1963
   25  3.1678e+12     3.0319    25    24     2.2781
   26  3.1271e+12     3.0445    26    25     2.3597
   27  3.1167e+12     3.0477    27    26     2.4411
   28  3.0647e+12     3.0642    28    27     2.5223
   29  2.2066e+12     3.3993    29    28     2.6034
   30  2.1514e+12     3.4262    30    29     2.6844
   31  2.1206e+12     3.4416    31    30     2.7652
   32  2.1160e+12     3.4439    32    31     2.8459
   33  1.9716e+12     3.5202    33    32     2.9266
   34  1.7969e+12     3.6221    34    33     3.0071
   35  1.7253e+12     3.6675    35    34     3.0876
   36  1.6206e+12     3.7382    36    35     3.1680
   37  1.5255e+12     3.8074    37    36     3.2483
   38  1.4314e+12     3.8813    38    37     3.3285
   39  1.2908e+12     4.0034    39    38     3.4087
   40  1.1939e+12     4.0976    40    39     3.4889
   41  1.0195e+12     4.2929    41    40     3.5689
   42  1.0151e+12     4.2983    42    41     3.6490
   43  8.9926e+11     4.4529    43    42     3.7290
   44  8.6680e+11     4.5006    44    43     3.8089
   45  8.3712e+11     4.5462    45    44     3.8889
   46  7.6924e+11     4.6582    46    45     3.9688
   47  7.6765e+11     4.6610    47    46     4.0486
   48  7.3872e+11     4.7125    48    47     4.1285
   49  6.8366e+11     4.8177    49    48     4.2083
   50  6.2952e+11     4.9317    50    49     4.2881
   51  6.2209e+11     4.9483    51    50     4.3678
   52  6.1799e+11     4.9575    52    51     4.4476
   53  6.1669e+11     4.9605    53    52     4.5273
   54  6.0218e+11     4.9938    54    53     4.6070
   55  6.0058e+11     4.9976    55    54     4.6867
   56  5.8460e+11     5.0356    56    55     4.7664
   57  5.7220e+11     5.0660    57    56     4.8460
   58  5.6827e+11     5.0758    58    57     4.9257
   59  5.6620e+11     5.0810    59    58     5.0053
   60  5.5478e+11     5.1101    60    59     5.0849
   61  5.5193e+11     5.1174    61    60     5.1646
   62  5.3185e+11     5.1707    62    61     5.2442
   63  5.1730e+11     5.2108    63    62     5.3238
   64  5.1651e+11     5.2130    64    63     5.4033
   65  5.1586e+11     5.2148    65    64     5.4829
   66  3.0751e+11     6.0058    66    65     5.5625
   67  3.0138e+11     6.0383    67    66     5.6421
   68  2.9983e+11     6.0466    68    67     5.7216
   69  2.8943e+11     6.1038    69    68     5.8012
   70  2.8780e+11     6.1131    70    69     5.8807
   71  2.8642e+11     6.1209    71    70     5.9602
   72  2.6384e+11     6.2559    72    71     6.0398
   73  2.2128e+11     6.5523    73    72     6.1193
   74  7.9552e+10     8.4823    74    73     6.1988
   75  7.8052e+10     8.5217    75    74     6.2783
   76  6.4782e+10     8.9144    76    75     6.3579
   77  6.4630e+10     8.9194    77    76     6.4374
   78  6.2687e+10     8.9850    78    77     6.5169
   79  5.7418e+10     9.1755    79    78     6.5964
   80  5.7052e+10     9.1895    80    79     6.6759
   81  5.3612e+10     9.3263    81    80     6.7554
   82  5.3574e+10     9.3279    82    81     6.8349
   83  5.3191e+10     9.3438    83    82     6.9143
   84  5.2647e+10     9.3666    84    83     6.9938
   85  5.2538e+10     9.3712    85    84     7.0733
   86  4.8994e+10     9.5272    86    85     7.1528
   87  4.6588e+10     9.6408    87    86     7.2323
   88  4.6409e+10     9.6495    88    87     7.3117
   89  1.4516e+08    30.2841    89    88     7.3912
   90  1.4496e+08    30.2912    90    89     7.4707
   91  1.3976e+08    30.4770    91    90     7.5502
   92  1.3945e+08    30.4886    92    91     7.6296
   93  1.3384e+08    30.6985    93    92     7.7091
   94  1.3299e+08    30.7313    94    93     7.7885
   95  1.3293e+08    30.7335    95    94     7.8680
   96  1.3264e+08    30.7447    96    95     7.9475
   97  1.3240e+08    30.7539    97    96     8.0269
   98  1.3174e+08    30.7797    98    97     8.1064
   99  1.3145e+08    30.7911    99    98     8.1858
  100  1.3131e+08    30.7964   100    99     8.2653
