#indx Mass S step-number desc_indx 
    0  1.0000e+14     0.8310     0    -1     0.0134
    1  3.0934e+13     1.3510     1     0     0.1326
    2  3.0158e+13     1.3645     2     1     0.2441
    3  2.8073e+13     1.4031     3     2     0.3500
    4  2.7504e+13     1.4143     4     3     0.4519
    5  2.6744e+13     1.4298     5     4     0.5506
    6  2.6478e+13     1.4353     6     5     0.6467
    7  2.5962e+13     1.4463     7     6     0.7407
    8  2.4554e+13     1.4776     8     7     0.8330
    9  2.3748e+13     1.4966     9     8     0.9238
   10  2.2326e+13     1.5323    10     9     1.0134
   11  2.1218e+13     1.5622    11    10     1.1018
   12  2.0527e+13     1.5819    12    11     1.1894
   13  2.0374e+13     1.5864    13    12     1.2761
   14  1.9508e+13     1.6125    14    13     1.3621
   15  1.7513e+13     1.6789    15    14     1.4474
   16  1.0679e+13     2.0102    16    15     1.5322
   17  1.0452e+13     2.0257    17    16     1.6165
   18  9.2766e+12     2.1129    18    17     1.7003
   19  7.5374e+12     2.2715    19    18     1.7838
   20  7.4611e+12     2.2795    20    19     1.8669
   21  7.3942e+12     2.2866    21    20     1.9496
   22  7.2461e+12     2.3026    22    21     2.0321
   23  7.2072e+12     2.3069    23    22     2.1143
   24  6.8494e+12     2.3476    24    23     2.1963
   25  6.7041e+12     2.3649    25    24     2.2781
   26  6.6382e+12     2.3729    26    25     2.3597
   27  5.7934e+12     2.4852    27    26     2.4411
   28  5.6831e+12     2.5014    28    27     2.5223
   29  4.9058e+12     2.6278    29    28     2.6034
   30  3.6100e+12     2.9066    30    29     2.6844
   31  3.5408e+12     2.9249    31    30     2.7652
   32  3.2297e+12     3.0131    32    31     2.8459
   33  3.1539e+12     3.0361    33    32     2.9266
   34  3.1449e+12     3.0389    34    33     3.0071
   35  2.7855e+12     3.1590    35    34     3.0876
   36  2.7704e+12     3.1644    36    35     3.1680
   37  2.7643e+12     3.1667    37    36     3.2483
   38  2.7300e+12     3.1793    38    37     3.3285
   39  2.6841e+12     3.1964    39    38     3.4087
   40  2.5595e+12     3.2448    40    39     3.4889
   41  2.2149e+12     3.3953    41    40     3.5689
   42  2.0246e+12     3.4914    42    41     3.6490
   43  2.0103e+12     3.4990    43    42     3.7290
   44  1.8486e+12     3.5907    44    43     3.8089
   45  1.4709e+12     3.8495    45    44     3.8889
   46  1.4105e+12     3.8984    46    45     3.9688
   47  1.3325e+12     3.9656    47    46     4.0486
   48  1.3122e+12     3.9838    48    47     4.1285
   49  5.5243e+11     5.1161    49    48     4.2083
   50  5.5172e+11     5.1180    50    49     4.2881
   51  4.5147e+11     5.4110    51    50     4.3678
   52  4.2259e+11     5.5101    52    51     4.4476
   53  4.1515e+11     5.5370    53    52     4.5273
   54  3.9716e+11     5.6045    54    53     4.6070
   55  3.6594e+11     5.7307    55    54     4.6867
   56  3.5870e+11     5.7619    56    55     4.7664
   57  3.4081e+11     5.8421    57    56     4.8460
   58  2.9286e+11     6.0847    58    57     4.9257
   59  2.9159e+11     6.0918    59    58     5.0053
   60  2.9126e+11     6.0936    60    59     5.0849
   61  2.3729e+11     6.4334    61    60     5.1646
   62  2.3671e+11     6.4376    62    61     5.2442
   63  2.2092e+11     6.5551    63    62     5.3238
   64  2.1600e+11     6.5938    64    63     5.4033
   65  2.0609e+11     6.6750    65    64     5.4829
   66  1.9798e+11     6.7450    66    65     5.5625
   67  1.9726e+11     6.7514    67    66     5.6421
   68  1.9555e+11     6.7667    68    67     5.7216
   69  1.9110e+11     6.8072    69    68     5.8012
   70  1.8589e+11     6.8560    70    69     5.8807
   71  1.8343e+11     6.8796    71    70     5.9602
   72  1.7774e+11     6.9357    72    71     6.0398
   73  1.7641e+11     6.9492    73    72     6.1193
   74  1.7587e+11     6.9545    74    73     6.1988
   75  1.7370e+11     6.9769    75    74     6.2783
   76  1.7278e+11     6.9863    76    75     6.3579
   77  1.7190e+11     6.9955    77    76     6.4374
   78  1.6699e+11     7.0477    78    77     6.5169
   79  1.6330e+11     7.0882    79    78     6.5964
   80  1.6293e+11     7.0923    80    79     6.6759
   81  1.2655e+11     7.5619    81    80     6.7554
   82  1.2416e+11     7.5981    82    81     6.8349
   83  1.1153e+11     7.8048    83    82     6.9143
   84  1.1036e+11     7.8253    84    83     6.9938
   85  1.1000e+11     7.8317    85    84     7.0733
   86  1.0467e+11     7.9290    86    85     7.1528
   87  9.2879e+10     8.1667    87    86     7.2323
   88  9.2177e+10     8.1819    88    87     7.3117
   89  8.5401e+10     8.3367    89    88     7.3912
   90  8.4694e+10     8.3536    90    89     7.4707
   91  8.4626e+10     8.3553    91    90     7.5502
   92  8.4160e+10     8.3666    92    91     7.6296
   93  8.2518e+10     8.4070    93    92     7.7091
   94  8.0395e+10     8.4606    94    93     7.7885
   95  6.7092e+10     8.8396    95    94     7.8680
   96  6.5337e+10     8.8961    96    95     7.9475
   97  5.7866e+10     9.1585    97    96     8.0269
   98  4.8786e+10     9.5367    98    97     8.1064
   99  4.8640e+10     9.5435    99    98     8.1858
  100  4.7075e+10     9.6172   100    99     8.2653
