#indx Mass S step-number desc_indx 
    0  1.0000e+14     0.8310     0    -1     0.0134
    1  9.6218e+13     0.8451     1     0     0.1326
    2  6.7110e+13     0.9862     2     1     0.2441
    3  5.2774e+13     1.0901     3     2     0.3500
    4  5.0565e+13     1.1094     4     3     0.4519
    5  3.8413e+13     1.2400     5     4     0.5506
    6  3.8264e+13     1.2419     6     5     0.6467
    7  3.1811e+13     1.3363     7     6     0.7407
    8  7.4045e+12     2.2855     8     7     0.8330
    9  7.1796e+12     2.3100     9     8     0.9238
   10  5.1346e+12     2.5881    10     9     1.0134
   11  5.0112e+12     2.6092    11    10     1.1018
   12  4.3145e+12     2.7420    12    11     1.1894
   13  4.2482e+12     2.7560    13    12     1.2761
   14  3.7786e+12     2.8638    14    13     1.3621
   15  3.6202e+12     2.9040    15    14     1.4474
   16  3.4746e+12     2.9429    16    15     1.5322
   17  3.0432e+12     3.0711    17    16     1.6165
   18  3.0135e+12     3.0808    18    17     1.7003
   19  2.9071e+12     3.1163    19    18     1.7838
   20  2.8797e+12     3.1258    20    19     1.8669
   21  1.9244e+12     3.5466    21    20     1.9496
   22  1.9187e+12     3.5498    22    21     2.0321
   23  1.9029e+12     3.5589    23    22     2.1143
   24  1.8401e+12     3.5958    24    23     2.1963
   25  1.7943e+12     3.6238    25    24     2.2781
   26  1.7751e+12     3.6357    26    25     2.3597
   27  1.5120e+12     3.8176    27    26     2.4411
   28  1.2350e+12     4.0565    28    27     2.5223
   29  1.2249e+12     4.0664    29    28     2.6034
   30  1.2088e+12     4.0825    30    29     2.6844
   31  1.1634e+12     4.1291    31    30     2.7652
   32  7.7322e+11     4.6513    32    31     2.8459
   33  7.3532e+11     4.7187    33    32     2.9266
   34  5.8817e+11     5.0270    34    33     3.0071
   35  5.8536e+11     5.0338    35    34     3.0876
   36  5.6582e+11     5.0820    36    35     3.1680
   37  5.6441e+11     5.0855    37    36     3.2483
   38  5.6175e+11     5.0922    38    37     3.3285
   39  5.5301e+11     5.1146    39    38     3.4087
   40  5.2609e+11     5.1864    40    39     3.4889
   41  4.6135e+11     5.3787    41    40     3.5689
   42  4.6012e+11     5.3827    42    41     3.6490
   43  4.4307e+11     5.4390    43    42     3.7290
   44  4.4005e+11     5.4492    44    43     3.8089
   45  3.9490e+11     5.6132    45    44     3.8889
   46  3.8792e+11     5.6406    46    45     3.9688
   47  3.8587e+11     5.6487    47    46     4.0486
   48  3.8083e+11     5.6690    48    47     4.1285
   49  3.4177e+11     5.8377    49    48     4.2083
   50  3.0113e+11     6.0396    50    49     4.2881
   51  2.9576e+11     6.0687    51    50     4.3678
   52  1.8741e+11     6.8415    52    51     4.4476
   53  1.8358e+11     6.8781    53    52     4.5273
   54  1.8347e+11     6.8792    54    53     4.6070
   55  1.4359e+11     7.3244    55    54     4.6867
   56  1.4186e+11     7.3470    56    55     4.7664
   57  1.4138e+11     7.3533    57    56     4.8460
   58  1.4119e+11     7.3557    58    57     4.9257
   59  1.4096e+11     7.3588    59    58     5.0053
   60  1.3858e+11     7.3906    60    59     5.0849
   61  1.3322e+11     7.4646    61    60     5.1646
   62  1.3227e+11     7.4781    62    61     5.2442
   63  1.3072e+11     7.5004    63    62     5.3238
   64  1.3011e+11     7.5092    64    63     5.4033
   65  1.2885e+11     7.5276    65    64     5.4829
   66  1.2751e+11     7.5474    66    65     5.5625
   67  1.2359e+11     7.6068    67    66     5.6421
   68  1.2145e+11     7.6402    68    67     5.7216
   69  1.2077e+11     7.6510    69    68     5.8012
   70  9.9891e+10     8.0213    70    69     5.8807
   71  9.9442e+10     8.0303    71    70     5.9602
   72  9.9260e+10     8.0339    72    71     6.0398
   73  9.8509e+10     8.0490    73    72     6.1193
   74  9.4274e+10     8.1368    74    73     6.1988
   75  9.1480e+10     8.1972    75    74     6.2783
   76  9.1170e+10     8.2041    76    75     6.3579
   77  2.7001e+10    10.9347    77    76     6.4374
   78  2.6749e+10    10.9580    78    77     6.5169
   79  2.6738e+10    10.9590    79    78     6.5964
   80  2.6510e+10    10.9804    80    79     6.6759
   81  2.6491e+10    10.9822    81    80     6.7554
   82  2.6386e+10    10.9920    82    81     6.8349
   83  2.5387e+10    11.0885    83    82     6.9143
   84  2.2992e+10    11.3388    84    83     6.9938
   85  2.2981e+10    11.3400    85    84     7.0733
   86  2.2654e+10    11.3765    86    85     7.1528
   87  2.2407e+10    11.4045    87    86     7.2323
   88  2.2391e+10    11.4063    88    87     7.3117
   89  2.2308e+10    11.4158    89    88     7.3912
   90  2.2147e+10    11.4343    90    89     7.4707
   91  2.1297e+10    11.5349    91    90     7.5502
   92  1.9567e+10    11.7548    92    91     7.6296
   93  1.9133e+10    11.8134    93    92     7.7091
   94  1.8719e+10    11.8709    94    93     7.7885
   95  1.8705e+10    11.8729    95    94     7.8680
   96  1.6286e+10    12.2414    96    95     7.9475
   97  1.5191e+10    12.4295    97    96     8.0269
   98  1.4802e+10    12.5003    98    97     8.1064
   99  1.4286e+10    12.5974    99    98     8.1858
  100  1.4178e+10    12.6182   100    99     8.2653
