#indx Mass S step-number desc_indx 
    0  1.0000e+14     0.8310     0    -1     0.0134
    1  8.7012e+13     0.8828     1     0     0.1326
    2  8.4979e+13     0.8919     2     1     0.2441
    3  8.3084e+13     0.9006     3     2     0.3500
    4  6.8479e+13     0.9779     4     3     0.4519
    5  6.7049e+13     0.9866     5     4     0.5506
    6  5.7276e+13     1.0538     6     5     0.6467
    7  5.2800e+13     1.0898     7     6     0.7407
    8  4.3113e+13     1.1838     8     7     0.8330
    9  4.1090e+13     1.2070     9     8     0.9238
   10  4.0185e+13     1.2178    10     9     1.0134
   11  2.9891e+13     1.3693    11    10     1.1018
   12  2.0032e+13     1.5965    12    11     1.1894
   13  1.7755e+13     1.6703    13    12     1.2761
   14  1.5412e+13     1.7602    14    13     1.3621
   15  1.4902e+13     1.7821    15    14     1.4474
   16  1.3111e+13     1.8673    16    15     1.5322
   17  1.2963e+13     1.8750    17    16     1.6165
   18  1.2763e+13     1.8856    18    17     1.7003
   19  1.2652e+13     1.8916    19    18     1.7838
   20  1.2174e+13     1.9181    20    19     1.8669
   21  8.0432e+12     2.2210    21    20     1.9496
   22  7.0668e+12     2.3226    22    21     2.0321
   23  6.5959e+12     2.3781    23    22     2.1143
   24  6.5140e+12     2.3883    24    23     2.1963
   25  6.4111e+12     2.4013    25    24     2.2781
   26  6.1688e+12     2.4329    26    25     2.3597
   27  4.2083e+12     2.7646    27    26     2.4411
   28  2.4684e+12     3.2820    28    27     2.5223
   29  2.3915e+12     3.3148    29    28     2.6034
   30  2.3186e+12     3.3472    30    29     2.6844
   31  2.3103e+12     3.3509    31    30     2.7652
   32  2.0699e+12     3.4676    32    31     2.8459
   33  1.2800e+12     4.0135    33    32     2.9266
   34  1.2560e+12     4.0362    34    33     3.0071
   35  1.2161e+12     4.0751    35    34     3.0876
   36  1.1733e+12     4.1187    36    35     3.1680
   37  9.3542e+11     4.4022    37    36     3.2483
   38  9.1498e+11     4.4306    38    37     3.3285
   39  8.7512e+11     4.4882    39    38     3.4087
   40  8.5436e+11     4.5195    40    39     3.4889
   41  8.3366e+11     4.5516    41    40     3.5689
   42  8.1849e+11     4.5758    42    41     3.6490
   43  8.1587e+11     4.5800    43    42     3.7290
   44  7.9771e+11     4.6098    44    43     3.8089
   45  6.7186e+11     4.8416    45    44     3.8889
   46  6.6733e+11     4.8509    46    45     3.9688
   47  6.4742e+11     4.8928    47    46     4.0486
   48  6.3078e+11     4.9289    48    47     4.1285
   49  6.0095e+11     4.9967    49    48     4.2083
   50  5.6263e+11     5.0900    50    49     4.2881
   51  5.5855e+11     5.1004    51    50     4.3678
   52  5.4416e+11     5.1377    52    51     4.4476
   53  5.2634e+11     5.1857    53    52     4.5273
   54  5.2590e+11     5.1869    54    53     4.6070
   55  5.1113e+11     5.2282    55    54     4.6867
   56  4.9838e+11     5.2650    56    55     4.7664
   57  4.4033e+11     5.4483    57    56     4.8460
   58  4.2636e+11     5.4967    58    57     4.9257
   59  3.1162e+11     5.9845    59    58     5.0053
   60  3.1084e+11     5.9885    60    59     5.0849
   61  2.9938e+11     6.0491    61    60     5.1646
   62  2.8602e+11     6.1232    62    61     5.2442
   63  2.8149e+11     6.1492    63    62     5.3238
   64  2.8117e+11     6.1511    64    63     5.4033
   65  2.6592e+11     6.2429    65    64     5.4829
   66  2.5330e+11     6.3237    66    65     5.5625
   67  1.3829e+11     7.3945    67    66     5.6421
   68  1.2866e+11     7.5305    68    67     5.7216
   69  7.5167e+10     8.6001    69    68     5.8012
   70  7.1742e+10     8.6978    70    69     5.8807
   71  7.0317e+10     8.7401    71    70     5.9602
   72  6.6316e+10     8.8644    72    71     6.0398
   73  6.5840e+10     8.8797    73    72     6.1193
   74  6.5626e+10     8.8867    74    73     6.1988
   75  6.4990e+10     8.9075    75    74     6.2783
   76  6.4544e+10     8.9223    76    75     6.3579
   77  5.8818e+10     9.1229    77    76     6.4374
   78  5.8791e+10     9.1239    78    77     6.5169
   79  3.9186e+10    10.0386    79    78     6.5964
   80  3.8656e+10    10.0704    80    79     6.6759
   81  3.6369e+10    10.2137    81    80     6.7554
   82  3.5833e+10    10.2488    82    81     6.8349
   83  3.5811e+10    10.2503    83    82     6.9143
   84  3.5319e+10    10.2831    84    83     6.9938
   85  3.3692e+10    10.3954    85    84     7.0733
   86  2.9505e+10    10.7164    86    85     7.1528
   87  2.4668e+10    11.1606    87    86     7.2323
   88  2.0721e+10    11.6057    88    87     7.3117
   89  2.0669e+10    11.6122    89    88     7.3912
   90  2.0461e+10    11.6385    90    89     7.4707
   91  2.0306e+10    11.6582    91    90     7.5502
   92  2.0164e+10    11.6764    92    91     7.6296
   93  2.0082e+10    11.6870    93    92     7.7091
   94  1.9627e+10    11.7467    94    93     7.7885
   95  1.8389e+10    11.9178    95    94     7.8680
   96  1.7930e+10    11.9845    96    95     7.9475
   97  1.7883e+10    11.9915    97    96     8.0269
   98  1.7798e+10    12.0042    98    97     8.1064
   99  1.7774e+10    12.0077    99    98     8.1858
  100  1.7726e+10    12.0149   100    99     8.2653
