#indx Mass S step-number desc_indx 
    0  1.0000e+14     0.8310     0    -1     0.0134
    1  8.1988e+13     0.9057     1     0     0.1326
    2  8.1103e+13     0.9099     2     1     0.2441
    3  6.8202e+13     0.9795     3     2     0.3500
    4  6.3265e+13     1.0110     4     3     0.4519
    5  3.9896e+13     1.2213     5     4     0.5506
    6  2.9350e+13     1.3791     6     5     0.6467
    7  2.9186e+13     1.3821     7     6     0.7407
    8  2.4521e+13     1.4784     8     7     0.8330
    9  1.7463e+13     1.6807     9     8     0.9238
   10  1.4988e+13     1.7783    10     9     1.0134
   11  1.4432e+13     1.8031    11    10     1.1018
   12  1.1962e+13     1.9302    12    11     1.1894
   13  1.1111e+13     1.9819    13    12     1.2761
   14  1.1063e+13     1.9850    14    13     1.3621
   15  1.0894e+13     1.9960    15    14     1.4474
   16  1.0663e+13     2.0113    16    15     1.5322
   17  1.0428e+13     2.0273    17    16     1.6165
   18  9.5139e+12     2.0942    18    17     1.7003
   19  8.9143e+12     2.1427    19    18     1.7838
   20  8.7863e+12     2.1536    20    19     1.8669
   21  8.4436e+12     2.1837    21    20     1.9496
   22  7.2779e+12     2.2992    22    21     2.0321
   23  7.1439e+12     2.3139    23    22     2.1143
   24  4.5232e+12     2.6996    24    23     2.1963
   25  3.8187e+12     2.8540    25    24     2.2781
   26  3.6200e+12     2.9040    26    25     2.3597
   27  3.5564e+12     2.9208    27    26     2.4411
   28  3.5435e+12     2.9242    28    27     2.5223
   29  3.4912e+12     2.9383    29    28     2.6034
   30  3.0206e+12     3.0784    30    29     2.6844
   31  2.9393e+12     3.1054    31    30     2.7652
   32  1.2737e+12     4.0193    32    31     2.8459
   33  1.2526e+12     4.0395    33    32     2.9266
   34  1.2259e+12     4.0654    34    33     3.0071
   35  1.2072e+12     4.0840    35    34     3.0876
   36  1.1880e+12     4.1036    36    35     3.1680
   37  1.1863e+12     4.1053    37    36     3.2483
   38  1.1621e+12     4.1304    38    37     3.3285
   39  7.0337e+11     4.7789    39    38     3.4087
   40  5.9777e+11     5.0042    40    39     3.4889
   41  4.9874e+11     5.2640    41    40     3.5689
   42  4.8839e+11     5.2947    42    41     3.6490
   43  4.8239e+11     5.3128    43    42     3.7290
   44  4.8054e+11     5.3185    44    43     3.8089
   45  4.6266e+11     5.3745    45    44     3.8889
   46  4.4606e+11     5.4289    46    45     3.9688
   47  4.2151e+11     5.5140    47    46     4.0486
   48  4.0763e+11     5.5648    48    47     4.1285
   49  3.9635e+11     5.6076    49    48     4.2083
   50  3.7581e+11     5.6895    50    49     4.2881
   51  3.6777e+11     5.7230    51    50     4.3678
   52  3.6321e+11     5.7423    52    51     4.4476
   53  3.5735e+11     5.7677    53    52     4.5273
   54  3.4443e+11     5.8255    54    53     4.6070
   55  3.2411e+11     5.9217    55    54     4.6867
   56  3.0940e+11     5.9960    56    55     4.7664
   57  2.9662e+11     6.0640    57    56     4.8460
   58  2.9520e+11     6.0718    58    57     4.9257
   59  2.9073e+11     6.0966    59    58     5.0053
   60  2.7927e+11     6.1622    60    59     5.0849
   61  2.4190e+11     6.4010    61    60     5.1646
   62  1.5415e+11     7.1934    62    61     5.2442
   63  1.4110e+11     7.3569    63    62     5.3238
   64  1.3369e+11     7.4580    64    63     5.4033
   65  1.1502e+11     7.7450    65    64     5.4829
   66  1.0902e+11     7.8491    66    65     5.5625
   67  1.0727e+11     7.8809    67    66     5.6421
   68  1.0589e+11     7.9062    68    67     5.7216
   69  1.0262e+11     7.9680    69    68     5.8012
   70  1.0244e+11     7.9715    70    69     5.8807
   71  9.7371e+10     8.0721    71    70     5.9602
   72  9.6425e+10     8.0916    72    71     6.0398
   73  9.3027e+10     8.1635    73    72     6.1193
   74  9.2620e+10     8.1723    74    73     6.1988
   75  9.2285e+10     8.1796    75    74     6.2783
   76  8.0471e+10     8.4586    76    75     6.3579
   77  7.9839e+10     8.4749    77    76     6.4374
   78  7.6149e+10     8.5730    78    77     6.5169
   79  6.7922e+10     8.8134    79    78     6.5964
   80  5.0285e+10     9.4689    80    79     6.6759
   81  5.0059e+10     9.4789    81    80     6.7554
   82  4.8215e+10     9.5632    82    81     6.8349
   83  4.8053e+10     9.5708    83    82     6.9143
   84  4.7014e+10     9.6202    84    83     6.9938
   85  4.6222e+10     9.6586    85    84     7.0733
   86  4.3504e+10     9.7969    86    85     7.1528
   87  4.3022e+10     9.8224    87    86     7.2323
   88  4.2883e+10     9.8298    88    87     7.3117
   89  4.1936e+10     9.8812    89    88     7.3912
   90  4.1239e+10     9.9199    90    89     7.4707
   91  4.0693e+10     9.9508    91    90     7.5502
   92  3.9595e+10    10.0144    92    91     7.6296
   93  3.8870e+10    10.0574    93    92     7.7091
   94  3.8293e+10    10.0924    94    93     7.7885
   95  3.7133e+10    10.1646    95    94     7.8680
   96  3.6936e+10    10.1772    96    95     7.9475
   97  3.6780e+10    10.1872    97    96     8.0269
   98  3.6233e+10    10.2225    98    97     8.1064
   99  3.6131e+10    10.2292    99    98     8.1858
  100  3.6109e+10    10.2307   100    99     8.2653
