#indx Mass S step-number desc_indx 
    0  1.0000e+14     0.8310     0    -1     0.0134
    1  9.8694e+13     0.8358     1     0     0.1326
    2  9.6179e+13     0.8453     2     1     0.2441
    3  7.8958e+13     0.9204     3     2     0.3500
    4  6.3939e+13     1.0065     4     3     0.4519
    5  6.1880e+13     1.0204     5     4     0.5506
    6  6.1441e+13     1.0234     6     5     0.6467
    7  5.9995e+13     1.0336     7     6     0.7407
    8  5.3043e+13     1.0878     8     7     0.8330
    9  3.2836e+13     1.3197     9     8     0.9238
   10  3.1369e+13     1.3436    10     9     1.0134
   11  2.9448e+13     1.3773    11    10     1.1018
   12  2.9295e+13     1.3801    12    11     1.1894
   13  2.8477e+13     1.3954    13    12     1.2761
   14  2.8399e+13     1.3969    14    13     1.3621
   15  2.3668e+13     1.4986    15    14     1.4474
   16  1.1672e+13     1.9473    16    15     1.5322
   17  1.1538e+13     1.9554    17    16     1.6165
   18  1.1298e+13     1.9702    18    17     1.7003
   19  1.0924e+13     1.9940    19    18     1.7838
   20  1.0885e+13     1.9966    20    19     1.8669
   21  1.0752e+13     2.0053    21    20     1.9496
   22  1.0494e+13     2.0227    22    21     2.0321
   23  1.0444e+13     2.0262    23    22     2.1143
   24  1.0090e+13     2.0511    24    23     2.1963
   25  9.8729e+12     2.0670    25    24     2.2781
   26  9.4270e+12     2.1010    26    25     2.3597
   27  9.2549e+12     2.1147    27    26     2.4411
   28  9.0016e+12     2.1354    28    27     2.5223
   29  8.8979e+12     2.1441    29    28     2.6034
   30  6.2074e+12     2.4278    30    29     2.6844
   31  5.5701e+12     2.5184    31    30     2.7652
   32  5.4979e+12     2.5295    32    31     2.8459
   33  5.4103e+12     2.5432    33    32     2.9266
   34  5.3536e+12     2.5522    34    33     3.0071
   35  5.3175e+12     2.5580    35    34     3.0876
   36  4.9784e+12     2.6150    36    35     3.1680
   37  4.7809e+12     2.6504    37    36     3.2483
   38  4.6063e+12     2.6834    38    37     3.3285
   39  3.6328e+12     2.9007    39    38     3.4087
   40  3.1689e+12     3.0315    40    39     3.4889
   41  2.9846e+12     3.0903    41    40     3.5689
   42  2.3406e+12     3.3372    42    41     3.6490
   43  1.0781e+12     4.2230    43    42     3.7290
   44  9.7426e+11     4.3503    44    43     3.8089
   45  8.9204e+11     4.4634    45    44     3.8889
   46  8.8754e+11     4.4699    46    45     3.9688
   47  8.7756e+11     4.4846    47    46     4.0486
   48  8.5239e+11     4.5225    48    47     4.1285
   49  8.4910e+11     4.5276    49    48     4.2083
   50  8.0113e+11     4.6041    50    49     4.2881
   51  7.8186e+11     4.6365    51    50     4.3678
   52  6.4135e+11     4.9058    52    51     4.4476
   53  5.6697e+11     5.0791    53    52     4.5273
   54  5.6020e+11     5.0962    54    53     4.6070
   55  5.3165e+11     5.1712    55    54     4.6867
   56  5.2612e+11     5.1863    56    55     4.7664
   57  5.0991e+11     5.2317    57    56     4.8460
   58  3.6722e+11     5.7253    58    57     4.9257
   59  3.6656e+11     5.7281    59    58     5.0053
   60  3.1318e+11     5.9765    60    59     5.0849
   61  3.0825e+11     6.0020    61    60     5.1646
   62  2.9807e+11     6.0561    62    61     5.2442
   63  2.9707e+11     6.0616    63    62     5.3238
   64  2.9350e+11     6.0812    64    63     5.4033
   65  2.8128e+11     6.1505    65    64     5.4829
   66  2.7206e+11     6.2052    66    65     5.5625
   67  2.6908e+11     6.2233    67    66     5.6421
   68  2.6614e+11     6.2415    68    67     5.7216
   69  2.6118e+11     6.2727    69    68     5.8012
   70  2.5122e+11     6.3374    70    69     5.8807
   71  2.4412e+11     6.3856    71    70     5.9602
   72  2.2378e+11     6.5331    72    71     6.0398
   73  2.1888e+11     6.5711    73    72     6.1193
   74  2.1765e+11     6.5807    74    73     6.1988
   75  2.1716e+11     6.5846    75    74     6.2783
   76  2.0474e+11     6.6865    76    75     6.3579
   77  1.8166e+11     6.8968    77    76     6.4374
   78  1.7943e+11     6.9188    78    77     6.5169
   79  1.7388e+11     6.9750    79    78     6.5964
   80  1.2376e+11     7.6043    80    79     6.6759
   81  1.1560e+11     7.7352    81    80     6.7554
   82  1.0688e+11     7.8879    82    81     6.8349
   83  1.0659e+11     7.8934    83    82     6.9143
   84  1.0619e+11     7.9006    84    83     6.9938
   85  1.0615e+11     7.9013    85    84     7.0733
   86  1.0522e+11     7.9187    86    85     7.1528
   87  9.5422e+10     8.1125    87    86     7.2323
   88  9.5123e+10     8.1188    88    87     7.3117
   89  9.3256e+10     8.1585    89    88     7.3912
   90  9.3098e+10     8.1619    90    89     7.4707
   91  7.3760e+10     8.6395    91    90     7.5502
   92  7.3300e+10     8.6527    92    91     7.6296
   93  7.1404e+10     8.7077    93    92     7.7091
   94  7.0621e+10     8.7310    94    93     7.7885
   95  7.0268e+10     8.7415    95    94     7.8680
   96  7.0123e+10     8.7459    96    95     7.9475
   97  6.4835e+10     8.9126    97    96     8.0269
   98  6.4129e+10     8.9361    98    97     8.1064
   99  6.3769e+10     8.9482    99    98     8.1858
  100  5.5035e+10     9.2685   100    99     8.2653
