#indx Mass S step-number desc_indx 
    0  1.0000e+14     0.8310     0    -1     0.0134
    1  9.7822e+13     0.8390     1     0     0.1326
    2  9.5558e+13     0.8476     2     1     0.2441
    3  6.9357e+13     0.9726     3     2     0.3500
    4  6.7763e+13     0.9822     4     3     0.4519
    5  6.1989e+13     1.0196     5     4     0.5506
    6  5.6316e+13     1.0612     6     5     0.6467
    7  5.2545e+13     1.0920     7     6     0.7407
    8  4.4858e+13     1.1649     8     7     0.8330
    9  3.9243e+13     1.2295     9     8     0.9238
   10  3.8670e+13     1.2367    10     9     1.0134
   11  3.6341e+13     1.2678    11    10     1.1018
   12  3.6201e+13     1.2697    12    11     1.1894
   13  3.4526e+13     1.2938    13    12     1.2761
   14  3.4172e+13     1.2991    14    13     1.3621
   15  3.3450e+13     1.3101    15    14     1.4474
   16  2.7799e+13     1.4085    16    15     1.5322
   17  2.6051e+13     1.4443    17    16     1.6165
   18  2.4946e+13     1.4687    18    17     1.7003
   19  2.4138e+13     1.4873    19    18     1.7838
   20  2.3829e+13     1.4947    20    19     1.8669
   21  1.9127e+13     1.6245    21    20     1.9496
   22  1.8334e+13     1.6505    22    21     2.0321
   23  1.7290e+13     1.6869    23    22     2.1143
   24  1.6151e+13     1.7301    24    23     2.1963
   25  1.4638e+13     1.7938    25    24     2.2781
   26  1.3510e+13     1.8471    26    25     2.3597
   27  1.3192e+13     1.8631    27    26     2.4411
   28  1.2293e+13     1.9113    28    27     2.5223
   29  1.1324e+13     1.9685    29    28     2.6034
   30  1.1088e+13     1.9835    30    29     2.6844
   31  1.0246e+13     2.0400    31    30     2.7652
   32  6.4262e+12     2.3993    32    31     2.8459
   33  6.2749e+12     2.4189    33    32     2.9266
   34  6.1956e+12     2.4294    34    33     3.0071
   35  5.9619e+12     2.4612    35    34     3.0876
   36  5.8667e+12     2.4747    36    35     3.1680
   37  4.3064e+12     2.7437    37    36     3.2483
   38  3.9859e+12     2.8143    38    37     3.3285
   39  3.8967e+12     2.8352    39    38     3.4087
   40  3.8607e+12     2.8438    40    39     3.4889
   41  3.5019e+12     2.9354    41    40     3.5689
   42  3.4979e+12     2.9365    42    41     3.6490
   43  3.4641e+12     2.9457    43    42     3.7290
   44  3.3775e+12     2.9699    44    43     3.8089
   45  1.0742e+12     4.2275    45    44     3.8889
   46  1.0541e+12     4.2511    46    45     3.9688
   47  1.0449e+12     4.2620    47    46     4.0486
   48  9.9883e+11     4.3187    48    47     4.1285
   49  9.8062e+11     4.3420    49    48     4.2083
   50  9.6743e+11     4.3592    50    49     4.2881
   51  8.0171e+11     4.6032    51    50     4.3678
   52  7.5314e+11     4.6865    52    51     4.4476
   53  6.4059e+11     4.9074    53    52     4.5273
   54  6.3108e+11     4.9283    54    53     4.6070
   55  5.7135e+11     5.0681    55    54     4.6867
   56  5.6838e+11     5.0755    56    55     4.7664
   57  5.6674e+11     5.0796    57    56     4.8460
   58  5.6179e+11     5.0922    58    57     4.9257
   59  5.5790e+11     5.1021    59    58     5.0053
   60  4.5667e+11     5.3939    60    59     5.0849
   61  4.2944e+11     5.4859    61    60     5.1646
   62  4.2912e+11     5.4870    62    61     5.2442
   63  4.2540e+11     5.5001    63    62     5.3238
   64  4.2480e+11     5.5023    64    63     5.4033
   65  3.6585e+11     5.7311    65    64     5.4829
   66  3.6443e+11     5.7372    66    65     5.5625
   67  3.5085e+11     5.7965    67    66     5.6421
   68  3.4878e+11     5.8058    68    67     5.7216
   69  2.4276e+11     6.3949    69    68     5.8012
   70  1.9397e+11     6.7809    70    69     5.8807
   71  1.8770e+11     6.8388    71    70     5.9602
   72  1.8662e+11     6.8490    72    71     6.0398
   73  1.6869e+11     7.0294    73    72     6.1193
   74  1.6670e+11     7.0509    74    73     6.1988
   75  1.5608e+11     7.1706    75    74     6.2783
   76  1.4937e+11     7.2513    76    75     6.3579
   77  1.4491e+11     7.3074    77    76     6.4374
   78  1.2985e+11     7.5129    78    77     6.5169
   79  1.2264e+11     7.6217    79    78     6.5964
   80  1.0946e+11     7.8412    80    79     6.6759
   81  1.0924e+11     7.8452    81    80     6.7554
   82  9.9453e+10     8.0301    82    81     6.8349
   83  9.9140e+10     8.0363    83    82     6.9143
   84  9.8843e+10     8.0423    84    83     6.9938
   85  9.2677e+10     8.1711    85    84     7.0733
   86  8.2221e+10     8.4144    86    85     7.1528
   87  7.1360e+10     8.7090    87    86     7.2323
   88  7.0891e+10     8.7229    88    87     7.3117
   89  6.9717e+10     8.7582    89    88     7.3912
   90  6.9458e+10     8.7660    90    89     7.4707
   91  6.4256e+10     8.9319    91    90     7.5502
   92  6.4004e+10     8.9403    92    91     7.6296
   93  6.3807e+10     8.9469    93    92     7.7091
   94  6.3538e+10     8.9560    94    93     7.7885
   95  6.3451e+10     8.9589    95    94     7.8680
   96  6.2732e+10     8.9834    96    95     7.9475
   97  5.9207e+10     9.1086    97    96     8.0269
   98  5.7698e+10     9.1649    98    97     8.1064
   99  5.6959e+10     9.1930    99    98     8.1858
  100  5.1776e+10     9.4037   100    99     8.2653
