#indx Mass S step-number desc_indx 
    0  1.0000e+14     0.8310     0    -1     0.0134
    1  9.7960e+13     0.8385     1     0     0.1326
    2  9.3117e+13     0.8572     2     1     0.2441
    3  8.5815e+13     0.8881     3     2     0.3500
    4  5.0701e+13     1.1082     4     3     0.4519
    5  4.8489e+13     1.1286     5     4     0.5506
    6  4.2333e+13     1.1926     6     5     0.6467
    7  4.1243e+13     1.2052     7     6     0.7407
    8  3.8414e+13     1.2400     8     7     0.8330
    9  3.1841e+13     1.3358     9     8     0.9238
   10  2.4470e+13     1.4795    10     9     1.0134
   11  1.6605e+13     1.7124    11    10     1.1018
   12  1.6488e+13     1.7169    12    11     1.1894
   13  1.5691e+13     1.7486    13    12     1.2761
   14  1.3056e+13     1.8702    14    13     1.3621
   15  1.2950e+13     1.8757    15    14     1.4474
   16  1.1523e+13     1.9563    16    15     1.5322
   17  9.9862e+12     2.0587    17    16     1.6165
   18  9.8469e+12     2.0689    18    17     1.7003
   19  9.2139e+12     2.1180    19    18     1.7838
   20  8.7197e+12     2.1593    20    19     1.8669
   21  8.4415e+12     2.1839    21    20     1.9496
   22  8.2233e+12     2.2040    22    21     2.0321
   23  8.0051e+12     2.2247    23    22     2.1143
   24  7.3642e+12     2.2898    24    23     2.1963
   25  7.3513e+12     2.2912    25    24     2.2781
   26  6.9440e+12     2.3366    26    25     2.3597
   27  6.7063e+12     2.3646    27    26     2.4411
   28  6.6802e+12     2.3678    28    27     2.5223
   29  6.3016e+12     2.4154    29    28     2.6034
   30  5.9417e+12     2.4641    30    29     2.6844
   31  4.9736e+12     2.6158    31    30     2.7652
   32  4.4781e+12     2.7085    32    31     2.8459
   33  4.3496e+12     2.7347    33    32     2.9266
   34  4.2825e+12     2.7487    34    33     3.0071
   35  3.9090e+12     2.8323    35    34     3.0876
   36  3.7788e+12     2.8637    36    35     3.1680
   37  3.1516e+12     3.0368    37    36     3.2483
   38  3.1275e+12     3.0443    38    37     3.3285
   39  2.8058e+12     3.1517    39    38     3.4087
   40  2.7932e+12     3.1562    40    39     3.4889
   41  2.6046e+12     3.2269    41    40     3.5689
   42  2.5747e+12     3.2387    42    41     3.6490
   43  2.4433e+12     3.2926    43    42     3.7290
   44  2.3695e+12     3.3244    44    43     3.8089
   45  2.3476e+12     3.3341    45    44     3.8889
   46  2.1297e+12     3.4370    46    45     3.9688
   47  2.0621e+12     3.4716    47    46     4.0486
   48  2.0442e+12     3.4810    48    47     4.1285
   49  2.0189e+12     3.4944    49    48     4.2083
   50  1.9571e+12     3.5282    50    49     4.2881
   51  1.2487e+12     4.0432    51    50     4.3678
   52  1.2477e+12     4.0442    52    51     4.4476
   53  1.2446e+12     4.0472    53    52     4.5273
   54  1.2328e+12     4.0586    54    53     4.6070
   55  1.1896e+12     4.1019    55    54     4.6867
   56  1.1434e+12     4.1503    56    55     4.7664
   57  4.7930e+11     5.3223    57    56     4.8460
   58  3.1704e+11     5.9569    58    57     4.9257
   59  2.3697e+11     6.4357    59    58     5.0053
   60  2.2000e+11     6.5623    60    59     5.0849
   61  5.6644e+10     9.2052    61    60     5.1646
   62  5.5642e+10     9.2444    62    61     5.2442
   63  5.4534e+10     9.2887    63    62     5.3238
   64  4.1004e+10     9.9332    64    63     5.4033
   65  3.9946e+10     9.9939    65    64     5.4829
   66  3.8600e+10    10.0738    66    65     5.5625
   67  3.7767e+10    10.1249    67    66     5.6421
   68  3.3846e+10    10.3845    68    67     5.7216
   69  2.6029e+10    11.0260    69    68     5.8012
   70  2.3080e+10    11.3290    70    69     5.8807
   71  2.3008e+10    11.3369    71    70     5.9602
   72  2.3002e+10    11.3376    72    71     6.0398
   73  1.7936e+10    11.9837    73    72     6.1193
   74  1.7869e+10    11.9936    74    73     6.1988
   75  1.7751e+10    12.0113    75    74     6.2783
   76  1.7487e+10    12.0510    76    75     6.3579
   77  1.7418e+10    12.0615    77    76     6.4374
   78  1.7286e+10    12.0818    78    77     6.5169
   79  1.6224e+10    12.2515    79    78     6.5964
   80  1.6118e+10    12.2693    80    79     6.6759
   81  1.6084e+10    12.2749    81    80     6.7554
   82  1.5784e+10    12.3257    82    81     6.8349
   83  1.2290e+10    13.0155    83    82     6.9143
   84  1.1396e+10    13.2289    84    83     6.9938
   85  1.0277e+10    13.5250    85    84     7.0733
   86  1.0154e+10    13.5600    86    85     7.1528
   87  1.0147e+10    13.5618    87    86     7.2323
   88  1.0134e+10    13.5656    88    87     7.3117
   89  1.0021e+10    13.5981    89    88     7.3912
   90  9.9091e+09    13.6307    90    89     7.4707
   91  9.5486e+09    13.7386    91    90     7.5502
   92  9.0020e+09    13.9116    92    91     7.6296
   93  8.9883e+09    13.9161    93    92     7.7091
   94  8.5817e+09    14.0530    94    93     7.7885
   95  8.5286e+09    14.0714    95    94     7.8680
   96  8.4810e+09    14.0881    96    95     7.9475
   97  8.4379e+09    14.1032    97    96     8.0269
   98  8.4313e+09    14.1056    98    97     8.1064
   99  8.0425e+09    14.2466    99    98     8.1858
  100  7.8901e+09    14.3040   100    99     8.2653
