#indx Mass S step-number desc_indx 
    0  1.0000e+14     0.8310     0    -1     0.0134
    1  8.7827e+13     0.8793     1     0     0.1326
    2  7.5359e+13     0.9390     2     1     0.2441
    3  5.7703e+13     1.0505     3     2     0.3500
    4  4.8398e+13     1.1295     4     3     0.4519
    5  4.7650e+13     1.1367     5     4     0.5506
    6  4.5746e+13     1.1557     6     5     0.6467
    7  4.3604e+13     1.1784     7     6     0.7407
    8  4.2966e+13     1.1854     8     7     0.8330
    9  4.1538e+13     1.2017     9     8     0.9238
   10  4.0133e+13     1.2184    10     9     1.0134
   11  4.0037e+13     1.2196    11    10     1.1018
   12  3.4901e+13     1.2883    12    11     1.1894
   13  3.4787e+13     1.2899    13    12     1.2761
   14  3.4138e+13     1.2996    14    13     1.3621
   15  3.3365e+13     1.3114    15    14     1.4474
   16  3.2795e+13     1.3203    16    15     1.5322
   17  3.2114e+13     1.3313    17    16     1.6165
   18  2.8758e+13     1.3900    18    17     1.7003
   19  2.8127e+13     1.4021    19    18     1.7838
   20  2.5641e+13     1.4532    20    19     1.8669
   21  2.3186e+13     1.5104    21    20     1.9496
   22  1.9757e+13     1.6048    22    21     2.0321
   23  1.9597e+13     1.6098    23    22     2.1143
   24  1.8525e+13     1.6441    24    23     2.1963
   25  1.7295e+13     1.6867    25    24     2.2781
   26  1.6327e+13     1.7232    26    25     2.3597
   27  7.0393e+12     2.3257    27    26     2.4411
   28  5.7919e+12     2.4855    28    27     2.5223
   29  5.3855e+12     2.5471    29    28     2.6034
   30  5.2682e+12     2.5660    30    29     2.6844
   31  2.4727e+12     3.2802    31    30     2.7652
   32  2.3545e+12     3.3311    32    31     2.8459
   33  2.3432e+12     3.3361    33    32     2.9266
   34  1.2578e+12     4.0344    34    33     3.0071
   35  1.2264e+12     4.0649    35    34     3.0876
   36  1.0647e+12     4.2385    36    35     3.1680
   37  1.0336e+12     4.2756    37    36     3.2483
   38  1.0013e+12     4.3156    38    37     3.3285
   39  9.9074e+11     4.3290    39    38     3.4087
   40  9.8710e+11     4.3337    40    39     3.4889
   41  9.7221e+11     4.3529    41    40     3.5689
   42  9.2341e+11     4.4188    42    41     3.6490
   43  9.1413e+11     4.4318    43    42     3.7290
   44  8.2040e+11     4.5727    44    43     3.8089
   45  7.7828e+11     4.6426    45    44     3.8889
   46  7.6930e+11     4.6581    46    45     3.9688
   47  7.5730e+11     4.6791    47    46     4.0486
   48  7.4949e+11     4.6930    48    47     4.1285
   49  7.4192e+11     4.7067    49    48     4.2083
   50  7.1494e+11     4.7568    50    49     4.2881
   51  7.1243e+11     4.7615    51    50     4.3678
   52  6.4779e+11     4.8920    52    51     4.4476
   53  6.1295e+11     4.9690    53    52     4.5273
   54  6.1051e+11     4.9745    54    53     4.6070
   55  6.0971e+11     4.9764    55    54     4.6867
   56  6.0572e+11     4.9856    56    55     4.7664
   57  5.9088e+11     5.0205    57    56     4.8460
   58  5.6786e+11     5.0768    58    57     4.9257
   59  5.5277e+11     5.1153    59    58     5.0053
   60  5.5191e+11     5.1175    60    59     5.0849
   61  5.1844e+11     5.2076    61    60     5.1646
   62  5.1218e+11     5.2252    62    61     5.2442
   63  5.0589e+11     5.2432    63    62     5.3238
   64  4.7895e+11     5.3234    64    63     5.4033
   65  4.0952e+11     5.5578    65    64     5.4829
   66  4.0734e+11     5.5659    66    65     5.5625
   67  3.6835e+11     5.7205    67    66     5.6421
   68  3.6757e+11     5.7238    68    67     5.7216
   69  3.4044e+11     5.8438    69    68     5.8012
   70  2.8611e+11     6.1227    70    69     5.8807
   71  2.4583e+11     6.3738    71    70     5.9602
   72  2.3276e+11     6.4660    72    71     6.0398
   73  2.3256e+11     6.4675    73    72     6.1193
   74  2.1292e+11     6.6186    74    73     6.1988
   75  1.8732e+11     6.8424    75    74     6.2783
   76  1.8531e+11     6.8614    76    75     6.3579
   77  6.9382e+10     8.7684    77    76     6.4374
   78  6.9124e+10     8.7762    78    77     6.5169
   79  4.6255e+10     9.6570    79    78     6.5964
   80  3.6020e+10    10.2365    80    79     6.6759
   81  3.5659e+10    10.2604    81    80     6.7554
   82  3.5555e+10    10.2673    82    81     6.8349
   83  3.5408e+10    10.2771    83    82     6.9143
   84  3.4296e+10    10.3530    84    83     6.9938
   85  3.3754e+10    10.3910    85    84     7.0733
   86  3.3493e+10    10.4096    86    85     7.1528
   87  3.3434e+10    10.4138    87    86     7.2323
   88  3.3401e+10    10.4162    88    87     7.3117
   89  3.3220e+10    10.4292    89    88     7.3912
   90  3.1989e+10    10.5200    90    89     7.4707
   91  3.1737e+10    10.5391    91    90     7.5502
   92  3.1421e+10    10.5633    92    91     7.6296
   93  3.1296e+10    10.5730    93    92     7.7091
   94  2.9986e+10    10.6769    94    93     7.7885
   95  2.7481e+10    10.8911    95    94     7.8680
   96  2.7019e+10    10.9331    96    95     7.9475
   97  2.5761e+10    11.0518    97    96     8.0269
   98  2.5527e+10    11.0747    98    97     8.1064
   99  2.5312e+10    11.0959    99    98     8.1858
  100  2.5066e+10    11.1203   100    99     8.2653
