#indx Mass S step-number desc_indx 
    0  1.0000e+14     0.8310     0    -1     0.0134
    1  9.6505e+13     0.8440     1     0     0.1326
    2  9.4825e+13     0.8505     2     1     0.2441
    3  9.0868e+13     0.8664     3     2     0.3500
    4  2.0096e+13     1.5946     4     3     0.4519
    5  1.9622e+13     1.6090     5     4     0.5506
    6  1.8077e+13     1.6592     6     5     0.6467
    7  1.6792e+13     1.7053     7     6     0.7407
    8  1.3646e+13     1.8404     8     7     0.8330
    9  1.3623e+13     1.8415     9     8     0.9238
   10  1.3194e+13     1.8630    10     9     1.0134
   11  1.3000e+13     1.8731    11    10     1.1018
   12  6.6445e+12     2.3721    12    11     1.1894
   13  6.2821e+12     2.4179    13    12     1.2761
   14  5.7502e+12     2.4915    14    13     1.3621
   15  4.6229e+12     2.6802    15    14     1.4474
   16  4.4312e+12     2.7180    16    15     1.5322
   17  4.3648e+12     2.7315    17    16     1.6165
   18  4.3239e+12     2.7400    18    17     1.7003
   19  4.2607e+12     2.7534    19    18     1.7838
   20  3.9999e+12     2.8111    20    19     1.8669
   21  3.6771e+12     2.8893    21    20     1.9496
   22  3.5055e+12     2.9344    22    21     2.0321
   23  3.4894e+12     2.9388    23    22     2.1143
   24  1.2889e+12     4.0052    24    23     2.1963
   25  1.2833e+12     4.0104    25    24     2.2781
   26  1.2494e+12     4.0425    26    25     2.3597
   27  1.2450e+12     4.0468    27    26     2.4411
   28  1.1716e+12     4.1205    28    27     2.5223
   29  1.1642e+12     4.1282    29    28     2.6034
   30  1.0584e+12     4.2459    30    29     2.6844
   31  8.6652e+11     4.5011    31    30     2.7652
   32  8.5670e+11     4.5159    32    31     2.8459
   33  8.3819e+11     4.5445    33    32     2.9266
   34  8.3009e+11     4.5573    34    33     3.0071
   35  8.2941e+11     4.5584    35    34     3.0876
   36  7.4898e+11     4.6940    36    35     3.1680
   37  7.3911e+11     4.7118    37    36     3.2483
   38  7.3697e+11     4.7157    38    37     3.3285
   39  7.3434e+11     4.7205    39    38     3.4087
   40  1.1429e+11     7.7574    40    39     3.4889
   41  1.1187e+11     7.7988    41    40     3.5689
   42  1.1115e+11     7.8115    42    41     3.6490
   43  9.5436e+10     8.1122    43    42     3.7290
   44  8.8540e+10     8.2633    44    43     3.8089
   45  8.0091e+10     8.4684    45    44     3.8889
   46  7.9393e+10     8.4865    46    45     3.9688
   47  7.9037e+10     8.4958    47    46     4.0486
   48  7.5571e+10     8.5889    48    47     4.1285
   49  7.4514e+10     8.6183    49    48     4.2083
   50  7.3546e+10     8.6456    50    49     4.2881
   51  7.3430e+10     8.6490    51    50     4.3678
   52  7.1704e+10     8.6989    52    51     4.4476
   53  7.1233e+10     8.7128    53    52     4.5273
   54  6.9951e+10     8.7511    54    53     4.6070
   55  6.8024e+10     8.8103    55    54     4.6867
   56  6.6709e+10     8.8518    56    55     4.7664
   57  6.5871e+10     8.8787    57    56     4.8460
   58  6.5769e+10     8.8820    58    57     4.9257
   59  6.4569e+10     8.9214    59    58     5.0053
   60  6.1997e+10     9.0088    60    59     5.0849
   61  5.9134e+10     9.1113    61    60     5.1646
   62  4.8374e+10     9.5558    62    61     5.2442
   63  4.4534e+10     9.7433    63    62     5.3238
   64  4.4296e+10     9.7555    64    63     5.4033
   65  4.2353e+10     9.8585    65    64     5.4829
   66  2.8281e+10    10.8203    66    65     5.5625
   67  2.8060e+10    10.8396    67    66     5.6421
   68  2.7216e+10    10.9151    68    67     5.7216
   69  2.6738e+10    10.9591    69    68     5.8012
   70  2.6555e+10    10.9761    70    69     5.8807
   71  2.5859e+10    11.0423    71    70     5.9602
   72  2.1089e+10    11.5602    72    71     6.0398
   73  2.0386e+10    11.6480    73    72     6.1193
   74  2.0122e+10    11.6818    74    73     6.1988
   75  1.9799e+10    11.7240    75    74     6.2783
   76  1.9611e+10    11.7489    76    75     6.3579
   77  1.9597e+10    11.7508    77    76     6.4374
   78  1.8754e+10    11.8660    78    77     6.5169
   79  1.8569e+10    11.8922    79    78     6.5964
   80  1.8421e+10    11.9132    80    79     6.6759
   81  1.8196e+10    11.9457    81    80     6.7554
   82  1.7799e+10    12.0041    82    81     6.8349
   83  1.6868e+10    12.1471    83    82     6.9143
   84  1.6688e+10    12.1758    84    83     6.9938
   85  1.5668e+10    12.3457    85    84     7.0733
   86  1.5285e+10    12.4127    86    85     7.1528
   87  1.5148e+10    12.4373    87    86     7.2323
   88  1.4397e+10    12.5761    88    87     7.3117
   89  1.4273e+10    12.5999    89    88     7.3912
   90  1.4266e+10    12.6013    90    89     7.4707
   91  1.4092e+10    12.6350    91    90     7.5502
   92  8.3281e+09    14.1422    92    91     7.6296
   93  7.8537e+09    14.3179    93    92     7.7091
   94  7.8508e+09    14.3190    94    93     7.7885
   95  7.7462e+09    14.3594    95    94     7.8680
   96  7.5875e+09    14.4219    96    95     7.9475
   97  7.5853e+09    14.4228    97    96     8.0269
   98  7.5775e+09    14.4259    98    97     8.1064
   99  6.7946e+09    14.7584    99    98     8.1858
  100  6.7523e+09    14.7776   100    99     8.2653
