#indx Mass S step-number desc_indx 
    0  1.0000e+14     0.8310     0    -1     0.0134
    1  9.9701e+13     0.8321     1     0     0.1326
    2  9.8869e+13     0.8351     2     1     0.2441
    3  8.9320e+13     0.8729     3     2     0.3500
    4  7.4844e+13     0.9417     4     3     0.4519
    5  7.1614e+13     0.9595     5     4     0.5506
    6  7.1136e+13     0.9622     6     5     0.6467
    7  6.9968e+13     0.9690     7     6     0.7407
    8  6.3521e+13     1.0093     8     7     0.8330
    9  5.9388e+13     1.0380     9     8     0.9238
   10  4.4848e+13     1.1650    10     9     1.0134
   11  3.6865e+13     1.2605    11    10     1.1018
   12  3.4789e+13     1.2899    12    11     1.1894
   13  2.4411e+13     1.4809    13    12     1.2761
   14  2.3235e+13     1.5092    14    13     1.3621
   15  2.0095e+13     1.5946    15    14     1.4474
   16  1.6899e+13     1.7013    16    15     1.5322
   17  1.3929e+13     1.8266    17    16     1.6165
   18  1.1993e+13     1.9284    18    17     1.7003
   19  1.1928e+13     1.9322    19    18     1.7838
   20  1.1894e+13     1.9342    20    19     1.8669
   21  9.9169e+12     2.0637    21    20     1.9496
   22  9.6495e+12     2.0838    22    21     2.0321
   23  9.3291e+12     2.1087    23    22     2.1143
   24  8.6833e+12     2.1625    24    23     2.1963
   25  8.4298e+12     2.1850    25    24     2.2781
   26  8.2744e+12     2.1992    26    25     2.3597
   27  7.8135e+12     2.2434    27    26     2.4411
   28  3.7288e+12     2.8762    28    27     2.5223
   29  3.6817e+12     2.8881    29    28     2.6034
   30  3.6358e+12     2.8999    30    29     2.6844
   31  3.6022e+12     2.9087    31    30     2.7652
   32  3.4648e+12     2.9455    32    31     2.8459
   33  3.3758e+12     2.9704    33    32     2.9266
   34  2.8985e+12     3.1193    34    33     3.0071
   35  2.7253e+12     3.1810    35    34     3.0876
   36  2.6843e+12     3.1963    36    35     3.1680
   37  2.6663e+12     3.2031    37    36     3.2483
   38  2.6384e+12     3.2138    38    37     3.3285
   39  2.6155e+12     3.2226    39    38     3.4087
   40  2.5758e+12     3.2383    40    39     3.4889
   41  2.4263e+12     3.2998    41    40     3.5689
   42  2.3190e+12     3.3470    42    41     3.6490
   43  2.2334e+12     3.3865    43    42     3.7290
   44  1.7908e+12     3.6259    44    43     3.8089
   45  1.7804e+12     3.6324    45    44     3.8889
   46  1.7644e+12     3.6424    46    45     3.9688
   47  1.7327e+12     3.6627    47    46     4.0486
   48  1.7005e+12     3.6838    48    47     4.1285
   49  1.3501e+12     3.9500    49    48     4.2083
   50  1.1963e+12     4.0950    50    49     4.2881
   51  6.4238e+11     4.9036    51    50     4.3678
   52  6.3440e+11     4.9210    52    51     4.4476
   53  4.8360e+11     5.3092    53    52     4.5273
   54  4.6041e+11     5.3818    54    53     4.6070
   55  4.5078e+11     5.4132    55    54     4.6867
   56  4.4575e+11     5.4300    56    55     4.7664
   57  4.2554e+11     5.4996    57    56     4.8460
   58  3.5255e+11     5.7889    58    57     4.9257
   59  3.0874e+11     5.9994    59    58     5.0053
   60  2.2216e+11     6.5455    60    59     5.0849
   61  1.5248e+11     7.2134    61    60     5.1646
   62  1.4022e+11     7.3686    62    61     5.2442
   63  1.1934e+11     7.6740    63    62     5.3238
   64  1.1544e+11     7.7379    64    63     5.4033
   65  1.1536e+11     7.7393    65    64     5.4829
   66  1.1446e+11     7.7545    66    65     5.5625
   67  1.1232e+11     7.7910    67    66     5.6421
   68  1.1092e+11     7.8155    68    67     5.7216
   69  9.5151e+10     8.1182    69    68     5.8012
   70  8.0811e+10     8.4499    70    69     5.8807
   71  7.5642e+10     8.5869    71    70     5.9602
   72  7.2942e+10     8.6629    72    71     6.0398
   73  7.2613e+10     8.6724    73    72     6.1193
   74  6.8513e+10     8.7950    74    73     6.1988
   75  6.1144e+10     9.0388    75    74     6.2783
   76  5.5329e+10     9.2568    76    75     6.3579
   77  5.5065e+10     9.2673    77    76     6.4374
   78  5.4906e+10     9.2737    78    77     6.5169
   79  5.3025e+10     9.3507    79    78     6.5964
   80  5.0745e+10     9.4485    80    79     6.6759
   81  4.9713e+10     9.4945    81    80     6.7554
   82  4.9608e+10     9.4992    82    81     6.8349
   83  4.9275e+10     9.5143    83    82     6.9143
   84  4.5772e+10     9.6808    84    83     6.9938
   85  4.3099e+10     9.8183    85    84     7.0733
   86  4.0608e+10     9.9557    86    85     7.1528
   87  4.0526e+10     9.9603    87    86     7.2323
   88  4.0233e+10     9.9772    88    87     7.3117
   89  3.7488e+10    10.1423    89    88     7.3912
   90  3.7256e+10    10.1569    90    89     7.4707
   91  3.7066e+10    10.1689    91    90     7.5502
   92  3.6688e+10    10.1931    92    91     7.6296
   93  3.4849e+10    10.3149    93    92     7.7091
   94  3.3412e+10    10.4154    94    93     7.7885
   95  3.3327e+10    10.4215    95    94     7.8680
   96  2.7496e+10    10.8897    96    95     7.9475
   97  2.6972e+10    10.9375    97    96     8.0269
   98  2.6844e+10    10.9493    98    97     8.1064
   99  2.6741e+10    10.9588    99    98     8.1858
  100  2.6661e+10    10.9662   100    99     8.2653
