#indx Mass S step-number desc_indx 
    0  1.0000e+14     0.8310     0    -1     0.0134
    1  9.1477e+13     0.8639     1     0     0.1326
    2  6.4233e+13     1.0046     2     1     0.2441
    3  4.7424e+13     1.1389     3     2     0.3500
    4  4.5962e+13     1.1535     4     3     0.4519
    5  4.1120e+13     1.2066     5     4     0.5506
    6  4.0297e+13     1.2165     6     5     0.6467
    7  3.3928e+13     1.3028     7     6     0.7407
    8  2.7445e+13     1.4155     8     7     0.8330
    9  2.5258e+13     1.4617     9     8     0.9238
   10  1.5699e+13     1.7483    10     9     1.0134
   11  1.5217e+13     1.7685    11    10     1.1018
   12  1.4087e+13     1.8192    12    11     1.1894
   13  1.4028e+13     1.8220    13    12     1.2761
   14  6.9344e+12     2.3377    14    13     1.3621
   15  5.7333e+12     2.4940    15    14     1.4474
   16  4.5902e+12     2.6865    16    15     1.5322
   17  4.4986e+12     2.7045    17    16     1.6165
   18  4.3611e+12     2.7323    18    17     1.7003
   19  4.0374e+12     2.8025    19    18     1.7838
   20  3.9092e+12     2.8322    20    19     1.8669
   21  3.8368e+12     2.8496    21    20     1.9496
   22  3.7017e+12     2.8830    22    21     2.0321
   23  3.6757e+12     2.8896    23    22     2.1143
   24  3.4787e+12     2.9417    24    23     2.1963
   25  3.4662e+12     2.9452    25    24     2.2781
   26  3.0288e+12     3.0758    26    25     2.3597
   27  2.9695e+12     3.0953    27    26     2.4411
   28  2.8806e+12     3.1254    28    27     2.5223
   29  2.8694e+12     3.1293    29    28     2.6034
   30  2.7260e+12     3.1807    30    29     2.6844
   31  2.5410e+12     3.2522    31    30     2.7652
   32  2.5289e+12     3.2571    32    31     2.8459
   33  2.4476e+12     3.2908    33    32     2.9266
   34  2.3346e+12     3.3399    34    33     3.0071
   35  2.0920e+12     3.4562    35    34     3.0876
   36  1.9904e+12     3.5099    36    35     3.1680
   37  1.9186e+12     3.5499    37    36     3.2483
   38  1.8744e+12     3.5754    38    37     3.3285
   39  1.8483e+12     3.5909    39    38     3.4087
   40  1.8047e+12     3.6173    40    39     3.4889
   41  1.7585e+12     3.6462    41    40     3.5689
   42  1.5191e+12     3.8122    42    41     3.6490
   43  1.4556e+12     3.8617    43    42     3.7290
   44  1.4410e+12     3.8734    44    43     3.8089
   45  1.4258e+12     3.8858    45    44     3.8889
   46  7.6417e+11     4.6670    46    45     3.9688
   47  7.3116e+11     4.7264    47    46     4.0486
   48  7.0901e+11     4.7681    48    47     4.1285
   49  6.9094e+11     4.8032    49    48     4.2083
   50  6.6602e+11     4.8536    50    49     4.2881
   51  6.4990e+11     4.8874    51    50     4.3678
   52  6.4603e+11     4.8957    52    51     4.4476
   53  4.9747e+11     5.2677    53    52     4.5273
   54  4.8977e+11     5.2906    54    53     4.6070
   55  4.1563e+11     5.5353    55    54     4.6867
   56  4.0432e+11     5.5772    56    55     4.7664
   57  3.8832e+11     5.6390    57    56     4.8460
   58  2.3946e+11     6.4180    58    57     4.9257
   59  2.2913e+11     6.4928    59    58     5.0053
   60  2.2750e+11     6.5050    60    59     5.0849
   61  1.5351e+11     7.2011    61    60     5.1646
   62  1.5312e+11     7.2057    62    61     5.2442
   63  1.4820e+11     7.2659    63    62     5.3238
   64  1.4209e+11     7.3439    64    63     5.4033
   65  1.4143e+11     7.3525    65    64     5.4829
   66  5.1925e+10     9.3973    66    65     5.5625
   67  5.1901e+10     9.3983    67    66     5.6421
   68  5.1223e+10     9.4276    68    67     5.7216
   69  4.7761e+10     9.5845    69    68     5.8012
   70  3.1928e+10    10.5246    70    69     5.8807
   71  3.1866e+10    10.5294    71    70     5.9602
   72  3.0226e+10    10.6574    72    71     6.0398
   73  2.8987e+10    10.7597    73    72     6.1193
   74  2.8930e+10    10.7645    74    73     6.1988
   75  2.8905e+10    10.7667    75    74     6.2783
   76  2.8517e+10    10.7999    76    75     6.3579
   77  2.5291e+10    11.0980    77    76     6.4374
   78  1.7545e+10    12.0422    78    77     6.5169
   79  1.7519e+10    12.0461    79    78     6.5964
   80  1.7245e+10    12.0881    80    79     6.6759
   81  1.7079e+10    12.1139    81    80     6.7554
   82  1.7028e+10    12.1219    82    81     6.8349
   83  1.5830e+10    12.3179    83    82     6.9143
   84  1.5725e+10    12.3359    84    83     6.9938
   85  1.4832e+10    12.4946    85    84     7.0733
   86  1.4213e+10    12.6115    86    85     7.1528
   87  1.4157e+10    12.6224    87    86     7.2323
   88  1.2868e+10    12.8867    88    87     7.3117
   89  1.2786e+10    12.9046    89    88     7.3912
   90  1.1575e+10    13.1846    90    89     7.4707
   91  1.1535e+10    13.1945    91    90     7.5502
   92  9.8659e+09    13.6434    92    91     7.6296
   93  9.8004e+09    13.6628    93    92     7.7091
   94  9.7533e+09    13.6768    94    93     7.7885
   95  9.7340e+09    13.6825    95    94     7.8680
   96  9.6837e+09    13.6976    96    95     7.9475
   97  9.3222e+09    13.8088    97    96     8.0269
   98  9.2689e+09    13.8257    98    97     8.1064
   99  9.1046e+09    13.8782    99    98     8.1858
  100  8.8969e+09    13.9462   100    99     8.2653
