#indx Mass S step-number desc_indx 
    0  1.0000e+14     0.8310     0    -1     0.0134
    1  9.7297e+13     0.8410     1     0     0.1326
    2  9.0314e+13     0.8687     2     1     0.2441
    3  7.2788e+13     0.9529     3     2     0.3500
    4  6.9927e+13     0.9693     4     3     0.4519
    5  6.6158e+13     0.9922     5     4     0.5506
    6  3.2042e+13     1.3325     6     5     0.6467
    7  2.0117e+13     1.5940     7     6     0.7407
    8  1.9488e+13     1.6131     8     7     0.8330
    9  1.9373e+13     1.6167     9     8     0.9238
   10  1.7102e+13     1.6938    10     9     1.0134
   11  1.4577e+13     1.7966    11    10     1.1018
   12  1.4248e+13     1.8116    12    11     1.1894
   13  1.4002e+13     1.8232    13    12     1.2761
   14  1.1617e+13     1.9506    14    13     1.3621
   15  1.1574e+13     1.9532    15    14     1.4474
   16  1.1457e+13     1.9603    16    15     1.5322
   17  1.0145e+13     2.0472    17    16     1.6165
   18  9.6771e+12     2.0817    18    17     1.7003
   19  9.3540e+12     2.1068    19    18     1.7838
   20  8.6648e+12     2.1641    20    19     1.8669
   21  8.6600e+12     2.1645    21    20     1.9496
   22  8.4932e+12     2.1793    22    21     2.0321
   23  7.2826e+12     2.2987    23    22     2.1143
   24  7.2170e+12     2.3058    24    23     2.1963
   25  6.9588e+12     2.3349    25    24     2.2781
   26  6.1600e+12     2.4341    26    25     2.3597
   27  5.2841e+12     2.5634    27    26     2.4411
   28  3.7089e+12     2.8812    28    27     2.5223
   29  3.6443e+12     2.8977    29    28     2.6034
   30  3.3931e+12     2.9655    30    29     2.6844
   31  3.3046e+12     2.9909    31    30     2.7652
   32  3.1669e+12     3.0321    32    31     2.8459
   33  3.0055e+12     3.0834    33    32     2.9266
   34  2.9703e+12     3.0950    34    33     3.0071
   35  2.6910e+12     3.1938    35    34     3.0876
   36  2.4933e+12     3.2717    36    35     3.1680
   37  2.4622e+12     3.2846    37    36     3.2483
   38  2.3155e+12     3.3485    38    37     3.3285
   39  2.3094e+12     3.3513    39    38     3.4087
   40  2.1240e+12     3.4399    40    39     3.4889
   41  2.0922e+12     3.4560    41    40     3.5689
   42  2.0859e+12     3.4593    42    41     3.6490
   43  1.9661e+12     3.5232    43    42     3.7290
   44  1.4208e+12     3.8899    44    43     3.8089
   45  1.4133e+12     3.8961    45    44     3.8889
   46  1.2994e+12     3.9955    46    45     3.9688
   47  1.2980e+12     3.9967    47    46     4.0486
   48  1.1253e+12     4.1699    48    47     4.1285
   49  1.0855e+12     4.2144    49    48     4.2083
   50  1.0670e+12     4.2359    50    49     4.2881
   51  1.0610e+12     4.2429    51    50     4.3678
   52  1.0471e+12     4.2594    52    51     4.4476
   53  1.0210e+12     4.2911    53    52     4.5273
   54  9.9929e+11     4.3181    54    53     4.6070
   55  9.9709e+11     4.3209    55    54     4.6867
   56  9.9481e+11     4.3238    56    55     4.7664
   57  8.5959e+11     4.5115    57    56     4.8460
   58  7.6782e+11     4.6607    58    57     4.9257
   59  7.4571e+11     4.6998    59    58     5.0053
   60  7.3986e+11     4.7104    60    59     5.0849
   61  7.0654e+11     4.7728    61    60     5.1646
   62  7.0557e+11     4.7747    62    61     5.2442
   63  6.7430e+11     4.8366    63    62     5.3238
   64  6.6166e+11     4.8627    64    63     5.4033
   65  6.2466e+11     4.9425    65    64     5.4829
   66  6.1835e+11     4.9567    66    65     5.5625
   67  5.1355e+11     5.2214    67    66     5.6421
   68  5.0816e+11     5.2367    68    67     5.7216
   69  5.0182e+11     5.2550    69    68     5.8012
   70  4.2680e+11     5.4952    70    69     5.8807
   71  4.1672e+11     5.5313    71    70     5.9602
   72  3.7586e+11     5.6892    72    71     6.0398
   73  3.6673e+11     5.7274    73    72     6.1193
   74  3.6469e+11     5.7361    74    73     6.1988
   75  3.5808e+11     5.7645    75    74     6.2783
   76  3.5055e+11     5.7978    76    75     6.3579
   77  2.4307e+11     6.3928    77    76     6.4374
   78  2.4201e+11     6.4002    78    77     6.5169
   79  2.4083e+11     6.4084    79    78     6.5964
   80  2.1377e+11     6.6117    80    79     6.6759
   81  1.6978e+11     7.0179    81    80     6.7554
   82  1.4934e+11     7.2517    82    81     6.8349
   83  1.4670e+11     7.2846    83    82     6.9143
   84  2.4071e+10    11.2224    84    83     6.9938
   85  2.2427e+10    11.4022    85    84     7.0733
   86  2.2355e+10    11.4104    86    85     7.1528
   87  2.1499e+10    11.5106    87    86     7.2323
   88  1.8941e+10    11.8399    88    87     7.3117
   89  1.8705e+10    11.8729    89    88     7.3912
   90  1.8682e+10    11.8761    90    89     7.4707
   91  1.8488e+10    11.9037    91    90     7.5502
   92  1.8465e+10    11.9069    92    91     7.6296
   93  1.7399e+10    12.0644    93    92     7.7091
   94  1.7221e+10    12.0918    94    93     7.7885
   95  1.7109e+10    12.1093    95    94     7.8680
   96  1.6489e+10    12.2080    96    95     7.9475
   97  1.6211e+10    12.2537    97    96     8.0269
   98  1.5966e+10    12.2948    98    97     8.1064
   99  1.5958e+10    12.2962    99    98     8.1858
  100  1.5289e+10    12.4121   100    99     8.2653
