#indx Mass S step-number desc_indx 
    0  1.0000e+14     0.8310     0    -1     0.0134
    1  7.1593e+13     0.9596     1     0     0.1326
    2  7.0474e+13     0.9661     2     1     0.2441
    3  6.9554e+13     0.9714     3     2     0.3500
    4  6.1928e+13     1.0201     4     3     0.4519
    5  5.5274e+13     1.0694     5     4     0.5506
    6  5.4788e+13     1.0733     6     5     0.6467
    7  5.1335e+13     1.1025     7     6     0.7407
    8  4.6752e+13     1.1455     8     7     0.8330
    9  4.1501e+13     1.2021     9     8     0.9238
   10  3.9016e+13     1.2323    10     9     1.0134
   11  3.5890e+13     1.2741    11    10     1.1018
   12  2.7730e+13     1.4099    12    11     1.1894
   13  1.9180e+13     1.6228    13    12     1.2761
   14  1.7794e+13     1.6690    14    13     1.3621
   15  1.4501e+13     1.8000    15    14     1.4474
   16  1.3395e+13     1.8528    16    15     1.5322
   17  9.7768e+12     2.0742    17    16     1.6165
   18  5.9761e+12     2.4593    18    17     1.7003
   19  4.7346e+12     2.6590    19    18     1.7838
   20  4.6992e+12     2.6657    20    19     1.8669
   21  4.2908e+12     2.7470    21    20     1.9496
   22  4.2718e+12     2.7510    22    21     2.0321
   23  4.2389e+12     2.7580    23    22     2.1143
   24  4.0830e+12     2.7922    24    23     2.1963
   25  3.9873e+12     2.8140    25    24     2.2781
   26  3.8204e+12     2.8535    26    25     2.3597
   27  3.7884e+12     2.8614    27    26     2.4411
   28  3.7287e+12     2.8762    28    27     2.5223
   29  3.3903e+12     2.9663    29    28     2.6034
   30  3.3580e+12     2.9755    30    29     2.6844
   31  3.2004e+12     3.0219    31    30     2.7652
   32  3.1475e+12     3.0381    32    31     2.8459
   33  3.0541e+12     3.0676    33    32     2.9266
   34  2.9097e+12     3.1155    34    33     3.0071
   35  2.9016e+12     3.1182    35    34     3.0876
   36  2.5970e+12     3.2299    36    35     3.1680
   37  2.5802e+12     3.2365    37    36     3.2483
   38  2.5209e+12     3.2603    38    37     3.3285
   39  2.4672e+12     3.2825    39    38     3.4087
   40  2.4491e+12     3.2901    40    39     3.4889
   41  2.3095e+12     3.3512    41    40     3.5689
   42  2.0380e+12     3.4843    42    41     3.6490
   43  1.5904e+12     3.7596    43    42     3.7290
   44  1.5052e+12     3.8228    44    43     3.8089
   45  1.4645e+12     3.8546    45    44     3.8889
   46  1.3675e+12     3.9349    46    45     3.9688
   47  1.3139e+12     3.9822    47    46     4.0486
   48  1.3112e+12     3.9847    48    47     4.1285
   49  1.3047e+12     3.9907    49    48     4.2083
   50  1.0880e+12     4.2116    50    49     4.2881
   51  1.0624e+12     4.2412    51    50     4.3678
   52  1.0157e+12     4.2976    52    51     4.4476
   53  9.1220e+11     4.4345    53    52     4.5273
   54  8.8944e+11     4.4672    54    53     4.6070
   55  7.3818e+11     4.7135    55    54     4.6867
   56  7.1635e+11     4.7541    56    55     4.7664
   57  6.5777e+11     4.8708    57    56     4.8460
   58  6.2308e+11     4.9460    58    57     4.9257
   59  6.1999e+11     4.9530    59    58     5.0053
   60  5.6260e+11     5.0901    60    59     5.0849
   61  5.5883e+11     5.0997    61    60     5.1646
   62  5.5716e+11     5.1040    62    61     5.2442
   63  5.5342e+11     5.1136    63    62     5.3238
   64  4.7242e+11     5.3436    64    63     5.4033
   65  4.4901e+11     5.4191    65    64     5.4829
   66  4.4463e+11     5.4337    66    65     5.5625
   67  4.3278e+11     5.4742    67    66     5.6421
   68  4.2839e+11     5.4896    68    67     5.7216
   69  4.1110e+11     5.5519    69    68     5.8012
   70  4.0687e+11     5.5676    70    69     5.8807
   71  3.5345e+11     5.7849    71    70     5.9602
   72  3.3668e+11     5.8613    72    71     6.0398
   73  3.3479e+11     5.8702    73    72     6.1193
   74  3.2802e+11     5.9026    74    73     6.1988
   75  2.8680e+11     6.1187    75    74     6.2783
   76  2.7876e+11     6.1652    76    75     6.3579
   77  2.1683e+11     6.5872    77    76     6.4374
   78  2.1606e+11     6.5933    78    77     6.5169
   79  2.0470e+11     6.6868    79    78     6.5964
   80  2.0424e+11     6.6907    80    79     6.6759
   81  1.6572e+11     7.0616    81    80     6.7554
   82  1.6393e+11     7.0812    82    81     6.8349
   83  1.6230e+11     7.0994    83    82     6.9143
   84  1.3604e+11     7.4253    84    83     6.9938
   85  1.3539e+11     7.4342    85    84     7.0733
   86  9.7989e+10     8.0595    86    85     7.1528
   87  9.6738e+10     8.0851    87    86     7.2323
   88  9.6510e+10     8.0899    88    87     7.3117
   89  9.4682e+10     8.1281    89    88     7.3912
   90  9.3816e+10     8.1465    90    89     7.4707
   91  8.4332e+10     8.3624    91    90     7.5502
   92  7.6258e+10     8.5700    92    91     7.6296
   93  7.2657e+10     8.6711    93    92     7.7091
   94  7.1681e+10     8.6996    94    93     7.7885
   95  4.8548e+10     9.5477    95    94     7.8680
   96  4.8229e+10     9.5626    96    95     7.9475
   97  4.5294e+10     9.7047    97    96     8.0269
   98  4.4737e+10     9.7330    98    97     8.1064
   99  4.3756e+10     9.7836    99    98     8.1858
  100  4.3724e+10     9.7853   100    99     8.2653
