#indx Mass S step-number desc_indx 
    0  1.0000e+14     0.8310     0    -1     0.0134
    1  9.0628e+13     0.8674     1     0     0.1326
    2  8.4638e+13     0.8934     2     1     0.2441
    3  8.2770e+13     0.9020     3     2     0.3500
    4  7.9248e+13     0.9190     4     3     0.4519
    5  6.8360e+13     0.9786     5     4     0.5506
    6  6.5083e+13     0.9990     6     5     0.6467
    7  6.3382e+13     1.0102     7     6     0.7407
    8  6.0482e+13     1.0302     8     7     0.8330
    9  4.7929e+13     1.1340     9     8     0.9238
   10  4.6876e+13     1.1443    10     9     1.0134
   11  4.6475e+13     1.1483    11    10     1.1018
   12  4.4767e+13     1.1659    12    11     1.1894
   13  4.3333e+13     1.1814    13    12     1.2761
   14  4.1340e+13     1.2040    14    13     1.3621
   15  3.6050e+13     1.2718    15    14     1.4474
   16  1.7859e+13     1.6667    16    15     1.5322
   17  1.7311e+13     1.6862    17    16     1.6165
   18  1.7128e+13     1.6928    18    17     1.7003
   19  3.3218e+12     2.9859    19    18     1.7838
   20  3.2290e+12     3.0133    20    19     1.8669
   21  3.1954e+12     3.0234    21    20     1.9496
   22  3.1063e+12     3.0510    22    21     2.0321
   23  3.0968e+12     3.0540    23    22     2.1143
   24  3.0702e+12     3.0625    24    23     2.1963
   25  3.0480e+12     3.0696    25    24     2.2781
   26  2.6937e+12     3.1928    26    25     2.3597
   27  2.4972e+12     3.2700    27    26     2.4411
   28  2.4608e+12     3.2852    28    27     2.5223
   29  2.4147e+12     3.3048    29    28     2.6034
   30  2.3406e+12     3.3373    30    29     2.6844
   31  2.3106e+12     3.3508    31    30     2.7652
   32  2.2804e+12     3.3645    32    31     2.8459
   33  2.1921e+12     3.4063    33    32     2.9266
   34  2.0346e+12     3.4861    34    33     3.0071
   35  1.6591e+12     3.7115    35    34     3.0876
   36  1.6415e+12     3.7236    36    35     3.1680
   37  1.5786e+12     3.7680    37    36     3.2483
   38  1.5740e+12     3.7714    38    37     3.3285
   39  1.5678e+12     3.7760    39    38     3.4087
   40  9.7766e+11     4.3459    40    39     3.4889
   41  9.6739e+11     4.3593    41    40     3.5689
   42  9.5041e+11     4.3818    42    41     3.6490
   43  8.9143e+11     4.4643    43    42     3.7290
   44  5.1768e+11     5.2097    44    43     3.8089
   45  4.9409e+11     5.2777    45    44     3.8889
   46  4.4235e+11     5.4414    46    45     3.9688
   47  4.3293e+11     5.4737    47    46     4.0486
   48  4.3163e+11     5.4782    48    47     4.1285
   49  4.2240e+11     5.5108    49    48     4.2083
   50  4.0682e+11     5.5678    50    49     4.2881
   51  3.7978e+11     5.6732    51    50     4.3678
   52  3.6784e+11     5.7227    52    51     4.4476
   53  3.4741e+11     5.8119    53    52     4.5273
   54  3.4245e+11     5.8345    54    53     4.6070
   55  3.3522e+11     5.8682    55    54     4.6867
   56  3.2387e+11     5.9229    56    55     4.7664
   57  2.8561e+11     6.1255    57    56     4.8460
   58  2.5341e+11     6.3230    58    57     4.9257
   59  2.3963e+11     6.4168    59    58     5.0053
   60  2.3932e+11     6.4190    60    59     5.0849
   61  2.3630e+11     6.4405    61    60     5.1646
   62  2.2289e+11     6.5399    62    61     5.2442
   63  2.1253e+11     6.6217    63    62     5.3238
   64  2.1203e+11     6.6258    64    63     5.4033
   65  2.0660e+11     6.6707    65    64     5.4829
   66  2.0646e+11     6.6719    66    65     5.5625
   67  1.9420e+11     6.7788    67    66     5.6421
   68  1.9276e+11     6.7919    68    67     5.7216
   69  1.8398e+11     6.8743    69    68     5.8012
   70  1.7680e+11     6.9452    70    69     5.8807
   71  1.7442e+11     6.9694    71    70     5.9602
   72  1.7406e+11     6.9731    72    71     6.0398
   73  1.7306e+11     6.9835    73    72     6.1193
   74  1.7203e+11     6.9942    74    73     6.1988
   75  1.7120e+11     7.0029    75    74     6.2783
   76  1.6228e+11     7.0995    76    75     6.3579
   77  1.5913e+11     7.1353    77    76     6.4374
   78  1.4391e+11     7.3202    78    77     6.5169
   79  9.6594e+10     8.0881    79    78     6.5964
   80  8.9181e+10     8.2487    80    79     6.6759
   81  8.8060e+10     8.2743    81    80     6.7554
   82  8.4935e+10     8.3478    82    81     6.8349
   83  7.4317e+10     8.6238    83    82     6.9143
   84  7.2469e+10     8.6766    84    83     6.9938
   85  7.0911e+10     8.7223    85    84     7.0733
   86  7.0402e+10     8.7375    86    85     7.1528
   87  6.9953e+10     8.7510    87    86     7.2323
   88  6.9546e+10     8.7634    88    87     7.3117
   89  6.9442e+10     8.7665    89    88     7.3912
   90  6.9404e+10     8.7677    90    89     7.4707
   91  6.6282e+10     8.8655    91    90     7.5502
   92  6.6089e+10     8.8717    92    91     7.6296
   93  6.5806e+10     8.8808    93    92     7.7091
   94  6.5749e+10     8.8827    94    93     7.7885
   95  6.3866e+10     8.9449    95    94     7.8680
   96  6.3541e+10     8.9559    96    95     7.9475
   97  6.3047e+10     8.9726    97    96     8.0269
   98  6.2887e+10     8.9781    98    97     8.1064
   99  6.1674e+10     9.0201    99    98     8.1858
  100  6.1487e+10     9.0267   100    99     8.2653
