#indx Mass S step-number desc_indx 
    0  1.0000e+14     0.8310     0    -1     0.0134
    1  5.2052e+13     1.0963     1     0     0.1326
    2  5.1031e+13     1.1052     2     1     0.2441
    3  1.8533e+13     1.6438     3     2     0.3500
    4  1.6871e+13     1.7023     4     3     0.4519
    5  4.1069e+12     2.7868     5     4     0.5506
    6  3.0390e+12     3.0725     6     5     0.6467
    7  2.8548e+12     3.1344     7     6     0.7407
    8  2.7047e+12     3.1886     8     7     0.8330
    9  2.6363e+12     3.2146     9     8     0.9238
   10  2.5005e+12     3.2687    10     9     1.0134
   11  2.2827e+12     3.3635    11    10     1.1018
   12  2.2631e+12     3.3726    12    11     1.1894
   13  2.2472e+12     3.3800    13    12     1.2761
   14  1.8812e+12     3.5715    14    13     1.3621
   15  1.8604e+12     3.5837    15    14     1.4474
   16  1.8177e+12     3.6094    16    15     1.5322
   17  1.5066e+12     3.8217    17    16     1.6165
   18  1.4753e+12     3.8460    18    17     1.7003
   19  9.8593e+11     4.3352    19    18     1.7838
   20  9.8202e+11     4.3402    20    19     1.8669
   21  9.8014e+11     4.3426    21    20     1.9496
   22  3.3813e+11     5.8546    22    21     2.0321
   23  3.3429e+11     5.8726    23    22     2.1143
   24  3.3345e+11     5.8766    24    23     2.1963
   25  3.1401e+11     5.9722    25    24     2.2781
   26  3.1306e+11     5.9771    26    25     2.3597
   27  2.1210e+11     6.6253    27    26     2.4411
   28  2.1163e+11     6.6290    28    27     2.5223
   29  1.8063e+11     6.9070    29    28     2.6034
   30  1.6629e+11     7.0554    30    29     2.6844
   31  1.6603e+11     7.0581    31    30     2.7652
   32  1.6402e+11     7.0803    32    31     2.8459
   33  1.4947e+11     7.2501    33    32     2.9266
   34  1.4014e+11     7.3696    34    33     3.0071
   35  1.3671e+11     7.4160    35    34     3.0876
   36  1.2575e+11     7.5738    36    35     3.1680
   37  1.2427e+11     7.5965    37    36     3.2483
   38  1.2409e+11     7.5992    38    37     3.3285
   39  1.2133e+11     7.6421    39    38     3.4087
   40  1.2090e+11     7.6490    40    39     3.4889
   41  9.8426e+10     8.0507    41    40     3.5689
   42  9.6978e+10     8.0802    42    41     3.6490
   43  9.5993e+10     8.1006    43    42     3.7290
   44  9.0481e+10     8.2194    44    43     3.8089
   45  8.8498e+10     8.2642    45    44     3.8889
   46  8.4448e+10     8.3596    46    45     3.9688
   47  7.3612e+10     8.6438    47    46     4.0486
   48  7.2179e+10     8.6850    48    47     4.1285
   49  7.1349e+10     8.7094    49    48     4.2083
   50  7.0688e+10     8.7290    50    49     4.2881
   51  5.4698e+10     9.2821    51    50     4.3678
   52  3.9166e+10    10.0397    52    51     4.4476
   53  3.8542e+10    10.0773    53    52     4.5273
   54  3.8331e+10    10.0901    54    53     4.6070
   55  3.8274e+10    10.0936    55    54     4.6867
   56  3.7340e+10    10.1516    56    55     4.7664
   57  3.7104e+10    10.1665    57    56     4.8460
   58  3.4740e+10    10.3224    58    57     4.9257
   59  3.4535e+10    10.3364    59    58     5.0053
   60  2.0680e+10    11.6109    60    59     5.0849
   61  2.0632e+10    11.6169    61    60     5.1646
   62  1.9403e+10    11.7768    62    61     5.2442
   63  1.7947e+10    11.9822    63    62     5.3238
   64  1.7802e+10    12.0036    64    63     5.4033
   65  1.7444e+10    12.0576    65    64     5.4829
   66  1.6944e+10    12.1351    66    65     5.5625
   67  1.6933e+10    12.1369    67    66     5.6421
   68  1.6823e+10    12.1543    68    67     5.7216
   69  1.6709e+10    12.1725    69    68     5.8012
   70  1.6626e+10    12.1858    70    69     5.8807
   71  1.6592e+10    12.1913    71    70     5.9602
   72  1.6469e+10    12.2114    72    71     6.0398
   73  1.2875e+10    12.8852    73    72     6.1193
   74  1.2771e+10    12.9078    74    73     6.1988
   75  1.1935e+10    13.0980    75    74     6.2783
   76  1.0476e+10    13.4699    76    75     6.3579
   77  1.0390e+10    13.4936    77    76     6.4374
   78  1.4363e+09    20.1084    78    77     6.5169
   79  1.4314e+09    20.1214    79    78     6.5964
   80  1.4310e+09    20.1225    80    79     6.6759
   81  1.3917e+09    20.2293    81    80     6.7554
   82  1.3893e+09    20.2359    82    81     6.8349
   83  1.3831e+09    20.2533    83    82     6.9143
   84  1.3433e+09    20.3655    84    83     6.9938
   85  1.3409e+09    20.3724    85    84     7.0733
   86  1.3355e+09    20.3883    86    85     7.1528
   87  1.2030e+09    20.7947    87    86     7.2323
   88  1.1989e+09    20.8078    88    87     7.3117
   89  1.1646e+09    20.9218    89    88     7.3912
   90  1.1593e+09    20.9399    90    89     7.4707
   91  1.1351e+09    21.0230    91    90     7.5502
   92  1.1032e+09    21.1357    92    91     7.6296
   93  1.0996e+09    21.1488    93    92     7.7091
   94  1.0068e+09    21.5002    94    93     7.7885
   95  1.0066e+09    21.5011    95    94     7.8680
   96  6.7075e+08    23.1721    96    95     7.9475
   97  6.6972e+08    23.1786    97    96     8.0269
   98  5.3471e+08    24.1436    98    97     8.1064
   99  4.9893e+08    24.4459    99    98     8.1858
  100  4.9815e+08    24.4528   100    99     8.2653
