#indx Mass S step-number desc_indx 
    0  1.0000e+14     0.8310     0    -1     0.0134
    1  9.7711e+13     0.8394     1     0     0.1326
    2  6.9117e+13     0.9740     2     1     0.2441
    3  6.5175e+13     0.9984     3     2     0.3500
    4  2.7592e+13     1.4126     4     3     0.4519
    5  2.6790e+13     1.4288     5     4     0.5506
    6  2.6110e+13     1.4431     6     5     0.6467
    7  2.4894e+13     1.4698     7     6     0.7407
    8  2.4038e+13     1.4897     8     7     0.8330
    9  2.3781e+13     1.4958     9     8     0.9238
   10  2.2921e+13     1.5170    10     9     1.0134
   11  2.2796e+13     1.5202    11    10     1.1018
   12  2.2206e+13     1.5354    12    11     1.1894
   13  2.2052e+13     1.5395    13    12     1.2761
   14  1.9134e+13     1.6243    14    13     1.3621
   15  1.1747e+13     1.9428    15    14     1.4474
   16  1.1253e+13     1.9730    16    15     1.5322
   17  1.0662e+13     2.0114    17    16     1.6165
   18  1.0534e+13     2.0200    18    17     1.7003
   19  1.0340e+13     2.0334    19    18     1.7838
   20  9.0674e+12     2.1299    20    19     1.8669
   21  8.7217e+12     2.1592    21    20     1.9496
   22  5.3791e+12     2.5481    22    21     2.0321
   23  4.0466e+12     2.8004    23    22     2.1143
   24  3.9945e+12     2.8123    24    23     2.1963
   25  3.0998e+12     3.0530    25    24     2.2781
   26  2.7822e+12     3.1602    26    25     2.3597
   27  2.6282e+12     3.2177    27    26     2.4411
   28  2.3349e+12     3.3398    28    27     2.5223
   29  2.3303e+12     3.3418    29    28     2.6034
   30  2.1649e+12     3.4195    30    29     2.6844
   31  2.0789e+12     3.4629    31    30     2.7652
   32  2.0100e+12     3.4992    32    31     2.8459
   33  1.9881e+12     3.5111    33    32     2.9266
   34  1.9436e+12     3.5357    34    33     3.0071
   35  1.8749e+12     3.5752    35    34     3.0876
   36  1.7501e+12     3.6515    36    35     3.1680
   37  1.7381e+12     3.6592    37    36     3.2483
   38  1.6770e+12     3.6994    38    37     3.3285
   39  1.6389e+12     3.7254    39    38     3.4087
   40  1.1295e+12     4.1654    40    39     3.4889
   41  9.8569e+11     4.3355    41    40     3.5689
   42  9.5516e+11     4.3755    42    41     3.6490
   43  8.7857e+11     4.4831    43    42     3.7290
   44  8.7137e+11     4.4938    44    43     3.8089
   45  8.3650e+11     4.5472    45    44     3.8889
   46  7.8226e+11     4.6358    46    45     3.9688
   47  7.6096e+11     4.6727    47    46     4.0486
   48  6.8488e+11     4.8153    48    47     4.1285
   49  6.2965e+11     4.9314    49    48     4.2083
   50  6.2477e+11     4.9423    50    49     4.2881
   51  6.1455e+11     4.9653    51    50     4.3678
   52  5.8722e+11     5.0293    52    51     4.4476
   53  5.8380e+11     5.0375    53    52     4.5273
   54  5.5603e+11     5.1069    54    53     4.6070
   55  5.3633e+11     5.1586    55    54     4.6867
   56  5.2604e+11     5.1865    56    55     4.7664
   57  5.1227e+11     5.2250    57    56     4.8460
   58  4.8668e+11     5.2998    58    57     4.9257
   59  3.1819e+11     5.9511    59    58     5.0053
   60  3.0803e+11     6.0031    60    59     5.0849
   61  3.0751e+11     6.0058    61    60     5.1646
   62  2.8022e+11     6.1567    62    61     5.2442
   63  2.7862e+11     6.1660    63    62     5.3238
   64  2.6067e+11     6.2760    64    63     5.4033
   65  2.5442e+11     6.3163    65    64     5.4829
   66  2.4871e+11     6.3543    66    65     5.5625
   67  2.4136e+11     6.4047    67    66     5.6421
   68  2.0947e+11     6.6468    68    67     5.7216
   69  2.0760e+11     6.6623    69    68     5.8012
   70  2.0535e+11     6.6812    70    69     5.8807
   71  2.0412e+11     6.6917    71    70     5.9602
   72  1.8684e+11     6.8469    72    71     6.0398
   73  7.8864e+10     8.5003    73    72     6.1193
   74  7.6079e+10     8.5749    74    73     6.1988
   75  7.5015e+10     8.6043    75    74     6.2783
   76  7.4112e+10     8.6296    76    75     6.3579
   77  7.3165e+10     8.6565    77    76     6.4374
   78  5.9646e+10     9.0925    78    77     6.5169
   79  4.7029e+10     9.6194    79    78     6.5964
   80  4.6166e+10     9.6614    80    79     6.6759
   81  4.5722e+10     9.6833    81    80     6.7554
   82  4.5713e+10     9.6838    82    81     6.8349
   83  4.4730e+10     9.7333    83    82     6.9143
   84  4.4334e+10     9.7536    84    83     6.9938
   85  4.4277e+10     9.7565    85    84     7.0733
   86  4.0177e+10     9.9804    86    85     7.1528
   87  3.9473e+10    10.0216    87    86     7.2323
   88  3.8996e+10    10.0499    88    87     7.3117
   89  1.2384e+10    12.9941    89    88     7.3912
   90  1.2156e+10    13.0463    90    89     7.4707
   91  1.1811e+10    13.1276    91    90     7.5502
   92  1.0643e+10    13.4242    92    91     7.6296
   93  2.6243e+09    17.8941    93    92     7.7091
   94  2.5322e+09    18.0203    94    93     7.7885
   95  2.4236e+09    18.1760    95    94     7.8680
   96  2.3717e+09    18.2533    96    95     7.9475
   97  2.2825e+09    18.3906    97    96     8.0269
   98  2.2707e+09    18.4093    98    97     8.1064
   99  2.1438e+09    18.6168    99    98     8.1858
  100  2.1026e+09    18.6872   100    99     8.2653
