#indx Mass S step-number desc_indx 
    0  1.0000e+14     0.8310     0    -1     0.0134
    1  9.8796e+13     0.8354     1     0     0.1326
    2  9.1091e+13     0.8655     2     1     0.2441
    3  8.4651e+13     0.8933     3     2     0.3500
    4  6.9105e+13     0.9741     4     3     0.4519
    5  6.7924e+13     0.9812     5     4     0.5506
    6  6.6624e+13     0.9892     6     5     0.6467
    7  5.3617e+13     1.0830     7     6     0.7407
    8  5.2754e+13     1.0902     8     7     0.8330
    9  3.8416e+13     1.2400     9     8     0.9238
   10  3.5716e+13     1.2765    10     9     1.0134
   11  3.4044e+13     1.3010    11    10     1.1018
   12  3.1098e+13     1.3482    12    11     1.1894
   13  3.0163e+13     1.3644    13    12     1.2761
   14  3.0011e+13     1.3671    14    13     1.3621
   15  2.9441e+13     1.3774    15    14     1.4474
   16  2.8785e+13     1.3896    16    15     1.5322
   17  2.8515e+13     1.3947    17    16     1.6165
   18  2.7683e+13     1.4108    18    17     1.7003
   19  2.3575e+13     1.5008    19    18     1.7838
   20  2.3186e+13     1.5104    20    19     1.8669
   21  1.2922e+13     1.8772    21    20     1.9496
   22  1.2873e+13     1.8797    22    21     2.0321
   23  1.2290e+13     1.9115    23    22     2.1143
   24  1.1806e+13     1.9394    24    23     2.1963
   25  1.1671e+13     1.9474    25    24     2.2781
   26  1.1482e+13     1.9588    26    25     2.3597
   27  1.1303e+13     1.9699    27    26     2.4411
   28  1.1043e+13     1.9863    28    27     2.5223
   29  1.0430e+13     2.0272    29    28     2.6034
   30  9.6517e+12     2.0836    30    29     2.6844
   31  9.5286e+12     2.0931    31    30     2.7652
   32  9.4805e+12     2.0968    32    31     2.8459
   33  8.7891e+12     2.1533    33    32     2.9266
   34  8.7086e+12     2.1603    34    33     3.0071
   35  8.5061e+12     2.1781    35    34     3.0876
   36  7.3253e+12     2.2940    36    35     3.1680
   37  7.0897e+12     2.3200    37    36     3.2483
   38  6.4095e+12     2.4015    38    37     3.3285
   39  6.3525e+12     2.4088    39    38     3.4087
   40  6.1177e+12     2.4398    40    39     3.4889
   41  5.6959e+12     2.4995    41    40     3.5689
   42  5.5309e+12     2.5244    42    41     3.6490
   43  5.4810e+12     2.5321    43    42     3.7290
   44  5.0571e+12     2.6013    44    43     3.8089
   45  5.0490e+12     2.6027    45    44     3.8889
   46  4.8437e+12     2.6390    46    45     3.9688
   47  4.5802e+12     2.6884    47    46     4.0486
   48  3.2532e+12     3.0060    48    47     4.1285
   49  3.0197e+12     3.0787    49    48     4.2083
   50  2.7956e+12     3.1553    50    49     4.2881
   51  2.7524e+12     3.1710    51    50     4.3678
   52  2.2331e+12     3.3867    52    51     4.4476
   53  2.1070e+12     3.4485    53    52     4.5273
   54  1.9066e+12     3.5568    54    53     4.6070
   55  1.6081e+12     3.7469    55    54     4.6867
   56  9.8641e+11     4.3345    56    55     4.7664
   57  9.6622e+11     4.3608    57    56     4.8460
   58  8.1297e+11     4.5847    58    57     4.9257
   59  8.1039e+11     4.5890    59    58     5.0053
   60  7.8654e+11     4.6286    60    59     5.0849
   61  5.6509e+11     5.0838    61    60     5.1646
   62  8.8642e+10     8.2609    62    61     5.2442
   63  8.5589e+10     8.3322    63    62     5.3238
   64  8.1661e+10     8.4284    64    63     5.4033
   65  7.9284e+10     8.4893    65    64     5.4829
   66  7.8700e+10     8.5046    66    65     5.5625
   67  7.4696e+10     8.6132    67    66     5.6421
   68  7.2823e+10     8.6664    68    67     5.7216
   69  7.1863e+10     8.6942    69    68     5.8012
   70  7.1819e+10     8.6955    70    69     5.8807
   71  7.0675e+10     8.7293    71    70     5.9602
   72  6.8851e+10     8.7846    72    71     6.0398
   73  5.2447e+10     9.3750    73    72     6.1193
   74  5.2064e+10     9.3913    74    73     6.1988
   75  5.1666e+10     9.4084    75    74     6.2783
   76  5.1546e+10     9.4136    76    75     6.3579
   77  4.9606e+10     9.4993    77    76     6.4374
   78  4.4806e+10     9.7294    78    77     6.5169
   79  4.4145e+10     9.7634    79    78     6.5964
   80  4.3983e+10     9.7718    80    79     6.6759
   81  4.2380e+10     9.8570    81    80     6.7554
   82  4.2244e+10     9.8644    82    81     6.8349
   83  4.1625e+10     9.8984    83    82     6.9143
   84  4.1080e+10     9.9289    84    83     6.9938
   85  4.0592e+10     9.9566    85    84     7.0733
   86  2.3689e+10    11.2628    86    85     7.1528
   87  2.3676e+10    11.2643    87    86     7.2323
   88  1.8065e+10    11.9647    88    87     7.3117
   89  1.8048e+10    11.9673    89    88     7.3912
   90  1.7863e+10    11.9946    90    89     7.4707
   91  1.7328e+10    12.0753    91    90     7.5502
   92  1.5775e+10    12.3273    92    91     7.6296
   93  1.5704e+10    12.3395    93    92     7.7091
   94  1.5544e+10    12.3672    94    93     7.7885
   95  1.5394e+10    12.3935    95    94     7.8680
   96  1.5260e+10    12.4172    96    95     7.9475
   97  1.4906e+10    12.4811    97    96     8.0269
   98  1.4868e+10    12.4882    98    97     8.1064
   99  1.4329e+10    12.5892    99    98     8.1858
  100  1.4170e+10    12.6199   100    99     8.2653
