#indx Mass S step-number desc_indx 
    0  1.0000e+14     0.8310     0    -1     0.0134
    1  9.6893e+13     0.8425     1     0     0.1326
    2  7.3863e+13     0.9470     2     1     0.2441
    3  6.5592e+13     0.9958     3     2     0.3500
    4  5.4251e+13     1.0777     4     3     0.4519
    5  5.3100e+13     1.0873     5     4     0.5506
    6  4.1262e+13     1.2049     6     5     0.6467
    7  3.6999e+13     1.2587     7     6     0.7407
    8  3.3463e+13     1.3099     8     7     0.8330
    9  2.9707e+13     1.3726     9     8     0.9238
   10  2.7882e+13     1.4069    10     9     1.0134
   11  2.7772e+13     1.4090    11    10     1.1018
   12  2.1913e+13     1.5432    12    11     1.1894
   13  2.1499e+13     1.5544    13    12     1.2761
   14  2.0142e+13     1.5932    14    13     1.3621
   15  1.9976e+13     1.5982    15    14     1.4474
   16  1.9736e+13     1.6055    16    15     1.5322
   17  1.8027e+13     1.6609    17    16     1.6165
   18  1.7832e+13     1.6677    18    17     1.7003
   19  1.7454e+13     1.6810    19    18     1.7838
   20  1.7230e+13     1.6891    20    19     1.8669
   21  1.7109e+13     1.6935    21    20     1.9496
   22  1.6205e+13     1.7279    22    21     2.0321
   23  1.3444e+13     1.8504    23    22     2.1143
   24  1.3289e+13     1.8582    24    23     2.1963
   25  1.1835e+13     1.9376    25    24     2.2781
   26  1.1689e+13     1.9463    26    25     2.3597
   27  1.1138e+13     1.9802    27    26     2.4411
   28  8.1109e+12     2.2145    28    27     2.5223
   29  6.6209e+12     2.3750    29    28     2.6034
   30  6.5466e+12     2.3842    30    29     2.6844
   31  5.6003e+12     2.5138    31    30     2.7652
   32  5.2425e+12     2.5702    32    31     2.8459
   33  5.1299e+12     2.5889    33    32     2.9266
   34  5.1067e+12     2.5929    34    33     3.0071
   35  2.5898e+12     3.2327    35    34     3.0876
   36  2.4358e+12     3.2958    36    35     3.1680
   37  2.3910e+12     3.3150    37    36     3.2483
   38  2.3424e+12     3.3364    38    37     3.3285
   39  2.3302e+12     3.3419    39    38     3.4087
   40  2.2398e+12     3.3835    40    39     3.4889
   41  2.2057e+12     3.3997    41    40     3.5689
   42  2.0650e+12     3.4701    42    41     3.6490
   43  2.0394e+12     3.4835    43    42     3.7290
   44  1.9386e+12     3.5386    44    43     3.8089
   45  1.3952e+12     3.9112    45    44     3.8889
   46  1.2910e+12     4.0032    46    45     3.9688
   47  9.9873e+11     4.3188    47    46     4.0486
   48  7.8340e+11     4.6339    48    47     4.1285
   49  6.6144e+11     4.8631    49    48     4.2083
   50  6.1910e+11     4.9550    50    49     4.2881
   51  6.1356e+11     4.9676    51    50     4.3678
   52  5.7637e+11     5.0557    52    51     4.4476
   53  5.7079e+11     5.0695    53    52     4.5273
   54  4.5455e+11     5.4008    54    53     4.6070
   55  4.4607e+11     5.4289    55    54     4.6867
   56  4.4185e+11     5.4431    56    55     4.7664
   57  2.1836e+11     6.5752    57    56     4.8460
   58  2.0705e+11     6.6670    58    57     4.9257
   59  2.0659e+11     6.6708    59    58     5.0053
   60  1.9926e+11     6.7338    60    59     5.0849
   61  1.9701e+11     6.7536    61    60     5.1646
   62  1.9569e+11     6.7654    62    61     5.2442
   63  1.9465e+11     6.7748    63    62     5.3238
   64  1.8257e+11     6.8880    64    63     5.4033
   65  1.7911e+11     6.9220    65    64     5.4829
   66  1.7780e+11     6.9351    66    65     5.5625
   67  1.7700e+11     6.9432    67    66     5.6421
   68  1.7528e+11     6.9606    68    67     5.7216
   69  1.7408e+11     6.9729    69    68     5.8012
   70  1.4041e+11     7.3660    70    69     5.8807
   71  1.3260e+11     7.4734    71    70     5.9602
   72  1.3252e+11     7.4744    72    71     6.0398
   73  1.2163e+11     7.6375    73    72     6.1193
   74  1.1541e+11     7.7384    74    73     6.1988
   75  1.1402e+11     7.7618    75    74     6.2783
   76  1.1233e+11     7.7908    76    75     6.3579
   77  1.1133e+11     7.8083    77    76     6.4374
   78  7.9479e+10     8.4842    78    77     6.5169
   79  7.5670e+10     8.5861    79    78     6.5964
   80  7.4732e+10     8.6122    80    79     6.6759
   81  7.1851e+10     8.6946    81    80     6.7554
   82  7.1446e+10     8.7065    82    81     6.8349
   83  6.8644e+10     8.7910    83    82     6.9143
   84  6.8530e+10     8.7945    84    83     6.9938
   85  6.5610e+10     8.8872    85    84     7.0733
   86  6.5361e+10     8.8953    86    85     7.1528
   87  6.3917e+10     8.9432    87    86     7.2323
   88  6.3512e+10     8.9569    88    87     7.3117
   89  6.3465e+10     8.9585    89    88     7.3912
   90  6.2337e+10     8.9970    90    89     7.4707
   91  6.1571e+10     9.0237    91    90     7.5502
   92  4.8227e+10     9.5626    92    91     7.6296
   93  4.6744e+10     9.6332    93    92     7.7091
   94  4.5877e+10     9.6757    94    93     7.7885
   95  4.1097e+10     9.9280    95    94     7.8680
   96  4.0107e+10     9.9845    96    95     7.9475
   97  3.1406e+10    10.5645    97    96     8.0269
   98  3.1312e+10    10.5717    98    97     8.1064
   99  3.1175e+10    10.5823    99    98     8.1858
  100  3.0637e+10    10.6246   100    99     8.2653
