#indx Mass S step-number desc_indx 
    0  1.0000e+14     0.8310     0    -1     0.0134
    1  9.1916e+13     0.8621     1     0     0.1326
    2  7.2702e+13     0.9534     2     1     0.2441
    3  6.5616e+13     0.9956     3     2     0.3500
    4  6.1301e+13     1.0244     4     3     0.4519
    5  5.7216e+13     1.0542     5     4     0.5506
    6  4.8109e+13     1.1322     6     5     0.6467
    7  4.7639e+13     1.1368     7     6     0.7407
    8  4.6764e+13     1.1454     8     7     0.8330
    9  3.6072e+13     1.2715     9     8     0.9238
   10  3.3962e+13     1.3022    10     9     1.0134
   11  3.2339e+13     1.3276    11    10     1.1018
   12  3.1761e+13     1.3371    12    11     1.1894
   13  2.8422e+13     1.3964    13    12     1.2761
   14  2.8053e+13     1.4035    14    13     1.3621
   15  2.6620e+13     1.4324    15    14     1.4474
   16  2.6352e+13     1.4380    16    15     1.5322
   17  2.5677e+13     1.4524    17    16     1.6165
   18  2.2952e+13     1.5163    18    17     1.7003
   19  2.2392e+13     1.5306    19    18     1.7838
   20  2.1565e+13     1.5526    20    19     1.8669
   21  2.0925e+13     1.5704    21    20     1.9496
   22  1.9979e+13     1.5981    22    21     2.0321
   23  1.9485e+13     1.6132    23    22     2.1143
   24  1.3008e+13     1.8727    24    23     2.1963
   25  1.2437e+13     1.9033    25    24     2.2781
   26  1.2208e+13     1.9161    26    25     2.3597
   27  1.2130e+13     1.9206    27    26     2.4411
   28  1.0994e+13     1.9895    28    27     2.5223
   29  9.5102e+12     2.0945    29    28     2.6034
   30  8.4980e+12     2.1788    30    29     2.6844
   31  8.2610e+12     2.2005    31    30     2.7652
   32  8.1924e+12     2.2068    32    31     2.8459
   33  7.9153e+12     2.2334    33    32     2.9266
   34  7.8388e+12     2.2409    34    33     3.0071
   35  7.2704e+12     2.3000    35    34     3.0876
   36  7.1081e+12     2.3179    36    35     3.1680
   37  4.5809e+12     2.6883    37    36     3.2483
   38  4.5113e+12     2.7019    38    37     3.3285
   39  4.3037e+12     2.7443    39    38     3.4087
   40  4.2009e+12     2.7662    40    39     3.4889
   41  3.4476e+12     2.9503    41    40     3.5689
   42  3.4197e+12     2.9580    42    41     3.6490
   43  3.4080e+12     2.9613    43    42     3.7290
   44  3.4026e+12     2.9628    44    43     3.8089
   45  2.6379e+12     3.2140    45    44     3.8889
   46  2.5285e+12     3.2573    46    45     3.9688
   47  2.1211e+12     3.4413    47    46     4.0486
   48  2.0118e+12     3.4983    48    47     4.1285
   49  1.9911e+12     3.5095    49    48     4.2083
   50  1.9677e+12     3.5223    50    49     4.2881
   51  1.9371e+12     3.5394    51    50     4.3678
   52  1.9192e+12     3.5495    52    51     4.4476
   53  1.9115e+12     3.5540    53    52     4.5273
   54  1.8805e+12     3.5719    54    53     4.6070
   55  1.8661e+12     3.5803    55    54     4.6867
   56  1.4320e+12     3.8807    56    55     4.7664
   57  1.0003e+12     4.3168    57    56     4.8460
   58  8.7004e+11     4.4958    58    57     4.9257
   59  8.4911e+11     4.5276    59    58     5.0053
   60  8.2095e+11     4.5719    60    59     5.0849
   61  8.1577e+11     4.5802    61    60     5.1646
   62  7.9400e+11     4.6160    62    61     5.2442
   63  7.7442e+11     4.6492    63    62     5.3238
   64  7.5032e+11     4.6915    64    63     5.4033
   65  7.4258e+11     4.7055    65    64     5.4829
   66  7.4148e+11     4.7075    66    65     5.5625
   67  7.3932e+11     4.7114    67    66     5.6421
   68  7.3545e+11     4.7185    68    67     5.7216
   69  7.2441e+11     4.7389    69    68     5.8012
   70  6.3514e+11     4.9193    70    69     5.8807
   71  5.9377e+11     5.0136    71    70     5.9602
   72  5.9253e+11     5.0166    72    71     6.0398
   73  5.7256e+11     5.0651    73    72     6.1193
   74  4.7368e+11     5.3397    74    73     6.1988
   75  4.7195e+11     5.3451    75    74     6.2783
   76  4.6070e+11     5.3808    76    75     6.3579
   77  3.8752e+11     5.6422    77    76     6.4374
   78  3.8199e+11     5.6643    78    77     6.5169
   79  3.7589e+11     5.6891    79    78     6.5964
   80  3.4444e+11     5.8254    80    79     6.6759
   81  3.3179e+11     5.8845    81    80     6.7554
   82  3.2070e+11     5.9386    82    81     6.8349
   83  3.0906e+11     5.9977    83    82     6.9143
   84  3.0858e+11     6.0002    84    83     6.9938
   85  3.0449e+11     6.0217    85    84     7.0733
   86  2.8544e+11     6.1265    86    85     7.1528
   87  2.7183e+11     6.2066    87    86     7.2323
   88  2.6828e+11     6.2283    88    87     7.3117
   89  2.6417e+11     6.2538    89    88     7.3912
   90  2.6351e+11     6.2579    90    89     7.4707
   91  2.4923e+11     6.3508    91    90     7.5502
   92  2.4531e+11     6.3774    92    91     7.6296
   93  2.4244e+11     6.3972    93    92     7.7091
   94  2.4118e+11     6.4059    94    93     7.7885
   95  2.3034e+11     6.4838    95    94     7.8680
   96  2.2308e+11     6.5385    96    95     7.9475
   97  2.0777e+11     6.6610    97    96     8.0269
   98  2.0583e+11     6.6772    98    97     8.1064
   99  2.0561e+11     6.6791    99    98     8.1858
  100  1.9151e+11     6.8033   100    99     8.2653
