#indx Mass S step-number desc_indx 
    0  1.0000e+14     0.8310     0    -1     0.0134
    1  9.6255e+13     0.8450     1     0     0.1326
    2  9.5189e+13     0.8491     2     1     0.2441
    3  8.2709e+13     0.9023     3     2     0.3500
    4  7.3317e+13     0.9500     4     3     0.4519
    5  6.6405e+13     0.9906     5     4     0.5506
    6  4.8876e+13     1.1249     6     5     0.6467
    7  4.7480e+13     1.1383     7     6     0.7407
    8  4.4229e+13     1.1716     8     7     0.8330
    9  4.3370e+13     1.1810     9     8     0.9238
   10  4.2387e+13     1.1919    10     9     1.0134
   11  4.1719e+13     1.1996    11    10     1.1018
   12  3.9800e+13     1.2225    12    11     1.1894
   13  2.2808e+13     1.5199    13    12     1.2761
   14  2.2701e+13     1.5226    14    13     1.3621
   15  2.2160e+13     1.5367    15    14     1.4474
   16  2.0713e+13     1.5765    16    15     1.5322
   17  2.0094e+13     1.5946    17    16     1.6165
   18  1.8175e+13     1.6558    18    17     1.7003
   19  1.7886e+13     1.6658    19    18     1.7838
   20  1.7491e+13     1.6797    20    19     1.8669
   21  1.7122e+13     1.6930    21    20     1.9496
   22  1.4813e+13     1.7860    22    21     2.0321
   23  1.3014e+13     1.8723    23    22     2.1143
   24  1.0961e+13     1.9916    24    23     2.1963
   25  9.0828e+12     2.1287    25    24     2.2781
   26  8.8320e+12     2.1497    26    25     2.3597
   27  8.1364e+12     2.2121    27    26     2.4411
   28  6.9720e+12     2.3334    28    27     2.5223
   29  6.6682e+12     2.3693    29    28     2.6034
   30  6.6196e+12     2.3752    30    29     2.6844
   31  6.4865e+12     2.3917    31    30     2.7652
   32  5.7172e+12     2.4964    32    31     2.8459
   33  5.5916e+12     2.5151    33    32     2.9266
   34  4.4989e+12     2.7044    34    33     3.0071
   35  4.4079e+12     2.7227    35    34     3.0876
   36  4.3442e+12     2.7358    36    35     3.1680
   37  4.2718e+12     2.7510    37    36     3.2483
   38  2.4798e+12     3.2773    38    37     3.3285
   39  2.1670e+12     3.4185    39    38     3.4087
   40  2.0929e+12     3.4557    40    39     3.4889
   41  2.0283e+12     3.4895    41    40     3.5689
   42  2.0087e+12     3.4999    42    41     3.6490
   43  1.9251e+12     3.5462    43    42     3.7290
   44  1.9153e+12     3.5518    44    43     3.8089
   45  1.4665e+12     3.8530    45    44     3.8889
   46  1.4193e+12     3.8912    46    45     3.9688
   47  1.4012e+12     3.9062    47    46     4.0486
   48  1.3731e+12     3.9300    48    47     4.1285
   49  1.3635e+12     3.9383    49    48     4.2083
   50  1.2315e+12     4.0600    50    49     4.2881
   51  1.1948e+12     4.0966    51    50     4.3678
   52  1.1898e+12     4.1017    52    51     4.4476
   53  1.1490e+12     4.1443    53    52     4.5273
   54  1.1169e+12     4.1791    54    53     4.6070
   55  1.0804e+12     4.2203    55    54     4.6867
   56  9.9930e+11     4.3181    56    55     4.7664
   57  9.0245e+11     4.4484    57    56     4.8460
   58  8.8703e+11     4.4707    58    57     4.9257
   59  8.6774e+11     4.4992    59    58     5.0053
   60  8.5069e+11     4.5251    60    59     5.0849
   61  8.2054e+11     4.5725    61    60     5.1646
   62  7.8009e+11     4.6395    62    61     5.2442
   63  7.7280e+11     4.6520    63    62     5.3238
   64  7.5276e+11     4.6872    64    63     5.4033
   65  6.9532e+11     4.7946    65    64     5.4829
   66  6.4286e+11     4.9026    66    65     5.5625
   67  5.5149e+11     5.1186    67    66     5.6421
   68  5.2325e+11     5.1942    68    67     5.7216
   69  4.7225e+11     5.3442    69    68     5.8012
   70  1.1792e+11     7.6969    70    69     5.8807
   71  1.1696e+11     7.7128    71    70     5.9602
   72  1.0689e+11     7.8878    72    71     6.0398
   73  1.0222e+11     7.9756    73    72     6.1193
   74  1.0155e+11     7.9886    74    73     6.1988
   75  1.0009e+11     8.0173    75    74     6.2783
   76  9.9070e+10     8.0377    76    75     6.3579
   77  9.7816e+10     8.0630    77    76     6.4374
   78  9.7200e+10     8.0756    78    77     6.5169
   79  9.1011e+10     8.2076    79    78     6.5964
   80  9.0251e+10     8.2245    80    79     6.6759
   81  8.9916e+10     8.2320    81    80     6.7554
   82  8.1783e+10     8.4253    82    81     6.8349
   83  8.1062e+10     8.4435    83    82     6.9143
   84  8.0126e+10     8.4675    84    83     6.9938
   85  7.9716e+10     8.4781    85    84     7.0733
   86  7.6333e+10     8.5680    86    85     7.1528
   87  6.3144e+10     8.9693    87    86     7.2323
   88  6.3038e+10     8.9730    88    87     7.3117
   89  6.0238e+10     9.0711    89    88     7.3912
   90  5.6406e+10     9.2144    90    89     7.4707
   91  5.6108e+10     9.2261    91    90     7.5502
   92  5.5703e+10     9.2420    92    91     7.6296
   93  4.6558e+10     9.6422    93    92     7.7091
   94  4.5687e+10     9.6851    94    93     7.7885
   95  4.4524e+10     9.7439    95    94     7.8680
   96  4.3183e+10     9.8138    96    95     7.9475
   97  3.6052e+10    10.2344    97    96     8.0269
   98  3.5710e+10    10.2570    98    97     8.1064
   99  3.5313e+10    10.2834    99    98     8.1858
  100  3.3995e+10    10.3740   100    99     8.2653
