#indx Mass S step-number desc_indx 
    0  1.0000e+14     0.8310     0    -1     0.0134
    1  6.8318e+13     0.9788     1     0     0.1326
    2  6.4304e+13     1.0041     2     1     0.2441
    3  5.2293e+13     1.0942     3     2     0.3500
    4  4.7115e+13     1.1419     4     3     0.4519
    5  2.4135e+13     1.4874     5     4     0.5506
    6  1.2840e+13     1.8815     6     5     0.6467
    7  1.2670e+13     1.8906     7     6     0.7407
    8  1.2228e+13     1.9150     8     7     0.8330
    9  9.7672e+12     2.0749     9     8     0.9238
   10  8.6734e+12     2.1633    10     9     1.0134
   11  8.2449e+12     2.2019    11    10     1.1018
   12  8.1062e+12     2.2150    12    11     1.1894
   13  3.6087e+12     2.9070    13    12     1.2761
   14  3.5850e+12     2.9132    14    13     1.3621
   15  3.5699e+12     2.9172    15    14     1.4474
   16  3.4994e+12     2.9361    16    15     1.5322
   17  3.4789e+12     2.9417    17    16     1.6165
   18  3.3553e+12     2.9763    18    17     1.7003
   19  3.1237e+12     3.0455    19    18     1.7838
   20  3.1100e+12     3.0498    20    19     1.8669
   21  3.0854e+12     3.0576    21    20     1.9496
   22  3.0392e+12     3.0724    22    21     2.0321
   23  3.0190e+12     3.0790    23    22     2.1143
   24  2.9133e+12     3.1142    24    23     2.1963
   25  2.8069e+12     3.1513    25    24     2.2781
   26  2.2936e+12     3.3585    26    25     2.3597
   27  2.0590e+12     3.4732    27    26     2.4411
   28  1.9899e+12     3.5101    28    27     2.5223
   29  1.9875e+12     3.5114    29    28     2.6034
   30  1.6414e+12     3.7237    30    29     2.6844
   31  1.6165e+12     3.7411    31    30     2.7652
   32  1.5934e+12     3.7574    32    31     2.8459
   33  1.5186e+12     3.8126    33    32     2.9266
   34  1.4904e+12     3.8343    34    33     3.0071
   35  1.4493e+12     3.8668    35    34     3.0876
   36  1.4426e+12     3.8722    36    35     3.1680
   37  1.3467e+12     3.9530    37    36     3.2483
   38  1.3053e+12     3.9900    38    37     3.3285
   39  1.2475e+12     4.0443    39    38     3.4087
   40  1.2182e+12     4.0731    40    39     3.4889
   41  1.2024e+12     4.0888    41    40     3.5689
   42  1.0890e+12     4.2105    42    41     3.6490
   43  1.0736e+12     4.2282    43    42     3.7290
   44  1.0574e+12     4.2471    44    43     3.8089
   45  1.0515e+12     4.2541    45    44     3.8889
   46  9.0518e+11     4.4445    46    45     3.9688
   47  8.9395e+11     4.4606    47    46     4.0486
   48  8.0121e+11     4.6040    48    47     4.1285
   49  7.9547e+11     4.6135    49    48     4.2083
   50  7.6495e+11     4.6657    50    49     4.2881
   51  7.6051e+11     4.6735    51    50     4.3678
   52  6.0603e+11     4.9849    52    51     4.4476
   53  5.7347e+11     5.0629    53    52     4.5273
   54  5.4526e+11     5.1349    54    53     4.6070
   55  5.3219e+11     5.1698    55    54     4.6867
   56  4.5923e+11     5.3856    56    55     4.7664
   57  4.5681e+11     5.3934    57    56     4.8460
   58  4.3893e+11     5.4531    58    57     4.9257
   59  4.3431e+11     5.4689    59    58     5.0053
   60  4.1551e+11     5.5357    60    59     5.0849
   61  3.9996e+11     5.5938    61    60     5.1646
   62  3.5362e+11     5.7841    62    61     5.2442
   63  3.5104e+11     5.7956    63    62     5.3238
   64  3.1307e+11     5.9771    64    63     5.4033
   65  3.1129e+11     5.9862    65    64     5.4829
   66  3.1008e+11     5.9924    66    65     5.5625
   67  3.0773e+11     6.0047    67    66     5.6421
   68  2.9861e+11     6.0532    68    67     5.7216
   69  2.9812e+11     6.0558    69    68     5.8012
   70  2.9478e+11     6.0741    70    69     5.8807
   71  2.9371e+11     6.0800    71    70     5.9602
   72  2.9285e+11     6.0848    72    71     6.0398
   73  2.9206e+11     6.0891    73    72     6.1193
   74  2.7382e+11     6.1946    74    73     6.1988
   75  2.7226e+11     6.2040    75    74     6.2783
   76  2.6637e+11     6.2401    76    75     6.3579
   77  2.6541e+11     6.2461    77    76     6.4374
   78  2.6417e+11     6.2538    78    77     6.5169
   79  2.0316e+11     6.6999    79    78     6.5964
   80  1.8401e+11     6.8739    80    79     6.6759
   81  1.7218e+11     6.9926    81    80     6.7554
   82  1.7121e+11     7.0028    82    81     6.8349
   83  1.6030e+11     7.1219    83    82     6.9143
   84  1.5961e+11     7.1298    84    83     6.9938
   85  1.5530e+11     7.1798    85    84     7.0733
   86  1.5462e+11     7.1878    86    85     7.1528
   87  1.5242e+11     7.2140    87    86     7.2323
   88  1.5145e+11     7.2258    88    87     7.3117
   89  1.4541e+11     7.3010    89    88     7.3912
   90  1.4056e+11     7.3641    90    89     7.4707
   91  1.3869e+11     7.3891    91    90     7.5502
   92  1.3803e+11     7.3980    92    91     7.6296
   93  1.2781e+11     7.5429    93    92     7.7091
   94  1.2538e+11     7.5794    94    93     7.7885
   95  1.0926e+11     7.8449    95    94     7.8680
   96  1.0801e+11     7.8674    96    95     7.9475
   97  1.0422e+11     7.9376    97    96     8.0269
   98  1.0314e+11     7.9580    98    97     8.1064
   99  1.0303e+11     7.9600    99    98     8.1858
  100  1.0032e+11     8.0129   100    99     8.2653
