#indx Mass S step-number desc_indx 
    0  1.0000e+14     0.8310     0    -1     0.0134
    1  9.2041e+13     0.8616     1     0     0.1326
    2  8.3664e+13     0.8979     2     1     0.2441
    3  7.7460e+13     0.9280     3     2     0.3500
    4  7.5129e+13     0.9402     4     3     0.4519
    5  7.3458e+13     0.9492     5     4     0.5506
    6  7.0559e+13     0.9656     6     5     0.6467
    7  3.1025e+13     1.3495     7     6     0.7407
    8  2.5292e+13     1.4609     8     7     0.8330
    9  2.1695e+13     1.5491     9     8     0.9238
   10  2.1464e+13     1.5554    10     9     1.0134
   11  1.9867e+13     1.6015    11    10     1.1018
   12  1.9380e+13     1.6165    12    11     1.1894
   13  1.8787e+13     1.6354    13    12     1.2761
   14  1.8228e+13     1.6540    14    13     1.3621
   15  1.8004e+13     1.6617    15    14     1.4474
   16  1.7973e+13     1.6628    16    15     1.5322
   17  1.6012e+13     1.7356    17    16     1.6165
   18  1.4964e+13     1.7794    18    17     1.7003
   19  1.4773e+13     1.7878    19    18     1.7838
   20  7.5447e+12     2.2708    20    19     1.8669
   21  7.3544e+12     2.2909    21    20     1.9496
   22  6.9568e+12     2.3351    22    21     2.0321
   23  6.4052e+12     2.4020    23    22     2.1143
   24  6.3251e+12     2.4123    24    23     2.1963
   25  6.0503e+12     2.4490    25    24     2.2781
   26  5.3553e+12     2.5519    26    25     2.3597
   27  5.3229e+12     2.5571    27    26     2.4411
   28  5.3024e+12     2.5604    28    27     2.5223
   29  5.0789e+12     2.5976    29    28     2.6034
   30  4.8462e+12     2.6385    30    29     2.6844
   31  4.7388e+12     2.6582    31    30     2.7652
   32  4.7264e+12     2.6606    32    31     2.8459
   33  4.6244e+12     2.6799    33    32     2.9266
   34  3.6754e+12     2.8897    34    33     3.0071
   35  3.5923e+12     2.9113    35    34     3.0876
   36  3.5874e+12     2.9126    36    35     3.1680
   37  3.5736e+12     2.9162    37    36     3.2483
   38  3.0677e+12     3.0632    38    37     3.3285
   39  3.0649e+12     3.0641    39    38     3.4087
   40  3.0541e+12     3.0676    40    39     3.4889
   41  2.4537e+12     3.2882    41    40     3.5689
   42  2.4320e+12     3.2974    42    41     3.6490
   43  2.4264e+12     3.2998    43    42     3.7290
   44  1.8339e+12     3.5996    44    43     3.8089
   45  1.8291e+12     3.6024    45    44     3.8889
   46  1.4613e+12     3.8571    46    45     3.9688
   47  1.4104e+12     3.8985    47    46     4.0486
   48  1.3642e+12     3.9377    48    47     4.1285
   49  1.3221e+12     3.9748    49    48     4.2083
   50  1.3204e+12     3.9764    50    49     4.2881
   51  1.2903e+12     4.0039    51    50     4.3678
   52  1.2093e+12     4.0820    52    51     4.4476
   53  1.2018e+12     4.0895    53    52     4.5273
   54  1.1858e+12     4.1058    54    53     4.6070
   55  1.1601e+12     4.1325    55    54     4.6867
   56  1.1481e+12     4.1453    56    55     4.7664
   57  1.1195e+12     4.1763    57    56     4.8460
   58  1.1172e+12     4.1789    58    57     4.9257
   59  8.8434e+11     4.4746    59    58     5.0053
   60  8.0697e+11     4.5945    60    59     5.0849
   61  7.5284e+11     4.6871    61    60     5.1646
   62  6.3089e+11     4.9287    62    61     5.2442
   63  6.2405e+11     4.9439    63    62     5.3238
   64  6.1263e+11     4.9697    64    63     5.4033
   65  6.0682e+11     4.9831    65    64     5.4829
   66  5.8401e+11     5.0370    66    65     5.5625
   67  5.6315e+11     5.0887    67    66     5.6421
   68  5.4458e+11     5.1367    68    67     5.7216
   69  3.5377e+11     5.7835    69    68     5.8012
   70  2.3498e+11     6.4500    70    69     5.8807
   71  2.3178e+11     6.4732    71    70     5.9602
   72  2.3103e+11     6.4787    72    71     6.0398
   73  2.2416e+11     6.5302    73    72     6.1193
   74  2.2057e+11     6.5579    74    73     6.1988
   75  2.1667e+11     6.5885    75    74     6.2783
   76  2.0008e+11     6.7266    76    75     6.3579
   77  9.9771e+10     8.0237    77    76     6.4374
   78  9.8716e+10     8.0448    78    77     6.5169
   79  9.8610e+10     8.0470    79    78     6.5964
   80  9.8370e+10     8.0518    80    79     6.6759
   81  9.7999e+10     8.0593    81    80     6.7554
   82  9.7880e+10     8.0618    82    81     6.8349
   83  9.6963e+10     8.0805    83    82     6.9143
   84  9.6575e+10     8.0885    84    83     6.9938
   85  9.5547e+10     8.1099    85    84     7.0733
   86  9.4976e+10     8.1219    86    85     7.1528
   87  9.4907e+10     8.1233    87    86     7.2323
   88  9.4635e+10     8.1291    88    87     7.3117
   89  9.4565e+10     8.1306    89    88     7.3912
   90  9.1711e+10     8.1922    90    89     7.4707
   91  9.0318e+10     8.2230    91    90     7.5502
   92  9.0220e+10     8.2252    92    91     7.6296
   93  8.7795e+10     8.2804    93    92     7.7091
   94  8.7251e+10     8.2930    94    93     7.7885
   95  8.6168e+10     8.3184    95    94     7.8680
   96  8.5734e+10     8.3287    96    95     7.9475
   97  8.4154e+10     8.3667    97    96     8.0269
   98  8.1272e+10     8.4382    98    97     8.1064
   99  7.9973e+10     8.4715    99    98     8.1858
  100  7.8889e+10     8.4997   100    99     8.2653
