#indx Mass S step-number desc_indx 
    0  1.0000e+14     0.8310     0    -1     0.0134
    1  9.9224e+13     0.8338     1     0     0.1326
    2  8.5194e+13     0.8909     2     1     0.2441
    3  7.5683e+13     0.9372     3     2     0.3500
    4  5.4390e+13     1.0766     4     3     0.4519
    5  3.0584e+13     1.3570     5     4     0.5506
    6  2.8486e+13     1.3952     6     5     0.6467
    7  2.7094e+13     1.4226     7     6     0.7407
    8  2.6235e+13     1.4404     8     7     0.8330
    9  2.5836e+13     1.4490     9     8     0.9238
   10  2.5734e+13     1.4512    10     9     1.0134
   11  1.9272e+13     1.6199    11    10     1.1018
   12  1.5537e+13     1.7550    12    11     1.1894
   13  1.5429e+13     1.7595    13    12     1.2761
   14  1.5322e+13     1.7640    14    13     1.3621
   15  1.5132e+13     1.7721    15    14     1.4474
   16  1.4829e+13     1.7853    16    15     1.5322
   17  1.4396e+13     1.8048    17    16     1.6165
   18  1.2906e+13     1.8780    18    17     1.7003
   19  1.2465e+13     1.9017    19    18     1.7838
   20  9.3132e+12     2.1100    20    19     1.8669
   21  8.4775e+12     2.1807    21    20     1.9496
   22  3.2175e+12     3.0167    22    21     2.0321
   23  1.6477e+12     3.7193    23    22     2.1143
   24  1.5204e+12     3.8112    24    23     2.1963
   25  1.5075e+12     3.8211    25    24     2.2781
   26  1.3958e+12     3.9108    26    25     2.3597
   27  1.3570e+12     3.9439    27    26     2.4411
   28  1.2654e+12     4.0272    28    27     2.5223
   29  1.0682e+12     4.2345    29    28     2.6034
   30  9.3481e+11     4.4030    30    29     2.6844
   31  7.5786e+11     4.6781    31    30     2.7652
   32  7.5399e+11     4.6850    32    31     2.8459
   33  7.2614e+11     4.7357    33    32     2.9266
   34  7.1491e+11     4.7568    34    33     3.0071
   35  6.5268e+11     4.8816    35    34     3.0876
   36  6.4760e+11     4.8924    36    35     3.1680
   37  6.4196e+11     4.9045    37    36     3.2483
   38  6.3670e+11     4.9159    38    37     3.3285
   39  5.8542e+11     5.0336    39    38     3.4087
   40  4.7655e+11     5.3308    40    39     3.4889
   41  4.6724e+11     5.3599    41    40     3.5689
   42  4.5394e+11     5.4028    42    41     3.6490
   43  4.5133e+11     5.4114    43    42     3.7290
   44  3.8914e+11     5.6357    44    43     3.8089
   45  3.8522e+11     5.6513    45    44     3.8889
   46  3.8256e+11     5.6620    46    45     3.9688
   47  3.8018e+11     5.6716    47    46     4.0486
   48  2.2425e+11     6.5295    48    47     4.1285
   49  2.2207e+11     6.5462    49    48     4.2083
   50  2.1947e+11     6.5665    50    49     4.2881
   51  2.0114e+11     6.7174    51    50     4.3678
   52  1.6984e+11     7.0172    52    51     4.4476
   53  1.6887e+11     7.0275    53    52     4.5273
   54  1.4491e+11     7.3074    54    53     4.6070
   55  1.1886e+11     7.6816    55    54     4.6867
   56  1.1776e+11     7.6996    56    55     4.7664
   57  1.1747e+11     7.7042    57    56     4.8460
   58  1.1486e+11     7.7476    58    57     4.9257
   59  1.1447e+11     7.7544    59    58     5.0053
   60  1.1306e+11     7.7784    60    59     5.0849
   61  1.1172e+11     7.8014    61    60     5.1646
   62  1.1006e+11     7.8306    62    61     5.2442
   63  1.0889e+11     7.8515    63    62     5.3238
   64  1.0815e+11     7.8648    64    63     5.4033
   65  9.3831e+10     8.1462    65    64     5.4829
   66  9.2773e+10     8.1690    66    65     5.5625
   67  9.1475e+10     8.1974    67    66     5.6421
   68  9.0060e+10     8.2288    68    67     5.7216
   69  8.9365e+10     8.2445    69    68     5.8012
   70  8.9288e+10     8.2462    70    69     5.8807
   71  8.8764e+10     8.2581    71    70     5.9602
   72  8.5824e+10     8.3266    72    71     6.0398
   73  8.5574e+10     8.3325    73    72     6.1193
   74  7.8744e+10     8.5035    74    73     6.1988
   75  7.7549e+10     8.5352    75    74     6.2783
   76  7.5311e+10     8.5961    76    75     6.3579
   77  7.5014e+10     8.6043    77    76     6.4374
   78  7.4688e+10     8.6134    78    77     6.5169
   79  7.4504e+10     8.6186    79    78     6.5964
   80  6.8884e+10     8.7836    80    79     6.6759
   81  6.3208e+10     8.9672    81    80     6.7554
   82  4.7764e+10     9.5844    82    81     6.8349
   83  4.7611e+10     9.5916    83    82     6.9143
   84  4.6076e+10     9.6658    84    83     6.9938
   85  4.5892e+10     9.6749    85    84     7.0733
   86  4.5227e+10     9.7081    86    85     7.1528
   87  4.4442e+10     9.7480    87    86     7.2323
   88  4.4195e+10     9.7608    88    87     7.3117
   89  4.4038e+10     9.7689    89    88     7.3912
   90  4.3984e+10     9.7717    90    89     7.4707
   91  3.9290e+10    10.0324    91    90     7.5502
   92  3.8359e+10    10.0884    92    91     7.6296
   93  3.7322e+10    10.1528    93    92     7.7091
   94  3.3650e+10    10.3984    94    93     7.7885
   95  3.3238e+10    10.4280    95    94     7.8680
   96  3.1414e+10    10.5639    96    95     7.9475
   97  3.0897e+10    10.6041    97    96     8.0269
   98  3.0769e+10    10.6141    98    97     8.1064
   99  3.0528e+10    10.6333    99    98     8.1858
  100  3.0368e+10    10.6461   100    99     8.2653
