#indx Mass S step-number desc_indx 
    0  1.0000e+14     0.8310     0    -1     0.0134
    1  9.2831e+13     0.8584     1     0     0.1326
    2  7.7237e+13     0.9292     2     1     0.2441
    3  6.5191e+13     0.9983     3     2     0.3500
    4  6.3462e+13     1.0097     4     3     0.4519
    5  6.2289e+13     1.0176     5     4     0.5506
    6  5.6078e+13     1.0631     6     5     0.6467
    7  5.1864e+13     1.0979     7     6     0.7407
    8  5.0387e+13     1.1110     8     7     0.8330
    9  4.5640e+13     1.1568     9     8     0.9238
   10  4.4544e+13     1.1683    10     9     1.0134
   11  4.3133e+13     1.1836    11    10     1.1018
   12  4.1304e+13     1.2044    12    11     1.1894
   13  4.1008e+13     1.2079    13    12     1.2761
   14  3.9898e+13     1.2213    14    13     1.3621
   15  3.9141e+13     1.2307    15    14     1.4474
   16  2.9033e+13     1.3849    16    15     1.5322
   17  2.8646e+13     1.3922    17    16     1.6165
   18  2.8598e+13     1.3931    18    17     1.7003
   19  2.6907e+13     1.4264    19    18     1.7838
   20  2.5862e+13     1.4484    20    19     1.8669
   21  2.4994e+13     1.4676    21    20     1.9496
   22  2.4141e+13     1.4873    22    21     2.0321
   23  2.1686e+13     1.5493    23    22     2.1143
   24  2.0672e+13     1.5777    24    23     2.1963
   25  2.0189e+13     1.5918    25    24     2.2781
   26  1.7881e+13     1.6659    26    25     2.3597
   27  1.6287e+13     1.7247    27    26     2.4411
   28  1.5942e+13     1.7384    28    27     2.5223
   29  1.4884e+13     1.7829    29    28     2.6034
   30  1.3900e+13     1.8280    30    29     2.6844
   31  5.3370e+12     2.5548    31    30     2.7652
   32  4.9588e+12     2.6184    32    31     2.8459
   33  4.1221e+12     2.7835    33    32     2.9266
   34  4.0962e+12     2.7892    34    33     3.0071
   35  4.0365e+12     2.8027    35    34     3.0876
   36  3.9718e+12     2.8175    36    35     3.1680
   37  3.8955e+12     2.8355    37    36     3.2483
   38  3.8569e+12     2.8447    38    37     3.3285
   39  3.8461e+12     2.8473    39    38     3.4087
   40  3.5006e+12     2.9358    40    39     3.4889
   41  3.4637e+12     2.9458    41    40     3.5689
   42  3.4562e+12     2.9479    42    41     3.6490
   43  3.3841e+12     2.9681    43    42     3.7290
   44  3.3521e+12     2.9772    44    43     3.8089
   45  2.9115e+12     3.1148    45    44     3.8889
   46  2.8897e+12     3.1223    46    45     3.9688
   47  1.4488e+12     3.8671    47    46     4.0486
   48  1.4441e+12     3.8709    48    47     4.1285
   49  1.3829e+12     3.9216    49    48     4.2083
   50  1.3402e+12     3.9587    50    49     4.2881
   51  1.3324e+12     3.9656    51    50     4.3678
   52  1.2508e+12     4.0412    52    51     4.4476
   53  1.2491e+12     4.0428    53    52     4.5273
   54  1.2011e+12     4.0902    54    53     4.6070
   55  1.1979e+12     4.0935    55    54     4.6867
   56  1.1012e+12     4.1966    56    55     4.7664
   57  1.0319e+12     4.2777    57    56     4.8460
   58  1.0180e+12     4.2947    58    57     4.9257
   59  1.0041e+12     4.3120    59    58     5.0053
   60  9.0569e+11     4.4437    60    59     5.0849
   61  8.7991e+11     4.4811    61    60     5.1646
   62  5.1097e+11     5.2287    62    61     5.2442
   63  4.5666e+11     5.3939    63    62     5.3238
   64  4.4449e+11     5.4342    64    63     5.4033
   65  4.4352e+11     5.4375    65    64     5.4829
   66  3.6469e+11     5.7360    66    65     5.5625
   67  3.6394e+11     5.7392    67    66     5.6421
   68  3.6285e+11     5.7439    68    67     5.7216
   69  3.5628e+11     5.7724    69    68     5.8012
   70  3.5175e+11     5.7924    70    69     5.8807
   71  3.4460e+11     5.8247    71    70     5.9602
   72  3.3903e+11     5.8504    72    71     6.0398
   73  3.3692e+11     5.8602    73    72     6.1193
   74  3.2243e+11     5.9300    74    73     6.1988
   75  3.2066e+11     5.9388    75    74     6.2783
   76  2.9135e+11     6.0931    76    75     6.3579
   77  2.8703e+11     6.1174    77    76     6.4374
   78  2.7978e+11     6.1593    78    77     6.5169
   79  2.6102e+11     6.2737    79    78     6.5964
   80  2.6072e+11     6.2756    80    79     6.6759
   81  2.5900e+11     6.2866    81    80     6.7554
   82  2.5405e+11     6.3187    82    81     6.8349
   83  2.4142e+11     6.4043    83    82     6.9143
   84  1.2826e+11     7.5363    84    83     6.9938
   85  1.2496e+11     7.5859    85    84     7.0733
   86  1.1315e+11     7.7767    86    85     7.1528
   87  1.0331e+11     7.9548    87    86     7.2323
   88  1.0303e+11     7.9601    88    87     7.3117
   89  1.0164e+11     7.9870    89    88     7.3912
   90  7.8014e+10     8.5227    90    89     7.4707
   91  7.7104e+10     8.5471    91    90     7.5502
   92  7.2363e+10     8.6797    92    91     7.6296
   93  6.9990e+10     8.7499    93    92     7.7091
   94  6.8597e+10     8.7925    94    93     7.7885
   95  6.6588e+10     8.8556    95    94     7.8680
   96  6.6217e+10     8.8675    96    95     7.9475
   97  6.4565e+10     8.9216    97    96     8.0269
   98  6.3028e+10     8.9733    98    97     8.1064
   99  5.8492e+10     9.1351    99    98     8.1858
  100  5.8055e+10     9.1514   100    99     8.2653
