#indx Mass S step-number desc_indx 
    0  1.0000e+14     0.8310     0    -1     0.0134
    1  7.8425e+13     0.9231     1     0     0.1326
    2  3.8013e+13     1.2452     2     1     0.2441
    3  3.5812e+13     1.2752     3     2     0.3500
    4  3.5017e+13     1.2866     4     3     0.4519
    5  1.9959e+13     1.5987     5     4     0.5506
    6  1.8854e+13     1.6333     6     5     0.6467
    7  1.8784e+13     1.6356     7     6     0.7407
    8  1.7610e+13     1.6755     8     7     0.8330
    9  1.0079e+13     2.0519     9     8     0.9238
   10  8.5589e+12     2.1734    10     9     1.0134
   11  7.4801e+12     2.2775    11    10     1.1018
   12  7.0457e+12     2.3250    12    11     1.1894
   13  6.9896e+12     2.3314    13    12     1.2761
   14  6.3185e+12     2.4132    14    13     1.3621
   15  6.2954e+12     2.4162    15    14     1.4474
   16  5.9259e+12     2.4663    16    15     1.5322
   17  5.8954e+12     2.4706    17    16     1.6165
   18  2.2375e+12     3.3846    18    17     1.7003
   19  2.0842e+12     3.4602    19    18     1.7838
   20  1.9364e+12     3.5398    20    19     1.8669
   21  1.5204e+12     3.8112    21    20     1.9496
   22  1.1931e+12     4.0983    22    21     2.0321
   23  1.1907e+12     4.1008    23    22     2.1143
   24  1.1826e+12     4.1091    24    23     2.1963
   25  1.1427e+12     4.1511    25    24     2.2781
   26  1.1323e+12     4.1623    26    25     2.3597
   27  9.2309e+11     4.4192    27    26     2.4411
   28  9.1936e+11     4.4244    28    27     2.5223
   29  8.6776e+11     4.4992    29    28     2.6034
   30  8.3704e+11     4.5463    30    29     2.6844
   31  8.2664e+11     4.5628    31    30     2.7652
   32  7.7921e+11     4.6410    32    31     2.8459
   33  7.2513e+11     4.7376    33    32     2.9266
   34  6.5064e+11     4.8859    34    33     3.0071
   35  6.3603e+11     4.9174    35    34     3.0876
   36  6.3178e+11     4.9267    36    35     3.1680
   37  5.8629e+11     5.0315    37    36     3.2483
   38  5.6844e+11     5.0754    38    37     3.3285
   39  5.4379e+11     5.1387    39    38     3.4087
   40  5.4057e+11     5.1473    40    39     3.4889
   41  5.1854e+11     5.2073    41    40     3.5689
   42  4.3019e+11     5.4833    42    41     3.6490
   43  4.2800e+11     5.4909    43    42     3.7290
   44  4.1904e+11     5.5229    44    43     3.8089
   45  4.0081e+11     5.5905    45    44     3.8889
   46  3.9165e+11     5.6259    46    45     3.9688
   47  1.2755e+11     7.5468    47    46     4.0486
   48  1.1075e+11     7.8184    48    47     4.1285
   49  8.2704e+10     8.4023    49    48     4.2083
   50  7.8653e+10     8.5058    50    49     4.2881
   51  7.5503e+10     8.5908    51    50     4.3678
   52  7.5098e+10     8.6020    52    51     4.4476
   53  6.6677e+10     8.8528    53    52     4.5273
   54  6.1056e+10     9.0419    54    53     4.6070
   55  6.0830e+10     9.0499    55    54     4.6867
   56  5.9363e+10     9.1029    56    55     4.7664
   57  5.5517e+10     9.2493    57    56     4.8460
   58  5.5016e+10     9.2693    58    57     4.9257
   59  5.3598e+10     9.3269    59    58     5.0053
   60  5.2639e+10     9.3669    60    59     5.0849
   61  5.0977e+10     9.4383    61    60     5.1646
   62  2.1125e+10    11.5558    62    61     5.2442
   63  1.7987e+10    11.9762    63    62     5.3238
   64  1.7404e+10    12.0637    64    63     5.4033
   65  1.7313e+10    12.0777    65    64     5.4829
   66  1.3400e+10    12.7741    66    65     5.5625
   67  1.3285e+10    12.7980    67    66     5.6421
   68  1.3252e+10    12.8049    68    67     5.7216
   69  1.3213e+10    12.8131    69    68     5.8012
   70  1.3184e+10    12.8193    70    69     5.8807
   71  1.1922e+10    13.1010    71    70     5.9602
   72  1.1903e+10    13.1057    72    71     6.0398
   73  1.0973e+10    13.3368    73    72     6.1193
   74  1.0863e+10    13.3655    74    73     6.1988
   75  1.0770e+10    13.3902    75    74     6.2783
   76  1.0715e+10    13.4049    76    75     6.3579
   77  1.0630e+10    13.4279    77    76     6.4374
   78  1.0571e+10    13.4437    78    77     6.5169
   79  9.3577e+09    13.7977    79    78     6.5964
   80  9.3263e+09    13.8076    80    79     6.6759
   81  9.3095e+09    13.8128    81    80     6.7554
   82  9.2697e+09    13.8254    82    81     6.8349
   83  9.2552e+09    13.8300    83    82     6.9143
   84  8.8035e+09    13.9774    84    83     6.9938
   85  7.7521e+09    14.3571    85    84     7.0733
   86  7.7145e+09    14.3718    86    85     7.1528
   87  7.4016e+09    14.4971    87    86     7.2323
   88  7.0547e+09    14.6432    88    87     7.3117
   89  6.3797e+09    14.9530    89    88     7.3912
   90  6.0420e+09    15.1224    90    89     7.4707
   91  5.9989e+09    15.1448    91    90     7.5502
   92  5.9860e+09    15.1515    92    91     7.6296
   93  5.9469e+09    15.1721    93    92     7.7091
   94  5.4740e+09    15.4334    94    93     7.7885
   95  5.4662e+09    15.4380    95    94     7.8680
   96  5.1689e+09    15.6162    96    95     7.9475
   97  5.1681e+09    15.6166    97    96     8.0269
   98  5.1627e+09    15.6200    98    97     8.1064
   99  5.1612e+09    15.6210    99    98     8.1858
  100  4.5565e+09    16.0234   100    99     8.2653
