#indx Mass S step-number desc_indx 
    0  1.0000e+14     0.8310     0    -1     0.0134
    1  9.2532e+13     0.8596     1     0     0.1326
    2  7.8331e+13     0.9236     2     1     0.2441
    3  7.7510e+13     0.9278     3     2     0.3500
    4  7.4572e+13     0.9432     4     3     0.4519
    5  6.9211e+13     0.9735     5     4     0.5506
    6  2.6073e+13     1.4439     6     5     0.6467
    7  2.3043e+13     1.5140     7     6     0.7407
    8  1.9703e+13     1.6065     8     7     0.8330
    9  8.9483e+12     2.1398     9     8     0.9238
   10  8.5826e+12     2.1713    10     9     1.0134
   11  7.6562e+12     2.2593    11    10     1.1018
   12  7.2749e+12     2.2995    12    11     1.1894
   13  7.1004e+12     2.3188    13    12     1.2761
   14  6.6795e+12     2.3679    14    13     1.3621
   15  6.1155e+12     2.4401    15    14     1.4474
   16  6.0214e+12     2.4530    16    15     1.5322
   17  5.9846e+12     2.4581    17    16     1.6165
   18  5.2331e+12     2.5717    18    17     1.7003
   19  4.9612e+12     2.6180    19    18     1.7838
   20  3.0891e+12     3.0564    20    19     1.8669
   21  3.0218e+12     3.0781    21    20     1.9496
   22  2.6638e+12     3.2040    22    21     2.0321
   23  2.6494e+12     3.2096    23    22     2.1143
   24  2.5913e+12     3.2321    24    23     2.1963
   25  2.4687e+12     3.2819    25    24     2.2781
   26  2.0706e+12     3.4672    26    25     2.3597
   27  2.0378e+12     3.4844    27    26     2.4411
   28  1.9728e+12     3.5195    28    27     2.5223
   29  1.7931e+12     3.6245    29    28     2.6034
   30  1.7371e+12     3.6599    30    29     2.6844
   31  1.7167e+12     3.6731    31    30     2.7652
   32  9.0703e+11     4.4418    32    31     2.8459
   33  8.5440e+11     4.5195    33    32     2.9266
   34  8.2013e+11     4.5732    34    33     3.0071
   35  7.8401e+11     4.6328    35    34     3.0876
   36  7.7830e+11     4.6426    36    35     3.1680
   37  7.4908e+11     4.6938    37    36     3.2483
   38  7.0857e+11     4.7689    38    37     3.3285
   39  6.0869e+11     4.9787    39    38     3.4087
   40  5.9100e+11     5.0202    40    39     3.4889
   41  4.3383e+11     5.4706    41    40     3.5689
   42  4.2411e+11     5.5047    42    41     3.6490
   43  4.1691e+11     5.5306    43    42     3.7290
   44  3.8644e+11     5.6464    44    43     3.8089
   45  3.7332e+11     5.6998    45    44     3.8889
   46  3.6515e+11     5.7341    46    45     3.9688
   47  3.6293e+11     5.7436    47    46     4.0486
   48  3.2299e+11     5.9272    48    47     4.1285
   49  2.3040e+11     6.4834    49    48     4.2083
   50  2.2184e+11     6.5480    50    49     4.2881
   51  2.1258e+11     6.6213    51    50     4.3678
   52  2.1236e+11     6.6231    52    51     4.4476
   53  2.0818e+11     6.6575    53    52     4.5273
   54  2.0778e+11     6.6609    54    53     4.6070
   55  2.0187e+11     6.7110    55    54     4.6867
   56  1.9162e+11     6.8023    56    55     4.7664
   57  1.9124e+11     6.8058    57    56     4.8460
   58  1.9075e+11     6.8103    58    57     4.9257
   59  1.8608e+11     6.8542    59    58     5.0053
   60  1.8007e+11     6.9125    60    59     5.0849
   61  1.7041e+11     7.0111    61    60     5.1646
   62  1.6892e+11     7.0270    62    61     5.2442
   63  1.6477e+11     7.0719    63    62     5.3238
   64  1.5585e+11     7.1732    64    63     5.4033
   65  1.5061e+11     7.2360    65    64     5.4829
   66  1.5028e+11     7.2402    66    65     5.5625
   67  1.4870e+11     7.2596    67    66     5.6421
   68  1.4804e+11     7.2678    68    67     5.7216
   69  1.3856e+11     7.3909    69    68     5.8012
   70  1.3819e+11     7.3958    70    69     5.8807
   71  1.3612e+11     7.4241    71    70     5.9602
   72  1.3267e+11     7.4724    72    71     6.0398
   73  1.3004e+11     7.5101    73    72     6.1193
   74  1.2946e+11     7.5186    74    73     6.1988
   75  1.2890e+11     7.5268    75    74     6.2783
   76  1.2662e+11     7.5607    76    75     6.3579
   77  1.1821e+11     7.6923    77    76     6.4374
   78  1.1468e+11     7.7507    78    77     6.5169
   79  1.1435e+11     7.7563    79    78     6.5964
   80  1.0463e+11     7.9298    80    79     6.6759
   81  1.0382e+11     7.9450    81    80     6.7554
   82  1.0021e+11     8.0150    82    81     6.8349
   83  9.5197e+10     8.1172    83    82     6.9143
   84  8.6852e+10     8.3024    84    83     6.9938
   85  8.5875e+10     8.3254    85    84     7.0733
   86  8.5156e+10     8.3425    86    85     7.1528
   87  8.0154e+10     8.4668    87    86     7.2323
   88  7.5976e+10     8.5777    88    87     7.3117
   89  7.5667e+10     8.5862    89    88     7.3912
   90  7.0613e+10     8.7312    90    89     7.4707
   91  7.0148e+10     8.7451    91    90     7.5502
   92  6.8174e+10     8.8056    92    91     7.6296
   93  6.6290e+10     8.8652    93    92     7.7091
   94  6.6008e+10     8.8743    94    93     7.7885
   95  6.5500e+10     8.8908    95    94     7.8680
   96  6.3070e+10     8.9719    96    95     7.9475
   97  6.0317e+10     9.0683    97    96     8.0269
   98  5.9429e+10     9.1005    98    97     8.1064
   99  5.8731e+10     9.1261    99    98     8.1858
  100  5.8371e+10     9.1396   100    99     8.2653
