#indx Mass S step-number desc_indx 
    0  1.0000e+14     0.8310     0    -1     0.0134
    1  8.9877e+13     0.8705     1     0     0.1326
    2  7.9579e+13     0.9174     2     1     0.2441
    3  4.6356e+13     1.1495     3     2     0.3500
    4  4.4082e+13     1.1732     4     3     0.4519
    5  4.2953e+13     1.1856     5     4     0.5506
    6  4.2089e+13     1.1953     6     5     0.6467
    7  4.0493e+13     1.2141     7     6     0.7407
    8  3.7929e+13     1.2463     8     7     0.8330
    9  3.3162e+13     1.3146     9     8     0.9238
   10  3.2133e+13     1.3310    10     9     1.0134
   11  3.1568e+13     1.3403    11    10     1.1018
   12  3.0678e+13     1.3554    12    11     1.1894
   13  2.9260e+13     1.3807    13    12     1.2761
   14  2.8299e+13     1.3988    14    13     1.3621
   15  1.6405e+13     1.7201    15    14     1.4474
   16  1.2930e+13     1.8768    16    15     1.5322
   17  1.0878e+13     1.9970    17    16     1.6165
   18  1.0668e+13     2.0109    18    17     1.7003
   19  1.0594e+13     2.0159    19    18     1.7838
   20  9.3122e+12     2.1101    20    19     1.8669
   21  9.1631e+12     2.1221    21    20     1.9496
   22  8.5881e+12     2.1708    22    21     2.0321
   23  8.0274e+12     2.2225    23    22     2.1143
   24  7.8686e+12     2.2380    24    23     2.1963
   25  6.8480e+12     2.3478    25    24     2.2781
   26  3.8920e+12     2.8363    26    25     2.3597
   27  3.6973e+12     2.8842    27    26     2.4411
   28  3.5270e+12     2.9286    28    27     2.5223
   29  3.4605e+12     2.9467    29    28     2.6034
   30  3.3529e+12     2.9770    30    29     2.6844
   31  2.5408e+12     3.2523    31    30     2.7652
   32  2.5378e+12     3.2535    32    31     2.8459
   33  2.4203e+12     3.3024    33    32     2.9266
   34  2.2245e+12     3.3907    34    33     3.0071
   35  2.1081e+12     3.4479    35    34     3.0876
   36  2.0331e+12     3.4869    36    35     3.1680
   37  1.9320e+12     3.5423    37    36     3.2483
   38  1.5112e+12     3.8182    38    37     3.3285
   39  1.4947e+12     3.8309    39    38     3.4087
   40  1.4420e+12     3.8726    40    39     3.4889
   41  1.3984e+12     3.9086    41    40     3.5689
   42  1.2588e+12     4.0335    42    41     3.6490
   43  1.2373e+12     4.0543    43    42     3.7290
   44  1.1968e+12     4.0946    44    43     3.8089
   45  1.1203e+12     4.1754    45    44     3.8889
   46  5.7460e+11     5.0601    46    45     3.9688
   47  5.1813e+11     5.2085    47    46     4.0486
   48  5.1478e+11     5.2179    48    47     4.1285
   49  5.1184e+11     5.2262    49    48     4.2083
   50  5.0905e+11     5.2341    50    49     4.2881
   51  5.0415e+11     5.2482    51    50     4.3678
   52  4.6764e+11     5.3587    52    51     4.4476
   53  4.5373e+11     5.4035    53    52     4.5273
   54  4.2632e+11     5.4969    54    53     4.6070
   55  4.2602e+11     5.4980    55    54     4.6867
   56  3.9873e+11     5.5985    56    55     4.7664
   57  3.9465e+11     5.6142    57    56     4.8460
   58  3.3612e+11     5.8640    58    57     4.9257
   59  2.9635e+11     6.0655    59    58     5.0053
   60  2.9393e+11     6.0788    60    59     5.0849
   61  2.8583e+11     6.1243    61    60     5.1646
   62  2.7673e+11     6.1772    62    61     5.2442
   63  2.4987e+11     6.3465    63    62     5.3238
   64  2.4330e+11     6.3912    64    63     5.4033
   65  2.3149e+11     6.4754    65    64     5.4829
   66  2.2790e+11     6.5020    66    65     5.5625
   67  2.2767e+11     6.5037    67    66     5.6421
   68  1.9377e+11     6.7827    68    67     5.7216
   69  1.9241e+11     6.7951    69    68     5.8012
   70  1.9004e+11     6.8170    70    69     5.8807
   71  1.8791e+11     6.8368    71    70     5.9602
   72  1.7791e+11     6.9340    72    71     6.0398
   73  1.7118e+11     7.0031    73    72     6.1193
   74  1.5279e+11     7.2096    74    73     6.1988
   75  1.5265e+11     7.2113    75    74     6.2783
   76  1.2645e+11     7.5633    76    75     6.3579
   77  1.1532e+11     7.7399    77    76     6.4374
   78  1.0901e+11     7.8493    78    77     6.5169
   79  1.0395e+11     7.9426    79    78     6.5964
   80  1.0331e+11     7.9547    80    79     6.6759
   81  1.0110e+11     7.9975    81    80     6.7554
   82  9.9176e+10     8.0356    82    81     6.8349
   83  9.8797e+10     8.0432    83    82     6.9143
   84  9.2740e+10     8.1697    84    83     6.9938
   85  9.2650e+10     8.1716    85    84     7.0733
   86  8.1048e+10     8.4439    86    85     7.1528
   87  8.0575e+10     8.4560    87    86     7.2323
   88  7.9580e+10     8.4816    88    87     7.3117
   89  7.9259e+10     8.4900    89    88     7.3912
   90  7.7965e+10     8.5240    90    89     7.4707
   91  7.6293e+10     8.5691    91    90     7.5502
   92  6.7197e+10     8.8362    92    91     7.6296
   93  6.4686e+10     8.9175    93    92     7.7091
   94  6.4136e+10     8.9359    94    93     7.7885
   95  6.3634e+10     8.9527    95    94     7.8680
   96  6.3198e+10     8.9675    96    95     7.9475
   97  6.3133e+10     8.9697    97    96     8.0269
   98  6.2896e+10     8.9778    98    97     8.1064
   99  6.1595e+10     9.0229    99    98     8.1858
  100  5.5629e+10     9.2449   100    99     8.2653
