#indx Mass S step-number desc_indx 
    0  1.0000e+14     0.8310     0    -1     0.0134
    1  7.5025e+13     0.9407     1     0     0.1326
    2  3.6899e+13     1.2601     2     1     0.2441
    3  3.6578e+13     1.2645     3     2     0.3500
    4  3.5214e+13     1.2837     4     3     0.4519
    5  3.3433e+13     1.3103     5     4     0.5506
    6  3.3184e+13     1.3142     6     5     0.6467
    7  3.2979e+13     1.3174     7     6     0.7407
    8  3.2487e+13     1.3253     8     7     0.8330
    9  3.0602e+13     1.3567     9     8     0.9238
   10  2.8490e+13     1.3951    10     9     1.0134
   11  2.5932e+13     1.4469    11    10     1.1018
   12  2.5622e+13     1.4536    12    11     1.1894
   13  2.5231e+13     1.4623    13    12     1.2761
   14  2.3671e+13     1.4985    14    13     1.3621
   15  2.0999e+13     1.5683    15    14     1.4474
   16  8.3493e+12     2.1923    16    15     1.5322
   17  8.3176e+12     2.1952    17    16     1.6165
   18  8.0227e+12     2.2230    18    17     1.7003
   19  7.7905e+12     2.2457    19    18     1.7838
   20  7.1949e+12     2.3083    20    19     1.8669
   21  6.5614e+12     2.3824    21    20     1.9496
   22  6.5349e+12     2.3856    22    21     2.0321
   23  6.1165e+12     2.4400    23    22     2.1143
   24  5.3089e+12     2.5594    24    23     2.1963
   25  3.5172e+12     2.9313    25    24     2.2781
   26  3.1754e+12     3.0295    26    25     2.3597
   27  3.0858e+12     3.0575    27    26     2.4411
   28  2.7203e+12     3.1828    28    27     2.5223
   29  2.4839e+12     3.2756    29    28     2.6034
   30  2.0130e+12     3.4976    30    29     2.6844
   31  1.8942e+12     3.5639    31    30     2.7652
   32  1.8086e+12     3.6149    32    31     2.8459
   33  1.7696e+12     3.6391    33    32     2.9266
   34  1.6547e+12     3.7146    34    33     3.0071
   35  1.6255e+12     3.7347    35    34     3.0876
   36  1.6218e+12     3.7373    36    35     3.1680
   37  1.6148e+12     3.7422    37    36     3.2483
   38  1.4170e+12     3.8931    38    37     3.3285
   39  1.4099e+12     3.8989    39    38     3.4087
   40  1.2986e+12     3.9962    40    39     3.4889
   41  8.3026e+11     4.5570    41    40     3.5689
   42  6.9421e+11     4.7968    42    41     3.6490
   43  6.8821e+11     4.8087    43    42     3.7290
   44  6.7932e+11     4.8265    44    43     3.8089
   45  5.9773e+11     5.0043    45    44     3.8889
   46  5.7932e+11     5.0485    46    45     3.9688
   47  5.4887e+11     5.1254    47    46     4.0486
   48  5.4171e+11     5.1442    48    47     4.1285
   49  4.4794e+11     5.4227    49    48     4.2083
   50  4.4012e+11     5.4490    50    49     4.2881
   51  4.2287e+11     5.5092    51    50     4.3678
   52  3.7467e+11     5.6941    52    51     4.4476
   53  3.7406e+11     5.6967    53    52     4.5273
   54  3.6944e+11     5.7159    54    53     4.6070
   55  3.6423e+11     5.7380    55    54     4.6867
   56  3.5759e+11     5.7667    56    55     4.7664
   57  3.4951e+11     5.8025    57    56     4.8460
   58  3.3942e+11     5.8486    58    57     4.9257
   59  3.3719e+11     5.8590    59    58     5.0053
   60  3.2940e+11     5.8959    60    59     5.0849
   61  3.2596e+11     5.9126    61    60     5.1646
   62  3.0284e+11     6.0305    62    61     5.2442
   63  2.9698e+11     6.0620    63    62     5.3238
   64  2.9403e+11     6.0782    64    63     5.4033
   65  2.6420e+11     6.2536    65    64     5.4829
   66  1.3914e+11     7.3830    66    65     5.5625
   67  1.3845e+11     7.3923    67    66     5.6421
   68  1.3264e+11     7.4728    68    67     5.7216
   69  1.3138e+11     7.4909    69    68     5.8012
   70  1.2662e+11     7.5607    70    69     5.8807
   71  1.2491e+11     7.5867    71    70     5.9602
   72  1.2232e+11     7.6267    72    71     6.0398
   73  1.0995e+11     7.8325    73    72     6.1193
   74  1.0958e+11     7.8391    74    73     6.1988
   75  9.9218e+10     8.0347    75    74     6.2783
   76  9.5137e+10     8.1185    76    75     6.3579
   77  9.0277e+10     8.2239    77    76     6.4374
   78  8.7814e+10     8.2800    78    77     6.5169
   79  8.7240e+10     8.2933    79    78     6.5964
   80  8.2396e+10     8.4100    80    79     6.6759
   81  8.1746e+10     8.4263    81    80     6.7554
   82  8.1515e+10     8.4321    82    81     6.8349
   83  8.1042e+10     8.4441    83    82     6.9143
   84  8.0483e+10     8.4583    84    83     6.9938
   85  7.9837e+10     8.4750    85    84     7.0733
   86  7.9215e+10     8.4911    86    85     7.1528
   87  7.9153e+10     8.4927    87    86     7.2323
   88  7.8650e+10     8.5059    88    87     7.3117
   89  7.6677e+10     8.5586    89    88     7.3912
   90  7.6204e+10     8.5715    90    89     7.4707
   91  7.3606e+10     8.6439    91    90     7.5502
   92  7.3170e+10     8.6564    92    91     7.6296
   93  2.4177e+10    11.2112    93    92     7.7091
   94  2.4126e+10    11.2166    94    93     7.7885
   95  2.4098e+10    11.2195    95    94     7.8680
   96  2.3995e+10    11.2304    96    95     7.9475
   97  2.3923e+10    11.2380    97    96     8.0269
   98  2.3706e+10    11.2610    98    97     8.1064
   99  2.2593e+10    11.3833    99    98     8.1858
  100  2.2378e+10    11.4078   100    99     8.2653
