#indx Mass S step-number desc_indx 
    0  3.1600e+10    10.5496     0    -1     0.0134
    1  2.3571e+10    11.2755     1     0     0.1326
    2  2.2467e+10    11.3976     2     1     0.2441
    3  2.2313e+10    11.4153     3     2     0.3500
    4  2.1298e+10    11.5347     4     3     0.4519
    5  1.4746e+10    12.5105     5     4     0.5506
    6  1.4740e+10    12.5116     6     5     0.6467
    7  1.4361e+10    12.5831     7     6     0.7407
    8  1.3013e+10    12.8556     8     7     0.8330
    9  1.2987e+10    12.8611     9     8     0.9238
   10  4.8483e+09    15.8220    10     9     1.0134
   11  4.7335e+09    15.8996    11    10     1.1018
   12  4.6874e+09    15.9313    12    11     1.1894
   13  4.6703e+09    15.9432    13    12     1.2761
   14  4.6647e+09    15.9471    14    13     1.3621
   15  3.5286e+09    16.8720    15    14     1.4474
   16  3.4802e+09    16.9188    16    15     1.5322
   17  3.3276e+09    17.0711    17    16     1.6165
   18  3.1905e+09    17.2149    18    17     1.7003
   19  3.1247e+09    17.2865    19    18     1.7838
   20  3.1008e+09    17.3129    20    19     1.8669
   21  3.0657e+09    17.3521    21    20     1.9496
   22  3.0369e+09    17.3847    22    21     2.0321
   23  3.0199e+09    17.4041    23    22     2.1143
   24  2.9792e+09    17.4511    24    23     2.1963
   25  2.9268e+09    17.5125    25    24     2.2781
   26  2.9223e+09    17.5179    26    25     2.3597
   27  2.7926e+09    17.6759    27    26     2.4411
   28  2.6765e+09    17.8247    28    27     2.5223
   29  2.5823e+09    17.9510    29    28     2.6034
   30  2.5805e+09    17.9534    30    29     2.6844
   31  2.5768e+09    17.9586    31    30     2.7652
   32  2.1853e+09    18.5474    32    31     2.8459
   33  2.1662e+09    18.5791    33    32     2.9266
   34  2.0759e+09    18.7337    34    33     3.0071
   35  2.0242e+09    18.8256    35    34     3.0876
   36  2.0162e+09    18.8401    36    35     3.1680
   37  2.0029e+09    18.8643    37    36     3.2483
   38  1.9536e+09    18.9557    38    37     3.3285
   39  1.9494e+09    18.9635    39    38     3.4087
   40  1.8546e+09    19.1471    40    39     3.4889
   41  1.8439e+09    19.1685    41    40     3.5689
   42  1.6862e+09    19.5013    42    41     3.6490
   43  1.6816e+09    19.5115    43    42     3.7290
   44  1.6671e+09    19.5439    44    43     3.8089
   45  1.5881e+09    19.7265    45    44     3.8889
   46  1.5436e+09    19.8341    46    45     3.9688
   47  1.5401e+09    19.8427    47    46     4.0486
   48  1.5373e+09    19.8497    48    47     4.1285
   49  1.5349e+09    19.8556    49    48     4.2083
   50  1.5244e+09    19.8817    50    49     4.2881
   51  1.5041e+09    19.9324    51    50     4.3678
   52  1.4268e+09    20.1337    52    51     4.4476
   53  1.3952e+09    20.2198    53    52     4.5273
   54  1.3101e+09    20.4624    54    53     4.6070
   55  1.3090e+09    20.4658    55    54     4.6867
   56  1.3063e+09    20.4736    56    55     4.7664
   57  1.2696e+09    20.5844    57    56     4.8460
   58  5.3066e+08    24.1766    58    57     4.9257
   59  5.2988e+08    24.1830    59    58     5.0053
   60  5.2983e+08    24.1834    60    59     5.0849
   61  5.2121e+08    24.2549    61    60     5.1646
   62  5.2034e+08    24.2622    62    61     5.2442
   63  5.1649e+08    24.2946    63    62     5.3238
   64  5.1272e+08    24.3266    64    63     5.4033
   65  4.8179e+08    24.5995    65    64     5.4829
   66  4.6597e+08    24.7469    66    65     5.5625
   67  4.3738e+08    25.0279    67    66     5.6421
   68  4.2522e+08    25.1539    68    67     5.7216
   69  4.2296e+08    25.1777    69    68     5.8012
   70  4.2079e+08    25.2007    70    69     5.8807
   71  3.0915e+08    26.6077    71    70     5.9602
   72  2.9728e+08    26.7901    72    71     6.0398
   73  2.9684e+08    26.7970    73    72     6.1193
   74  2.8498e+08    26.9880    74    73     6.1988
   75  1.1191e+08    31.6255    75    74     6.2783
