#indx Mass S step-number desc_indx 
    0  3.1600e+10    10.5496     0    -1     0.0134
    1  3.0782e+10    10.6131     1     0     0.1326
    2  2.8840e+10    10.7722     2     1     0.2441
    3  2.4936e+10    11.1334     3     2     0.3500
    4  2.4516e+10    11.1762     4     3     0.4519
    5  2.4499e+10    11.1779     5     4     0.5506
    6  2.4462e+10    11.1817     6     5     0.6467
    7  2.3833e+10    11.2476     7     6     0.7407
    8  2.3554e+10    11.2774     8     7     0.8330
    9  2.3419e+10    11.2920     9     8     0.9238
   10  2.3409e+10    11.2930    10     9     1.0134
   11  2.2501e+10    11.3938    11    10     1.1018
   12  2.2448e+10    11.3998    12    11     1.1894
   13  2.1852e+10    11.4688    13    12     1.2761
   14  2.0977e+10    11.5740    14    13     1.3621
   15  2.0950e+10    11.5773    15    14     1.4474
   16  2.0766e+10    11.6001    16    15     1.5322
   17  2.0650e+10    11.6146    17    16     1.6165
   18  2.0037e+10    11.6929    18    17     1.7003
   19  1.9644e+10    11.7445    19    18     1.7838
   20  1.8477e+10    11.9052    20    19     1.8669
   21  1.7773e+10    12.0079    21    20     1.9496
   22  1.7707e+10    12.0178    22    21     2.0321
   23  1.7668e+10    12.0237    23    22     2.1143
   24  1.5959e+10    12.2960    24    23     2.1963
   25  1.5702e+10    12.3398    25    24     2.2781
   26  1.5634e+10    12.3516    26    25     2.3597
   27  1.4934e+10    12.4760    27    26     2.4411
   28  1.4519e+10    12.5530    28    27     2.5223
   29  1.3714e+10    12.7100    29    28     2.6034
   30  1.2356e+10    13.0004    30    29     2.6844
   31  1.2337e+10    13.0048    31    30     2.7652
   32  1.2189e+10    13.0387    32    31     2.8459
   33  1.1769e+10    13.1374    33    32     2.9266
   34  8.2218e+09    14.1806    34    33     3.0071
   35  7.8658e+09    14.3133    35    34     3.0876
   36  7.8576e+09    14.3164    36    35     3.1680
   37  7.8458e+09    14.3210    37    36     3.2483
   38  7.7624e+09    14.3531    38    37     3.3285
   39  7.7289e+09    14.3662    39    38     3.4087
   40  7.6114e+09    14.4124    40    39     3.4889
   41  7.0595e+09    14.6412    41    40     3.5689
   42  7.0135e+09    14.6612    42    41     3.6490
   43  6.9473e+09    14.6902    43    42     3.7290
   44  6.9406e+09    14.6932    44    43     3.8089
   45  6.9357e+09    14.6953    45    44     3.8889
   46  6.9183e+09    14.7030    46    45     3.9688
   47  6.8627e+09    14.7278    47    46     4.0486
   48  6.8612e+09    14.7285    48    47     4.1285
   49  6.8450e+09    14.7357    49    48     4.2083
   50  6.3526e+09    14.9662    50    49     4.2881
   51  6.3276e+09    14.9784    51    50     4.3678
   52  5.8894e+09    15.2026    52    51     4.4476
   53  5.7377e+09    15.2847    53    52     4.5273
   54  5.6730e+09    15.3204    54    53     4.6070
   55  5.6422e+09    15.3376    55    54     4.6867
   56  5.6207e+09    15.3497    56    55     4.7664
   57  5.5889e+09    15.3676    57    56     4.8460
   58  5.5857e+09    15.3694    58    57     4.9257
   59  5.5498e+09    15.3898    59    58     5.0053
   60  5.4137e+09    15.4686    60    59     5.0849
   61  5.3307e+09    15.5178    61    60     5.1646
   62  5.2941e+09    15.5397    62    61     5.2442
   63  5.0128e+09    15.7145    63    62     5.3238
   64  4.8565e+09    15.8165    64    63     5.4033
   65  4.6316e+09    15.9702    65    64     5.4829
   66  4.5554e+09    16.0242    66    65     5.5625
   67  4.4746e+09    16.0826    67    66     5.6421
   68  4.2655e+09    16.2395    68    67     5.7216
   69  3.4734e+09    16.9254    69    68     5.8012
   70  3.4241e+09    16.9739    70    69     5.8807
   71  3.4159e+09    16.9820    71    70     5.9602
   72  3.3733e+09    17.0246    72    71     6.0398
   73  3.3311e+09    17.0676    73    72     6.1193
   74  3.2770e+09    17.1234    74    73     6.1988
   75  3.2215e+09    17.1818    75    74     6.2783
   76  3.1531e+09    17.2555    76    75     6.3579
   77  3.0815e+09    17.3344    77    76     6.4374
   78  3.0422e+09    17.3787    78    77     6.5169
   79  2.8839e+09    17.5639    79    78     6.5964
   80  2.8729e+09    17.5771    80    79     6.6759
   81  2.8607e+09    17.5920    81    80     6.7554
   82  2.8603e+09    17.5924    82    81     6.8349
   83  2.8557e+09    17.5981    83    82     6.9143
   84  2.8533e+09    17.6009    84    83     6.9938
   85  2.8390e+09    17.6185    85    84     7.0733
   86  2.8368e+09    17.6212    86    85     7.1528
   87  2.8312e+09    17.6280    87    86     7.2323
   88  8.7033e+08    22.0898    88    87     7.3117
   89  8.5432e+08    22.1657    89    88     7.3912
   90  7.0289e+08    22.9749    90    89     7.4707
   91  6.9815e+08    23.0034    91    90     7.5502
   92  6.9720e+08    23.0091    92    91     7.6296
   93  6.9621e+08    23.0151    93    92     7.7091
   94  5.7312e+08    23.8433    94    93     7.7885
   95  5.5373e+08    23.9919    95    94     7.8680
   96  5.1318e+08    24.3227    96    95     7.9475
   97  4.8992e+08    24.5259    97    96     8.0269
   98  4.6085e+08    24.7958    98    97     8.1064
   99  4.5842e+08    24.8192    99    98     8.1858
  100  4.5705e+08    24.8325   100    99     8.2653
