#indx Mass S step-number desc_indx 
    0  3.1600e+10    10.5496     0    -1     0.0134
    1  3.1572e+10    10.5517     1     0     0.1326
    2  2.9821e+10    10.6903     2     1     0.2441
    3  2.9201e+10    10.7417     3     2     0.3500
    4  2.8309e+10    10.8179     4     3     0.4519
    5  2.8152e+10    10.8315     5     4     0.5506
    6  2.7525e+10    10.8872     6     5     0.6467
    7  1.9014e+10    11.8299     7     6     0.7407
    8  1.8981e+10    11.8344     8     7     0.8330
    9  1.8205e+10    11.9443     9     8     0.9238
   10  1.8184e+10    11.9474    10     9     1.0134
   11  1.8019e+10    11.9715    11    10     1.1018
   12  1.7771e+10    12.0082    12    11     1.1894
   13  1.7697e+10    12.0193    13    12     1.2761
   14  1.7624e+10    12.0303    14    13     1.3621
   15  1.7452e+10    12.0563    15    14     1.4474
   16  1.7389e+10    12.0660    16    15     1.5322
   17  1.6827e+10    12.1536    17    16     1.6165
   18  1.6739e+10    12.1676    18    17     1.7003
   19  1.6251e+10    12.2472    19    18     1.7838
   20  1.6106e+10    12.2713    20    19     1.8669
   21  1.5979e+10    12.2926    21    20     1.9496
   22  1.5750e+10    12.3316    22    21     2.0321
   23  1.5681e+10    12.3434    23    22     2.1143
   24  1.5675e+10    12.3445    24    23     2.1963
   25  1.5663e+10    12.3465    25    24     2.2781
   26  1.4749e+10    12.5101    26    25     2.3597
   27  1.3311e+10    12.7926    27    26     2.4411
   28  1.3049e+10    12.8479    28    27     2.5223
   29  1.2346e+10    13.0027    29    28     2.6034
   30  1.2305e+10    13.0119    30    29     2.6844
   31  1.1298e+10    13.2536    31    30     2.7652
   32  1.1170e+10    13.2860    32    31     2.8459
   33  1.0310e+10    13.5158    33    32     2.9266
   34  9.9728e+09    13.6121    34    33     3.0071
   35  8.7168e+09    14.0067    35    34     3.0876
   36  8.7031e+09    14.0114    36    35     3.1680
   37  8.3242e+09    14.1436    37    36     3.2483
   38  8.2332e+09    14.1765    38    37     3.3285
   39  8.2091e+09    14.1852    39    38     3.4087
   40  8.0457e+09    14.2454    40    39     3.4889
   41  8.0318e+09    14.2506    41    40     3.5689
   42  8.0021e+09    14.2617    42    41     3.6490
   43  6.4262e+09    14.9305    43    42     3.7290
   44  6.4028e+09    14.9418    44    43     3.8089
   45  6.3875e+09    14.9492    45    44     3.8889
   46  6.2014e+09    15.0411    46    45     3.9688
   47  5.9898e+09    15.1496    47    46     4.0486
   48  5.9543e+09    15.1682    48    47     4.1285
   49  5.9165e+09    15.1881    49    48     4.2083
   50  5.9028e+09    15.1954    50    49     4.2881
   51  5.4713e+09    15.4350    51    50     4.3678
   52  3.8114e+09    16.6128    52    51     4.4476
   53  3.7940e+09    16.6282    53    52     4.5273
   54  3.7924e+09    16.6295    54    53     4.6070
   55  3.7836e+09    16.6374    55    54     4.6867
   56  3.7686e+09    16.6506    56    55     4.7664
   57  3.7288e+09    16.6862    57    56     4.8460
   58  3.1106e+09    17.3020    58    57     4.9257
   59  3.1076e+09    17.3054    59    58     5.0053
   60  3.0683e+09    17.3493    60    59     5.0849
   61  3.0307e+09    17.3917    61    60     5.1646
   62  2.8443e+09    17.6120    62    61     5.2442
   63  2.8240e+09    17.6370    63    62     5.3238
   64  2.7689e+09    17.7058    64    63     5.4033
   65  2.7616e+09    17.7150    65    64     5.4829
   66  2.5254e+09    18.0298    66    65     5.5625
   67  2.5195e+09    18.0381    67    66     5.6421
   68  2.5164e+09    18.0425    68    67     5.7216
   69  2.5123e+09    18.0482    69    68     5.8012
   70  1.8432e+09    19.1700    70    69     5.8807
   71  1.8371e+09    19.1823    71    70     5.9602
   72  1.8318e+09    19.1929    72    71     6.0398
   73  1.8222e+09    19.2124    73    72     6.1193
   74  1.8219e+09    19.2130    74    73     6.1988
   75  1.6387e+09    19.6085    75    74     6.2783
   76  1.5935e+09    19.7137    76    75     6.3579
   77  1.5907e+09    19.7204    77    76     6.4374
   78  1.4688e+09    20.0229    78    77     6.5169
   79  1.4561e+09    20.0560    79    78     6.5964
   80  1.3041e+09    20.4803    80    79     6.6759
   81  1.3030e+09    20.4836    81    80     6.7554
   82  1.1013e+09    21.1425    82    81     6.8349
   83  1.0658e+09    21.2726    83    82     6.9143
   84  9.7692e+08    21.6213    84    83     6.9938
   85  9.7461e+08    21.6308    85    84     7.0733
   86  9.5811e+08    21.6996    86    85     7.1528
   87  9.5513e+08    21.7122    87    86     7.2323
   88  9.5396e+08    21.7171    88    87     7.3117
   89  9.5082e+08    21.7304    89    88     7.3912
   90  8.7280e+08    22.0782    90    89     7.4707
   91  8.6381e+08    22.1205    91    90     7.5502
   92  8.5853e+08    22.1456    92    91     7.6296
   93  8.5304e+08    22.1719    93    92     7.7091
   94  7.9592e+08    22.4571    94    93     7.7885
   95  6.5619e+08    23.2649    95    94     7.8680
   96  6.3558e+08    23.4004    96    95     7.9475
   97  6.0905e+08    23.5822    97    96     8.0269
   98  6.0855e+08    23.5857    98    97     8.1064
   99  4.7434e+08    24.6682    99    98     8.1858
  100  4.6508e+08    24.7553   100    99     8.2653
