#indx Mass S step-number desc_indx 
    0  3.1600e+10    10.5496     0    -1     0.0134
    1  3.0800e+10    10.6117     1     0     0.1326
    2  3.0727e+10    10.6175     2     1     0.2441
    3  2.8983e+10    10.7600     3     2     0.3500
    4  2.8882e+10    10.7686     4     3     0.4519
    5  2.8625e+10    10.7906     5     4     0.5506
    6  2.4468e+10    11.1811     6     5     0.6467
    7  2.4005e+10    11.2294     7     6     0.7407
    8  2.2236e+10    11.4241     8     7     0.8330
    9  2.2197e+10    11.4285     9     8     0.9238
   10  2.1976e+10    11.4541    10     9     1.0134
   11  2.1880e+10    11.4654    11    10     1.1018
   12  2.1098e+10    11.5592    12    11     1.1894
   13  2.0393e+10    11.6471    13    12     1.2761
   14  1.7841e+10    11.9978    14    13     1.3621
   15  1.7832e+10    11.9991    15    14     1.4474
   16  1.5379e+10    12.3961    16    15     1.5322
   17  1.3986e+10    12.6557    17    16     1.6165
   18  1.3915e+10    12.6698    18    17     1.7003
   19  1.3562e+10    12.7407    19    18     1.7838
   20  1.3137e+10    12.8291    20    19     1.8669
   21  1.3078e+10    12.8416    21    20     1.9496
   22  1.2781e+10    12.9057    22    21     2.0321
   23  1.2127e+10    13.0530    23    22     2.1143
   24  1.0528e+10    13.4554    24    23     2.1963
   25  1.0437e+10    13.4806    25    24     2.2781
   26  1.0152e+10    13.5604    26    25     2.3597
   27  9.7848e+09    13.6674    27    26     2.4411
   28  9.7475e+09    13.6785    28    27     2.5223
   29  9.4256e+09    13.7765    29    28     2.6034
   30  8.7834e+09    13.9842    30    29     2.6844
   31  8.6497e+09    14.0296    31    30     2.7652
   32  8.5685e+09    14.0576    32    31     2.8459
   33  5.5706e+09    15.3780    33    32     2.9266
   34  5.5555e+09    15.3866    34    33     3.0071
   35  5.4248e+09    15.4621    35    34     3.0876
   36  5.3813e+09    15.4877    36    35     3.1680
   37  5.3639e+09    15.4980    37    36     3.2483
   38  5.3552e+09    15.5031    38    37     3.3285
   39  5.3156e+09    15.5268    39    38     3.4087
   40  5.2220e+09    15.5835    40    39     3.4889
   41  5.2091e+09    15.5914    41    40     3.5689
   42  4.8494e+09    15.8213    42    41     3.6490
   43  4.7922e+09    15.8596    43    42     3.7290
   44  4.6473e+09    15.9592    44    43     3.8089
   45  4.6276e+09    15.9730    45    44     3.8889
   46  4.6255e+09    15.9745    46    45     3.9688
   47  4.6113e+09    15.9845    47    46     4.0486
   48  4.3937e+09    16.1422    48    47     4.1285
   49  3.9462e+09    16.4969    49    48     4.2083
   50  3.9427e+09    16.4999    50    49     4.2881
   51  3.9317e+09    16.5092    51    50     4.3678
   52  3.8423e+09    16.5859    52    51     4.4476
   53  3.8033e+09    16.6199    53    52     4.5273
   54  3.6036e+09    16.8010    54    53     4.6070
   55  3.1151e+09    17.2971    55    54     4.6867
   56  3.1029e+09    17.3105    56    55     4.7664
   57  2.7601e+09    17.7169    57    56     4.8460
   58  2.6613e+09    17.8448    58    57     4.9257
   59  2.6538e+09    17.8548    59    58     5.0053
   60  2.5813e+09    17.9523    60    59     5.0849
   61  2.5617e+09    17.9792    61    60     5.1646
   62  2.5577e+09    17.9849    62    61     5.2442
   63  2.5522e+09    17.9925    63    62     5.3238
   64  2.5437e+09    18.0042    64    63     5.4033
   65  2.4914e+09    18.0778    65    64     5.4829
   66  2.4647e+09    18.1161    66    65     5.5625
   67  2.4533e+09    18.1326    67    66     5.6421
   68  2.2763e+09    18.4004    68    67     5.7216
   69  2.2661e+09    18.4165    69    68     5.8012
   70  2.1641e+09    18.5827    70    69     5.8807
   71  1.9797e+09    18.9069    71    70     5.9602
   72  1.9124e+09    19.0339    72    71     6.0398
   73  1.9007e+09    19.0566    73    72     6.1193
   74  1.8717e+09    19.1133    74    73     6.1988
   75  1.8587e+09    19.1390    75    74     6.2783
   76  1.8539e+09    19.1486    76    75     6.3579
   77  1.8311e+09    19.1942    77    76     6.4374
   78  1.8267e+09    19.2033    78    77     6.5169
   79  1.8213e+09    19.2142    79    78     6.5964
   80  1.8143e+09    19.2285    80    79     6.6759
   81  1.4148e+09    20.1662    81    80     6.7554
   82  1.3953e+09    20.2195    82    81     6.8349
   83  1.3919e+09    20.2288    83    82     6.9143
   84  1.3438e+09    20.3641    84    83     6.9938
   85  1.3392e+09    20.3775    85    84     7.0733
   86  1.3384e+09    20.3797    86    85     7.1528
   87  1.3372e+09    20.3832    87    86     7.2323
   88  1.2989e+09    20.4958    88    87     7.3117
   89  1.2982e+09    20.4978    89    88     7.3912
   90  1.2881e+09    20.5280    90    89     7.4707
   91  1.2819e+09    20.5468    91    90     7.5502
   92  1.2768e+09    20.5622    92    91     7.6296
   93  1.1626e+09    20.9288    93    92     7.7091
   94  7.8419e+08    22.5185    94    93     7.7885
   95  7.4886e+08    22.7100    95    94     7.8680
   96  7.4214e+08    22.7475    96    95     7.9475
   97  7.4212e+08    22.7477    97    96     8.0269
   98  7.3929e+08    22.7636    98    97     8.1064
   99  7.3241e+08    22.8026    99    98     8.1858
  100  7.3171e+08    22.8066   100    99     8.2653
