#indx Mass S step-number desc_indx 
    0  3.1600e+10    10.5496     0    -1     0.0134
    1  3.1590e+10    10.5503     1     0     0.1326
    2  3.1339e+10    10.5697     2     1     0.2441
    3  2.8094e+10    10.8367     3     2     0.3500
    4  2.7647e+10    10.8763     4     3     0.4519
    5  2.6829e+10    10.9507     5     4     0.5506
    6  2.6051e+10    11.0239     6     5     0.6467
    7  2.0164e+10    11.6764     7     6     0.7407
    8  2.0149e+10    11.6784     8     7     0.8330
    9  1.9843e+10    11.7182     9     8     0.9238
   10  1.9595e+10    11.7510    10     9     1.0134
   11  1.8453e+10    11.9086    11    10     1.1018
   12  1.7126e+10    12.1067    12    11     1.1894
   13  1.7096e+10    12.1113    13    12     1.2761
   14  1.6969e+10    12.1313    14    13     1.3621
   15  1.6608e+10    12.1887    15    14     1.4474
   16  1.5382e+10    12.3957    16    15     1.5322
   17  1.5256e+10    12.4179    17    16     1.6165
   18  1.4873e+10    12.4873    18    17     1.7003
   19  1.4755e+10    12.5089    19    18     1.7838
   20  1.2718e+10    12.9195    20    19     1.8669
   21  1.2711e+10    12.9210    21    20     1.9496
   22  1.1266e+10    13.2615    22    21     2.0321
   23  1.1215e+10    13.2744    23    22     2.1143
   24  1.0505e+10    13.4619    24    23     2.1963
   25  1.0421e+10    13.4850    25    24     2.2781
   26  8.9751e+09    13.9204    26    25     2.3597
   27  8.3622e+09    14.1301    27    26     2.4411
   28  7.7708e+09    14.3498    28    27     2.5223
   29  6.4782e+09    14.9055    29    28     2.6034
   30  6.3448e+09    14.9700    30    29     2.6844
   31  6.2095e+09    15.0371    31    30     2.7652
   32  6.2022e+09    15.0407    32    31     2.8459
   33  6.1872e+09    15.0483    33    32     2.9266
   34  6.1680e+09    15.0579    34    33     3.0071
   35  6.1019e+09    15.0916    35    34     3.0876
   36  5.7750e+09    15.2642    36    35     3.1680
   37  5.6151e+09    15.3528    37    36     3.2483
   38  5.6057e+09    15.3581    38    37     3.3285
   39  5.5739e+09    15.3761    39    38     3.4087
   40  5.5531e+09    15.3879    40    39     3.4889
   41  5.1280e+09    15.6416    41    40     3.5689
   42  5.1172e+09    15.6484    42    41     3.6490
   43  5.1101e+09    15.6529    43    42     3.7290
   44  5.0887e+09    15.6663    44    43     3.8089
   45  3.9740e+09    16.4736    45    44     3.8889
   46  3.9553e+09    16.4892    46    45     3.9688
   47  3.9426e+09    16.5000    47    46     4.0486
   48  3.8940e+09    16.5413    48    47     4.1285
   49  3.7244e+09    16.6901    49    48     4.2083
   50  3.7172e+09    16.6966    50    49     4.2881
   51  3.6353e+09    16.7715    51    50     4.3678
   52  3.6306e+09    16.7759    52    51     4.4476
   53  3.6259e+09    16.7803    53    52     4.5273
   54  3.6196e+09    16.7862    54    53     4.6070
   55  3.6031e+09    16.8015    55    54     4.6867
   56  3.5642e+09    16.8381    56    55     4.7664
   57  3.5615e+09    16.8407    57    56     4.8460
   58  3.4700e+09    16.9287    58    57     4.9257
   59  3.4588e+09    16.9397    59    58     5.0053
   60  3.2497e+09    17.1520    60    59     5.0849
   61  3.2467e+09    17.1551    61    60     5.1646
   62  3.2425e+09    17.1595    62    61     5.2442
   63  3.1909e+09    17.2145    63    62     5.3238
   64  3.1721e+09    17.2348    64    63     5.4033
   65  3.1356e+09    17.2745    65    64     5.4829
   66  2.9592e+09    17.4744    66    65     5.5625
   67  2.9464e+09    17.4894    67    66     5.6421
   68  2.5351e+09    18.0162    68    67     5.7216
   69  2.2888e+09    18.3807    69    68     5.8012
   70  2.2267e+09    18.4797    70    69     5.8807
   71  2.0783e+09    18.7295    71    70     5.9602
   72  1.9984e+09    18.8725    72    71     6.0398
   73  1.9888e+09    18.8901    73    72     6.1193
   74  1.9665e+09    18.9316    74    73     6.1988
   75  1.9494e+09    18.9636    75    74     6.2783
   76  1.7903e+09    19.2779    76    75     6.3579
   77  1.7869e+09    19.2849    77    76     6.4374
   78  1.7266e+09    19.4127    78    77     6.5169
   79  1.7032e+09    19.4637    79    78     6.5964
   80  1.6922e+09    19.4880    80    79     6.6759
   81  1.5693e+09    19.7716    81    80     6.7554
   82  1.5564e+09    19.8029    82    81     6.8349
   83  1.5561e+09    19.8036    83    82     6.9143
   84  1.5527e+09    19.8119    84    83     6.9938
   85  1.5475e+09    19.8244    85    84     7.0733
   86  1.5437e+09    19.8339    86    85     7.1528
   87  1.4440e+09    20.0881    87    86     7.2323
   88  1.2062e+09    20.7843    88    87     7.3117
   89  1.2044e+09    20.7901    89    88     7.3912
   90  1.2014e+09    20.7998    90    89     7.4707
   91  1.1729e+09    20.8941    91    90     7.5502
   92  1.1671e+09    20.9136    92    91     7.6296
   93  1.1657e+09    20.9181    93    92     7.7091
   94  1.1448e+09    20.9896    94    93     7.7885
   95  1.1411e+09    21.0022    95    94     7.8680
   96  1.0559e+09    21.3099    96    95     7.9475
   97  1.0362e+09    21.3851    97    96     8.0269
   98  8.4743e+08    22.1989    98    97     8.1064
   99  7.9010e+08    22.4874    99    98     8.1858
  100  7.8845e+08    22.4961   100    99     8.2653
