#indx Mass S step-number desc_indx 
    0  3.1600e+10    10.5496     0    -1     0.0134
    1  3.1314e+10    10.5716     1     0     0.1326
    2  3.1158e+10    10.5837     2     1     0.2441
    3  3.0528e+10    10.6333     3     2     0.3500
    4  3.0463e+10    10.6384     4     3     0.4519
    5  3.0329e+10    10.6492     5     4     0.5506
    6  3.0217e+10    10.6582     6     5     0.6467
    7  2.9070e+10    10.7527     7     6     0.7407
    8  2.8999e+10    10.7587     8     7     0.8330
    9  2.8451e+10    10.8055     9     8     0.9238
   10  2.8204e+10    10.8270    10     9     1.0134
   11  2.7911e+10    10.8528    11    10     1.1018
   12  2.7347e+10    10.9032    12    11     1.1894
   13  2.6091e+10    11.0201    13    12     1.2761
   14  2.5477e+10    11.0795    14    13     1.3621
   15  2.1844e+10    11.4697    15    14     1.4474
   16  2.1021e+10    11.5685    16    15     1.5322
   17  2.0927e+10    11.5801    17    16     1.6165
   18  2.0867e+10    11.5876    18    17     1.7003
   19  1.6145e+10    12.2648    19    18     1.7838
   20  1.0350e+10    13.5046    20    19     1.8669
   21  1.0208e+10    13.5447    21    20     1.9496
   22  9.8703e+09    13.6421    22    21     2.0321
   23  9.8614e+09    13.6447    23    22     2.1143
   24  9.8277e+09    13.6547    24    23     2.1963
   25  9.6902e+09    13.6957    25    24     2.2781
   26  9.6334e+09    13.7128    26    25     2.3597
   27  9.5847e+09    13.7276    27    26     2.4411
   28  7.1238e+09    14.6135    28    27     2.5223
   29  7.1048e+09    14.6217    29    28     2.6034
   30  4.0856e+09    16.3817    30    29     2.6844
   31  3.6749e+09    16.7351    31    30     2.7652
   32  3.3132e+09    17.0859    32    31     2.8459
   33  3.2535e+09    17.1480    33    32     2.9266
   34  3.2261e+09    17.1769    34    33     3.0071
   35  3.2106e+09    17.1935    35    34     3.0876
   36  2.9960e+09    17.4316    36    35     3.1680
   37  2.9951e+09    17.4326    37    36     3.2483
   38  2.9710e+09    17.4606    38    37     3.3285
   39  2.9613e+09    17.4719    39    38     3.4087
   40  2.8127e+09    17.6510    40    39     3.4889
   41  2.7625e+09    17.7139    41    40     3.5689
   42  2.7586e+09    17.7188    42    41     3.6490
   43  2.7571e+09    17.7208    43    42     3.7290
   44  2.6009e+09    17.9256    44    43     3.8089
   45  2.5921e+09    17.9376    45    44     3.8889
   46  2.5913e+09    17.9387    46    45     3.9688
   47  2.5644e+09    17.9756    47    46     4.0486
   48  2.5606e+09    17.9808    48    47     4.1285
   49  2.5454e+09    18.0019    49    48     4.2083
   50  2.2952e+09    18.3707    50    49     4.2881
   51  2.2892e+09    18.3801    51    50     4.3678
   52  2.2870e+09    18.3836    52    51     4.4476
   53  2.2822e+09    18.3911    53    52     4.5273
   54  2.2647e+09    18.4188    54    53     4.6070
   55  2.2467e+09    18.4475    55    54     4.6867
   56  2.2414e+09    18.4560    56    55     4.7664
   57  2.2236e+09    18.4847    57    56     4.8460
   58  2.2220e+09    18.4872    58    57     4.9257
   59  2.2137e+09    18.5008    59    58     5.0053
   60  2.2085e+09    18.5093    60    59     5.0849
   61  2.1729e+09    18.5680    61    60     5.1646
   62  2.0937e+09    18.7026    62    61     5.2442
   63  1.4141e+09    20.1682    63    62     5.3238
   64  1.3151e+09    20.4475    64    63     5.4033
   65  1.3029e+09    20.4839    65    64     5.4829
   66  1.2915e+09    20.5179    66    65     5.5625
   67  1.2300e+09    20.7079    67    66     5.6421
   68  1.1456e+09    20.9866    68    67     5.7216
   69  1.1197e+09    21.0771    69    68     5.8012
   70  1.0116e+09    21.4813    70    69     5.8807
   71  9.9883e+08    21.5321    71    70     5.9602
   72  9.9764e+08    21.5369    72    71     6.0398
   73  9.4807e+08    21.7421    73    72     6.1193
   74  9.3457e+08    21.8001    74    73     6.1988
   75  9.2525e+08    21.8407    75    74     6.2783
   76  9.2070e+08    21.8607    76    75     6.3579
   77  9.0626e+08    21.9249    77    76     6.4374
   78  8.8777e+08    22.0088    78    77     6.5169
   79  8.8245e+08    22.0333    79    78     6.5964
   80  8.8093e+08    22.0404    80    79     6.6759
   81  8.7824e+08    22.0528    81    80     6.7554
   82  8.7661e+08    22.0604    82    81     6.8349
   83  8.7550e+08    22.0656    83    82     6.9143
   84  8.7104e+08    22.0865    84    83     6.9938
   85  8.6945e+08    22.0940    85    84     7.0733
   86  8.6931e+08    22.0946    86    85     7.1528
   87  8.6301e+08    22.1243    87    86     7.2323
   88  8.6108e+08    22.1335    88    87     7.3117
   89  8.6077e+08    22.1350    89    88     7.3912
   90  8.6035e+08    22.1369    90    89     7.4707
   91  8.5005e+08    22.1862    91    90     7.5502
   92  7.9975e+08    22.4372    92    91     7.6296
   93  7.9566e+08    22.4584    93    92     7.7091
   94  7.2829e+08    22.8262    94    93     7.7885
   95  6.6089e+08    23.2347    95    94     7.8680
   96  6.0097e+08    23.6394    96    95     7.9475
   97  5.9952e+08    23.6498    97    96     8.0269
   98  5.2185e+08    24.2495    98    97     8.1064
   99  5.1468e+08    24.3099    99    98     8.1858
  100  5.0970e+08    24.3524   100    99     8.2653
