#indx Mass S step-number desc_indx 
    0  3.1600e+10    10.5496     0    -1     0.0134
    1  3.1523e+10    10.5555     1     0     0.1326
    2  3.1217e+10    10.5791     2     1     0.2441
    3  3.0759e+10    10.6149     3     2     0.3500
    4  3.0035e+10    10.6729     4     3     0.4519
    5  2.1000e+10    11.5711     5     4     0.5506
    6  2.0976e+10    11.5741     6     5     0.6467
    7  2.0517e+10    11.6313     7     6     0.7407
    8  1.7436e+10    12.0588     8     7     0.8330
    9  1.7208e+10    12.0938     9     8     0.9238
   10  1.6483e+10    12.2090    10     9     1.0134
   11  1.6474e+10    12.2105    11    10     1.1018
   12  1.6296e+10    12.2397    12    11     1.1894
   13  1.5445e+10    12.3846    13    12     1.2761
   14  1.5076e+10    12.4502    14    13     1.3621
   15  1.5076e+10    12.4503    15    14     1.4474
   16  1.4069e+10    12.6395    16    15     1.5322
   17  1.3482e+10    12.7571    17    16     1.6165
   18  1.3469e+10    12.7599    18    17     1.7003
   19  1.3235e+10    12.8085    19    18     1.7838
   20  1.3015e+10    12.8552    20    19     1.8669
   21  8.9921e+09    13.9148    21    20     1.9496
   22  8.9598e+09    13.9254    22    21     2.0321
   23  6.8807e+09    14.7197    23    22     2.1143
   24  6.8487e+09    14.7341    24    23     2.1963
   25  6.8459e+09    14.7353    25    24     2.2781
   26  5.5462e+09    15.3919    26    25     2.3597
   27  5.5423e+09    15.3941    27    26     2.4411
   28  4.9783e+09    15.7368    28    27     2.5223
   29  4.8574e+09    15.8160    29    28     2.6034
   30  4.8149e+09    15.8444    30    29     2.6844
   31  4.5929e+09    15.9975    31    30     2.7652
   32  4.0984e+09    16.3713    32    31     2.8459
   33  3.7791e+09    16.6413    33    32     2.9266
   34  3.3337e+09    17.0649    34    33     3.0071
   35  3.3236e+09    17.0752    35    34     3.0876
   36  3.2714e+09    17.1293    36    35     3.1680
   37  3.1010e+09    17.3127    37    36     3.2483
   38  3.0244e+09    17.3990    38    37     3.3285
   39  8.9877e+08    21.9587    39    38     3.4087
   40  8.9816e+08    21.9614    40    39     3.4889
   41  8.9567e+08    21.9727    41    40     3.5689
   42  8.0493e+08    22.4106    42    41     3.6490
   43  7.7897e+08    22.5462    43    42     3.7290
   44  7.7096e+08    22.5890    44    43     3.8089
   45  7.6931e+08    22.5979    45    44     3.8889
   46  7.2726e+08    22.8321    46    45     3.9688
   47  6.6194e+08    23.2280    47    46     4.0486
   48  6.6088e+08    23.2348    48    47     4.1285
   49  6.5981e+08    23.2416    49    48     4.2083
   50  6.5975e+08    23.2420    50    49     4.2881
   51  6.5941e+08    23.2442    51    50     4.3678
   52  6.5208e+08    23.2916    52    51     4.4476
   53  6.4901e+08    23.3116    53    52     4.5273
   54  6.4827e+08    23.3165    54    53     4.6070
   55  6.3659e+08    23.3936    55    54     4.6867
   56  6.2044e+08    23.5031    56    55     4.7664
   57  6.0945e+08    23.5794    57    56     4.8460
   58  6.0099e+08    23.6393    58    57     4.9257
   59  5.9736e+08    23.6653    59    58     5.0053
   60  5.9630e+08    23.6729    60    59     5.0849
   61  5.9129e+08    23.7090    61    60     5.1646
   62  5.9046e+08    23.7151    62    61     5.2442
   63  4.8357e+08    24.5832    63    62     5.3238
   64  4.8096e+08    24.6071    64    63     5.4033
   65  4.7976e+08    24.6181    65    64     5.4829
   66  3.3768e+08    26.1995    66    65     5.5625
   67  3.2798e+08    26.3337    67    66     5.6421
   68  3.2650e+08    26.3546    68    67     5.7216
   69  3.1666e+08    26.4962    69    68     5.8012
   70  3.1525e+08    26.5169    70    69     5.8807
   71  3.0734e+08    26.6350    71    70     5.9602
   72  3.0267e+08    26.7063    72    71     6.0398
   73  2.9987e+08    26.7496    73    72     6.1193
   74  2.9464e+08    26.8317    74    73     6.1988
   75  2.9306e+08    26.8568    75    74     6.2783
   76  2.2239e+08    28.1696    76    75     6.3579
   77  2.1946e+08    28.2336    77    76     6.4374
   78  2.1941e+08    28.2347    78    77     6.5169
   79  2.1926e+08    28.2380    79    78     6.5964
   80  2.1795e+08    28.2672    80    79     6.6759
   81  2.1784e+08    28.2697    81    80     6.7554
   82  2.1386e+08    28.3591    82    81     6.8349
   83  2.0882e+08    28.4750    83    82     6.9143
   84  2.0732e+08    28.5102    84    83     6.9938
   85  2.0403e+08    28.5882    85    84     7.0733
   86  1.9318e+08    28.8559    86    85     7.1528
   87  1.9240e+08    28.8759    87    86     7.2323
   88  1.9094e+08    28.9133    88    87     7.3117
   89  1.7648e+08    29.3027    89    88     7.3912
   90  1.7068e+08    29.4691    90    89     7.4707
   91  1.7056e+08    29.4726    91    90     7.5502
   92  1.6924e+08    29.5113    92    91     7.6296
   93  1.6866e+08    29.5284    93    92     7.7091
   94  1.5604e+08    29.9185    94    93     7.7885
   95  1.5598e+08    29.9204    95    94     7.8680
   96  1.1468e+08    31.4976    96    95     7.9475
   97  1.1425e+08    31.5171    97    96     8.0269
   98  1.0998e+08    31.7163    98    97     8.1064
   99  1.0996e+08    31.7176    99    98     8.1858
  100  1.0789e+08    31.8174   100    99     8.2653
