#indx Mass S step-number desc_indx 
    0  3.1600e+10    10.5496     0    -1     0.0134
    1  3.1573e+10    10.5517     1     0     0.1326
    2  1.0200e+10    13.5469     2     1     0.2441
    3  1.0177e+10    13.5532     3     2     0.3500
    4  1.0042e+10    13.5920     4     3     0.4519
    5  9.9586e+09    13.6162     5     4     0.5506
    6  9.4860e+09    13.7579     6     5     0.6467
    7  9.4761e+09    13.7609     7     6     0.7407
    8  9.0674e+09    13.8903     8     7     0.8330
    9  8.9110e+09    13.9415     9     8     0.9238
   10  8.6371e+09    14.0339    10     9     1.0134
   11  8.6036e+09    14.0454    11    10     1.1018
   12  8.5885e+09    14.0506    12    11     1.1894
   13  7.5263e+09    14.4464    13    12     1.2761
   14  7.5208e+09    14.4486    14    13     1.3621
   15  7.4484e+09    14.4779    15    14     1.4474
   16  7.4286e+09    14.4860    16    15     1.5322
   17  7.3863e+09    14.5033    17    16     1.6165
   18  7.3813e+09    14.5054    18    17     1.7003
   19  7.3339e+09    14.5250    19    18     1.7838
   20  3.1766e+09    17.2299    20    19     1.8669
   21  3.1700e+09    17.2370    21    20     1.9496
   22  3.1461e+09    17.2630    22    21     2.0321
   23  2.8843e+09    17.5634    23    22     2.1143
   24  2.8752e+09    17.5743    24    23     2.1963
   25  2.8275e+09    17.6326    25    24     2.2781
   26  2.7782e+09    17.6941    26    25     2.3597
   27  2.5091e+09    18.0527    27    26     2.4411
   28  2.4954e+09    18.0721    28    27     2.5223
   29  2.4621e+09    18.1199    29    28     2.6034
   30  1.7490e+09    19.3647    30    29     2.6844
   31  1.7462e+09    19.3706    31    30     2.7652
   32  1.6714e+09    19.5343    32    31     2.8459
   33  1.6532e+09    19.5754    33    32     2.9266
   34  1.6205e+09    19.6506    34    33     3.0071
   35  1.5978e+09    19.7036    35    34     3.0876
   36  1.2958e+09    20.5051    36    35     3.1680
   37  1.2559e+09    20.6267    37    36     3.2483
   38  1.2554e+09    20.6282    38    37     3.3285
   39  1.2490e+09    20.6479    39    38     3.4087
   40  1.2336e+09    20.6964    40    39     3.4889
   41  1.2277e+09    20.7151    41    40     3.5689
   42  1.1155e+09    21.0920    42    41     3.6490
   43  1.0510e+09    21.3285    43    42     3.7290
   44  1.0444e+09    21.3534    44    43     3.8089
   45  9.6809e+08    21.6578    45    44     3.8889
   46  9.6782e+08    21.6589    46    45     3.9688
   47  9.2348e+08    21.8485    47    46     4.0486
   48  3.7904e+08    25.6716    48    47     4.1285
   49  3.7691e+08    25.6972    49    48     4.2083
   50  3.2834e+08    26.3286    50    49     4.2881
   51  3.2690e+08    26.3490    51    50     4.3678
   52  3.1118e+08    26.5772    52    51     4.4476
   53  3.1040e+08    26.5889    53    52     4.5273
   54  2.9925e+08    26.7592    54    53     4.6070
   55  2.9631e+08    26.8054    55    54     4.6867
   56  2.9352e+08    26.8495    56    55     4.7664
   57  2.8072e+08    27.0587    57    56     4.8460
   58  2.8030e+08    27.0658    58    57     4.9257
   59  2.7801e+08    27.1044    59    58     5.0053
   60  2.7761e+08    27.1112    60    59     5.0849
   61  2.2673e+08    28.0763    61    60     5.1646
   62  2.2665e+08    28.0780    62    61     5.2442
   63  2.2635e+08    28.0843    63    62     5.3238
   64  2.2453e+08    28.1234    64    63     5.4033
   65  2.2326e+08    28.1506    65    64     5.4829
   66  2.2285e+08    28.1596    66    65     5.5625
   67  2.0916e+08    28.4672    67    66     5.6421
   68  1.9154e+08    28.8981    68    67     5.7216
   69  1.9126e+08    28.9050    69    68     5.8012
   70  1.9076e+08    28.9180    70    69     5.8807
   71  1.8879e+08    28.9692    71    70     5.9602
   72  1.5000e+08    30.1179    72    71     6.0398
   73  1.4765e+08    30.1979    73    72     6.1193
   74  1.3236e+08    30.7557    74    73     6.1988
   75  1.3225e+08    30.7599    75    74     6.2783
   76  1.3094e+08    30.8110    76    75     6.3579
   77  1.3089e+08    30.8128    77    76     6.4374
   78  1.3079e+08    30.8170    78    77     6.5169
   79  1.3030e+08    30.8362    79    78     6.5964
   80  1.2818e+08    30.9208    80    79     6.6759
   81  1.2103e+08    31.2171    81    80     6.7554
   82  1.2099e+08    31.2193    82    81     6.8349
   83  1.1956e+08    31.2807    83    82     6.9143
   84  1.1940e+08    31.2878    84    83     6.9938
   85  1.1405e+08    31.5263    85    84     7.0733
   86  1.1352e+08    31.5507    86    85     7.1528
   87  1.1341e+08    31.5560    87    86     7.2323
   88  1.1305e+08    31.5726    88    87     7.3117
   89  1.0789e+08    31.8170    89    88     7.3912
   90  1.0184e+08    32.1214    90    89     7.4707
   91  1.0133e+08    32.1476    91    90     7.5502
