#indx Mass S step-number desc_indx 
    0  3.1600e+10    10.5496     0    -1     0.0134
    1  3.0659e+10    10.6229     1     0     0.1326
    2  3.0221e+10    10.6579     2     1     0.2441
    3  2.4550e+10    11.1727     3     2     0.3500
    4  2.4300e+10    11.1984     4     3     0.4519
    5  2.4290e+10    11.1995     5     4     0.5506
    6  2.4134e+10    11.2157     6     5     0.6467
    7  2.4018e+10    11.2279     7     6     0.7407
    8  2.3971e+10    11.2329     8     7     0.8330
    9  2.3908e+10    11.2396     9     8     0.9238
   10  2.3489e+10    11.2843    10     9     1.0134
   11  2.3012e+10    11.3365    11    10     1.1018
   12  2.2114e+10    11.4382    12    11     1.1894
   13  2.2082e+10    11.4418    13    12     1.2761
   14  2.0742e+10    11.6030    14    13     1.3621
   15  2.0453e+10    11.6394    15    14     1.4474
   16  2.0407e+10    11.6453    16    15     1.5322
   17  1.7870e+10    11.9935    17    16     1.6165
   18  1.7818e+10    12.0012    18    17     1.7003
   19  1.7350e+10    12.0720    19    18     1.7838
   20  1.5115e+10    12.4433    20    19     1.8669
   21  1.4355e+10    12.5842    21    20     1.9496
   22  1.1963e+10    13.0913    22    21     2.0321
   23  1.1712e+10    13.1514    23    22     2.1143
   24  1.1578e+10    13.1839    24    23     2.1963
   25  1.1570e+10    13.1858    25    24     2.2781
   26  1.1430e+10    13.2205    26    25     2.3597
   27  1.1268e+10    13.2611    27    26     2.4411
   28  1.1234e+10    13.2697    28    27     2.5223
   29  1.0348e+10    13.5052    29    28     2.6034
   30  1.0002e+10    13.6035    30    29     2.6844
   31  9.9995e+09    13.6043    31    30     2.7652
   32  9.8130e+09    13.6590    32    31     2.8459
   33  9.7822e+09    13.6682    33    32     2.9266
   34  9.4993e+09    13.7538    34    33     3.0071
   35  9.0975e+09    13.8805    35    34     3.0876
   36  9.0164e+09    13.9069    36    35     3.1680
   37  8.9642e+09    13.9240    37    36     3.2483
   38  8.9074e+09    13.9427    38    37     3.3285
   39  8.8721e+09    13.9545    39    38     3.4087
   40  8.8456e+09    13.9633    40    39     3.4889
   41  8.8379e+09    13.9659    41    40     3.5689
   42  8.8044e+09    13.9771    42    41     3.6490
   43  8.6900e+09    14.0158    43    42     3.7290
   44  8.2779e+09    14.1603    44    43     3.8089
   45  8.0654e+09    14.2381    45    44     3.8889
   46  8.0533e+09    14.2425    46    45     3.9688
   47  7.9846e+09    14.2682    47    46     4.0486
   48  7.6700e+09    14.3892    48    47     4.1285
   49  5.5779e+09    15.3739    49    48     4.2083
   50  5.5651e+09    15.3811    50    49     4.2881
   51  5.4621e+09    15.4404    51    50     4.3678
   52  3.1878e+09    17.2178    52    51     4.4476
   53  3.1525e+09    17.2561    53    52     4.5273
   54  3.1371e+09    17.2729    54    53     4.6070
   55  3.1206e+09    17.2910    55    54     4.6867
   56  2.6947e+09    17.8009    56    55     4.7664
   57  2.6387e+09    17.8747    57    56     4.8460
   58  2.6147e+09    17.9070    58    57     4.9257
   59  2.6017e+09    17.9246    59    58     5.0053
   60  2.5127e+09    18.0477    60    59     5.0849
   61  2.5101e+09    18.0514    61    60     5.1646
   62  2.4334e+09    18.1616    62    61     5.2442
   63  2.4330e+09    18.1622    63    62     5.3238
   64  2.4200e+09    18.1813    64    63     5.4033
   65  2.3781e+09    18.2436    65    64     5.4829
   66  2.3717e+09    18.2533    66    65     5.5625
   67  2.3007e+09    18.3620    67    66     5.6421
   68  1.9079e+09    19.0426    68    67     5.7216
   69  1.8049e+09    19.2477    69    68     5.8012
   70  1.7992e+09    19.2596    70    69     5.8807
   71  8.3690e+08    22.2502    71    70     5.9602
   72  8.2837e+08    22.2923    72    71     6.0398
   73  7.8778e+08    22.4996    73    72     6.1193
   74  7.8655e+08    22.5061    74    73     6.1988
   75  7.8195e+08    22.5304    75    74     6.2783
   76  7.8037e+08    22.5387    76    75     6.3579
   77  7.7736e+08    22.5548    77    76     6.4374
   78  7.7685e+08    22.5575    78    77     6.5169
   79  7.7479e+08    22.5685    79    78     6.5964
   80  7.7360e+08    22.5749    80    79     6.6759
   81  7.7323e+08    22.5768    81    80     6.7554
   82  7.6665e+08    22.6123    82    81     6.8349
   83  7.6289e+08    22.6327    83    82     6.9143
   84  7.6280e+08    22.6332    84    83     6.9938
   85  6.4059e+08    23.3670    85    84     7.0733
   86  6.3980e+08    23.3723    86    85     7.1528
   87  6.3953e+08    23.3740    87    86     7.2323
   88  6.0678e+08    23.5983    88    87     7.3117
   89  6.0144e+08    23.6361    89    88     7.3912
   90  5.9917e+08    23.6523    90    89     7.4707
   91  5.9780e+08    23.6621    91    90     7.5502
   92  5.8352e+08    23.7659    92    91     7.6296
   93  5.8341e+08    23.7667    93    92     7.7091
   94  5.3898e+08    24.1089    94    93     7.7885
   95  5.2540e+08    24.2199    95    94     7.8680
   96  5.1371e+08    24.3182    96    95     7.9475
   97  5.1313e+08    24.3231    97    96     8.0269
   98  5.0687e+08    24.3767    98    97     8.1064
   99  4.8153e+08    24.6019    99    98     8.1858
  100  4.7846e+08    24.6301   100    99     8.2653
