#indx Mass S step-number desc_indx 
    0  3.1600e+10    10.5496     0    -1     0.0134
    1  2.8942e+10    10.7635     1     0     0.1326
    2  2.7547e+10    10.8852     2     1     0.2441
    3  2.6377e+10    10.9929     3     2     0.3500
    4  2.6232e+10    11.0066     4     3     0.4519
    5  2.6148e+10    11.0146     5     4     0.5506
    6  2.6130e+10    11.0163     6     5     0.6467
    7  2.6013e+10    11.0275     7     6     0.7407
    8  2.5938e+10    11.0347     8     7     0.8330
    9  2.3916e+10    11.2387     9     8     0.9238
   10  2.3839e+10    11.2468    10     9     1.0134
   11  2.3746e+10    11.2568    11    10     1.1018
   12  2.3721e+10    11.2595    12    11     1.1894
   13  2.2338e+10    11.4124    13    12     1.2761
   14  2.1713e+10    11.4851    14    13     1.3621
   15  2.1674e+10    11.4897    15    14     1.4474
   16  2.1453e+10    11.5161    16    15     1.5322
   17  2.1133e+10    11.5549    17    16     1.6165
   18  2.0611e+10    11.6195    18    17     1.7003
   19  2.0534e+10    11.6293    19    18     1.7838
   20  1.6816e+10    12.1555    20    19     1.8669
   21  1.5109e+10    12.4443    21    20     1.9496
   22  1.4619e+10    12.5343    22    21     2.0321
   23  1.4297e+10    12.5952    23    22     2.1143
   24  1.4141e+10    12.6254    24    23     2.1963
   25  1.3952e+10    12.6624    25    24     2.2781
   26  1.3927e+10    12.6674    26    25     2.3597
   27  1.1435e+10    13.2192    27    26     2.4411
   28  1.1432e+10    13.2199    28    27     2.5223
   29  1.0915e+10    13.3519    29    28     2.6034
   30  1.0894e+10    13.3575    30    29     2.6844
   31  1.0786e+10    13.3859    31    30     2.7652
   32  1.0617e+10    13.4312    32    31     2.8459
   33  1.0572e+10    13.4435    33    32     2.9266
   34  1.0487e+10    13.4669    34    33     3.0071
   35  5.7905e+09    15.2558    35    34     3.0876
   36  5.4244e+09    15.4624    36    35     3.1680
   37  4.8622e+09    15.8128    37    36     3.2483
   38  4.8036e+09    15.8519    38    37     3.3285
   39  4.7221e+09    15.9073    39    38     3.4087
   40  3.9677e+09    16.4789    40    39     3.4889
   41  3.5757e+09    16.8272    41    40     3.5689
   42  3.5685e+09    16.8340    42    41     3.6490
   43  3.5394e+09    16.8617    43    42     3.7290
   44  3.5363e+09    16.8646    44    43     3.8089
   45  3.5278e+09    16.8728    45    44     3.8889
   46  3.4681e+09    16.9305    46    45     3.9688
   47  9.3057e+08    21.8175    47    46     4.0486
   48  8.6901e+08    22.0960    48    47     4.1285
   49  8.4823e+08    22.1950    49    48     4.2083
   50  8.3882e+08    22.2409    50    49     4.2881
   51  8.3799e+08    22.2449    51    50     4.3678
   52  8.2963e+08    22.2861    52    51     4.4476
   53  8.2076e+08    22.3303    53    52     4.5273
   54  8.1540e+08    22.3573    54    53     4.6070
   55  8.0967e+08    22.3864    55    54     4.6867
   56  8.0322e+08    22.4194    56    55     4.7664
   57  7.9196e+08    22.4777    57    56     4.8460
   58  7.8899e+08    22.4932    58    57     4.9257
   59  7.8230e+08    22.5285    59    58     5.0053
   60  7.7024e+08    22.5929    60    59     5.0849
   61  7.6879e+08    22.6007    61    60     5.1646
   62  7.6334e+08    22.6303    62    61     5.2442
   63  7.6077e+08    22.6443    63    62     5.3238
   64  7.3173e+08    22.8065    64    63     5.4033
   65  7.2807e+08    22.8275    65    64     5.4829
   66  7.2339e+08    22.8545    66    65     5.5625
   67  7.2255e+08    22.8594    67    66     5.6421
   68  6.3611e+08    23.3969    68    67     5.7216
   69  6.3008e+08    23.4374    69    68     5.8012
   70  6.2030e+08    23.5041    70    69     5.8807
   71  5.7655e+08    23.8176    71    70     5.9602
   72  5.5612e+08    23.9733    72    71     6.0398
   73  5.5465e+08    23.9848    73    72     6.1193
   74  5.5372e+08    23.9920    74    73     6.1988
   75  5.4897e+08    24.0293    75    74     6.2783
   76  3.1512e+08    26.5188    76    75     6.3579
   77  2.0007e+08    28.6842    77    76     6.4374
   78  1.9993e+08    28.6877    78    77     6.5169
   79  1.9287e+08    28.8640    79    78     6.5964
   80  1.9227e+08    28.8793    80    79     6.6759
   81  1.8656e+08    29.0276    81    80     6.7554
   82  1.7002e+08    29.4885    82    81     6.8349
   83  1.6490e+08    29.6412    83    82     6.9143
   84  1.6486e+08    29.6423    84    83     6.9938
   85  1.6271e+08    29.7082    85    84     7.0733
   86  1.6214e+08    29.7258    86    85     7.1528
   87  1.6178e+08    29.7371    87    86     7.2323
   88  1.0496e+08    31.9619    88    87     7.3117
