#indx Mass S step-number desc_indx 
    0  3.1600e+10    10.5496     0    -1     0.0134
    1  1.7518e+10    12.0462     1     0     0.1326
    2  1.7326e+10    12.0757     2     1     0.2441
    3  1.7205e+10    12.0943     3     2     0.3500
    4  1.7184e+10    12.0976     4     3     0.4519
    5  1.6450e+10    12.2144     5     4     0.5506
    6  1.5731e+10    12.3349     6     5     0.6467
    7  1.5103e+10    12.4454     7     6     0.7407
    8  1.3478e+10    12.7579     8     7     0.8330
    9  1.3320e+10    12.7907     9     8     0.9238
   10  1.3275e+10    12.8001    10     9     1.0134
   11  1.3201e+10    12.8156    11    10     1.1018
   12  1.2847e+10    12.8913    12    11     1.1894
   13  1.2377e+10    12.9956    13    12     1.2761
   14  8.3344e+09    14.1400    14    13     1.3621
   15  8.1956e+09    14.1901    15    14     1.4474
   16  8.0129e+09    14.2576    16    15     1.5322
   17  7.4627e+09    14.4721    17    16     1.6165
   18  7.4252e+09    14.4874    18    17     1.7003
   19  5.9553e+09    15.1676    19    18     1.7838
   20  5.9222e+09    15.1851    20    19     1.8669
   21  5.9187e+09    15.1870    21    20     1.9496
   22  5.9149e+09    15.1890    22    21     2.0321
   23  5.8626e+09    15.2169    23    22     2.1143
   24  5.8416e+09    15.2282    24    23     2.1963
   25  5.4840e+09    15.4277    25    24     2.2781
   26  5.4786e+09    15.4308    26    25     2.3597
   27  5.3701e+09    15.4943    27    26     2.4411
   28  5.2957e+09    15.5388    28    27     2.5223
   29  4.8663e+09    15.8101    29    28     2.6034
   30  4.7263e+09    15.9045    30    29     2.6844
   31  4.7098e+09    15.9158    31    30     2.7652
   32  4.0091e+09    16.4444    32    31     2.8459
   33  3.6699e+09    16.7396    33    32     2.9266
   34  3.6131e+09    16.7921    34    33     3.0071
   35  3.5988e+09    16.8056    35    34     3.0876
   36  3.5572e+09    16.8448    36    35     3.1680
   37  3.4915e+09    16.9077    37    36     3.2483
   38  3.4913e+09    16.9079    38    37     3.3285
   39  3.4795e+09    16.9194    39    38     3.4087
   40  3.4541e+09    16.9442    40    39     3.4889
   41  3.2901e+09    17.1098    41    40     3.5689
   42  3.2846e+09    17.1155    42    41     3.6490
   43  3.1872e+09    17.2185    43    42     3.7290
   44  3.1695e+09    17.2376    44    43     3.8089
   45  2.8139e+09    17.6495    45    44     3.8889
   46  2.8079e+09    17.6569    46    45     3.9688
   47  2.7064e+09    17.7858    47    46     4.0486
   48  2.5886e+09    17.9424    48    47     4.1285
   49  2.5276e+09    18.0267    49    48     4.2083
   50  2.5193e+09    18.0384    50    49     4.2881
   51  2.4643e+09    18.1168    51    50     4.3678
   52  2.3765e+09    18.2461    52    51     4.4476
   53  2.3621e+09    18.2678    53    52     4.5273
   54  2.3350e+09    18.3090    54    53     4.6070
   55  2.3260e+09    18.3229    55    54     4.6867
   56  2.3220e+09    18.3290    56    55     4.7664
   57  2.3017e+09    18.3606    57    56     4.8460
   58  2.2998e+09    18.3634    58    57     4.9257
   59  2.2822e+09    18.3910    59    58     5.0053
   60  2.2265e+09    18.4800    60    59     5.0849
   61  1.0406e+09    21.3682    61    60     5.1646
   62  1.0379e+09    21.3787    62    61     5.2442
   63  1.0376e+09    21.3795    63    62     5.3238
   64  1.0033e+09    21.5141    64    63     5.4033
   65  1.0015e+09    21.5215    65    64     5.4829
   66  9.9767e+08    21.5367    66    65     5.5625
   67  9.8470e+08    21.5893    67    66     5.6421
   68  9.8383e+08    21.5929    68    67     5.7216
   69  9.4393e+08    21.7598    69    68     5.8012
   70  9.3698e+08    21.7897    70    69     5.8807
   71  9.3418e+08    21.8018    71    70     5.9602
   72  8.9634e+08    21.9697    72    71     6.0398
   73  8.9232e+08    21.9880    73    72     6.1193
   74  8.8293e+08    22.0311    74    73     6.1988
   75  8.7812e+08    22.0534    75    74     6.2783
   76  8.7077e+08    22.0877    76    75     6.3579
   77  8.6734e+08    22.1039    77    76     6.4374
   78  8.5930e+08    22.1419    78    77     6.5169
   79  8.5841e+08    22.1462    79    78     6.5964
   80  8.5833e+08    22.1466    80    79     6.6759
   81  8.3386e+08    22.2652    81    80     6.7554
   82  7.8037e+08    22.5388    82    81     6.8349
   83  7.7627e+08    22.5606    83    82     6.9143
   84  7.3869e+08    22.7670    84    83     6.9938
   85  7.2975e+08    22.8179    85    84     7.0733
   86  7.2929e+08    22.8205    86    85     7.1528
   87  7.2605e+08    22.8391    87    86     7.2323
   88  7.2340e+08    22.8544    88    87     7.3117
   89  7.2079e+08    22.8695    89    88     7.3912
   90  5.3657e+08    24.1285    90    89     7.4707
   91  5.0576e+08    24.3863    91    90     7.5502
   92  5.0035e+08    24.4334    92    91     7.6296
   93  4.9165e+08    24.5104    93    92     7.7091
   94  4.4883e+08    24.9129    94    93     7.7885
   95  4.4620e+08    24.9390    95    94     7.8680
   96  4.3545e+08    25.0476    96    95     7.9475
   97  4.3414e+08    25.0611    97    96     8.0269
   98  4.1462e+08    25.2669    98    97     8.1064
   99  4.1320e+08    25.2822    99    98     8.1858
  100  4.1207e+08    25.2946   100    99     8.2653
