#indx Mass S step-number desc_indx 
    0  3.1600e+10    10.5496     0    -1     0.0134
    1  3.1417e+10    10.5636     1     0     0.1326
    2  3.0706e+10    10.6191     2     1     0.2441
    3  2.8759e+10    10.7791     3     2     0.3500
    4  2.7565e+10    10.8836     4     3     0.4519
    5  1.2795e+10    12.9025     5     4     0.5506
    6  1.2709e+10    12.9215     6     5     0.6467
    7  1.2595e+10    12.9466     7     6     0.7407
    8  1.2582e+10    12.9495     8     7     0.8330
    9  1.2559e+10    12.9546     9     8     0.9238
   10  1.2447e+10    12.9798    10     9     1.0134
   11  1.2353e+10    13.0010    11    10     1.1018
   12  1.2311e+10    13.0105    12    11     1.1894
   13  1.1335e+10    13.2441    13    12     1.2761
   14  1.0913e+10    13.3525    14    13     1.3621
   15  1.0217e+10    13.5421    15    14     1.4474
   16  9.0781e+09    13.8868    16    15     1.5322
   17  9.0408e+09    13.8989    17    16     1.6165
   18  9.0143e+09    13.9076    18    17     1.7003
   19  7.7173e+09    14.3707    19    18     1.7838
   20  7.0032e+09    14.6657    20    19     1.8669
   21  6.9586e+09    14.6852    21    20     1.9496
   22  6.8936e+09    14.7140    22    21     2.0321
   23  6.5825e+09    14.8561    23    22     2.1143
   24  6.5670e+09    14.8634    24    23     2.1963
   25  6.4682e+09    14.9103    25    24     2.2781
   26  6.3980e+09    14.9441    26    25     2.3597
   27  6.2944e+09    14.9948    27    26     2.4411
   28  6.2719e+09    15.0059    28    27     2.5223
   29  5.8593e+09    15.2187    29    28     2.6034
   30  5.6739e+09    15.3199    30    29     2.6844
   31  5.6540e+09    15.3310    31    30     2.7652
   32  5.6241e+09    15.3477    32    31     2.8459
   33  5.6077e+09    15.3570    33    32     2.9266
   34  5.5889e+09    15.3676    34    33     3.0071
   35  5.5773e+09    15.3742    35    34     3.0876
   36  5.4221e+09    15.4637    36    35     3.1680
   37  4.8151e+09    15.8442    37    36     3.2483
   38  4.8115e+09    15.8466    38    37     3.3285
   39  4.5318e+09    16.0411    39    38     3.4087
   40  4.5256e+09    16.0456    40    39     3.4889
   41  4.1251e+09    16.3499    41    40     3.5689
   42  4.1175e+09    16.3559    42    41     3.6490
   43  3.6207e+09    16.7851    43    42     3.7290
   44  3.3112e+09    17.0879    44    43     3.8089
   45  3.2877e+09    17.1123    45    44     3.8889
   46  3.2302e+09    17.1726    46    45     3.9688
   47  3.1991e+09    17.2057    47    46     4.0486
   48  3.1868e+09    17.2190    48    47     4.1285
   49  3.1501e+09    17.2587    49    48     4.2083
   50  3.1468e+09    17.2623    50    49     4.2881
   51  3.1315e+09    17.2791    51    50     4.3678
   52  3.0541e+09    17.3652    52    51     4.4476
   53  3.0416e+09    17.3794    53    52     4.5273
   54  3.0352e+09    17.3866    54    53     4.6070
   55  3.0342e+09    17.3878    55    54     4.6867
   56  1.6896e+09    19.4938    56    55     4.7664
   57  1.6845e+09    19.5050    57    56     4.8460
   58  1.6840e+09    19.5061    58    57     4.9257
   59  1.6637e+09    19.5517    59    58     5.0053
   60  1.1868e+09    20.8478    60    59     5.0849
   61  7.4398e+08    22.7372    61    60     5.1646
   62  7.3503e+08    22.7877    62    61     5.2442
   63  7.3457e+08    22.7903    63    62     5.3238
   64  7.3134e+08    22.8087    64    63     5.4033
   65  7.0242e+08    22.9778    65    64     5.4829
   66  7.0231e+08    22.9784    66    65     5.5625
   67  6.0543e+08    23.6077    67    66     5.6421
   68  4.5243e+08    24.8775    68    67     5.7216
   69  4.5224e+08    24.8793    69    68     5.8012
   70  4.3797e+08    25.0220    70    69     5.8807
   71  4.0240e+08    25.4013    71    70     5.9602
   72  4.0145e+08    25.4120    72    71     6.0398
   73  3.8142e+08    25.6432    73    72     6.1193
   74  3.3694e+08    26.2095    74    73     6.1988
   75  3.2995e+08    26.3060    75    74     6.2783
   76  3.2248e+08    26.4119    76    75     6.3579
   77  3.2155e+08    26.4252    77    76     6.4374
   78  3.2110e+08    26.4317    78    77     6.5169
   79  3.1958e+08    26.4537    79    78     6.5964
   80  3.1826e+08    26.4729    80    79     6.6759
   81  3.1811e+08    26.4750    81    80     6.7554
   82  3.1685e+08    26.4934    82    81     6.8349
   83  3.1459e+08    26.5267    83    82     6.9143
   84  2.5242e+08    27.5616    84    83     6.9938
   85  2.5148e+08    27.5794    85    84     7.0733
   86  2.5103e+08    27.5879    86    85     7.1528
   87  2.4842e+08    27.6379    87    86     7.2323
   88  2.4834e+08    27.6394    88    87     7.3117
   89  2.4317e+08    27.7399    89    88     7.3912
   90  2.4231e+08    27.7569    90    89     7.4707
   91  2.3523e+08    27.8991    91    90     7.5502
   92  2.3440e+08    27.9160    92    91     7.6296
   93  2.3415e+08    27.9212    93    92     7.7091
   94  2.1394e+08    28.3573    94    93     7.7885
   95  2.1293e+08    28.3803    95    94     7.8680
   96  2.1100e+08    28.4245    96    95     7.9475
   97  1.6269e+08    29.7087    97    96     8.0269
   98  1.5720e+08    29.8813    98    97     8.1064
   99  1.5717e+08    29.8824    99    98     8.1858
  100  1.5554e+08    29.9348   100    99     8.2653
