#indx Mass S step-number desc_indx 
    0  3.1600e+10    10.5496     0    -1     0.0134
    1  3.1370e+10    10.5672     1     0     0.1326
    2  3.1191e+10    10.5811     2     1     0.2441
    3  3.1187e+10    10.5814     3     2     0.3500
    4  3.0796e+10    10.6120     4     3     0.4519
    5  3.0546e+10    10.6318     5     4     0.5506
    6  3.0347e+10    10.6477     6     5     0.6467
    7  8.9334e+09    13.9342     7     6     0.7407
    8  7.7300e+09    14.3657     8     7     0.8330
    9  7.7089e+09    14.3740     9     8     0.9238
   10  7.7052e+09    14.3754    10     9     1.0134
   11  7.6966e+09    14.3788    11    10     1.1018
   12  7.6544e+09    14.3954    12    11     1.1894
   13  7.6089e+09    14.4134    13    12     1.2761
   14  7.4381e+09    14.4821    14    13     1.3621
   15  6.8078e+09    14.7525    15    14     1.4474
   16  6.5616e+09    14.8659    16    15     1.5322
   17  6.5492e+09    14.8718    17    16     1.6165
   18  5.8765e+09    15.2094    18    17     1.7003
   19  5.8372e+09    15.2305    19    18     1.7838
   20  3.6610e+09    16.7478    20    19     1.8669
   21  3.6332e+09    16.7735    21    20     1.9496
   22  3.6265e+09    16.7797    22    21     2.0321
   23  3.6200e+09    16.7858    23    22     2.1143
   24  3.5546e+09    16.8472    24    23     2.1963
   25  3.5491e+09    16.8524    25    24     2.2781
   26  3.5346e+09    16.8663    26    25     2.3597
   27  3.4907e+09    16.9086    27    26     2.4411
   28  3.4814e+09    16.9176    28    27     2.5223
   29  3.4310e+09    16.9671    29    28     2.6034
   30  3.4016e+09    16.9963    30    29     2.6844
   31  2.6964e+09    17.7987    31    30     2.7652
   32  2.6850e+09    17.8136    32    31     2.8459
   33  2.6291e+09    17.8877    33    32     2.9266
   34  2.6180e+09    17.9025    34    33     3.0071
   35  2.6167e+09    17.9043    35    34     3.0876
   36  2.5467e+09    18.0001    36    35     3.1680
   37  2.5121e+09    18.0485    37    36     3.2483
   38  1.4749e+09    20.0072    38    37     3.3285
   39  1.4506e+09    20.0705    39    38     3.4087
   40  1.1880e+09    20.8439    40    39     3.4889
   41  1.1838e+09    20.8578    41    40     3.5689
   42  1.1763e+09    20.8825    42    41     3.6490
   43  1.1563e+09    20.9500    43    42     3.7290
   44  1.1490e+09    20.9750    44    43     3.8089
   45  1.1293e+09    21.0432    45    44     3.8889
   46  1.0471e+09    21.3432    46    45     3.9688
   47  1.0059e+09    21.5036    47    46     4.0486
   48  9.6554e+08    21.6684    48    47     4.1285
   49  9.5481e+08    21.7135    49    48     4.2083
   50  9.5061e+08    21.7313    50    49     4.2881
   51  9.3874e+08    21.7822    51    50     4.3678
   52  9.3755e+08    21.7873    52    51     4.4476
   53  9.3130e+08    21.8143    53    52     4.5273
   54  8.7430e+08    22.0712    54    53     4.6070
   55  8.7390e+08    22.0731    55    54     4.6867
   56  8.5469e+08    22.1640    56    55     4.7664
   57  8.5170e+08    22.1783    57    56     4.8460
   58  8.4158e+08    22.2274    58    57     4.9257
   59  8.1218e+08    22.3736    59    58     5.0053
   60  7.3906e+08    22.7649    60    59     5.0849
   61  7.3624e+08    22.7808    61    60     5.1646
   62  7.3534e+08    22.7860    62    61     5.2442
   63  7.3482e+08    22.7889    63    62     5.3238
   64  6.3599e+08    23.3977    64    63     5.4033
   65  6.1368e+08    23.5499    65    64     5.4829
   66  3.3662e+08    26.2138    66    65     5.5625
   67  3.3637e+08    26.2173    67    66     5.6421
   68  3.3400e+08    26.2498    68    67     5.7216
   69  3.3062e+08    26.2967    69    68     5.8012
   70  3.2418e+08    26.3875    70    69     5.8807
   71  3.2358e+08    26.3961    71    70     5.9602
   72  3.1925e+08    26.4585    72    71     6.0398
   73  2.6784e+08    27.2802    73    72     6.1193
   74  2.6777e+08    27.2814    74    73     6.1988
   75  2.5530e+08    27.5078    75    74     6.2783
   76  2.2800e+08    28.0493    76    75     6.3579
   77  1.6723e+08    29.5710    77    76     6.4374
   78  1.6721e+08    29.5717    78    77     6.5169
   79  1.6594e+08    29.6098    79    78     6.5964
   80  1.6378e+08    29.6755    80    79     6.6759
   81  1.6294e+08    29.7011    81    80     6.7554
   82  1.6073e+08    29.7695    82    81     6.8349
   83  1.6063e+08    29.7726    83    82     6.9143
   84  1.5477e+08    29.9597    84    83     6.9938
   85  1.5416e+08    29.9798    85    84     7.0733
   86  1.4397e+08    30.3261    86    85     7.1528
   87  1.4354e+08    30.3412    87    86     7.2323
   88  1.4332e+08    30.3492    88    87     7.3117
   89  1.4320e+08    30.3534    89    88     7.3912
   90  1.4119e+08    30.4254    90    89     7.4707
   91  1.4093e+08    30.4345    91    90     7.5502
   92  1.4039e+08    30.4544    92    91     7.6296
   93  1.3910e+08    30.5015    93    92     7.7091
   94  1.3488e+08    30.6589    94    93     7.7885
   95  1.3079e+08    30.8168    95    94     7.8680
   96  1.2786e+08    30.9336    96    95     7.9475
   97  1.2374e+08    31.1025    97    96     8.0269
   98  1.2359e+08    31.1087    98    97     8.1064
