#indx Mass S step-number desc_indx 
    0  3.1600e+10    10.5496     0    -1     0.0134
    1  3.1576e+10    10.5514     1     0     0.1326
    2  2.9955e+10    10.6794     2     1     0.2441
    3  2.9901e+10    10.6838     3     2     0.3500
    4  2.9661e+10    10.7035     4     3     0.4519
    5  2.6604e+10    10.9716     5     4     0.5506
    6  2.4426e+10    11.1854     6     5     0.6467
    7  2.4256e+10    11.2030     7     6     0.7407
    8  2.3604e+10    11.2720     8     7     0.8330
    9  1.8516e+10    11.8997     9     8     0.9238
   10  1.7389e+10    12.0659    10     9     1.0134
   11  1.6179e+10    12.2590    11    10     1.1018
   12  1.5454e+10    12.3830    12    11     1.1894
   13  1.5433e+10    12.3866    13    12     1.2761
   14  1.5159e+10    12.4353    14    13     1.3621
   15  1.5145e+10    12.4378    15    14     1.4474
   16  1.3445e+10    12.7648    16    15     1.5322
   17  1.3196e+10    12.8167    17    16     1.6165
   18  1.3171e+10    12.8219    18    17     1.7003
   19  1.3098e+10    12.8374    19    18     1.7838
   20  1.1460e+10    13.2129    20    19     1.8669
   21  1.0280e+10    13.5242    21    20     1.9496
   22  1.0221e+10    13.5409    22    21     2.0321
   23  9.5130e+09    13.7496    23    22     2.1143
   24  9.0168e+09    13.9067    24    23     2.1963
   25  8.6310e+09    14.0360    25    24     2.2781
   26  8.6087e+09    14.0437    26    25     2.3597
   27  8.6059e+09    14.0447    27    26     2.4411
   28  7.7591e+09    14.3544    28    27     2.5223
   29  7.5965e+09    14.4183    29    28     2.6034
   30  7.4543e+09    14.4755    30    29     2.6844
   31  7.4159e+09    14.4912    31    30     2.7652
   32  7.0539e+09    14.6436    32    31     2.8459
   33  6.9668e+09    14.6816    33    32     2.9266
   34  6.5539e+09    14.8695    34    33     3.0071
   35  6.4220e+09    14.9325    35    34     3.0876
   36  6.1398e+09    15.0722    36    35     3.1680
   37  6.1030e+09    15.0910    37    36     3.2483
   38  5.6908e+09    15.3105    38    37     3.3285
   39  5.6862e+09    15.3131    39    38     3.4087
   40  5.6682e+09    15.3231    40    39     3.4889
   41  5.5711e+09    15.3777    41    40     3.5689
   42  5.3823e+09    15.4871    42    41     3.6490
   43  5.2300e+09    15.5786    43    42     3.7290
   44  4.4966e+09    16.0666    44    43     3.8089
   45  4.3462e+09    16.1779    45    44     3.8889
   46  3.1185e+09    17.2934    46    45     3.9688
   47  3.1171e+09    17.2949    47    46     4.0486
   48  3.1147e+09    17.2975    48    47     4.1285
   49  3.0742e+09    17.3426    49    48     4.2083
   50  2.9186e+09    17.5223    50    49     4.2881
   51  1.7468e+09    19.3694    51    50     4.3678
   52  1.7179e+09    19.4316    52    51     4.4476
   53  1.7127e+09    19.4429    53    52     4.5273
   54  1.7002e+09    19.4704    54    53     4.6070
   55  1.6999e+09    19.4710    55    54     4.6867
   56  1.6994e+09    19.4721    56    55     4.7664
   57  1.6891e+09    19.4948    57    56     4.8460
   58  1.6671e+09    19.5440    58    57     4.9257
   59  1.6276e+09    19.6340    59    58     5.0053
   60  1.6234e+09    19.6437    60    59     5.0849
   61  1.6225e+09    19.6458    61    60     5.1646
   62  1.6056e+09    19.6853    62    61     5.2442
   63  1.5473e+09    19.8250    63    62     5.3238
   64  1.5465e+09    19.8269    64    63     5.4033
   65  1.5052e+09    19.9297    65    64     5.4829
   66  1.4992e+09    19.9450    66    65     5.5625
   67  1.4979e+09    19.9481    67    66     5.6421
   68  1.2760e+09    20.5647    68    67     5.7216
   69  1.2344e+09    20.6937    69    68     5.8012
   70  1.2138e+09    20.7596    70    69     5.8807
   71  1.2081e+09    20.7780    71    70     5.9602
   72  1.1872e+09    20.8466    72    71     6.0398
   73  1.1852e+09    20.8530    73    72     6.1193
   74  1.1799e+09    20.8707    74    73     6.1988
   75  8.0172e+08    22.4271    75    74     6.2783
   76  8.0110e+08    22.4303    76    75     6.3579
   77  7.7870e+08    22.5477    77    76     6.4374
   78  7.6893e+08    22.6000    78    77     6.5169
   79  7.6853e+08    22.6022    79    78     6.5964
   80  7.6211e+08    22.6370    80    79     6.6759
   81  6.7713e+08    23.1321    81    80     6.7554
   82  6.6900e+08    23.1832    82    81     6.8349
   83  6.6704e+08    23.1955    83    82     6.9143
   84  6.6682e+08    23.1970    84    83     6.9938
   85  6.5322e+08    23.2842    85    84     7.0733
   86  6.5257e+08    23.2884    86    85     7.1528
   87  6.4932e+08    23.3096    87    86     7.2323
   88  6.4782e+08    23.3194    88    87     7.3117
   89  6.4648e+08    23.3282    89    88     7.3912
   90  6.4163e+08    23.3601    90    89     7.4707
   91  6.3418e+08    23.4098    91    90     7.5502
   92  6.2283e+08    23.4867    92    91     7.6296
   93  5.6480e+08    23.9064    93    92     7.7091
   94  5.6037e+08    23.9404    94    93     7.7885
   95  5.2489e+08    24.2242    95    94     7.8680
   96  5.1236e+08    24.3297    96    95     7.9475
   97  5.1001e+08    24.3498    97    96     8.0269
   98  5.0531e+08    24.3902    98    97     8.1064
   99  5.0131e+08    24.4250    99    98     8.1858
  100  4.9959e+08    24.4401   100    99     8.2653
