#indx Mass S step-number desc_indx 
    0  3.1600e+10    10.5496     0    -1     0.0134
    1  3.1491e+10    10.5579     1     0     0.1326
    2  2.8936e+10    10.7641     2     1     0.2441
    3  2.8811e+10    10.7746     3     2     0.3500
    4  2.8464e+10    10.8044     4     3     0.4519
    5  2.7641e+10    10.8768     5     4     0.5506
    6  2.7291e+10    10.9083     6     5     0.6467
    7  2.7280e+10    10.9093     7     6     0.7407
    8  2.6071e+10    11.0220     8     7     0.8330
    9  2.6047e+10    11.0243     9     8     0.9238
   10  2.5722e+10    11.0556    10     9     1.0134
   11  2.5660e+10    11.0617    11    10     1.1018
   12  2.5174e+10    11.1095    12    11     1.1894
   13  1.9148e+10    11.8115    13    12     1.2761
   14  1.9020e+10    11.8291    14    13     1.3621
   15  1.3465e+10    12.7606    15    14     1.4474
   16  1.2666e+10    12.9310    16    15     1.5322
   17  1.2316e+10    13.0096    17    16     1.6165
   18  1.2070e+10    13.0663    18    17     1.7003
   19  1.1872e+10    13.1129    19    18     1.7838
   20  1.1677e+10    13.1598    20    19     1.8669
   21  1.1469e+10    13.2109    21    20     1.9496
   22  1.1379e+10    13.2332    22    21     2.0321
   23  1.1213e+10    13.2751    23    22     2.1143
   24  9.3463e+09    13.8013    24    23     2.1963
   25  9.1041e+09    13.8784    25    24     2.2781
   26  9.0903e+09    13.8828    26    25     2.3597
   27  9.0633e+09    13.8916    27    26     2.4411
   28  9.0360e+09    13.9005    28    27     2.5223
   29  8.6895e+09    14.0160    29    28     2.6034
   30  8.4092e+09    14.1134    30    29     2.6844
   31  8.1289e+09    14.2146    31    30     2.7652
   32  8.0742e+09    14.2348    32    31     2.8459
   33  8.0176e+09    14.2559    33    32     2.9266
   34  7.7819e+09    14.3455    34    33     3.0071
   35  7.4058e+09    14.4953    35    34     3.0876
   36  7.3960e+09    14.4993    36    35     3.1680
   37  7.3048e+09    14.5371    37    36     3.2483
   38  7.2349e+09    14.5663    38    37     3.3285
   39  7.0403e+09    14.6495    39    38     3.4087
   40  6.8730e+09    14.7232    40    39     3.4889
   41  6.8577e+09    14.7300    41    40     3.5689
   42  6.7286e+09    14.7884    42    41     3.6490
   43  6.6977e+09    14.8026    43    42     3.7290
   44  6.6464e+09    14.8263    44    43     3.8089
   45  5.8789e+09    15.2082    45    44     3.8889
   46  5.8099e+09    15.2453    46    45     3.9688
   47  4.7109e+09    15.9150    47    46     4.0486
   48  4.7041e+09    15.9197    48    47     4.1285
   49  4.5477e+09    16.0297    49    48     4.2083
   50  4.3909e+09    16.1444    50    49     4.2881
   51  3.5126e+09    16.8874    51    50     4.3678
   52  3.4732e+09    16.9255    52    51     4.4476
   53  2.9186e+09    17.5223    53    52     4.5273
   54  2.9159e+09    17.5255    54    53     4.6070
   55  2.7220e+09    17.7656    55    54     4.6867
   56  2.6249e+09    17.8933    56    55     4.7664
   57  2.3362e+09    18.3072    57    56     4.8460
   58  2.3357e+09    18.3080    58    57     4.9257
   59  2.3154e+09    18.3392    59    58     5.0053
   60  2.3004e+09    18.3626    60    59     5.0849
   61  2.0561e+09    18.7686    61    60     5.1646
   62  2.0435e+09    18.7909    62    61     5.2442
   63  2.0267e+09    18.8212    63    62     5.3238
   64  1.9814e+09    18.9038    64    63     5.4033
   65  1.9432e+09    18.9753    65    64     5.4829
   66  1.8807e+09    19.0955    66    65     5.5625
   67  1.8766e+09    19.1037    67    66     5.6421
   68  1.8678e+09    19.1209    68    67     5.7216
   69  1.8669e+09    19.1227    69    68     5.8012
   70  1.4774e+09    20.0007    70    69     5.8807
   71  1.4760e+09    20.0042    71    70     5.9602
   72  1.4045e+09    20.1943    72    71     6.0398
   73  1.3986e+09    20.2105    73    72     6.1193
   74  1.3255e+09    20.4173    74    73     6.1988
   75  1.3002e+09    20.4919    75    74     6.2783
   76  1.2969e+09    20.5016    76    75     6.3579
   77  1.0230e+09    21.4363    77    76     6.4374
   78  9.9960e+08    21.5290    78    77     6.5169
   79  9.8180e+08    21.6012    79    78     6.5964
   80  9.6809e+08    21.6578    80    79     6.6759
   81  9.0281e+08    21.9404    81    80     6.7554
   82  8.8622e+08    22.0159    82    81     6.8349
   83  8.8360e+08    22.0280    83    82     6.9143
   84  8.6625e+08    22.1090    84    83     6.9938
   85  8.5727e+08    22.1516    85    84     7.0733
   86  7.3652e+08    22.7792    86    85     7.1528
   87  7.3176e+08    22.8064    87    86     7.2323
   88  7.3152e+08    22.8077    88    87     7.3117
   89  7.2966e+08    22.8184    89    88     7.3912
   90  6.6328e+08    23.2195    90    89     7.4707
   91  6.6283e+08    23.2223    91    90     7.5502
   92  6.6038e+08    23.2380    92    91     7.6296
   93  6.5978e+08    23.2418    93    92     7.7091
   94  6.3585e+08    23.3986    94    93     7.7885
   95  6.2782e+08    23.4527    95    94     7.8680
   96  6.2584e+08    23.4662    96    95     7.9475
   97  6.2428e+08    23.4768    97    96     8.0269
   98  6.1113e+08    23.5676    98    97     8.1064
   99  6.0387e+08    23.6188    99    98     8.1858
  100  6.0312e+08    23.6241   100    99     8.2653
