#indx Mass S step-number desc_indx 
    0  3.1600e+10    10.5496     0    -1     0.0134
    1  2.8791e+10    10.7764     1     0     0.1326
    2  2.8726e+10    10.7819     2     1     0.2441
    3  2.8712e+10    10.7831     3     2     0.3500
    4  2.8459e+10    10.8049     4     3     0.4519
    5  2.7838e+10    10.8592     5     4     0.5506
    6  2.7813e+10    10.8614     6     5     0.6467
    7  2.7674e+10    10.8738     7     6     0.7407
    8  2.6664e+10    10.9659     8     7     0.8330
    9  2.3360e+10    11.2983     9     8     0.9238
   10  2.3024e+10    11.3352    10     9     1.0134
   11  2.3017e+10    11.3359    11    10     1.1018
   12  1.9127e+10    11.8143    12    11     1.1894
   13  1.8823e+10    11.8563    13    12     1.2761
   14  1.8496e+10    11.9024    14    13     1.3621
   15  1.7118e+10    12.1079    15    14     1.4474
   16  1.6908e+10    12.1409    16    15     1.5322
   17  1.6865e+10    12.1477    17    16     1.6165
   18  1.6794e+10    12.1590    18    17     1.7003
   19  1.6702e+10    12.1736    19    18     1.7838
   20  1.6529e+10    12.2016    20    19     1.8669
   21  1.6468e+10    12.2114    21    20     1.9496
   22  1.4456e+10    12.5649    22    21     2.0321
   23  1.4223e+10    12.6094    23    22     2.1143
   24  1.3928e+10    12.6671    24    23     2.1963
   25  1.3925e+10    12.6679    25    24     2.2781
   26  1.3774e+10    12.6979    26    25     2.3597
   27  1.2838e+10    12.8932    27    26     2.4411
   28  1.2554e+10    12.9558    28    27     2.5223
   29  1.2507e+10    12.9663    29    28     2.6034
   30  1.2406e+10    12.9891    30    29     2.6844
   31  8.6504e+09    14.0294    31    30     2.7652
   32  8.5816e+09    14.0530    32    31     2.8459
   33  8.5435e+09    14.0663    33    32     2.9266
   34  7.8227e+09    14.3298    34    33     3.0071
   35  7.7564e+09    14.3555    35    34     3.0876
   36  7.6762e+09    14.3868    36    35     3.1680
   37  7.6072e+09    14.4141    37    36     3.2483
   38  7.5841e+09    14.4233    38    37     3.3285
   39  6.9686e+09    14.6809    39    38     3.4087
   40  6.9112e+09    14.7062    40    39     3.4889
   41  6.8683e+09    14.7253    41    40     3.5689
   42  6.6912e+09    14.8056    42    41     3.6490
   43  6.6853e+09    14.8083    43    42     3.7290
   44  6.6443e+09    14.8273    44    43     3.8089
   45  6.6192e+09    14.8390    45    44     3.8889
   46  6.6147e+09    14.8411    46    45     3.9688
   47  6.6114e+09    14.8426    47    46     4.0486
   48  6.5845e+09    14.8552    48    47     4.1285
   49  6.5680e+09    14.8629    49    48     4.2083
   50  5.4971e+09    15.4201    50    49     4.2881
   51  5.3916e+09    15.4816    51    50     4.3678
   52  5.1875e+09    15.6047    52    51     4.4476
   53  5.1388e+09    15.6349    53    52     4.5273
   54  5.0852e+09    15.6685    54    53     4.6070
   55  5.0405e+09    15.6968    55    54     4.6867
   56  3.9488e+09    16.4947    56    55     4.7664
   57  3.8561e+09    16.5739    57    56     4.8460
   58  3.8430e+09    16.5853    58    57     4.9257
   59  3.8333e+09    16.5937    59    58     5.0053
   60  3.5590e+09    16.8431    60    59     5.0849
   61  3.5424e+09    16.8589    61    60     5.1646
   62  3.5348e+09    16.8661    62    61     5.2442
   63  3.5301e+09    16.8706    63    62     5.3238
   64  2.7004e+09    17.7935    64    63     5.4033
   65  2.2054e+09    18.5143    65    64     5.4829
   66  2.1981e+09    18.5263    66    65     5.5625
   67  2.1872e+09    18.5442    67    66     5.6421
   68  2.0698e+09    18.7444    68    67     5.7216
   69  2.0674e+09    18.7487    69    68     5.8012
   70  1.9333e+09    18.9939    70    69     5.8807
   71  1.9288e+09    19.0026    71    70     5.9602
   72  1.7658e+09    19.3292    72    71     6.0398
   73  1.7561e+09    19.3496    73    72     6.1193
   74  1.7360e+09    19.3926    74    73     6.1988
   75  1.5812e+09    19.7430    75    74     6.2783
   76  1.4826e+09    19.9873    76    75     6.3579
   77  1.4803e+09    19.9933    77    76     6.4374
   78  1.4656e+09    20.0312    78    77     6.5169
   79  1.4579e+09    20.0513    79    78     6.5964
   80  1.4574e+09    20.0528    80    79     6.6759
   81  1.4492e+09    20.0742    81    80     6.7554
   82  1.4359e+09    20.1096    82    81     6.8349
   83  1.3325e+09    20.3968    83    82     6.9143
   84  1.2836e+09    20.5417    84    83     6.9938
   85  1.2110e+09    20.7687    85    84     7.0733
   86  1.2079e+09    20.7786    86    85     7.1528
   87  1.2047e+09    20.7892    87    86     7.2323
   88  9.5691e+08    21.7046    88    87     7.3117
   89  9.4002e+08    21.7766    89    88     7.3912
   90  9.3938e+08    21.7794    90    89     7.4707
   91  9.3768e+08    21.7867    91    90     7.5502
   92  9.3169e+08    21.8127    92    91     7.6296
   93  9.1755e+08    21.8746    93    92     7.7091
   94  8.9570e+08    21.9726    94    93     7.7885
   95  8.9506e+08    21.9755    95    94     7.8680
   96  8.7218e+08    22.0811    96    95     7.9475
   97  5.6277e+08    23.9219    97    96     8.0269
   98  5.5963e+08    23.9461    98    97     8.1064
   99  5.5957e+08    23.9466    99    98     8.1858
  100  5.5603e+08    23.9740   100    99     8.2653
