#indx Mass S step-number desc_indx 
    0  3.1600e+10    10.5496     0    -1     0.0134
    1  3.1553e+10    10.5532     1     0     0.1326
    2  3.1439e+10    10.5619     2     1     0.2441
    3  2.5633e+10    11.0643     3     2     0.3500
    4  2.5610e+10    11.0665     4     3     0.4519
    5  2.5598e+10    11.0677     5     4     0.5506
    6  2.2970e+10    11.3412     6     5     0.6467
    7  2.1501e+10    11.5104     7     6     0.7407
    8  2.1487e+10    11.5120     8     7     0.8330
    9  1.7610e+10    12.0324     9     8     0.9238
   10  1.6171e+10    12.2604    10     9     1.0134
   11  1.6095e+10    12.2732    11    10     1.1018
   12  1.6055e+10    12.2799    12    11     1.1894
   13  1.5414e+10    12.3899    13    12     1.2761
   14  1.5389e+10    12.3944    14    13     1.3621
   15  1.4194e+10    12.6151    15    14     1.4474
   16  1.3640e+10    12.7249    16    15     1.5322
   17  1.3553e+10    12.7427    17    16     1.6165
   18  1.3415e+10    12.7710    18    17     1.7003
   19  1.3305e+10    12.7938    19    18     1.7838
   20  1.3199e+10    12.8160    20    19     1.8669
   21  1.3183e+10    12.8195    21    20     1.9496
   22  1.2738e+10    12.9150    22    21     2.0321
   23  7.5236e+09    14.4475    23    22     2.1143
   24  7.4014e+09    14.4972    24    23     2.1963
   25  7.3090e+09    14.5353    25    24     2.2781
   26  7.2474e+09    14.5611    26    25     2.3597
   27  7.2059e+09    14.5785    27    26     2.4411
   28  7.1994e+09    14.5813    28    27     2.5223
   29  7.1616e+09    14.5974    29    28     2.6034
   30  7.0655e+09    14.6386    30    29     2.6844
   31  7.0495e+09    14.6455    31    30     2.7652
   32  5.9801e+09    15.1546    32    31     2.8459
   33  5.9508e+09    15.1700    33    32     2.9266
   34  5.9172e+09    15.1878    34    33     3.0071
   35  5.8754e+09    15.2100    35    34     3.0876
   36  5.6494e+09    15.3336    36    35     3.1680
   37  5.6154e+09    15.3526    37    36     3.2483
   38  5.6040e+09    15.3591    38    37     3.3285
   39  5.5442e+09    15.3930    39    38     3.4087
   40  5.5439e+09    15.3932    40    39     3.4889
   41  5.3117e+09    15.5291    41    40     3.5689
   42  4.3049e+09    16.2093    42    41     3.6490
   43  4.2911e+09    16.2198    43    42     3.7290
   44  3.9596e+09    16.4856    44    43     3.8089
   45  3.9117e+09    16.5261    45    44     3.8889
   46  3.8304e+09    16.5963    46    45     3.9688
   47  3.7957e+09    16.6266    47    46     4.0486
   48  3.7929e+09    16.6291    48    47     4.1285
   49  2.9397e+09    17.4973    49    48     4.2083
   50  2.3050e+09    18.3555    50    49     4.2881
   51  2.2947e+09    18.3715    51    50     4.3678
   52  2.2238e+09    18.4843    52    51     4.4476
   53  2.2186e+09    18.4928    53    52     4.5273
   54  1.8357e+09    19.1850    54    53     4.6070
   55  1.7815e+09    19.2963    55    54     4.6867
   56  1.7108e+09    19.4471    56    55     4.7664
   57  1.7100e+09    19.4489    57    56     4.8460
   58  1.6820e+09    19.5106    58    57     4.9257
   59  1.6577e+09    19.5652    59    58     5.0053
   60  1.6575e+09    19.5657    60    59     5.0849
   61  1.5874e+09    19.7283    61    60     5.1646
   62  1.5858e+09    19.7320    62    61     5.2442
   63  1.5701e+09    19.7696    63    62     5.3238
   64  1.5688e+09    19.7729    64    63     5.4033
   65  1.5679e+09    19.7749    65    64     5.4829
   66  1.5608e+09    19.7922    66    65     5.5625
   67  1.4857e+09    19.9793    67    66     5.6421
   68  1.4799e+09    19.9943    68    67     5.7216
   69  1.2377e+09    20.6834    69    68     5.8012
   70  1.2115e+09    20.7672    70    69     5.8807
   71  1.2108e+09    20.7694    71    70     5.9602
   72  7.0269e+08    22.9762    72    71     6.0398
   73  6.9989e+08    22.9930    73    72     6.1193
   74  6.8897e+08    23.0591    74    73     6.1988
   75  6.8570e+08    23.0791    75    74     6.2783
   76  5.4089e+08    24.0936    76    75     6.3579
   77  5.3847e+08    24.1131    77    76     6.4374
   78  5.3047e+08    24.1782    78    77     6.5169
   79  5.2922e+08    24.1884    79    78     6.5964
   80  5.2172e+08    24.2506    80    79     6.6759
   81  5.2021e+08    24.2632    81    80     6.7554
   82  4.8711e+08    24.5512    82    81     6.8349
   83  4.7468e+08    24.6651    83    82     6.9143
   84  4.7018e+08    24.7071    84    83     6.9938
   85  4.6074e+08    24.7968    85    84     7.0733
   86  4.5569e+08    24.8457    86    85     7.1528
   87  4.4347e+08    24.9663    87    86     7.2323
   88  4.4253e+08    24.9758    88    87     7.3117
   89  4.4249e+08    24.9762    89    88     7.3912
   90  3.3753e+08    26.2014    90    89     7.4707
   91  3.2360e+08    26.3958    91    90     7.5502
   92  2.9235e+08    26.8682    92    91     7.6296
   93  2.8945e+08    26.9149    93    92     7.7091
   94  2.8650e+08    26.9629    94    93     7.7885
   95  2.7181e+08    27.2107    95    94     7.8680
   96  2.7035e+08    27.2361    96    95     7.9475
   97  2.6983e+08    27.2453    97    96     8.0269
   98  2.6647e+08    27.3045    98    97     8.1064
   99  2.6635e+08    27.3066    99    98     8.1858
  100  2.6623e+08    27.3087   100    99     8.2653
