#indx Mass S step-number desc_indx 
    0  3.1600e+10    10.5496     0    -1     0.0134
    1  3.0927e+10    10.6017     1     0     0.1326
    2  3.0881e+10    10.6053     2     1     0.2441
    3  3.0859e+10    10.6071     3     2     0.3500
    4  3.0219e+10    10.6580     4     3     0.4519
    5  2.8461e+10    10.8047     5     4     0.5506
    6  2.7604e+10    10.8801     6     5     0.6467
    7  2.3349e+10    11.2996     7     6     0.7407
    8  2.3201e+10    11.3157     8     7     0.8330
    9  2.2767e+10    11.3638     9     8     0.9238
   10  2.2719e+10    11.3692    10     9     1.0134
   11  2.1827e+10    11.4716    11    10     1.1018
   12  2.1160e+10    11.5516    12    11     1.1894
   13  2.0681e+10    11.6107    13    12     1.2761
   14  2.0617e+10    11.6188    14    13     1.3621
   15  2.0233e+10    11.6676    15    14     1.4474
   16  2.0115e+10    11.6827    16    15     1.5322
   17  1.9825e+10    11.7205    17    16     1.6165
   18  1.9760e+10    11.7291    18    17     1.7003
   19  1.8518e+10    11.8994    19    18     1.7838
   20  1.5635e+10    12.3514    20    19     1.8669
   21  1.5545e+10    12.3670    21    20     1.9496
   22  1.4687e+10    12.5216    22    21     2.0321
   23  1.4679e+10    12.5231    23    22     2.1143
   24  1.4647e+10    12.5291    24    23     2.1963
   25  1.4605e+10    12.5368    25    24     2.2781
   26  1.3792e+10    12.6942    26    25     2.3597
   27  1.3664e+10    12.7201    27    26     2.4411
   28  1.3513e+10    12.7507    28    27     2.5223
   29  1.3456e+10    12.7625    29    28     2.6034
   30  1.3440e+10    12.7657    30    29     2.6844
   31  1.3170e+10    12.8221    31    30     2.7652
   32  1.2678e+10    12.9282    32    31     2.8459
   33  1.1728e+10    13.1475    33    32     2.9266
   34  1.1272e+10    13.2601    34    33     3.0071
   35  1.1048e+10    13.3173    35    34     3.0876
   36  8.9864e+09    13.9167    36    35     3.1680
   37  8.9032e+09    13.9441    37    36     3.2483
   38  8.5613e+09    14.0601    38    37     3.3285
   39  8.2613e+09    14.1663    39    38     3.4087
   40  7.9004e+09    14.3001    40    39     3.4889
   41  7.7547e+09    14.3561    41    40     3.5689
   42  7.7387e+09    14.3623    42    41     3.6490
   43  7.5198e+09    14.4490    43    42     3.7290
   44  7.4858e+09    14.4627    44    43     3.8089
   45  6.6900e+09    14.8062    45    44     3.8889
   46  6.4702e+09    14.9094    46    45     3.9688
   47  6.4078e+09    14.9394    47    46     4.0486
   48  6.4017e+09    14.9423    48    47     4.1285
   49  6.3303e+09    14.9771    49    48     4.2083
   50  6.2917e+09    14.9962    50    49     4.2881
   51  6.2806e+09    15.0016    51    50     4.3678
   52  6.1454e+09    15.0694    52    51     4.4476
   53  6.1332e+09    15.0756    53    52     4.5273
   54  6.1203e+09    15.0822    54    53     4.6070
   55  6.1170e+09    15.0839    55    54     4.6867
   56  6.1113e+09    15.0868    56    55     4.7664
   57  6.0090e+09    15.1396    57    56     4.8460
   58  5.6639e+09    15.3255    58    57     4.9257
   59  5.5911e+09    15.3664    59    58     5.0053
   60  5.5901e+09    15.3669    60    59     5.0849
   61  5.3601e+09    15.5002    61    60     5.1646
   62  5.3488e+09    15.5070    62    61     5.2442
   63  5.3312e+09    15.5175    63    62     5.3238
   64  5.1860e+09    15.6056    64    63     5.4033
   65  4.9579e+09    15.7500    65    64     5.4829
   66  4.6428e+09    15.9623    66    65     5.5625
   67  4.4995e+09    16.0645    67    66     5.6421
   68  3.7533e+09    16.6643    68    67     5.7216
   69  3.7516e+09    16.6657    69    68     5.8012
   70  3.7166e+09    16.6972    70    69     5.8807
   71  3.7124e+09    16.7010    71    70     5.9602
   72  3.4271e+09    16.9709    72    71     6.0398
   73  3.4175e+09    16.9804    73    72     6.1193
   74  3.3532e+09    17.0450    74    73     6.1988
   75  3.3442e+09    17.0542    75    74     6.2783
   76  3.2581e+09    17.1432    76    75     6.3579
   77  3.0459e+09    17.3745    77    76     6.4374
   78  2.7320e+09    17.7527    78    77     6.5169
   79  2.7315e+09    17.7534    79    78     6.5964
   80  2.7288e+09    17.7569    80    79     6.6759
   81  2.7201e+09    17.7681    81    80     6.7554
   82  2.6963e+09    17.7989    82    81     6.8349
   83  2.6133e+09    17.9089    83    82     6.9143
   84  2.4890e+09    18.0813    84    83     6.9938
   85  2.3907e+09    18.2247    85    84     7.0733
   86  2.3762e+09    18.2465    86    85     7.1528
   87  2.3518e+09    18.2833    87    86     7.2323
   88  2.3137e+09    18.3420    88    87     7.3117
   89  2.3104e+09    18.3469    89    88     7.3912
   90  2.3017e+09    18.3605    90    89     7.4707
   91  2.2962e+09    18.3691    91    90     7.5502
   92  2.2775e+09    18.3985    92    91     7.6296
   93  2.2332e+09    18.4692    93    92     7.7091
   94  2.2085e+09    18.5093    94    93     7.7885
   95  2.1763e+09    18.5623    95    94     7.8680
   96  2.0999e+09    18.6919    96    95     7.9475
   97  2.0639e+09    18.7548    97    96     8.0269
   98  2.0514e+09    18.7769    98    97     8.1064
   99  2.0159e+09    18.8406    99    98     8.1858
  100  1.9462e+09    18.9695   100    99     8.2653
