#indx Mass S step-number desc_indx 
    0  3.1600e+10    10.5496     0    -1     0.0134
    1  3.0324e+10    10.6496     1     0     0.1326
    2  2.9773e+10    10.6943     2     1     0.2441
    3  2.7304e+10    10.9071     3     2     0.3500
    4  2.6721e+10    10.9606     4     3     0.4519
    5  2.6446e+10    10.9863     5     4     0.5506
    6  2.6226e+10    11.0072     6     5     0.6467
    7  2.6184e+10    11.0112     7     6     0.7407
    8  2.5892e+10    11.0391     8     7     0.8330
    9  2.4125e+10    11.2167     9     8     0.9238
   10  2.2641e+10    11.3779    10     9     1.0134
   11  2.0952e+10    11.5771    11    10     1.1018
   12  2.0889e+10    11.5848    12    11     1.1894
   13  2.0858e+10    11.5886    13    12     1.2761
   14  2.0547e+10    11.6276    14    13     1.3621
   15  2.0066e+10    11.6890    15    14     1.4474
   16  1.9604e+10    11.7498    16    15     1.5322
   17  1.9573e+10    11.7539    17    16     1.6165
   18  1.6414e+10    12.2203    18    17     1.7003
   19  1.6091e+10    12.2738    19    18     1.7838
   20  1.6003e+10    12.2886    20    19     1.8669
   21  1.5990e+10    12.2907    21    20     1.9496
   22  1.4662e+10    12.5262    22    21     2.0321
   23  1.4635e+10    12.5313    23    22     2.1143
   24  1.4314e+10    12.5921    24    23     2.1963
   25  1.3767e+10    12.6993    25    24     2.2781
   26  1.3656e+10    12.7216    26    25     2.3597
   27  1.3140e+10    12.8284    27    26     2.4411
   28  1.3114e+10    12.8340    28    27     2.5223
   29  1.2909e+10    12.8779    29    28     2.6034
   30  1.2804e+10    12.9006    30    29     2.6844
   31  1.2440e+10    12.9814    31    30     2.7652
   32  1.2121e+10    13.0545    32    31     2.8459
   33  1.1695e+10    13.1553    33    32     2.9266
   34  1.1609e+10    13.1763    34    33     3.0071
   35  1.1586e+10    13.1819    35    34     3.0876
   36  1.1402e+10    13.2273    36    35     3.1680
   37  1.1114e+10    13.3003    37    36     3.2483
   38  1.0575e+10    13.4426    38    37     3.3285
   39  1.0553e+10    13.4488    39    38     3.4087
   40  1.0535e+10    13.4537    40    39     3.4889
   41  1.0356e+10    13.5030    41    40     3.5689
   42  1.0310e+10    13.5157    42    41     3.6490
   43  9.9594e+09    13.6160    43    42     3.7290
   44  9.7877e+09    13.6665    44    43     3.8089
   45  7.8659e+09    14.3132    45    44     3.8889
   46  7.8208e+09    14.3306    46    45     3.9688
   47  7.7471e+09    14.3591    47    46     4.0486
   48  7.0995e+09    14.6239    48    47     4.1285
   49  7.0909e+09    14.6276    49    48     4.2083
   50  6.9791e+09    14.6762    50    49     4.2881
   51  6.9310e+09    14.6974    51    50     4.3678
   52  6.8906e+09    14.7154    52    51     4.4476
   53  6.5599e+09    14.8668    53    52     4.5273
   54  6.1072e+09    15.0889    54    53     4.6070
   55  6.0238e+09    15.1319    55    54     4.6867
   56  6.0059e+09    15.1411    56    55     4.7664
   57  4.8947e+09    15.7913    57    56     4.8460
   58  4.8385e+09    15.8286    58    57     4.9257
   59  4.6283e+09    15.9726    59    58     5.0053
   60  4.6046e+09    15.9892    60    59     5.0849
   61  4.5962e+09    15.9951    61    60     5.1646
   62  4.3618e+09    16.1661    62    61     5.2442
   63  4.2982e+09    16.2144    63    62     5.3238
   64  4.2981e+09    16.2145    64    63     5.4033
   65  4.2610e+09    16.2430    65    64     5.4829
   66  4.1795e+09    16.3066    66    65     5.5625
   67  3.4965e+09    16.9030    67    66     5.6421
   68  3.0487e+09    17.3713    68    67     5.7216
   69  3.0231e+09    17.4004    69    68     5.8012
   70  3.0090e+09    17.4166    70    69     5.8807
   71  3.0020e+09    17.4247    71    70     5.9602
   72  2.9990e+09    17.4281    72    71     6.0398
   73  9.8344e+08    21.5944    73    72     6.1193
   74  9.8321e+08    21.5954    74    73     6.1988
   75  9.8320e+08    21.5954    75    74     6.2783
   76  9.6472e+08    21.6719    76    75     6.3579
   77  9.6459e+08    21.6724    77    76     6.4374
   78  9.6422e+08    21.6740    78    77     6.5169
   79  9.5772e+08    21.7012    79    78     6.5964
   80  7.8491e+08    22.5147    80    79     6.6759
   81  7.8192e+08    22.5305    81    80     6.7554
   82  7.8106e+08    22.5351    82    81     6.8349
   83  7.1742e+08    22.8891    83    82     6.9143
   84  7.1678e+08    22.8929    84    83     6.9938
   85  7.1317e+08    22.9140    85    84     7.0733
   86  7.0911e+08    22.9380    86    85     7.1528
   87  7.0552e+08    22.9593    87    86     7.2323
   88  6.9238e+08    23.0383    88    87     7.3117
   89  6.9154e+08    23.0434    89    88     7.3912
   90  6.9125e+08    23.0452    90    89     7.4707
   91  6.8310e+08    23.0951    91    90     7.5502
   92  6.7886e+08    23.1213    92    91     7.6296
   93  6.7462e+08    23.1478    93    92     7.7091
   94  6.7453e+08    23.1484    94    93     7.7885
   95  6.7280e+08    23.1592    95    94     7.8680
   96  6.6897e+08    23.1834    96    95     7.9475
   97  6.5377e+08    23.2806    97    96     8.0269
   98  6.3940e+08    23.3749    98    97     8.1064
   99  6.3741e+08    23.3882    99    98     8.1858
  100  6.1061e+08    23.5713   100    99     8.2653
