#indx Mass S step-number desc_indx 
    0  3.1600e+10    10.5496     0    -1     0.0134
    1  3.1468e+10    10.5597     1     0     0.1326
    2  3.1345e+10    10.5692     2     1     0.2441
    3  3.1108e+10    10.5876     3     2     0.3500
    4  3.0417e+10    10.6421     4     3     0.4519
    5  3.0360e+10    10.6467     5     4     0.5506
    6  2.9798e+10    10.6922     6     5     0.6467
    7  2.5280e+10    11.0990     7     6     0.7407
    8  2.0567e+10    11.6250     8     7     0.8330
    9  2.0447e+10    11.6402     9     8     0.9238
   10  2.0406e+10    11.6455    10     9     1.0134
   11  2.0375e+10    11.6493    11    10     1.1018
   12  1.9289e+10    11.7922    12    11     1.1894
   13  1.9239e+10    11.7990    13    12     1.2761
   14  1.8747e+10    11.8669    14    13     1.3621
   15  1.8303e+10    11.9302    15    14     1.4474
   16  1.8265e+10    11.9357    16    15     1.5322
   17  1.7890e+10    11.9905    17    16     1.6165
   18  1.7669e+10    12.0234    18    17     1.7003
   19  1.0320e+10    13.5131    19    18     1.7838
   20  1.0283e+10    13.5233    20    19     1.8669
   21  1.0227e+10    13.5392    21    20     1.9496
   22  1.0213e+10    13.5432    22    21     2.0321
   23  1.0165e+10    13.5569    23    22     2.1143
   24  1.0012e+10    13.6007    24    23     2.1963
   25  9.8004e+09    13.6627    25    24     2.2781
   26  9.5577e+09    13.7359    26    25     2.3597
   27  9.4705e+09    13.7626    27    26     2.4411
   28  8.2248e+09    14.1795    28    27     2.5223
   29  7.7770e+09    14.3475    29    28     2.6034
   30  7.6437e+09    14.3996    30    29     2.6844
   31  7.5492e+09    14.4372    31    30     2.7652
   32  7.5081e+09    14.4538    32    31     2.8459
   33  7.1860e+09    14.5870    33    32     2.9266
   34  6.8131e+09    14.7500    34    33     3.0071
   35  6.7276e+09    14.7889    35    34     3.0876
   36  6.7180e+09    14.7933    36    35     3.1680
   37  6.0589e+09    15.1137    37    36     3.2483
   38  5.9652e+09    15.1624    38    37     3.3285
   39  5.8786e+09    15.2083    39    38     3.4087
   40  5.7167e+09    15.2962    40    39     3.4889
   41  5.6963e+09    15.3075    41    40     3.5689
   42  5.6725e+09    15.3207    42    41     3.6490
   43  5.6612e+09    15.3270    43    42     3.7290
   44  5.6597e+09    15.3278    44    43     3.8089
   45  5.3100e+09    15.5302    45    44     3.8889
   46  5.2873e+09    15.5438    46    45     3.9688
   47  4.3702e+09    16.1599    47    46     4.0486
   48  4.2401e+09    16.2592    48    47     4.1285
   49  4.1959e+09    16.2937    49    48     4.2083
   50  3.5709e+09    16.8318    50    49     4.2881
   51  3.5533e+09    16.8485    51    50     4.3678
   52  3.5512e+09    16.8504    52    51     4.4476
   53  3.3466e+09    17.0517    53    52     4.5273
   54  3.3386e+09    17.0598    54    53     4.6070
   55  3.1710e+09    17.2360    55    54     4.6867
   56  3.1626e+09    17.2451    56    55     4.7664
   57  3.0065e+09    17.4195    57    56     4.8460
   58  3.0048e+09    17.4214    58    57     4.9257
   59  2.9220e+09    17.5182    59    58     5.0053
   60  2.9156e+09    17.5259    60    59     5.0849
   61  2.8889e+09    17.5578    61    60     5.1646
   62  2.6292e+09    17.8875    62    61     5.2442
   63  2.6034e+09    17.9223    63    62     5.3238
   64  2.5508e+09    17.9944    64    63     5.4033
   65  2.5083e+09    18.0539    65    64     5.4829
   66  2.4768e+09    18.0988    66    65     5.5625
   67  2.4732e+09    18.1040    67    66     5.6421
   68  2.4548e+09    18.1304    68    67     5.7216
   69  2.3485e+09    18.2883    69    68     5.8012
   70  2.3439e+09    18.2954    70    69     5.8807
   71  2.3236e+09    18.3266    71    70     5.9602
   72  2.2965e+09    18.3687    72    71     6.0398
   73  2.0840e+09    18.7196    73    72     6.1193
   74  1.9027e+09    19.0526    74    73     6.1988
   75  1.8432e+09    19.1699    75    74     6.2783
   76  1.8341e+09    19.1883    76    75     6.3579
   77  1.8288e+09    19.1989    77    76     6.4374
   78  1.7740e+09    19.3119    78    77     6.5169
   79  1.7640e+09    19.3330    79    78     6.5964
   80  1.6594e+09    19.5614    80    79     6.6759
   81  1.6571e+09    19.5665    81    80     6.7554
   82  1.6523e+09    19.5774    82    81     6.8349
   83  1.5844e+09    19.7354    83    82     6.9143
   84  1.5685e+09    19.7736    84    83     6.9938
   85  1.5599e+09    19.7942    85    84     7.0733
   86  1.5523e+09    19.8127    86    85     7.1528
   87  1.5090e+09    19.9201    87    86     7.2323
   88  1.5069e+09    19.9254    88    87     7.3117
   89  1.1798e+09    20.8709    89    88     7.3912
   90  1.1419e+09    20.9994    90    89     7.4707
   91  1.1279e+09    21.0482    91    90     7.5502
   92  1.1256e+09    21.0563    92    91     7.6296
   93  6.0948e+08    23.5792    93    92     7.7091
   94  6.0743e+08    23.5937    94    93     7.7885
   95  6.0402e+08    23.6178    95    94     7.8680
   96  6.0179e+08    23.6336    96    95     7.9475
   97  5.4876e+08    24.0310    97    96     8.0269
   98  5.4723e+08    24.0431    98    97     8.1064
   99  5.4303e+08    24.0765    99    98     8.1858
  100  5.4280e+08    24.0783   100    99     8.2653
