#indx Mass S step-number desc_indx 
    0  3.1600e+10    10.5496     0    -1     0.0134
    1  3.0816e+10    10.6104     1     0     0.1326
    2  2.5039e+10    11.1230     2     1     0.2441
    3  2.4142e+10    11.2149     3     2     0.3500
    4  2.3234e+10    11.3120     4     3     0.4519
    5  2.3092e+10    11.3277     5     4     0.5506
    6  2.0424e+10    11.6431     6     5     0.6467
    7  1.9848e+10    11.7176     7     6     0.7407
    8  1.8810e+10    11.8582     8     7     0.8330
    9  1.7015e+10    12.1240     9     8     0.9238
   10  1.2033e+10    13.0749    10     9     1.0134
   11  1.1919e+10    13.1017    11    10     1.1018
   12  1.0702e+10    13.4085    12    11     1.1894
   13  1.0689e+10    13.4118    13    12     1.2761
   14  1.0533e+10    13.4542    14    13     1.3621
   15  8.3570e+09    14.1319    15    14     1.4474
   16  1.4272e+09    20.1327    16    15     1.5322
   17  1.3991e+09    20.2090    17    16     1.6165
   18  1.3607e+09    20.3161    18    17     1.7003
   19  1.3383e+09    20.3799    19    18     1.7838
   20  1.3337e+09    20.3933    20    19     1.8669
   21  1.2922e+09    20.5157    21    20     1.9496
   22  1.2742e+09    20.5703    22    21     2.0321
   23  1.2656e+09    20.5966    23    22     2.1143
   24  1.2653e+09    20.5975    24    23     2.1963
   25  1.2547e+09    20.6302    25    24     2.2781
   26  1.2365e+09    20.6872    26    25     2.3597
   27  1.0048e+09    21.5083    27    26     2.4411
   28  1.0012e+09    21.5226    28    27     2.5223
   29  9.9742e+08    21.5377    29    28     2.6034
   30  9.9644e+08    21.5417    30    29     2.6844
   31  9.7376e+08    21.6343    31    30     2.7652
   32  9.0853e+08    21.9147    32    31     2.8459
   33  9.0127e+08    21.9474    33    32     2.9266
   34  8.9976e+08    21.9542    34    33     3.0071
   35  8.7977e+08    22.0457    35    34     3.0876
   36  8.7850e+08    22.0517    36    35     3.1680
   37  8.7150e+08    22.0843    37    36     3.2483
   38  8.6536e+08    22.1132    38    37     3.3285
   39  8.5988e+08    22.1392    39    38     3.4087
   40  5.4183e+08    24.0861    40    39     3.4889
   41  5.4171e+08    24.0870    41    40     3.5689
   42  4.3653e+08    25.0366    42    41     3.6490
   43  4.3636e+08    25.0384    43    42     3.7290
   44  4.3389e+08    25.0636    44    43     3.8089
   45  4.2576e+08    25.1481    45    44     3.8889
   46  3.9823e+08    25.4483    46    45     3.9688
   47  3.9733e+08    25.4585    47    46     4.0486
   48  3.9508e+08    25.4841    48    47     4.1285
   49  3.9297e+08    25.5083    49    48     4.2083
   50  3.9110e+08    25.5299    50    49     4.2881
   51  3.8552e+08    25.5948    51    50     4.3678
   52  3.8504e+08    25.6004    52    51     4.4476
   53  3.7598e+08    25.7084    53    52     4.5273
   54  3.7361e+08    25.7371    54    53     4.6070
   55  3.7276e+08    25.7475    55    54     4.6867
   56  3.7270e+08    25.7482    56    55     4.7664
   57  3.4953e+08    26.0411    57    56     4.8460
   58  3.4273e+08    26.1311    58    57     4.9257
   59  3.4257e+08    26.1333    59    58     5.0053
   60  3.4190e+08    26.1423    60    59     5.0849
   61  3.4041e+08    26.1624    61    60     5.1646
   62  3.3876e+08    26.1848    62    61     5.2442
   63  3.2117e+08    26.4307    63    62     5.3238
   64  3.2075e+08    26.4368    64    63     5.4033
   65  3.1970e+08    26.4519    65    64     5.4829
   66  3.1689e+08    26.4928    66    65     5.5625
   67  3.1509e+08    26.5193    67    66     5.6421
   68  3.1415e+08    26.5332    68    67     5.7216
   69  3.1363e+08    26.5408    69    68     5.8012
   70  3.1326e+08    26.5463    70    69     5.8807
   71  3.0811e+08    26.6233    71    70     5.9602
   72  3.0703e+08    26.6396    72    71     6.0398
   73  3.0107e+08    26.7310    73    72     6.1193
   74  2.9845e+08    26.7717    74    73     6.1988
   75  2.9827e+08    26.7745    75    74     6.2783
   76  2.9806e+08    26.7778    76    75     6.3579
   77  2.9772e+08    26.7832    77    76     6.4374
   78  2.9766e+08    26.7841    78    77     6.5169
   79  2.9522e+08    26.8226    79    78     6.5964
   80  2.9419e+08    26.8390    80    79     6.6759
   81  2.9024e+08    26.9021    81    80     6.7554
   82  2.8210e+08    27.0356    82    81     6.8349
   83  2.7551e+08    27.1469    83    82     6.9143
   84  2.7531e+08    27.1505    84    83     6.9938
   85  2.7426e+08    27.1685    85    84     7.0733
   86  2.7075e+08    27.2292    86    85     7.1528
   87  2.3579e+08    27.8876    87    86     7.2323
   88  2.3558e+08    27.8919    88    87     7.3117
   89  2.2192e+08    28.1797    89    88     7.3912
   90  2.2149e+08    28.1891    90    89     7.4707
   91  2.2000e+08    28.2217    91    90     7.5502
   92  2.1963e+08    28.2300    92    91     7.6296
   93  2.1951e+08    28.2326    93    92     7.7091
   94  2.1855e+08    28.2539    94    93     7.7885
   95  2.1522e+08    28.3282    95    94     7.8680
   96  2.0544e+08    28.5547    96    95     7.9475
   97  2.0270e+08    28.6202    97    96     8.0269
   98  1.9744e+08    28.7490    98    97     8.1064
   99  1.9677e+08    28.7655    99    98     8.1858
  100  1.8442e+08    29.0848   100    99     8.2653
