#indx Mass S step-number desc_indx 
    0  3.1600e+10    10.5496     0    -1     0.0134
    1  2.5228e+10    11.1042     1     0     0.1326
    2  2.4676e+10    11.1597     2     1     0.2441
    3  2.2299e+10    11.4169     3     2     0.3500
    4  2.2214e+10    11.4266     4     3     0.4519
    5  2.0185e+10    11.6737     5     4     0.5506
    6  2.0127e+10    11.6811     6     5     0.6467
    7  1.6405e+10    12.2217     7     6     0.7407
    8  1.5951e+10    12.2973     8     7     0.8330
    9  1.5724e+10    12.3360     9     8     0.9238
   10  1.5626e+10    12.3529    10     9     1.0134
   11  1.5529e+10    12.3698    11    10     1.1018
   12  1.5513e+10    12.3726    12    11     1.1894
   13  1.5484e+10    12.3777    13    12     1.2761
   14  1.5408e+10    12.3910    14    13     1.3621
   15  1.5290e+10    12.4119    15    14     1.4474
   16  1.3994e+10    12.6541    16    15     1.5322
   17  1.3914e+10    12.6699    17    16     1.6165
   18  1.3708e+10    12.7112    18    17     1.7003
   19  1.3330e+10    12.7886    19    18     1.7838
   20  1.3011e+10    12.8559    20    19     1.8669
   21  1.2889e+10    12.8822    21    20     1.9496
   22  1.2703e+10    12.9228    22    21     2.0321
   23  1.0003e+10    13.6032    23    22     2.1143
   24  9.1307e+09    13.8698    24    23     2.1963
   25  9.1249e+09    13.8716    25    24     2.2781
   26  8.8361e+09    13.9665    26    25     2.3597
   27  8.2173e+09    14.1822    27    26     2.4411
   28  7.6811e+09    14.3849    28    27     2.5223
   29  7.3097e+09    14.5350    29    28     2.6034
   30  7.2890e+09    14.5436    30    29     2.6844
   31  6.9169e+09    14.7037    31    30     2.7652
   32  6.6321e+09    14.8329    32    31     2.8459
   33  6.3934e+09    14.9464    33    32     2.9266
   34  5.6129e+09    15.3541    34    33     3.0071
   35  5.5453e+09    15.3924    35    34     3.0876
   36  5.4946e+09    15.4215    36    35     3.1680
   37  5.4871e+09    15.4259    37    36     3.2483
   38  5.4788e+09    15.4307    38    37     3.3285
   39  5.0928e+09    15.6637    39    38     3.4087
   40  5.0807e+09    15.6713    40    39     3.4889
   41  5.0802e+09    15.6717    41    40     3.5689
   42  4.9146e+09    15.7782    42    41     3.6490
   43  4.6042e+09    15.9895    43    42     3.7290
   44  4.2368e+09    16.2617    44    43     3.8089
   45  4.2326e+09    16.2650    45    44     3.8889
   46  4.1066e+09    16.3648    46    45     3.9688
   47  4.0932e+09    16.3756    47    46     4.0486
   48  4.0750e+09    16.3903    48    47     4.1285
   49  4.0021e+09    16.4502    49    48     4.2083
   50  3.9601e+09    16.4852    50    49     4.2881
   51  3.9102e+09    16.5275    51    50     4.3678
   52  3.8680e+09    16.5636    52    51     4.4476
   53  3.8636e+09    16.5674    53    52     4.5273
   54  3.8622e+09    16.5687    54    53     4.6070
   55  3.8586e+09    16.5717    55    54     4.6867
   56  3.8272e+09    16.5990    56    55     4.7664
   57  3.8093e+09    16.6147    57    56     4.8460
   58  3.7971e+09    16.6254    58    57     4.9257
   59  3.7698e+09    16.6496    59    58     5.0053
   60  3.6992e+09    16.7130    60    59     5.0849
   61  3.6618e+09    16.7471    61    60     5.1646
   62  3.6211e+09    16.7848    62    61     5.2442
   63  3.6100e+09    16.7950    63    62     5.3238
   64  3.5942e+09    16.8099    64    63     5.4033
   65  2.8404e+09    17.6168    65    64     5.4829
   66  2.8185e+09    17.6438    66    65     5.5625
   67  2.8067e+09    17.6584    67    66     5.6421
   68  2.7951e+09    17.6728    68    67     5.7216
   69  2.7777e+09    17.6947    69    68     5.8012
   70  2.7776e+09    17.6948    70    69     5.8807
   71  2.7235e+09    17.7637    71    70     5.9602
   72  2.7195e+09    17.7688    72    71     6.0398
   73  2.6662e+09    17.8384    73    72     6.1193
   74  2.6661e+09    17.8385    74    73     6.1988
   75  2.6626e+09    17.8431    75    74     6.2783
   76  2.2382e+09    18.4611    76    75     6.3579
   77  2.2242e+09    18.4837    77    76     6.4374
   78  2.1543e+09    18.5991    78    77     6.5169
   79  2.1495e+09    18.6072    79    78     6.5964
   80  2.1463e+09    18.6127    80    79     6.6759
   81  2.1399e+09    18.6233    81    80     6.7554
   82  2.0295e+09    18.8161    82    81     6.8349
   83  2.0004e+09    18.8688    83    82     6.9143
   84  1.9836e+09    18.8997    84    83     6.9938
   85  1.9742e+09    18.9172    85    84     7.0733
   86  1.7897e+09    19.2792    86    85     7.1528
   87  1.7223e+09    19.4221    87    86     7.2323
   88  1.7204e+09    19.4261    88    87     7.3117
   89  1.5751e+09    19.7577    89    88     7.3912
   90  1.3163e+09    20.4442    90    89     7.4707
   91  1.3127e+09    20.4548    91    90     7.5502
   92  1.2802e+09    20.5520    92    91     7.6296
   93  1.2735e+09    20.5723    93    92     7.7091
   94  1.2724e+09    20.5757    94    93     7.7885
   95  1.2556e+09    20.6275    95    94     7.8680
   96  1.1038e+09    21.1335    96    95     7.9475
   97  1.0989e+09    21.1511    97    96     8.0269
   98  1.0703e+09    21.2561    98    97     8.1064
   99  1.0689e+09    21.2610    99    98     8.1858
  100  8.0241e+08    22.4236   100    99     8.2653
