#indx Mass S step-number desc_indx 
    0  3.1600e+10    10.5496     0    -1     0.0134
    1  3.1050e+10    10.5921     1     0     0.1326
    2  3.0858e+10    10.6072     2     1     0.2441
    3  3.0341e+10    10.6482     3     2     0.3500
    4  2.9182e+10    10.7433     4     3     0.4519
    5  2.9028e+10    10.7563     5     4     0.5506
    6  2.8927e+10    10.7648     6     5     0.6467
    7  2.8546e+10    10.7974     7     6     0.7407
    8  2.6731e+10    10.9597     8     7     0.8330
    9  2.6629e+10    10.9692     9     8     0.9238
   10  2.6444e+10    10.9865    10     9     1.0134
   11  2.6225e+10    11.0073    11    10     1.1018
   12  2.6197e+10    11.0099    12    11     1.1894
   13  2.6087e+10    11.0205    13    12     1.2761
   14  2.5576e+10    11.0699    14    13     1.3621
   15  2.5463e+10    11.0809    15    14     1.4474
   16  2.3914e+10    11.2389    16    15     1.5322
   17  2.3762e+10    11.2551    17    16     1.6165
   18  2.1417e+10    11.5204    18    17     1.7003
   19  2.1221e+10    11.5441    19    18     1.7838
   20  1.9644e+10    11.7445    20    19     1.8669
   21  1.9461e+10    11.7689    21    20     1.9496
   22  1.8567e+10    11.8924    22    21     2.0321
   23  1.8306e+10    11.9298    23    22     2.1143
   24  1.7715e+10    12.0166    24    23     2.1963
   25  1.7629e+10    12.0295    25    24     2.2781
   26  1.7595e+10    12.0346    26    25     2.3597
   27  1.6912e+10    12.1402    27    26     2.4411
   28  1.6747e+10    12.1664    28    27     2.5223
   29  1.6675e+10    12.1780    29    28     2.6034
   30  1.6664e+10    12.1798    30    29     2.6844
   31  1.6584e+10    12.1927    31    30     2.7652
   32  1.2184e+10    13.0397    32    31     2.8459
   33  1.2168e+10    13.0434    33    32     2.9266
   34  1.2166e+10    13.0440    34    33     3.0071
   35  1.2015e+10    13.0791    35    34     3.0876
   36  1.1965e+10    13.0908    36    35     3.1680
   37  1.1803e+10    13.1293    37    36     3.2483
   38  1.0967e+10    13.3383    38    37     3.3285
   39  1.0959e+10    13.3403    39    38     3.4087
   40  9.9962e+09    13.6053    40    39     3.4889
   41  9.5977e+09    13.7237    41    40     3.5689
   42  6.5893e+09    14.8529    42    41     3.6490
   43  5.2653e+09    15.5571    43    42     3.7290
   44  5.2568e+09    15.5623    44    43     3.8089
   45  5.2422e+09    15.5711    45    44     3.8889
   46  5.1727e+09    15.6138    46    45     3.9688
   47  5.0764e+09    15.6740    47    46     4.0486
   48  4.9852e+09    15.7323    48    47     4.1285
   49  4.8159e+09    15.8437    49    48     4.2083
   50  4.6320e+09    15.9699    50    49     4.2881
   51  4.6085e+09    15.9865    51    50     4.3678
   52  4.6033e+09    15.9902    52    51     4.4476
   53  4.5586e+09    16.0219    53    52     4.5273
   54  4.5559e+09    16.0238    54    53     4.6070
   55  4.5550e+09    16.0245    55    54     4.6867
   56  4.5370e+09    16.0374    56    55     4.7664
   57  4.4220e+09    16.1213    57    56     4.8460
   58  4.3729e+09    16.1578    58    57     4.9257
   59  4.2113e+09    16.2816    59    58     5.0053
   60  3.9352e+09    16.5062    60    59     5.0849
   61  3.9326e+09    16.5084    61    60     5.1646
   62  3.9322e+09    16.5088    62    61     5.2442
   63  3.9309e+09    16.5099    63    62     5.3238
   64  3.9102e+09    16.5275    64    63     5.4033
   65  3.8468e+09    16.5819    65    64     5.4829
   66  3.8109e+09    16.6132    66    65     5.5625
   67  3.6222e+09    16.7837    67    66     5.6421
   68  3.6198e+09    16.7860    68    67     5.7216
   69  3.5693e+09    16.8333    69    68     5.8012
   70  3.5582e+09    16.8438    70    69     5.8807
   71  3.3862e+09    17.0117    71    70     5.9602
   72  2.4327e+09    18.1627    72    71     6.0398
   73  2.1862e+09    18.5459    73    72     6.1193
   74  2.1650e+09    18.5812    74    73     6.1988
   75  2.1459e+09    18.6132    75    74     6.2783
   76  2.1427e+09    18.6187    76    75     6.3579
   77  2.0980e+09    18.6952    77    76     6.4374
   78  2.0918e+09    18.7060    78    77     6.5169
   79  2.0860e+09    18.7161    79    78     6.5964
   80  2.0839e+09    18.7197    80    79     6.6759
   81  2.0270e+09    18.8207    81    80     6.7554
   82  2.0228e+09    18.8282    82    81     6.8349
   83  2.0191e+09    18.8349    83    82     6.9143
   84  1.9989e+09    18.8716    84    83     6.9938
   85  1.9973e+09    18.8746    85    84     7.0733
   86  1.8824e+09    19.0922    86    85     7.1528
   87  1.8805e+09    19.0959    87    86     7.2323
   88  1.8765e+09    19.1038    88    87     7.3117
   89  1.8552e+09    19.1460    89    88     7.3912
   90  1.8455e+09    19.1653    90    89     7.4707
   91  1.8204e+09    19.2161    91    90     7.5502
   92  1.7096e+09    19.4497    92    91     7.6296
   93  1.6871e+09    19.4993    93    92     7.7091
   94  1.6720e+09    19.5330    94    93     7.7885
   95  1.6671e+09    19.5439    95    94     7.8680
   96  1.6449e+09    19.5942    96    95     7.9475
   97  1.4284e+09    20.1295    97    96     8.0269
   98  1.3766e+09    20.2714    98    97     8.1064
   99  1.3641e+09    20.3064    99    98     8.1858
  100  1.3124e+09    20.4555   100    99     8.2653
