#indx Mass S step-number desc_indx 
    0  3.1600e+10    10.5496     0    -1     0.0134
    1  3.1307e+10    10.5721     1     0     0.1326
    2  3.1179e+10    10.5820     2     1     0.2441
    3  3.0374e+10    10.6456     3     2     0.3500
    4  2.6296e+10    11.0005     4     3     0.4519
    5  2.6175e+10    11.0120     5     4     0.5506
    6  2.5883e+10    11.0401     6     5     0.6467
    7  2.4701e+10    11.1572     7     6     0.7407
    8  2.4449e+10    11.1831     8     7     0.8330
    9  2.3526e+10    11.2803     9     8     0.9238
   10  2.3486e+10    11.2847    10     9     1.0134
   11  2.3155e+10    11.3208    11    10     1.1018
   12  2.1531e+10    11.5067    12    11     1.1894
   13  1.9501e+10    11.7636    13    12     1.2761
   14  1.9411e+10    11.7757    14    13     1.3621
   15  1.8870e+10    11.8497    15    14     1.4474
   16  1.8654e+10    11.8801    16    15     1.5322
   17  1.8543e+10    11.8959    17    16     1.6165
   18  1.8211e+10    11.9435    18    17     1.7003
   19  1.7900e+10    11.9891    19    18     1.7838
   20  1.7887e+10    11.9909    20    19     1.8669
   21  1.7754e+10    12.0108    21    20     1.9496
   22  1.7586e+10    12.0360    22    21     2.0321
   23  1.7437e+10    12.0587    23    22     2.1143
   24  1.6931e+10    12.1372    24    23     2.1963
   25  1.6706e+10    12.1730    25    24     2.2781
   26  1.6704e+10    12.1732    26    25     2.3597
   27  1.6476e+10    12.2102    27    26     2.4411
   28  1.6460e+10    12.2128    28    27     2.5223
   29  1.5149e+10    12.4370    29    28     2.6034
   30  1.4801e+10    12.5004    30    29     2.6844
   31  1.4720e+10    12.5154    31    30     2.7652
   32  1.4171e+10    12.6197    32    31     2.8459
   33  1.4079e+10    12.6375    33    32     2.9266
   34  1.4036e+10    12.6459    34    33     3.0071
   35  1.3957e+10    12.6614    35    34     3.0876
   36  1.3551e+10    12.7431    36    35     3.1680
   37  1.3289e+10    12.7971    37    36     3.2483
   38  1.2365e+10    12.9985    38    37     3.3285
   39  1.2331e+10    13.0060    39    38     3.4087
   40  1.2241e+10    13.0266    40    39     3.4889
   41  1.2218e+10    13.0319    41    40     3.5689
   42  1.1938e+10    13.0973    42    41     3.6490
   43  1.1059e+10    13.3143    43    42     3.7290
   44  1.1050e+10    13.3167    44    43     3.8089
   45  1.0836e+10    13.3727    45    44     3.8889
   46  1.0004e+10    13.6031    46    45     3.9688
   47  9.6523e+09    13.7071    47    46     4.0486
   48  9.5926e+09    13.7252    48    47     4.1285
   49  9.4957e+09    13.7549    49    48     4.2083
   50  9.4508e+09    13.7687    50    49     4.2881
   51  9.4409e+09    13.7718    51    50     4.3678
   52  9.3095e+09    13.8128    52    51     4.4476
   53  9.2446e+09    13.8334    53    52     4.5273
   54  9.0803e+09    13.8861    54    53     4.6070
   55  9.0129e+09    13.9080    55    54     4.6867
   56  9.0124e+09    13.9082    56    55     4.7664
   57  8.9518e+09    13.9281    57    56     4.8460
   58  8.9282e+09    13.9359    58    57     4.9257
   59  8.9200e+09    13.9386    59    58     5.0053
   60  7.9515e+09    14.2807    60    59     5.0849
   61  7.9398e+09    14.2852    61    60     5.1646
   62  7.8149e+09    14.3328    62    61     5.2442
   63  3.4435e+09    16.9547    63    62     5.3238
   64  3.4251e+09    16.9729    64    63     5.4033
   65  3.4161e+09    16.9819    65    64     5.4829
   66  3.3888e+09    17.0091    66    65     5.5625
   67  3.2684e+09    17.1324    67    66     5.6421
   68  3.2663e+09    17.1345    68    67     5.7216
   69  2.9577e+09    17.4761    69    68     5.8012
   70  2.9551e+09    17.4792    70    69     5.8807
   71  2.9382e+09    17.4991    71    70     5.9602
   72  2.9348e+09    17.5031    72    71     6.0398
   73  2.9038e+09    17.5400    73    72     6.1193
   74  2.8894e+09    17.5572    74    73     6.1988
   75  2.8655e+09    17.5861    75    74     6.2783
   76  2.8446e+09    17.6116    76    75     6.3579
   77  2.7287e+09    17.7570    77    76     6.4374
   78  2.7278e+09    17.7582    78    77     6.5169
   79  2.7063e+09    17.7859    79    78     6.5964
   80  2.6954e+09    17.8001    80    79     6.6759
   81  2.3573e+09    18.2750    81    80     6.7554
   82  2.3190e+09    18.3336    82    81     6.8349
   83  2.3123e+09    18.3441    83    82     6.9143
   84  2.3055e+09    18.3545    84    83     6.9938
   85  2.1541e+09    18.5994    85    84     7.0733
   86  1.8514e+09    19.1535    86    85     7.1528
   87  1.8333e+09    19.1899    87    86     7.2323
   88  1.8139e+09    19.2293    88    87     7.3117
   89  1.8021e+09    19.2535    89    88     7.3912
   90  1.7255e+09    19.4152    90    89     7.4707
   91  1.7253e+09    19.4157    91    90     7.5502
   92  1.7182e+09    19.4311    92    91     7.6296
   93  1.6598e+09    19.5604    93    92     7.7091
   94  1.6590e+09    19.5622    94    93     7.7885
   95  1.6512e+09    19.5799    95    94     7.8680
   96  1.6069e+09    19.6822    96    95     7.9475
   97  1.5881e+09    19.7266    97    96     8.0269
   98  1.5791e+09    19.7480    98    97     8.1064
   99  1.5748e+09    19.7584    99    98     8.1858
  100  1.3806e+09    20.2601   100    99     8.2653
