#indx Mass S step-number desc_indx 
    0  3.1600e+10    10.5496     0    -1     0.0134
    1  3.1397e+10    10.5652     1     0     0.1326
    2  3.1030e+10    10.5936     2     1     0.2441
    3  3.0310e+10    10.6507     3     2     0.3500
    4  3.0251e+10    10.6554     4     3     0.4519
    5  2.9290e+10    10.7343     5     4     0.5506
    6  2.9187e+10    10.7429     6     5     0.6467
    7  2.7965e+10    10.8480     7     6     0.7407
    8  2.7955e+10    10.8489     8     7     0.8330
    9  2.7940e+10    10.8502     9     8     0.9238
   10  2.7237e+10    10.9132    10     9     1.0134
   11  2.7114e+10    10.9244    11    10     1.1018
   12  2.6804e+10    10.9529    12    11     1.1894
   13  2.6642e+10    10.9680    13    12     1.2761
   14  2.6561e+10    10.9755    14    13     1.3621
   15  2.6454e+10    10.9856    15    14     1.4474
   16  2.6280e+10    11.0021    16    15     1.5322
   17  2.6231e+10    11.0067    17    16     1.6165
   18  2.3481e+10    11.2852    18    17     1.7003
   19  2.3432e+10    11.2905    19    18     1.7838
   20  2.3379e+10    11.2962    20    19     1.8669
   21  2.2956e+10    11.3426    21    20     1.9496
   22  2.2298e+10    11.4169    22    21     2.0321
   23  2.2247e+10    11.4228    23    22     2.1143
   24  2.1989e+10    11.4527    24    23     2.1963
   25  2.1941e+10    11.4583    25    24     2.2781
   26  2.1905e+10    11.4625    26    25     2.3597
   27  2.1869e+10    11.4667    27    26     2.4411
   28  2.1796e+10    11.4753    28    27     2.5223
   29  2.1192e+10    11.5476    29    28     2.6034
   30  1.9025e+10    11.8283    30    29     2.6844
   31  1.8814e+10    11.8576    31    30     2.7652
   32  1.8792e+10    11.8607    32    31     2.8459
   33  1.8140e+10    11.9538    33    32     2.9266
   34  1.8092e+10    11.9608    34    33     3.0071
   35  1.7775e+10    12.0076    35    34     3.0876
   36  1.7720e+10    12.0158    36    35     3.1680
   37  1.7362e+10    12.0701    37    36     3.2483
   38  1.7111e+10    12.1090    38    37     3.3285
   39  1.7029e+10    12.1218    39    38     3.4087
   40  1.6485e+10    12.2087    40    39     3.4889
   41  1.6461e+10    12.2126    41    40     3.5689
   42  1.6388e+10    12.2245    42    41     3.6490
   43  1.6033e+10    12.2835    43    42     3.7290
   44  1.5826e+10    12.3186    44    43     3.8089
   45  1.5653e+10    12.3482    45    44     3.8889
   46  1.4692e+10    12.5205    46    45     3.9688
   47  1.4137e+10    12.6263    47    46     4.0486
   48  1.3876e+10    12.6775    48    47     4.1285
   49  1.3865e+10    12.6798    49    48     4.2083
   50  1.3798e+10    12.6931    50    49     4.2881
   51  1.3456e+10    12.7624    51    50     4.3678
   52  1.3025e+10    12.8529    52    51     4.4476
   53  1.2751e+10    12.9122    53    52     4.5273
   54  1.2670e+10    12.9301    54    53     4.6070
   55  1.2491e+10    12.9699    55    54     4.6867
   56  1.1874e+10    13.1124    56    55     4.7664
   57  1.1865e+10    13.1145    57    56     4.8460
   58  1.1725e+10    13.1483    58    57     4.9257
   59  9.7997e+09    13.6630    59    58     5.0053
   60  9.6702e+09    13.7017    60    59     5.0849
   61  9.0026e+09    13.9114    61    60     5.1646
   62  8.7989e+09    13.9790    62    61     5.2442
   63  8.6893e+09    14.0161    63    62     5.3238
   64  3.5533e+09    16.8485    64    63     5.4033
   65  3.3539e+09    17.0443    65    64     5.4829
   66  3.2314e+09    17.1713    66    65     5.5625
   67  3.1626e+09    17.2451    67    66     5.6421
   68  3.1480e+09    17.2610    68    67     5.7216
   69  3.1080e+09    17.3050    69    68     5.8012
   70  3.0652e+09    17.3527    70    69     5.8807
   71  3.0380e+09    17.3835    71    70     5.9602
   72  3.0292e+09    17.3935    72    71     6.0398
   73  2.5865e+09    17.9453    73    72     6.1193
   74  2.5443e+09    18.0033    74    73     6.1988
   75  2.4581e+09    18.1257    75    74     6.2783
   76  2.4339e+09    18.1609    76    75     6.3579
   77  2.4255e+09    18.1732    77    76     6.4374
   78  2.3652e+09    18.2630    78    77     6.5169
   79  2.3568e+09    18.2758    79    78     6.5964
   80  2.3510e+09    18.2846    80    79     6.6759
   81  2.3190e+09    18.3337    81    80     6.7554
   82  2.3178e+09    18.3355    82    81     6.8349
   83  2.3035e+09    18.3577    83    82     6.9143
   84  2.1958e+09    18.5301    84    83     6.9938
   85  2.1953e+09    18.5308    85    84     7.0733
   86  2.0523e+09    18.7754    86    85     7.1528
   87  2.0098e+09    18.8517    87    86     7.2323
   88  1.9289e+09    19.0025    88    87     7.3117
   89  1.6996e+09    19.4716    89    88     7.3912
   90  1.6502e+09    19.5821    90    89     7.4707
   91  1.5642e+09    19.7840    91    90     7.5502
   92  1.5605e+09    19.7928    92    91     7.6296
   93  1.5092e+09    19.9196    93    92     7.7091
   94  1.5042e+09    19.9323    94    93     7.7885
   95  1.4834e+09    19.9851    95    94     7.8680
   96  1.3406e+09    20.3735    96    95     7.9475
   97  1.0139e+09    21.4722    97    96     8.0269
   98  9.9427e+08    21.5504    98    97     8.1064
   99  9.3750e+08    21.7875    99    98     8.1858
  100  9.0771e+08    21.9184   100    99     8.2653
