#indx Mass S step-number desc_indx 
    0  3.1600e+10    10.5496     0    -1     0.0134
    1  3.1066e+10    10.5908     1     0     0.1326
    2  3.0450e+10    10.6395     2     1     0.2441
    3  2.9928e+10    10.6816     3     2     0.3500
    4  2.5230e+10    11.1039     4     3     0.4519
    5  2.5129e+10    11.1141     5     4     0.5506
    6  2.4220e+10    11.2067     6     5     0.6467
    7  1.9007e+10    11.8308     7     6     0.7407
    8  1.8698e+10    11.8739     8     7     0.8330
    9  1.8594e+10    11.8885     9     8     0.9238
   10  1.7496e+10    12.0497    10     9     1.0134
   11  1.7397e+10    12.0648    11    10     1.1018
   12  1.7373e+10    12.0685    12    11     1.1894
   13  1.7304e+10    12.0790    13    12     1.2761
   14  1.7007e+10    12.1252    14    13     1.3621
   15  1.6870e+10    12.1468    15    14     1.4474
   16  1.6732e+10    12.1687    16    15     1.5322
   17  1.6711e+10    12.1721    17    16     1.6165
   18  1.6691e+10    12.1753    18    17     1.7003
   19  1.6646e+10    12.1826    19    18     1.7838
   20  1.6416e+10    12.2199    20    19     1.8669
   21  1.6216e+10    12.2529    21    20     1.9496
   22  1.5700e+10    12.3402    22    21     2.0321
   23  1.5469e+10    12.3802    23    22     2.1143
   24  1.5434e+10    12.3865    24    23     2.1963
   25  1.5412e+10    12.3903    25    24     2.2781
   26  1.5288e+10    12.4123    26    25     2.3597
   27  1.5134e+10    12.4398    27    26     2.4411
   28  1.5016e+10    12.4612    28    27     2.5223
   29  1.4735e+10    12.5126    29    28     2.6034
   30  1.4657e+10    12.5271    30    29     2.6844
   31  1.4570e+10    12.5434    31    30     2.7652
   32  1.4139e+10    12.6258    32    31     2.8459
   33  1.3408e+10    12.7723    33    32     2.9266
   34  1.3173e+10    12.8214    34    33     3.0071
   35  1.3090e+10    12.8390    35    34     3.0876
   36  1.0986e+10    13.3335    36    35     3.1680
   37  1.0361e+10    13.5017    37    36     3.2483
   38  1.0354e+10    13.5036    38    37     3.3285
   39  5.0587e+09    15.6852    39    38     3.4087
   40  4.9125e+09    15.7796    40    39     3.4889
   41  4.8270e+09    15.8362    41    40     3.5689
   42  4.5644e+09    16.0178    42    41     3.6490
   43  4.4011e+09    16.1368    43    42     3.7290
   44  4.3867e+09    16.1475    44    43     3.8089
   45  3.9327e+09    16.5083    45    44     3.8889
   46  3.9139e+09    16.5243    46    45     3.9688
   47  3.7908e+09    16.6310    47    46     4.0486
   48  3.7793e+09    16.6411    48    47     4.1285
   49  3.6817e+09    16.7288    49    48     4.2083
   50  3.6636e+09    16.7454    50    49     4.2881
   51  3.3484e+09    17.0498    51    50     4.3678
   52  3.1834e+09    17.2226    52    51     4.4476
   53  3.1766e+09    17.2299    53    52     4.5273
   54  3.0195e+09    17.4045    54    53     4.6070
   55  2.9624e+09    17.4707    55    54     4.6867
   56  2.9433e+09    17.4930    56    55     4.7664
   57  2.7528e+09    17.7262    57    56     4.8460
   58  1.8468e+09    19.1628    58    57     4.9257
   59  1.8347e+09    19.1870    59    58     5.0053
   60  1.8178e+09    19.2213    60    59     5.0849
   61  1.8117e+09    19.2338    61    60     5.1646
   62  1.7892e+09    19.2802    62    61     5.2442
   63  1.7882e+09    19.2823    63    62     5.3238
   64  1.7769e+09    19.3059    64    63     5.4033
   65  1.7747e+09    19.3104    65    64     5.4829
   66  1.7665e+09    19.3277    66    65     5.5625
   67  1.7513e+09    19.3598    67    66     5.6421
   68  1.6813e+09    19.5122    68    67     5.7216
   69  1.6286e+09    19.6317    69    68     5.8012
   70  1.6258e+09    19.6382    70    69     5.8807
   71  1.5191e+09    19.8947    71    70     5.9602
   72  1.3740e+09    20.2784    72    71     6.0398
   73  1.3689e+09    20.2929    73    72     6.1193
   74  1.3640e+09    20.3066    74    73     6.1988
   75  1.3536e+09    20.3363    75    74     6.2783
   76  1.3396e+09    20.3762    76    75     6.3579
   77  1.3337e+09    20.3932    77    76     6.4374
   78  1.3125e+09    20.4552    78    77     6.5169
   79  1.2905e+09    20.5208    79    78     6.5964
   80  1.2846e+09    20.5387    80    79     6.6759
   81  1.0658e+09    21.2726    81    80     6.7554
   82  1.0611e+09    21.2903    82    81     6.8349
   83  1.0605e+09    21.2925    83    82     6.9143
   84  8.6376e+08    22.1208    84    83     6.9938
   85  8.6065e+08    22.1355    85    84     7.0733
   86  8.5887e+08    22.1440    86    85     7.1528
   87  8.5292e+08    22.1724    87    86     7.2323
   88  8.5137e+08    22.1799    88    87     7.3117
   89  8.4769e+08    22.1977    89    88     7.3912
   90  8.4607e+08    22.2055    90    89     7.4707
   91  3.8583e+08    25.5911    91    90     7.5502
   92  3.8577e+08    25.5919    92    91     7.6296
   93  3.8476e+08    25.6037    93    92     7.7091
   94  3.8434e+08    25.6086    94    93     7.7885
   95  3.8428e+08    25.6094    95    94     7.8680
   96  3.0201e+08    26.7164    96    95     7.9475
   97  3.0010e+08    26.7461    97    96     8.0269
   98  2.9978e+08    26.7510    98    97     8.1064
   99  2.8442e+08    26.9971    99    98     8.1858
  100  2.7105e+08    27.2240   100    99     8.2653
