#indx Mass S step-number desc_indx 
    0  3.1600e+10    10.5496     0    -1     0.0134
    1  2.8474e+10    10.8036     1     0     0.1326
    2  2.1474e+10    11.5136     2     1     0.2441
    3  2.1393e+10    11.5233     3     2     0.3500
    4  2.0690e+10    11.6095     4     3     0.4519
    5  2.0632e+10    11.6168     5     4     0.5506
    6  2.0240e+10    11.6667     6     5     0.6467
    7  1.9942e+10    11.7053     7     6     0.7407
    8  1.8880e+10    11.8484     8     7     0.8330
    9  1.8699e+10    11.8738     9     8     0.9238
   10  1.8648e+10    11.8809    10     9     1.0134
   11  1.8285e+10    11.9328    11    10     1.1018
   12  1.8019e+10    11.9715    12    11     1.1894
   13  1.7811e+10    12.0023    13    12     1.2761
   14  1.7384e+10    12.0668    14    13     1.3621
   15  1.7104e+10    12.1100    15    14     1.4474
   16  1.6882e+10    12.1450    16    15     1.5322
   17  1.6425e+10    12.2184    17    16     1.6165
   18  1.6351e+10    12.2306    18    17     1.7003
   19  1.6292e+10    12.2403    19    18     1.7838
   20  1.6080e+10    12.2756    20    19     1.8669
   21  1.6042e+10    12.2820    21    20     1.9496
   22  1.6034e+10    12.2834    22    21     2.0321
   23  1.5661e+10    12.3468    23    22     2.1143
   24  1.5424e+10    12.3883    24    23     2.1963
   25  1.5363e+10    12.3990    25    24     2.2781
   26  1.5226e+10    12.4233    26    25     2.3597
   27  1.4620e+10    12.5340    27    26     2.4411
   28  1.4464e+10    12.5635    28    27     2.5223
   29  1.4390e+10    12.5775    29    28     2.6034
   30  1.4243e+10    12.6057    30    29     2.6844
   31  1.3209e+10    12.8138    31    30     2.7652
   32  1.3152e+10    12.8259    32    31     2.8459
   33  1.3134e+10    12.8297    33    32     2.9266
   34  1.3026e+10    12.8527    34    33     3.0071
   35  1.2935e+10    12.8722    35    34     3.0876
   36  1.2792e+10    12.9032    36    35     3.1680
   37  1.2270e+10    13.0201    37    36     3.2483
   38  8.7303e+09    14.0021    38    37     3.3285
   39  8.6637e+09    14.0248    39    38     3.4087
   40  8.6457e+09    14.0310    40    39     3.4889
   41  2.6575e+09    17.8498    41    40     3.5689
   42  2.6355e+09    17.8790    42    41     3.6490
   43  2.6291e+09    17.8876    43    42     3.7290
   44  2.6073e+09    17.9169    44    43     3.8089
   45  2.6059e+09    17.9189    45    44     3.8889
   46  2.6008e+09    17.9258    46    45     3.9688
   47  2.5967e+09    17.9313    47    46     4.0486
   48  2.4660e+09    18.1143    48    47     4.1285
   49  2.3962e+09    18.2165    49    48     4.2083
   50  2.3869e+09    18.2304    50    49     4.2881
   51  2.3743e+09    18.2494    51    50     4.3678
   52  2.3510e+09    18.2845    52    51     4.4476
   53  2.3432e+09    18.2965    53    52     4.5273
   54  2.3351e+09    18.3088    54    53     4.6070
   55  2.3043e+09    18.3564    55    54     4.6867
   56  2.2383e+09    18.4609    56    55     4.7664
   57  2.0222e+09    18.8292    57    56     4.8460
   58  2.0166e+09    18.8395    58    57     4.9257
   59  1.9891e+09    18.8897    59    58     5.0053
   60  1.9879e+09    18.8919    60    59     5.0849
   61  1.9862e+09    18.8950    61    60     5.1646
   62  1.4759e+09    20.0045    62    61     5.2442
   63  1.4715e+09    20.0159    63    62     5.3238
   64  1.4633e+09    20.0373    64    63     5.4033
   65  1.4246e+09    20.1397    65    64     5.4829
   66  9.8232e+08    21.5990    66    65     5.5625
   67  9.6341e+08    21.6773    67    66     5.6421
   68  9.1134e+08    21.9022    68    67     5.7216
   69  9.0423e+08    21.9340    69    68     5.8012
   70  9.0357e+08    21.9370    70    69     5.8807
   71  8.9645e+08    21.9692    71    70     5.9602
   72  8.8276e+08    22.0319    72    71     6.0398
   73  8.5494e+08    22.1627    73    72     6.1193
   74  8.4402e+08    22.2155    74    73     6.1988
   75  8.2240e+08    22.3221    75    74     6.2783
   76  8.1830e+08    22.3426    76    75     6.3579
   77  8.1176e+08    22.3757    77    76     6.4374
   78  8.0021e+08    22.4349    78    77     6.5169
   79  7.4765e+08    22.7167    79    78     6.5964
   80  7.0074e+08    22.9878    80    79     6.6759
   81  6.8249e+08    23.0989    81    80     6.7554
   82  6.8229e+08    23.1001    82    81     6.8349
   83  6.7918e+08    23.1193    83    82     6.9143
   84  6.6042e+08    23.2377    84    83     6.9938
   85  6.4598e+08    23.3315    85    84     7.0733
   86  6.4557e+08    23.3342    86    85     7.1528
   87  6.3864e+08    23.3800    87    86     7.2323
   88  6.3854e+08    23.3807    88    87     7.3117
   89  6.1960e+08    23.5089    89    88     7.3912
   90  6.1806e+08    23.5196    90    89     7.4707
   91  6.0463e+08    23.6134    91    90     7.5502
   92  5.9367e+08    23.6918    92    91     7.6296
   93  5.9064e+08    23.7138    93    92     7.7091
   94  5.9032e+08    23.7161    94    93     7.7885
   95  5.8921e+08    23.7242    95    94     7.8680
   96  5.8806e+08    23.7326    96    95     7.9475
   97  5.8716e+08    23.7391    97    96     8.0269
   98  5.7198e+08    23.8519    98    97     8.1064
   99  5.6739e+08    23.8866    99    98     8.1858
  100  5.3656e+08    24.1285   100    99     8.2653
