#indx Mass S step-number desc_indx 
    0  3.1600e+10    10.5496     0    -1     0.0134
    1  2.9301e+10    10.7333     1     0     0.1326
    2  2.8832e+10    10.7729     2     1     0.2441
    3  2.8738e+10    10.7809     3     2     0.3500
    4  2.8403e+10    10.8097     4     3     0.4519
    5  2.8013e+10    10.8438     5     4     0.5506
    6  2.0717e+10    11.6062     6     5     0.6467
    7  2.0664e+10    11.6129     7     6     0.7407
    8  2.0604e+10    11.6204     8     7     0.8330
    9  1.8818e+10    11.8571     9     8     0.9238
   10  1.5623e+10    12.3535    10     9     1.0134
   11  1.4140e+10    12.6256    11    10     1.1018
   12  1.3971e+10    12.6586    12    11     1.1894
   13  2.3647e+09    18.2638    13    12     1.2761
   14  2.2378e+09    18.4618    14    13     1.3621
   15  2.2333e+09    18.4690    15    14     1.4474
   16  2.1689e+09    18.5747    16    15     1.5322
   17  1.9554e+09    18.9523    17    16     1.6165
   18  1.9384e+09    18.9844    18    17     1.7003
   19  1.9370e+09    18.9870    19    18     1.7838
   20  1.9230e+09    19.0135    20    19     1.8669
   21  1.9217e+09    19.0162    21    20     1.9496
   22  1.8347e+09    19.1871    22    21     2.0321
   23  1.8217e+09    19.2134    23    22     2.1143
   24  1.8137e+09    19.2297    24    23     2.1963
   25  1.7639e+09    19.3332    25    24     2.2781
   26  1.7425e+09    19.3787    26    25     2.3597
   27  1.7236e+09    19.4193    27    26     2.4411
   28  1.7231e+09    19.4204    28    27     2.5223
   29  1.6675e+09    19.5432    29    28     2.6034
   30  1.6465e+09    19.5906    30    29     2.6844
   31  1.5681e+09    19.7746    31    30     2.7652
   32  1.4668e+09    20.0280    32    31     2.8459
   33  1.4663e+09    20.0296    33    32     2.9266
   34  1.4404e+09    20.0975    34    33     3.0071
   35  1.4153e+09    20.1647    35    34     3.0876
   36  1.4075e+09    20.1859    36    35     3.1680
   37  1.4057e+09    20.1909    37    36     3.2483
   38  1.4021e+09    20.2009    38    37     3.3285
   39  1.3922e+09    20.2279    39    38     3.4087
   40  1.3887e+09    20.2377    40    39     3.4889
   41  1.3764e+09    20.2719    41    40     3.5689
   42  1.3215e+09    20.4288    42    41     3.6490
   43  1.3193e+09    20.4352    43    42     3.7290
   44  1.3129e+09    20.4543    44    43     3.8089
   45  4.6391e+08    24.7664    45    44     3.8889
   46  2.7722e+08    27.1178    46    45     3.9688
   47  2.7097e+08    27.2253    47    46     4.0486
   48  2.6328e+08    27.3615    48    47     4.1285
   49  2.6082e+08    27.4060    49    48     4.2083
   50  2.4457e+08    27.7125    50    49     4.2881
   51  2.4391e+08    27.7253    51    50     4.3678
   52  2.4203e+08    27.7625    52    51     4.4476
   53  2.3729e+08    27.8571    53    52     4.5273
   54  2.3588e+08    27.8857    54    53     4.6070
   55  2.3194e+08    27.9668    55    54     4.6867
   56  2.2840e+08    28.0407    56    55     4.7664
   57  2.2615e+08    28.0885    57    56     4.8460
   58  2.2600e+08    28.0919    58    57     4.9257
   59  2.1950e+08    28.2329    59    58     5.0053
   60  2.0211e+08    28.6345    60    59     5.0849
   61  1.9394e+08    28.8366    61    60     5.1646
   62  1.9278e+08    28.8661    62    61     5.2442
   63  1.9253e+08    28.8727    63    62     5.3238
   64  1.8168e+08    29.1587    64    63     5.4033
   65  1.8134e+08    29.1681    65    64     5.4829
   66  1.5733e+08    29.8770    66    65     5.5625
   67  1.5583e+08    29.9255    67    66     5.6421
   68  1.5495e+08    29.9539    68    67     5.7216
   69  1.5275e+08    30.0261    69    68     5.8012
   70  1.5267e+08    30.0287    70    69     5.8807
   71  1.5231e+08    30.0408    71    70     5.9602
   72  1.5221e+08    30.0441    72    71     6.0398
   73  1.5185e+08    30.0558    73    72     6.1193
   74  1.5181e+08    30.0572    74    73     6.1988
   75  1.4868e+08    30.1628    75    74     6.2783
   76  1.4859e+08    30.1656    76    75     6.3579
   77  1.4783e+08    30.1917    77    76     6.4374
   78  1.4753e+08    30.2020    78    77     6.5169
   79  1.4494e+08    30.2918    79    78     6.5964
   80  1.4494e+08    30.2921    80    79     6.6759
   81  1.4402e+08    30.3244    81    80     6.7554
   82  1.4384e+08    30.3307    82    81     6.8349
   83  1.3627e+08    30.6065    83    82     6.9143
   84  1.3608e+08    30.6136    84    83     6.9938
   85  1.3574e+08    30.6265    85    84     7.0733
   86  1.3443e+08    30.6760    86    85     7.1528
   87  1.3225e+08    30.7599    87    86     7.2323
   88  1.3026e+08    30.8379    88    87     7.3117
   89  1.2957e+08    30.8651    89    88     7.3912
   90  1.2929e+08    30.8764    90    89     7.4707
   91  1.2922e+08    30.8791    91    90     7.5502
   92  1.1281e+08    31.5836    92    91     7.6296
   93  1.1258e+08    31.5943    93    92     7.7091
   94  1.1209e+08    31.6169    94    93     7.7885
   95  1.1141e+08    31.6487    95    94     7.8680
