#indx Mass S step-number desc_indx 
    0  3.1600e+10    10.5496     0    -1     0.0134
    1  1.8864e+10    11.8506     1     0     0.1326
    2  1.8788e+10    11.8613     2     1     0.2441
    3  1.8786e+10    11.8615     3     2     0.3500
    4  1.7771e+10    12.0082     4     3     0.4519
    5  1.6177e+10    12.2594     5     4     0.5506
    6  1.6165e+10    12.2615     6     5     0.6467
    7  1.6148e+10    12.2643     7     6     0.7407
    8  1.6126e+10    12.2678     8     7     0.8330
    9  1.6090e+10    12.2739     9     8     0.9238
   10  1.5913e+10    12.3037    10     9     1.0134
   11  1.5893e+10    12.3071    11    10     1.1018
   12  1.5890e+10    12.3077    12    11     1.1894
   13  1.5724e+10    12.3360    13    12     1.2761
   14  1.5329e+10    12.4051    14    13     1.3621
   15  1.5122e+10    12.4420    15    14     1.4474
   16  8.1547e+09    14.2051    16    15     1.5322
   17  7.3699e+09    14.5101    17    16     1.6165
   18  5.7634e+09    15.2706    18    17     1.7003
   19  5.7413e+09    15.2827    19    18     1.7838
   20  2.6221e+09    17.8970    20    19     1.8669
   21  2.6088e+09    17.9150    21    20     1.9496
   22  2.5658e+09    17.9737    22    21     2.0321
   23  2.5608e+09    17.9806    23    22     2.1143
   24  2.5420e+09    18.0066    24    23     2.1963
   25  2.5413e+09    18.0076    25    24     2.2781
   26  2.1666e+09    18.5785    26    25     2.3597
   27  2.1123e+09    18.6705    27    26     2.4411
   28  2.0920e+09    18.7055    28    27     2.5223
   29  2.0881e+09    18.7123    29    28     2.6034
   30  1.8562e+09    19.1440    30    29     2.6844
   31  1.8474e+09    19.1616    31    30     2.7652
   32  1.1710e+09    20.9004    32    31     2.8459
   33  1.1358e+09    21.0205    33    32     2.9266
   34  1.1324e+09    21.0324    34    33     3.0071
   35  1.0930e+09    21.1727    35    34     3.0876
   36  9.7399e+08    21.6333    36    35     3.1680
   37  9.4999e+08    21.7340    37    36     3.2483
   38  9.4728e+08    21.7455    38    37     3.3285
   39  9.4649e+08    21.7489    39    38     3.4087
   40  9.2215e+08    21.8543    40    39     3.4889
   41  9.2182e+08    21.8558    41    40     3.5689
   42  9.1019e+08    21.9074    42    41     3.6490
   43  8.6770e+08    22.1022    43    42     3.7290
   44  8.6749e+08    22.1032    44    43     3.8089
   45  1.9914e+08    28.7070    45    44     3.8889
   46  1.9902e+08    28.7099    46    45     3.9688
   47  1.9880e+08    28.7154    47    46     4.0486
   48  1.9591e+08    28.7871    48    47     4.1285
   49  1.9560e+08    28.7948    49    48     4.2083
   50  1.9342e+08    28.8499    50    49     4.2881
   51  1.1461e+08    31.5010    51    50     4.3678
   52  1.1389e+08    31.5339    52    51     4.4476
   53  1.1387e+08    31.5348    53    52     4.5273
   54  1.1080e+08    31.6773    54    53     4.6070
   55  1.0456e+08    31.9824    55    54     4.6867
   56  1.0390e+08    32.0155    56    55     4.7664
   57  1.0368e+08    32.0269    57    56     4.8460
   58  1.0316e+08    32.0535    58    57     4.9257
   59  1.0186e+08    32.1201    59    58     5.0053
