#indx Mass S step-number desc_indx 
    0  3.1600e+10    10.5496     0    -1     0.0134
    1  3.1350e+10    10.5688     1     0     0.1326
    2  2.9550e+10    10.7126     2     1     0.2441
    3  2.7398e+10    10.8986     3     2     0.3500
    4  2.7363e+10    10.9018     4     3     0.4519
    5  2.4790e+10    11.1481     5     4     0.5506
    6  2.4750e+10    11.1522     6     5     0.6467
    7  2.4531e+10    11.1746     7     6     0.7407
    8  2.4435e+10    11.1845     8     7     0.8330
    9  2.3427e+10    11.2911     9     8     0.9238
   10  1.8497e+10    11.9024    10     9     1.0134
   11  1.7882e+10    11.9917    11    10     1.1018
   12  1.7777e+10    12.0074    12    11     1.1894
   13  1.7583e+10    12.0365    13    12     1.2761
   14  1.7435e+10    12.0589    14    13     1.3621
   15  1.6669e+10    12.1789    15    14     1.4474
   16  1.6537e+10    12.2003    16    15     1.5322
   17  1.6475e+10    12.2104    17    16     1.6165
   18  1.6443e+10    12.2155    18    17     1.7003
   19  1.5846e+10    12.3151    19    18     1.7838
   20  1.5664e+10    12.3464    20    19     1.8669
   21  1.5545e+10    12.3670    21    20     1.9496
   22  1.4510e+10    12.5547    22    21     2.0321
   23  1.4458e+10    12.5646    23    22     2.1143
   24  1.3968e+10    12.6593    24    23     2.1963
   25  1.3651e+10    12.7227    25    24     2.2781
   26  1.3632e+10    12.7265    26    25     2.3597
   27  1.3607e+10    12.7315    27    26     2.4411
   28  1.3145e+10    12.8273    28    27     2.5223
   29  1.3047e+10    12.8481    29    28     2.6034
   30  1.2961e+10    12.8667    30    29     2.6844
   31  1.2338e+10    13.0044    31    30     2.7652
   32  1.2139e+10    13.0502    32    31     2.8459
   33  1.2110e+10    13.0570    33    32     2.9266
   34  1.2061e+10    13.0684    34    33     3.0071
   35  1.1471e+10    13.2102    35    34     3.0876
   36  1.1349e+10    13.2406    36    35     3.1680
   37  1.0952e+10    13.3422    37    36     3.2483
   38  1.0241e+10    13.5352    38    37     3.3285
   39  1.0167e+10    13.5561    39    38     3.4087
   40  9.9617e+09    13.6153    40    39     3.4889
   41  9.8936e+09    13.6352    41    40     3.5689
   42  7.2935e+09    14.5417    42    41     3.6490
   43  6.8309e+09    14.7420    43    42     3.7290
   44  6.5512e+09    14.8708    44    43     3.8089
   45  5.1305e+09    15.6401    45    44     3.8889
   46  4.3363e+09    16.1854    46    45     3.9688
   47  4.3273e+09    16.1922    47    46     4.0486
   48  4.2924e+09    16.2188    48    47     4.1285
   49  4.2004e+09    16.2901    49    48     4.2083
   50  4.1507e+09    16.3295    50    49     4.2881
   51  4.1500e+09    16.3300    51    50     4.3678
   52  4.0729e+09    16.3920    52    51     4.4476
   53  4.0437e+09    16.4159    53    52     4.5273
   54  3.9007e+09    16.5356    54    53     4.6070
   55  3.8909e+09    16.5440    55    54     4.6867
   56  3.4734e+09    16.9254    56    55     4.7664
   57  2.3882e+09    18.2285    57    56     4.8460
   58  2.3817e+09    18.2382    58    57     4.9257
   59  2.3772e+09    18.2450    59    58     5.0053
   60  2.3698e+09    18.2560    60    59     5.0849
   61  2.3267e+09    18.3218    61    60     5.1646
   62  2.3174e+09    18.3362    62    61     5.2442
   63  1.8502e+09    19.1559    63    62     5.3238
   64  1.8225e+09    19.2118    64    63     5.4033
   65  1.7589e+09    19.3437    65    64     5.4829
   66  1.2794e+09    20.5544    66    65     5.5625
   67  1.2776e+09    20.5600    67    66     5.6421
   68  1.2641e+09    20.6012    68    67     5.7216
   69  1.2637e+09    20.6025    69    68     5.8012
   70  1.1628e+09    20.9279    70    69     5.8807
   71  1.1593e+09    20.9400    71    70     5.9602
   72  9.8439e+08    21.5906    72    71     6.0398
   73  9.7491e+08    21.6295    73    72     6.1193
   74  9.4993e+08    21.7342    74    73     6.1988
   75  8.9515e+08    21.9751    75    74     6.2783
   76  8.8034e+08    22.0431    76    75     6.3579
   77  8.7474e+08    22.0691    77    76     6.4374
   78  2.1892e+08    28.2457    78    77     6.5169
   79  2.0529e+08    28.5582    79    78     6.5964
   80  1.9425e+08    28.8289    80    79     6.6759
   81  1.9325e+08    28.8542    81    80     6.7554
   82  1.8990e+08    28.9402    82    81     6.8349
   83  1.8895e+08    28.9649    83    82     6.9143
