#indx Mass S step-number desc_indx 
    0  3.1600e+10    10.5496     0    -1     0.0134
    1  3.1250e+10    10.5765     1     0     0.1326
    2  1.7387e+10    12.0663     2     1     0.2441
    3  1.7183e+10    12.0977     3     2     0.3500
    4  1.7022e+10    12.1229     4     3     0.4519
    5  1.6814e+10    12.1558     5     4     0.5506
    6  1.6518e+10    12.2033     6     5     0.6467
    7  1.5647e+10    12.3493     7     6     0.7407
    8  1.5523e+10    12.3709     8     7     0.8330
    9  1.5518e+10    12.3717     9     8     0.9238
   10  1.5493e+10    12.3762    10     9     1.0134
   11  1.5027e+10    12.4591    11    10     1.1018
   12  1.4673e+10    12.5241    12    11     1.1894
   13  1.4495e+10    12.5577    13    12     1.2761
   14  1.4463e+10    12.5637    14    13     1.3621
   15  1.3691e+10    12.7145    15    14     1.4474
   16  1.3303e+10    12.7942    16    15     1.5322
   17  6.8646e+09    14.7269    17    16     1.6165
   18  6.8145e+09    14.7494    18    17     1.7003
   19  6.8037e+09    14.7543    19    18     1.7838
   20  6.5426e+09    14.8749    20    19     1.8669
   21  5.7287e+09    15.2896    21    20     1.9496
   22  5.6799e+09    15.3166    22    21     2.0321
   23  5.4646e+09    15.4389    23    22     2.1143
   24  5.0011e+09    15.7220    24    23     2.1963
   25  4.6728e+09    15.9414    25    24     2.2781
   26  4.5909e+09    15.9989    26    25     2.3597
   27  4.5864e+09    16.0021    27    26     2.4411
   28  4.5783e+09    16.0079    28    27     2.5223
   29  4.4499e+09    16.1007    29    28     2.6034
   30  4.2172e+09    16.2770    30    29     2.6844
   31  4.1680e+09    16.3157    31    30     2.7652
   32  4.0257e+09    16.4307    32    31     2.8459
   33  4.0225e+09    16.4333    33    32     2.9266
   34  3.9851e+09    16.4643    34    33     3.0071
   35  3.8444e+09    16.5840    35    34     3.0876
   36  3.6925e+09    16.7190    36    35     3.1680
   37  2.7943e+09    17.6739    37    36     3.2483
   38  2.6544e+09    17.8539    38    37     3.3285
   39  2.6375e+09    17.8763    39    38     3.4087
   40  2.6228e+09    17.8961    40    39     3.4889
   41  2.5158e+09    18.0432    41    40     3.5689
   42  2.5074e+09    18.0552    42    41     3.6490
   43  1.6235e+09    19.6436    43    42     3.7290
   44  1.5333e+09    19.8596    44    43     3.8089
   45  1.5213e+09    19.8893    45    44     3.8889
   46  1.5013e+09    19.9396    46    45     3.9688
   47  1.4856e+09    19.9796    47    46     4.0486
   48  1.4852e+09    19.9806    48    47     4.1285
   49  7.4260e+08    22.7450    49    48     4.2083
   50  7.1313e+08    22.9143    50    49     4.2881
   51  7.1306e+08    22.9147    51    50     4.3678
   52  7.0469e+08    22.9642    52    51     4.4476
   53  6.8237e+08    23.0996    53    52     4.5273
   54  6.7759e+08    23.1293    54    53     4.6070
   55  6.7756e+08    23.1295    55    54     4.6867
   56  6.7140e+08    23.1680    56    55     4.7664
   57  6.5775e+08    23.2549    57    56     4.8460
   58  6.5325e+08    23.2839    58    57     4.9257
   59  6.1400e+08    23.5477    59    58     5.0053
   60  6.1013e+08    23.5747    60    59     5.0849
   61  6.0166e+08    23.6345    61    60     5.1646
   62  6.0128e+08    23.6372    62    61     5.2442
   63  5.9123e+08    23.7095    63    62     5.3238
   64  5.9036e+08    23.7158    64    63     5.4033
   65  5.8967e+08    23.7209    65    64     5.4829
   66  5.8273e+08    23.7717    66    65     5.5625
   67  5.8039e+08    23.7890    67    66     5.6421
   68  5.7888e+08    23.8002    68    67     5.7216
   69  5.7615e+08    23.8206    69    68     5.8012
   70  5.4396e+08    24.0690    70    69     5.8807
   71  5.4281e+08    24.0782    71    70     5.9602
   72  5.2260e+08    24.2433    72    71     6.0398
   73  5.0709e+08    24.3749    73    72     6.1193
   74  4.9932e+08    24.4425    74    73     6.1988
   75  4.0856e+08    25.3331    75    74     6.2783
   76  4.0825e+08    25.3364    76    75     6.3579
   77  4.0749e+08    25.3448    77    76     6.4374
   78  3.9822e+08    25.4484    78    77     6.5169
   79  3.9590e+08    25.4747    79    78     6.5964
   80  3.8069e+08    25.6520    80    79     6.6759
   81  3.8050e+08    25.6542    81    80     6.7554
   82  3.8010e+08    25.6589    82    81     6.8349
   83  3.7873e+08    25.6754    83    82     6.9143
   84  3.7743e+08    25.6909    84    83     6.9938
   85  3.7694e+08    25.6969    85    84     7.0733
   86  3.7493e+08    25.7211    86    85     7.1528
   87  3.5786e+08    25.9334    87    86     7.2323
   88  3.5443e+08    25.9773    88    87     7.3117
   89  3.5428e+08    25.9792    89    88     7.3912
   90  3.5406e+08    25.9822    90    89     7.4707
   91  3.3829e+08    26.1912    91    90     7.5502
   92  3.3549e+08    26.2294    92    91     7.6296
   93  3.2208e+08    26.4176    93    92     7.7091
   94  3.2116e+08    26.4308    94    93     7.7885
   95  3.1833e+08    26.4717    95    94     7.8680
   96  3.1815e+08    26.4744    96    95     7.9475
   97  3.1309e+08    26.5487    97    96     8.0269
   98  2.7973e+08    27.0753    98    97     8.1064
   99  2.7930e+08    27.0827    99    98     8.1858
  100  2.7588e+08    27.1406   100    99     8.2653
