#indx Mass S step-number desc_indx 
    0  3.1600e+10    10.5496     0    -1     0.0134
    1  3.1338e+10    10.5697     1     0     0.1326
    2  2.6912e+10    10.9430     2     1     0.2441
    3  2.3519e+10    11.2811     3     2     0.3500
    4  2.3436e+10    11.2901     4     3     0.4519
    5  2.1201e+10    11.5465     5     4     0.5506
    6  2.0805e+10    11.5952     6     5     0.6467
    7  2.0110e+10    11.6834     7     6     0.7407
    8  1.8089e+10    11.9612     8     7     0.8330
    9  1.6975e+10    12.1302     9     8     0.9238
   10  7.1288e+09    14.6114    10     9     1.0134
   11  5.0472e+09    15.6925    11    10     1.1018
   12  4.9983e+09    15.7238    12    11     1.1894
   13  4.9901e+09    15.7291    13    12     1.2761
   14  4.7795e+09    15.8683    14    13     1.3621
   15  4.7565e+09    15.8839    15    14     1.4474
   16  4.7534e+09    15.8860    16    15     1.5322
   17  4.7317e+09    15.9008    17    16     1.6165
   18  4.5847e+09    16.0033    18    17     1.7003
   19  4.3504e+09    16.1748    19    18     1.7838
   20  4.1517e+09    16.3287    20    19     1.8669
   21  4.1220e+09    16.3523    21    20     1.9496
   22  4.0808e+09    16.3856    22    21     2.0321
   23  3.6745e+09    16.7355    23    22     2.1143
   24  3.5121e+09    16.8879    24    23     2.1963
   25  3.5100e+09    16.8899    25    24     2.2781
   26  3.3478e+09    17.0505    26    25     2.3597
   27  3.3466e+09    17.0517    27    26     2.4411
   28  3.2690e+09    17.1317    28    27     2.5223
   29  3.2037e+09    17.2008    29    28     2.6034
   30  3.0499e+09    17.3700    30    29     2.6844
   31  3.0398e+09    17.3814    31    30     2.7652
   32  3.0368e+09    17.3848    32    31     2.8459
   33  3.0163e+09    17.4082    33    32     2.9266
   34  2.9891e+09    17.4396    34    33     3.0071
   35  2.8751e+09    17.5744    35    34     3.0876
   36  2.8178e+09    17.6446    36    35     3.1680
   37  2.7946e+09    17.6735    37    36     3.2483
   38  2.7647e+09    17.7111    38    37     3.3285
   39  2.7442e+09    17.7371    39    38     3.4087
   40  2.2160e+09    18.4970    40    39     3.4889
   41  2.0475e+09    18.7839    41    40     3.5689
   42  2.0043e+09    18.8617    42    41     3.6490
   43  1.9996e+09    18.8704    43    42     3.7290
   44  1.9925e+09    18.8834    44    43     3.8089
   45  1.9845e+09    18.8980    45    44     3.8889
   46  1.9270e+09    19.0060    46    45     3.9688
   47  1.8829e+09    19.0913    47    46     4.0486
   48  1.7702e+09    19.3198    48    47     4.1285
   49  1.7190e+09    19.4293    49    48     4.2083
   50  1.6707e+09    19.5359    50    49     4.2881
   51  1.6679e+09    19.5422    51    50     4.3678
   52  1.6218e+09    19.6474    52    51     4.4476
   53  1.6046e+09    19.6876    53    52     4.5273
   54  1.5765e+09    19.7543    54    53     4.6070
   55  1.5701e+09    19.7696    55    54     4.6867
   56  1.5664e+09    19.7785    56    55     4.7664
   57  1.5594e+09    19.7956    57    56     4.8460
   58  1.4937e+09    19.9589    58    57     4.9257
   59  1.4887e+09    19.9716    59    58     5.0053
   60  1.4875e+09    19.9748    60    59     5.0849
   61  1.4624e+09    20.0395    61    60     5.1646
   62  1.4045e+09    20.1943    62    61     5.2442
   63  1.1110e+09    21.1077    63    62     5.3238
   64  1.0942e+09    21.1684    64    63     5.4033
   65  1.0931e+09    21.1721    65    64     5.4829
   66  1.0917e+09    21.1773    66    65     5.5625
   67  1.0818e+09    21.2134    67    66     5.6421
   68  1.0752e+09    21.2379    68    67     5.7216
   69  1.0725e+09    21.2479    69    68     5.8012
   70  1.0697e+09    21.2580    70    69     5.8807
   71  1.0608e+09    21.2914    71    70     5.9602
   72  7.8702e+08    22.5036    72    71     6.0398
   73  7.7613e+08    22.5613    73    72     6.1193
   74  7.7155e+08    22.5859    74    73     6.1988
   75  7.5861e+08    22.6562    75    74     6.2783
   76  7.5796e+08    22.6597    76    75     6.3579
   77  7.5735e+08    22.6631    77    76     6.4374
   78  7.5641e+08    22.6682    78    77     6.5169
   79  7.5265e+08    22.6890    79    78     6.5964
   80  7.5160e+08    22.6948    80    79     6.6759
   81  7.5147e+08    22.6955    81    80     6.7554
   82  7.4306e+08    22.7424    82    81     6.8349
   83  6.8119e+08    23.1069    83    82     6.9143
   84  6.7973e+08    23.1159    84    83     6.9938
   85  6.4712e+08    23.3240    85    84     7.0733
   86  6.4044e+08    23.3680    86    85     7.1528
   87  6.3850e+08    23.3809    87    86     7.2323
   88  6.3699e+08    23.3910    88    87     7.3117
   89  6.3536e+08    23.4019    89    88     7.3912
   90  6.0830e+08    23.5875    90    89     7.4707
   91  6.0585e+08    23.6048    91    90     7.5502
   92  5.8661e+08    23.7432    92    91     7.6296
   93  5.7798e+08    23.8069    93    92     7.7091
   94  5.7756e+08    23.8101    94    93     7.7885
   95  5.5968e+08    23.9457    95    94     7.8680
   96  5.5644e+08    23.9708    96    95     7.9475
   97  5.4184e+08    24.0860    97    96     8.0269
   98  5.4026e+08    24.0987    98    97     8.1064
   99  5.3974e+08    24.1029    99    98     8.1858
  100  5.3894e+08    24.1093   100    99     8.2653
