#indx Mass S step-number desc_indx 
    0  3.1600e+10    10.5496     0    -1     0.0134
    1  3.1161e+10    10.5834     1     0     0.1326
    2  2.9383e+10    10.7265     2     1     0.2441
    3  2.1287e+10    11.5361     3     2     0.3500
    4  1.9926e+10    11.7073     4     3     0.4519
    5  1.9391e+10    11.7784     5     4     0.5506
    6  1.6252e+10    12.2470     6     5     0.6467
    7  1.6170e+10    12.2606     7     6     0.7407
    8  1.5570e+10    12.3627     8     7     0.8330
    9  1.5403e+10    12.3919     9     8     0.9238
   10  1.5076e+10    12.4503    10     9     1.0134
   11  1.4908e+10    12.4809    11    10     1.1018
   12  1.2879e+10    12.8844    12    11     1.1894
   13  1.2435e+10    12.9825    13    12     1.2761
   14  1.2322e+10    13.0080    14    13     1.3621
   15  1.1594e+10    13.1799    15    14     1.4474
   16  9.1396e+09    13.8669    16    15     1.5322
   17  8.8146e+09    13.9737    17    16     1.6165
   18  8.7120e+09    14.0083    18    17     1.7003
   19  8.7062e+09    14.0103    19    18     1.7838
   20  8.6970e+09    14.0134    20    19     1.8669
   21  8.6543e+09    14.0280    21    20     1.9496
   22  8.3534e+09    14.1332    22    21     2.0321
   23  8.3457e+09    14.1359    23    22     2.1143
   24  8.2716e+09    14.1626    24    23     2.1963
   25  8.2455e+09    14.1720    25    24     2.2781
   26  7.6797e+09    14.3854    26    25     2.3597
   27  6.8983e+09    14.7119    27    26     2.4411
   28  6.4123e+09    14.9372    28    27     2.5223
   29  6.3229e+09    14.9807    29    28     2.6034
   30  5.8688e+09    15.2136    30    29     2.6844
   31  5.7051e+09    15.3026    31    30     2.7652
   32  4.4065e+09    16.1328    32    31     2.8459
   33  3.6436e+09    16.7639    33    32     2.9266
   34  3.6348e+09    16.7720    34    33     3.0071
   35  3.3968e+09    17.0011    35    34     3.0876
   36  3.3599e+09    17.0382    36    35     3.1680
   37  3.3276e+09    17.0711    37    36     3.2483
   38  3.2658e+09    17.1351    38    37     3.3285
   39  3.2115e+09    17.1924    39    38     3.4087
   40  3.0530e+09    17.3665    40    39     3.4889
   41  2.7898e+09    17.6794    41    40     3.5689
   42  2.7891e+09    17.6804    42    41     3.6490
   43  2.6959e+09    17.7993    43    42     3.7290
   44  2.6941e+09    17.8017    44    43     3.8089
   45  2.6906e+09    17.8063    45    44     3.8889
   46  2.6008e+09    17.9259    46    45     3.9688
   47  2.5953e+09    17.9333    47    46     4.0486
   48  2.5928e+09    17.9366    48    47     4.1285
   49  2.5630e+09    17.9775    49    48     4.2083
   50  2.5314e+09    18.0214    50    49     4.2881
   51  2.5127e+09    18.0477    51    50     4.3678
   52  2.1237e+09    18.6510    52    51     4.4476
   53  2.0918e+09    18.7059    53    52     4.5273
   54  2.0730e+09    18.7388    54    53     4.6070
   55  2.0680e+09    18.7475    55    54     4.6867
   56  2.0626e+09    18.7572    56    55     4.7664
   57  2.0157e+09    18.8411    57    56     4.8460
   58  2.0125e+09    18.8468    58    57     4.9257
   59  1.9271e+09    19.0058    59    58     5.0053
   60  1.9202e+09    19.0190    60    59     5.0849
   61  1.8983e+09    19.0612    61    60     5.1646
   62  1.8065e+09    19.2446    62    61     5.2442
   63  1.7679e+09    19.3247    63    62     5.3238
   64  1.7658e+09    19.3291    64    63     5.4033
   65  1.7564e+09    19.3490    65    64     5.4829
   66  1.1613e+09    20.9330    66    65     5.5625
   67  1.1495e+09    20.9734    67    66     5.6421
   68  1.0699e+09    21.2574    68    67     5.7216
   69  1.0447e+09    21.3524    69    68     5.8012
   70  1.0019e+09    21.5196    70    69     5.8807
   71  9.9852e+08    21.5333    71    70     5.9602
   72  9.9756e+08    21.5372    72    71     6.0398
   73  9.8252e+08    21.5982    73    72     6.1193
   74  9.7556e+08    21.6269    74    73     6.1988
   75  9.2661e+08    21.8348    75    74     6.2783
   76  9.2528e+08    21.8406    76    75     6.3579
   77  9.0562e+08    21.9278    77    76     6.4374
   78  9.0535e+08    21.9290    78    77     6.5169
   79  9.0507e+08    21.9303    79    78     6.5964
   80  9.0235e+08    21.9425    80    79     6.6759
   81  8.6052e+08    22.1361    81    80     6.7554
   82  8.5607e+08    22.1574    82    81     6.8349
   83  8.5530e+08    22.1610    83    82     6.9143
   84  8.5434e+08    22.1656    84    83     6.9938
   85  8.5415e+08    22.1665    85    84     7.0733
   86  8.4908e+08    22.1910    86    85     7.1528
   87  8.4533e+08    22.2091    87    86     7.2323
   88  8.4164e+08    22.2271    88    87     7.3117
   89  8.3952e+08    22.2374    89    88     7.3912
   90  8.3933e+08    22.2384    90    89     7.4707
   91  8.2704e+08    22.2989    91    90     7.5502
   92  8.2287e+08    22.3197    92    91     7.6296
   93  8.2121e+08    22.3280    93    92     7.7091
   94  8.0567e+08    22.4068    94    93     7.7885
   95  8.0494e+08    22.4105    95    94     7.8680
   96  5.4507e+08    24.0602    96    95     7.9475
   97  4.9001e+08    24.5251    97    96     8.0269
   98  2.5897e+08    27.4398    98    97     8.1064
   99  2.5652e+08    27.4851    99    98     8.1858
  100  2.5594e+08    27.4958   100    99     8.2653
