#indx Mass S step-number desc_indx 
    0  3.1600e+10    10.5496     0    -1     0.0134
    1  3.1259e+10    10.5758     1     0     0.1326
    2  3.0984e+10    10.5972     2     1     0.2441
    3  3.0954e+10    10.5996     3     2     0.3500
    4  3.0536e+10    10.6326     4     3     0.4519
    5  3.0266e+10    10.6542     5     4     0.5506
    6  2.2368e+10    11.4089     6     5     0.6467
    7  2.2264e+10    11.4208     7     6     0.7407
    8  2.1812e+10    11.4734     8     7     0.8330
    9  2.1696e+10    11.4871     9     8     0.9238
   10  2.1677e+10    11.4894    10     9     1.0134
   11  2.1633e+10    11.4946    11    10     1.1018
   12  2.1297e+10    11.5349    12    11     1.1894
   13  2.1286e+10    11.5362    13    12     1.2761
   14  2.0997e+10    11.5715    14    13     1.3621
   15  2.0987e+10    11.5727    15    14     1.4474
   16  2.0968e+10    11.5750    16    15     1.5322
   17  2.0569e+10    11.6249    17    16     1.6165
   18  1.9669e+10    11.7411    18    17     1.7003
   19  1.3943e+10    12.6642    19    18     1.7838
   20  1.3935e+10    12.6658    20    19     1.8669
   21  1.3497e+10    12.7541    21    20     1.9496
   22  1.3246e+10    12.8062    22    21     2.0321
   23  1.1996e+10    13.0836    23    22     2.1143
   24  1.1779e+10    13.1351    24    23     2.1963
   25  1.1588e+10    13.1814    25    24     2.2781
   26  1.1462e+10    13.2126    26    25     2.3597
   27  1.0992e+10    13.3319    27    26     2.4411
   28  1.0753e+10    13.3947    28    27     2.5223
   29  1.0731e+10    13.4008    29    28     2.6034
   30  1.0236e+10    13.5367    30    29     2.6844
   31  1.0203e+10    13.5460    31    30     2.7652
   32  1.0085e+10    13.5797    32    31     2.8459
   33  9.8098e+09    13.6600    33    32     2.9266
   34  9.6422e+09    13.7102    34    33     3.0071
   35  9.0399e+09    13.8992    35    34     3.0876
   36  8.8887e+09    13.9489    36    35     3.1680
   37  8.8046e+09    13.9770    37    36     3.2483
   38  8.7921e+09    13.9812    38    37     3.3285
   39  8.7727e+09    13.9878    39    38     3.4087
   40  7.8565e+09    14.3168    40    39     3.4889
   41  7.7965e+09    14.3399    41    40     3.5689
   42  7.6438e+09    14.3996    42    41     3.6490
   43  7.3122e+09    14.5340    43    42     3.7290
   44  7.2369e+09    14.5655    44    43     3.8089
   45  7.1435e+09    14.6051    45    44     3.8889
   46  7.1234e+09    14.6137    46    45     3.9688
   47  6.6546e+09    14.8225    47    46     4.0486
   48  6.6381e+09    14.8302    48    47     4.1285
   49  6.6013e+09    14.8473    49    48     4.2083
   50  6.3700e+09    14.9577    50    49     4.2881
   51  5.7217e+09    15.2935    51    50     4.3678
   52  5.6984e+09    15.3063    52    51     4.4476
   53  5.6971e+09    15.3070    53    52     4.5273
   54  5.6152e+09    15.3528    54    53     4.6070
   55  5.5888e+09    15.3677    55    54     4.6867
   56  5.0723e+09    15.6766    56    55     4.7664
   57  4.8383e+09    15.8287    57    56     4.8460
   58  4.7977e+09    15.8560    58    57     4.9257
   59  4.7867e+09    15.8634    59    58     5.0053
   60  4.7775e+09    15.8696    60    59     5.0849
   61  4.6655e+09    15.9465    61    60     5.1646
   62  4.2528e+09    16.2493    62    61     5.2442
   63  4.2323e+09    16.2652    63    62     5.3238
   64  3.8952e+09    16.5403    64    63     5.4033
   65  3.8556e+09    16.5743    65    64     5.4829
   66  3.8433e+09    16.5850    66    65     5.5625
   67  3.8396e+09    16.5882    67    66     5.6421
   68  3.7111e+09    16.7021    68    67     5.7216
   69  3.6577e+09    16.7509    69    68     5.8012
   70  3.5887e+09    16.8150    70    69     5.8807
   71  3.5551e+09    16.8468    71    70     5.9602
   72  3.3417e+09    17.0566    72    71     6.0398
   73  3.3285e+09    17.0702    73    72     6.1193
   74  3.3252e+09    17.0736    74    73     6.1988
   75  3.2984e+09    17.1011    75    74     6.2783
   76  3.2971e+09    17.1025    76    75     6.3579
   77  3.2727e+09    17.1279    77    76     6.4374
   78  3.2725e+09    17.1281    78    77     6.5169
   79  2.9782e+09    17.4522    79    78     6.5964
   80  2.9364e+09    17.5012    80    79     6.6759
   81  2.9285e+09    17.5105    81    80     6.7554
   82  2.8721e+09    17.5780    82    81     6.8349
   83  2.8649e+09    17.5868    83    82     6.9143
   84  2.1437e+09    18.6169    84    83     6.9938
   85  2.1099e+09    18.6746    85    84     7.0733
   86  2.1094e+09    18.6754    86    85     7.1528
   87  2.0704e+09    18.7434    87    86     7.2323
   88  2.0655e+09    18.7520    88    87     7.3117
   89  2.0447e+09    18.7889    89    88     7.3912
   90  1.9323e+09    18.9959    90    89     7.4707
   91  1.9295e+09    19.0012    91    90     7.5502
   92  1.9011e+09    19.0558    92    91     7.6296
   93  1.8828e+09    19.0914    93    92     7.7091
   94  1.8792e+09    19.0985    94    93     7.7885
   95  1.8785e+09    19.0998    95    94     7.8680
   96  1.8230e+09    19.2108    96    95     7.9475
   97  1.6768e+09    19.5222    97    96     8.0269
   98  1.3552e+09    20.3318    98    97     8.1064
   99  1.3467e+09    20.3560    99    98     8.1858
  100  1.3348e+09    20.3902   100    99     8.2653
