#indx Mass S step-number desc_indx 
    0  3.1600e+10    10.5496     0    -1     0.0134
    1  3.1446e+10    10.5614     1     0     0.1326
    2  2.9688e+10    10.7012     2     1     0.2441
    3  2.9246e+10    10.7379     3     2     0.3500
    4  2.9120e+10    10.7485     4     3     0.4519
    5  2.9013e+10    10.7575     5     4     0.5506
    6  2.8863e+10    10.7703     6     5     0.6467
    7  2.6983e+10    10.9364     7     6     0.7407
    8  2.5328e+10    11.0942     8     7     0.8330
    9  2.4623e+10    11.1652     9     8     0.9238
   10  2.4550e+10    11.1727    10     9     1.0134
   11  2.3730e+10    11.2584    11    10     1.1018
   12  2.2535e+10    11.3899    12    11     1.1894
   13  2.2446e+10    11.4001    13    12     1.2761
   14  2.2064e+10    11.4439    14    13     1.3621
   15  2.1439e+10    11.5178    15    14     1.4474
   16  1.6817e+10    12.1553    16    15     1.5322
   17  1.4396e+10    12.5763    17    16     1.6165
   18  1.4290e+10    12.5966    18    17     1.7003
   19  1.4066e+10    12.6401    19    18     1.7838
   20  1.4048e+10    12.6436    20    19     1.8669
   21  1.3967e+10    12.6596    21    20     1.9496
   22  1.3090e+10    12.8392    22    21     2.0321
   23  1.3039e+10    12.8500    23    22     2.1143
   24  1.2958e+10    12.8674    24    23     2.1963
   25  1.2956e+10    12.8678    25    24     2.2781
   26  1.2928e+10    12.8738    26    25     2.3597
   27  1.2728e+10    12.9174    27    26     2.4411
   28  1.2702e+10    12.9229    28    27     2.5223
   29  1.2479e+10    12.9726    29    28     2.6034
   30  1.2333e+10    13.0055    30    29     2.6844
   31  1.2330e+10    13.0063    31    30     2.7652
   32  1.0772e+10    13.3896    32    31     2.8459
   33  1.0755e+10    13.3943    33    32     2.9266
   34  9.7931e+09    13.6649    34    33     3.0071
   35  9.7375e+09    13.6815    35    34     3.0876
   36  9.7220e+09    13.6861    36    35     3.1680
   37  9.4230e+09    13.7773    37    36     3.2483
   38  9.0496e+09    13.8960    38    37     3.3285
   39  8.3103e+09    14.1486    39    38     3.4087
   40  8.1499e+09    14.2069    40    39     3.4889
   41  7.9385e+09    14.2856    41    40     3.5689
   42  7.8777e+09    14.3087    42    41     3.6490
   43  7.8697e+09    14.3118    43    42     3.7290
   44  6.4667e+09    14.9110    44    43     3.8089
   45  6.4166e+09    14.9351    45    44     3.8889
   46  6.3345e+09    14.9751    46    45     3.9688
   47  6.2040e+09    15.0398    47    46     4.0486
   48  4.4517e+09    16.0994    48    47     4.1285
   49  4.3543e+09    16.1718    49    48     4.2083
   50  4.3339e+09    16.1872    50    49     4.2881
   51  4.2541e+09    16.2483    51    50     4.3678
   52  4.2016e+09    16.2892    52    51     4.4476
   53  4.1199e+09    16.3540    53    52     4.5273
   54  4.0369e+09    16.4215    54    53     4.6070
   55  3.9916e+09    16.4589    55    54     4.6867
   56  3.9659e+09    16.4804    56    55     4.7664
   57  3.9025e+09    16.5340    57    56     4.8460
   58  3.9007e+09    16.5355    58    57     4.9257
   59  3.8480e+09    16.5809    59    58     5.0053
   60  3.7685e+09    16.6508    60    59     5.0849
   61  3.7668e+09    16.6522    61    60     5.1646
   62  3.7480e+09    16.6690    62    61     5.2442
   63  3.7394e+09    16.6767    63    62     5.3238
   64  3.7384e+09    16.6776    64    63     5.4033
   65  1.2978e+09    20.4989    65    64     5.4829
   66  1.2689e+09    20.5866    66    65     5.5625
   67  1.2647e+09    20.5993    67    66     5.6421
   68  1.0890e+09    21.1871    68    67     5.7216
   69  1.0672e+09    21.2674    69    68     5.8012
   70  1.0615e+09    21.2888    70    69     5.8807
   71  9.5876e+08    21.6969    71    70     5.9602
   72  9.5316e+08    21.7205    72    71     6.0398
   73  9.4779e+08    21.7433    73    72     6.1193
   74  9.4746e+08    21.7447    74    73     6.1988
   75  9.2979e+08    21.8209    75    74     6.2783
   76  8.9076e+08    21.9951    76    75     6.3579
   77  8.8812e+08    22.0072    77    76     6.4374
   78  8.8697e+08    22.0125    78    77     6.5169
   79  8.8663e+08    22.0140    79    78     6.5964
   80  8.6294e+08    22.1247    80    79     6.6759
   81  8.6126e+08    22.1326    81    80     6.7554
   82  8.4360e+08    22.2175    82    81     6.8349
   83  8.4227e+08    22.2240    83    82     6.9143
   84  8.3578e+08    22.2557    84    83     6.9938
   85  8.3501e+08    22.2595    85    84     7.0733
   86  8.1616e+08    22.3534    86    85     7.1528
   87  7.9550e+08    22.4593    87    86     7.2323
   88  7.8706e+08    22.5034    88    87     7.3117
   89  7.8037e+08    22.5388    89    88     7.3912
   90  7.7797e+08    22.5515    90    89     7.4707
   91  7.7656e+08    22.5591    91    90     7.5502
   92  7.7391e+08    22.5732    92    91     7.6296
   93  7.7267e+08    22.5799    93    92     7.7091
   94  7.7132e+08    22.5871    94    93     7.7885
   95  6.4915e+08    23.3107    95    94     7.8680
   96  6.2288e+08    23.4864    96    95     7.9475
   97  6.1304e+08    23.5543    97    96     8.0269
   98  6.1266e+08    23.5570    98    97     8.1064
   99  6.0985e+08    23.5766    99    98     8.1858
  100  6.0729e+08    23.5946   100    99     8.2653
