#indx Mass S step-number desc_indx 
    0  3.1600e+10    10.5496     0    -1     0.0134
    1  3.1109e+10    10.5875     1     0     0.1326
    2  3.0666e+10    10.6223     2     1     0.2441
    3  3.0098e+10    10.6678     3     2     0.3500
    4  2.9933e+10    10.6812     4     3     0.4519
    5  2.9914e+10    10.6827     5     4     0.5506
    6  2.9873e+10    10.6861     6     5     0.6467
    7  2.9795e+10    10.6924     7     6     0.7407
    8  2.9548e+10    10.7128     8     7     0.8330
    9  2.6992e+10    10.9356     9     8     0.9238
   10  2.5839e+10    11.0442    10     9     1.0134
   11  2.5814e+10    11.0467    11    10     1.1018
   12  2.5281e+10    11.0989    12    11     1.1894
   13  2.2029e+10    11.4480    13    12     1.2761
   14  2.1989e+10    11.4527    14    13     1.3621
   15  2.1674e+10    11.4898    15    14     1.4474
   16  1.9107e+10    11.8170    16    15     1.5322
   17  1.8949e+10    11.8389    17    16     1.6165
   18  1.8771e+10    11.8636    18    17     1.7003
   19  1.7673e+10    12.0228    19    18     1.7838
   20  1.7255e+10    12.0865    20    19     1.8669
   21  1.6887e+10    12.1442    21    20     1.9496
   22  1.6490e+10    12.2078    22    21     2.0321
   23  1.6478e+10    12.2098    23    22     2.1143
   24  1.6350e+10    12.2308    24    23     2.1963
   25  1.5647e+10    12.3493    25    24     2.2781
   26  1.5147e+10    12.4375    26    25     2.3597
   27  1.5029e+10    12.4587    27    26     2.4411
   28  1.4890e+10    12.4840    28    27     2.5223
   29  1.4871e+10    12.4875    29    28     2.6034
   30  1.4320e+10    12.5908    30    29     2.6844
   31  1.4183e+10    12.6172    31    30     2.7652
   32  1.4085e+10    12.6364    32    31     2.8459
   33  1.4045e+10    12.6443    33    32     2.9266
   34  1.3618e+10    12.7293    34    33     3.0071
   35  1.3337e+10    12.7870    35    34     3.0876
   36  1.2689e+10    12.9259    36    35     3.1680
   37  1.2619e+10    12.9413    37    36     3.2483
   38  1.2613e+10    12.9428    38    37     3.3285
   39  1.1997e+10    13.0834    39    38     3.4087
   40  1.1978e+10    13.0879    40    39     3.4889
   41  1.1920e+10    13.1016    41    40     3.5689
   42  1.1893e+10    13.1080    42    41     3.6490
   43  1.1767e+10    13.1380    43    42     3.7290
   44  1.1655e+10    13.1652    44    43     3.8089
   45  1.1610e+10    13.1761    45    44     3.8889
   46  1.1566e+10    13.1869    46    45     3.9688
   47  1.1414e+10    13.2244    47    46     4.0486
   48  1.0906e+10    13.3544    48    47     4.1285
   49  1.0657e+10    13.4205    49    48     4.2083
   50  1.0645e+10    13.4236    50    49     4.2881
   51  1.0380e+10    13.4964    51    50     4.3678
   52  1.0379e+10    13.4967    52    51     4.4476
   53  1.0146e+10    13.5621    53    52     4.5273
   54  9.9692e+09    13.6131    54    53     4.6070
   55  9.9557e+09    13.6171    55    54     4.6867
   56  8.5710e+09    14.0567    56    55     4.7664
   57  8.4033e+09    14.1155    57    56     4.8460
   58  8.3907e+09    14.1200    58    57     4.9257
   59  8.3660e+09    14.1287    59    58     5.0053
   60  8.2355e+09    14.1756    60    59     5.0849
   61  8.2157e+09    14.1828    61    60     5.1646
   62  3.3041e+09    17.0952    62    61     5.2442
   63  3.2160e+09    17.1877    63    62     5.3238
   64  3.1566e+09    17.2516    64    63     5.4033
   65  2.9169e+09    17.5243    65    64     5.4829
   66  2.9073e+09    17.5358    66    65     5.5625
   67  2.7781e+09    17.6941    67    66     5.6421
   68  2.7346e+09    17.7494    68    67     5.7216
   69  2.6968e+09    17.7982    69    68     5.8012
   70  2.6966e+09    17.7985    70    69     5.8807
   71  2.6709e+09    17.8322    71    70     5.9602
   72  2.6660e+09    17.8386    72    71     6.0398
   73  2.6001e+09    17.9267    73    72     6.1193
   74  2.4970e+09    18.0699    74    73     6.1988
   75  2.4897e+09    18.0803    75    74     6.2783
   76  2.3903e+09    18.2253    76    75     6.3579
   77  2.2822e+09    18.3911    77    76     6.4374
   78  2.2572e+09    18.4306    78    77     6.5169
   79  2.1872e+09    18.5443    79    78     6.5964
   80  2.1849e+09    18.5480    80    79     6.6759
   81  2.1594e+09    18.5905    81    80     6.7554
   82  2.0396e+09    18.7980    82    81     6.8349
   83  2.0345e+09    18.8072    83    82     6.9143
   84  2.0305e+09    18.8143    84    83     6.9938
   85  1.1969e+09    20.8146    85    84     7.0733
   86  1.1949e+09    20.8211    86    85     7.1528
   87  8.0148e+08    22.4283    87    86     7.2323
   88  8.0058e+08    22.4330    88    87     7.3117
   89  7.8718e+08    22.5027    89    88     7.3912
   90  7.0716e+08    22.9495    90    89     7.4707
   91  6.9864e+08    23.0004    91    90     7.5502
   92  6.9857e+08    23.0009    92    91     7.6296
   93  6.5572e+08    23.2680    93    92     7.7091
   94  5.7248e+08    23.8481    94    93     7.7885
   95  5.7180e+08    23.8533    95    94     7.8680
   96  5.6715e+08    23.8885    96    95     7.9475
   97  5.6577e+08    23.8990    97    96     8.0269
   98  5.4184e+08    24.0860    98    97     8.1064
   99  5.2441e+08    24.2282    99    98     8.1858
  100  5.1403e+08    24.3155   100    99     8.2653
