#indx Mass S step-number desc_indx 
    0  3.1600e+10    10.5496     0    -1     0.0134
    1  3.1406e+10    10.5645     1     0     0.1326
    2  3.1247e+10    10.5768     2     1     0.2441
    3  2.9240e+10    10.7384     3     2     0.3500
    4  2.9192e+10    10.7424     4     3     0.4519
    5  2.8900e+10    10.7671     5     4     0.5506
    6  2.6597e+10    10.9722     6     5     0.6467
    7  2.6411e+10    10.9897     7     6     0.7407
    8  2.5937e+10    11.0348     8     7     0.8330
    9  2.5756e+10    11.0523     9     8     0.9238
   10  2.5026e+10    11.1244    10     9     1.0134
   11  2.4940e+10    11.1330    11    10     1.1018
   12  2.4794e+10    11.1478    12    11     1.1894
   13  2.0915e+10    11.5816    13    12     1.2761
   14  2.0876e+10    11.5864    14    13     1.3621
   15  2.0030e+10    11.6938    15    14     1.4474
   16  1.9968e+10    11.7019    16    15     1.5322
   17  1.9654e+10    11.7432    17    16     1.6165
   18  1.9501e+10    11.7636    18    17     1.7003
   19  1.9419e+10    11.7746    19    18     1.7838
   20  1.7639e+10    12.0281    20    19     1.8669
   21  1.3489e+10    12.7557    21    20     1.9496
   22  1.1914e+10    13.1029    22    21     2.0321
   23  1.1815e+10    13.1265    23    22     2.1143
   24  1.0872e+10    13.3632    24    23     2.1963
   25  1.0710e+10    13.4063    25    24     2.2781
   26  1.0312e+10    13.5151    26    25     2.3597
   27  1.0190e+10    13.5498    27    26     2.4411
   28  1.0163e+10    13.5572    28    27     2.5223
   29  1.0124e+10    13.5685    29    28     2.6034
   30  1.0036e+10    13.5937    30    29     2.6844
   31  9.9431e+09    13.6207    31    30     2.7652
   32  9.7116e+09    13.6892    32    31     2.8459
   33  9.6002e+09    13.7229    33    32     2.9266
   34  9.3428e+09    13.8024    34    33     3.0071
   35  9.3270e+09    13.8073    35    34     3.0876
   36  6.7882e+09    14.7613    36    35     3.1680
   37  6.7850e+09    14.7627    37    36     3.2483
   38  6.7061e+09    14.7988    38    37     3.3285
   39  6.6808e+09    14.8104    39    38     3.4087
   40  6.6265e+09    14.8356    40    39     3.4889
   41  4.9719e+09    15.7409    41    40     3.5689
   42  4.9549e+09    15.7519    42    41     3.6490
   43  4.9279e+09    15.7695    43    42     3.7290
   44  4.8753e+09    15.8041    44    43     3.8089
   45  4.8400e+09    15.8276    45    44     3.8889
   46  4.6838e+09    15.9338    46    45     3.9688
   47  4.6010e+09    15.9918    47    46     4.0486
   48  4.4345e+09    16.1120    48    47     4.1285
   49  3.5744e+09    16.8285    49    48     4.2083
   50  3.5447e+09    16.8566    50    49     4.2881
   51  3.5344e+09    16.8665    51    50     4.3678
   52  3.3587e+09    17.0395    52    51     4.4476
   53  3.2841e+09    17.1160    53    52     4.5273
   54  3.2741e+09    17.1264    54    53     4.6070
   55  3.2621e+09    17.1390    55    54     4.6867
   56  3.1916e+09    17.2138    56    55     4.7664
   57  3.1221e+09    17.2893    57    56     4.8460
   58  3.0163e+09    17.4082    58    57     4.9257
   59  2.9824e+09    17.4473    59    58     5.0053
   60  2.9768e+09    17.4538    60    59     5.0849
   61  2.9744e+09    17.4566    61    60     5.1646
   62  2.9587e+09    17.4749    62    61     5.2442
   63  2.9521e+09    17.4827    63    62     5.3238
   64  2.9463e+09    17.4895    64    63     5.4033
   65  2.8412e+09    17.6158    65    64     5.4829
   66  2.8368e+09    17.6212    66    65     5.5625
   67  2.4393e+09    18.1530    67    66     5.6421
   68  2.4153e+09    18.1882    68    67     5.7216
   69  2.4099e+09    18.1962    69    68     5.8012
   70  2.3820e+09    18.2377    70    69     5.8807
   71  2.3818e+09    18.2381    71    70     5.9602
   72  2.3719e+09    18.2530    72    71     6.0398
   73  2.3673e+09    18.2599    73    72     6.1193
   74  2.3418e+09    18.2986    74    73     6.1988
   75  2.2875e+09    18.3827    75    74     6.2783
   76  2.2769e+09    18.3995    76    75     6.3579
   77  2.2738e+09    18.4043    77    76     6.4374
   78  2.2577e+09    18.4299    78    77     6.5169
   79  2.2430e+09    18.4534    79    78     6.5964
   80  2.2330e+09    18.4695    80    79     6.6759
   81  2.2299e+09    18.4745    81    80     6.7554
   82  2.2219e+09    18.4875    82    81     6.8349
   83  2.1879e+09    18.5431    83    82     6.9143
   84  2.1856e+09    18.5469    84    83     6.9938
   85  2.1206e+09    18.6562    85    84     7.0733
   86  9.3665e+08    21.7912    86    85     7.1528
   87  8.0735e+08    22.3982    87    86     7.2323
   88  8.0518e+08    22.4093    88    87     7.3117
   89  7.7148e+08    22.5862    89    88     7.3912
   90  7.4966e+08    22.7055    90    89     7.4707
   91  7.4485e+08    22.7323    91    90     7.5502
   92  7.4407e+08    22.7367    92    91     7.6296
   93  5.8372e+08    23.7644    93    92     7.7091
   94  5.7568e+08    23.8241    94    93     7.7885
   95  5.7529e+08    23.8270    95    94     7.8680
   96  5.6634e+08    23.8946    96    95     7.9475
   97  5.6277e+08    23.9219    97    96     8.0269
   98  5.3147e+08    24.1700    98    97     8.1064
   99  5.2121e+08    24.2549    99    98     8.1858
  100  5.1679e+08    24.2920   100    99     8.2653
