#indx Mass S step-number desc_indx 
    0  3.1600e+10    10.5496     0    -1     0.0134
    1  3.1150e+10    10.5843     1     0     0.1326
    2  3.0998e+10    10.5961     2     1     0.2441
    3  3.0698e+10    10.6198     3     2     0.3500
    4  2.9407e+10    10.7245     4     3     0.4519
    5  2.8379e+10    10.8118     5     4     0.5506
    6  2.6886e+10    10.9454     6     5     0.6467
    7  2.5345e+10    11.0925     7     6     0.7407
    8  2.4828e+10    11.1443     8     7     0.8330
    9  2.4791e+10    11.1480     9     8     0.9238
   10  2.4679e+10    11.1594    10     9     1.0134
   11  2.4668e+10    11.1605    11    10     1.1018
   12  2.4499e+10    11.1779    12    11     1.1894
   13  2.3397e+10    11.2943    13    12     1.2761
   14  2.3028e+10    11.3347    14    13     1.3621
   15  1.7398e+10    12.0646    15    14     1.4474
   16  1.7329e+10    12.0752    16    15     1.5322
   17  1.6826e+10    12.1537    17    16     1.6165
   18  1.6761e+10    12.1641    18    17     1.7003
   19  1.6652e+10    12.1816    19    18     1.7838
   20  1.6538e+10    12.2000    20    19     1.8669
   21  1.6465e+10    12.2119    21    20     1.9496
   22  1.6432e+10    12.2174    22    21     2.0321
   23  1.5962e+10    12.2955    23    22     2.1143
   24  1.5245e+10    12.4199    24    23     2.1963
   25  1.3914e+10    12.6699    25    24     2.2781
   26  1.3782e+10    12.6963    26    25     2.3597
   27  1.3678e+10    12.7171    27    26     2.4411
   28  1.3392e+10    12.7758    28    27     2.5223
   29  1.3326e+10    12.7894    29    28     2.6034
   30  1.3093e+10    12.8384    30    29     2.6844
   31  1.2697e+10    12.9240    31    30     2.7652
   32  1.0430e+10    13.4825    32    31     2.8459
   33  1.0300e+10    13.5185    33    32     2.9266
   34  9.9914e+09    13.6067    34    33     3.0071
   35  9.9869e+09    13.6080    35    34     3.0876
   36  9.7300e+09    13.6837    36    35     3.1680
   37  9.7120e+09    13.6891    37    36     3.2483
   38  9.5443e+09    13.7400    38    37     3.3285
   39  9.4351e+09    13.7736    39    38     3.4087
   40  9.2664e+09    13.8265    40    39     3.4889
   41  9.2498e+09    13.8317    41    40     3.5689
   42  9.2348e+09    13.8365    42    41     3.6490
   43  9.2290e+09    13.8383    43    42     3.7290
   44  9.1266e+09    13.8711    44    43     3.8089
   45  8.9341e+09    13.9339    45    44     3.8889
   46  8.8477e+09    13.9626    46    45     3.9688
   47  8.8309e+09    13.9682    47    46     4.0486
   48  8.5253e+09    14.0726    48    47     4.1285
   49  8.5248e+09    14.0727    49    48     4.2083
   50  8.4362e+09    14.1038    50    49     4.2881
   51  6.9942e+09    14.6696    51    50     4.3678
   52  6.9875e+09    14.6726    52    51     4.4476
   53  6.9601e+09    14.6846    53    52     4.5273
   54  6.7273e+09    14.7890    54    53     4.6070
   55  6.4955e+09    14.8973    55    54     4.6867
   56  6.4775e+09    14.9059    56    55     4.7664
   57  6.2052e+09    15.0392    57    56     4.8460
   58  6.0810e+09    15.1023    58    57     4.9257
   59  5.1802e+09    15.6092    59    58     5.0053
   60  4.9894e+09    15.7296    60    59     5.0849
   61  4.3973e+09    16.1396    61    60     5.1646
   62  4.3917e+09    16.1438    62    61     5.2442
   63  4.3843e+09    16.1493    63    62     5.3238
   64  4.3819e+09    16.1511    64    63     5.4033
   65  4.2034e+09    16.2878    65    64     5.4829
   66  4.1355e+09    16.3415    66    65     5.5625
   67  4.1296e+09    16.3462    67    66     5.6421
   68  4.1265e+09    16.3488    68    67     5.7216
   69  4.1224e+09    16.3521    69    68     5.8012
   70  3.8386e+09    16.5891    70    69     5.8807
   71  3.8377e+09    16.5898    71    70     5.9602
   72  3.6826e+09    16.7280    72    71     6.0398
   73  3.6685e+09    16.7409    73    72     6.1193
   74  3.6436e+09    16.7639    74    73     6.1988
   75  3.6198e+09    16.7859    75    74     6.2783
   76  3.6112e+09    16.7940    76    75     6.3579
   77  3.5912e+09    16.8126    77    76     6.4374
   78  3.4992e+09    16.9004    78    77     6.5169
   79  3.4924e+09    16.9069    79    78     6.5964
   80  3.4839e+09    16.9152    80    79     6.6759
   81  3.4598e+09    16.9387    81    80     6.7554
   82  3.4397e+09    16.9584    82    81     6.8349
   83  3.4110e+09    16.9869    83    82     6.9143
   84  3.3970e+09    17.0008    84    83     6.9938
   85  3.2410e+09    17.1611    85    84     7.0733
   86  3.0980e+09    17.3161    86    85     7.1528
   87  3.0928e+09    17.3219    87    86     7.2323
   88  3.0795e+09    17.3366    88    87     7.3117
   89  2.5793e+09    17.9551    89    88     7.3912
   90  2.4826e+09    18.0904    90    89     7.4707
   91  2.2216e+09    18.4880    91    90     7.5502
   92  2.0019e+09    18.8662    92    91     7.6296
   93  1.9709e+09    18.9232    93    92     7.7091
   94  1.8919e+09    19.0738    94    93     7.7885
   95  1.8826e+09    19.0918    95    94     7.8680
   96  1.7239e+09    19.4186    96    95     7.9475
   97  1.7027e+09    19.4649    97    96     8.0269
   98  1.7007e+09    19.4693    98    97     8.1064
   99  1.6676e+09    19.5429    99    98     8.1858
  100  1.6631e+09    19.5531   100    99     8.2653
