#indx Mass S step-number desc_indx 
    0  3.1600e+10    10.5496     0    -1     0.0134
    1  3.1541e+10    10.5541     1     0     0.1326
    2  3.1498e+10    10.5574     2     1     0.2441
    3  3.1371e+10    10.5672     3     2     0.3500
    4  3.1241e+10    10.5772     4     3     0.4519
    5  3.1210e+10    10.5796     5     4     0.5506
    6  3.0381e+10    10.6450     6     5     0.6467
    7  2.9807e+10    10.6915     7     6     0.7407
    8  2.9624e+10    10.7065     8     7     0.8330
    9  2.9454e+10    10.7206     9     8     0.9238
   10  2.9446e+10    10.7213    10     9     1.0134
   11  2.8899e+10    10.7672    11    10     1.1018
   12  2.8303e+10    10.8184    12    11     1.1894
   13  1.4469e+10    12.5624    13    12     1.2761
   14  1.4452e+10    12.5656    14    13     1.3621
   15  1.4332e+10    12.5885    15    14     1.4474
   16  1.4317e+10    12.5915    16    15     1.5322
   17  1.4082e+10    12.6368    17    16     1.6165
   18  1.3970e+10    12.6589    18    17     1.7003
   19  1.3364e+10    12.7815    19    18     1.7838
   20  1.3162e+10    12.8238    20    19     1.8669
   21  1.2810e+10    12.8993    21    20     1.9496
   22  1.1836e+10    13.1216    22    21     2.0321
   23  1.1659e+10    13.1642    23    22     2.1143
   24  1.0493e+10    13.4652    24    23     2.1963
   25  1.0480e+10    13.4687    25    24     2.2781
   26  9.8270e+09    13.6549    26    25     2.3597
   27  9.4357e+09    13.7734    27    26     2.4411
   28  9.3335e+09    13.8053    28    27     2.5223
   29  9.2749e+09    13.8238    29    28     2.6034
   30  9.1239e+09    13.8720    30    29     2.6844
   31  9.0379e+09    13.8999    31    30     2.7652
   32  9.0071e+09    13.9099    32    31     2.8459
   33  8.9887e+09    13.9160    33    32     2.9266
   34  8.9661e+09    13.9234    34    33     3.0071
   35  8.7225e+09    14.0047    35    34     3.0876
   36  8.6929e+09    14.0148    36    35     3.1680
   37  8.6075e+09    14.0441    37    36     3.2483
   38  8.5948e+09    14.0485    38    37     3.3285
   39  8.5689e+09    14.0574    39    38     3.4087
   40  8.5217e+09    14.0738    40    39     3.4889
   41  8.5081e+09    14.0786    41    40     3.5689
   42  7.4188e+09    14.4900    42    41     3.6490
   43  7.4169e+09    14.4908    43    42     3.7290
   44  6.2537e+09    15.0150    44    43     3.8089
   45  6.2139e+09    15.0349    45    44     3.8889
   46  6.2079e+09    15.0379    46    45     3.9688
   47  6.0286e+09    15.1294    47    46     4.0486
   48  6.0187e+09    15.1345    48    47     4.1285
   49  1.1825e+09    20.8620    49    48     4.2083
   50  1.1771e+09    20.8800    50    49     4.2881
   51  1.0445e+09    21.3534    51    50     4.3678
   52  1.0443e+09    21.3538    52    51     4.4476
   53  9.4874e+08    21.7393    53    52     4.5273
   54  9.4355e+08    21.7615    54    53     4.6070
   55  6.4849e+08    23.3150    55    54     4.6867
   56  6.2915e+08    23.4437    56    55     4.7664
   57  6.2742e+08    23.4554    57    56     4.8460
   58  6.1923e+08    23.5115    58    57     4.9257
   59  6.1787e+08    23.5208    59    58     5.0053
   60  6.1367e+08    23.5499    60    59     5.0849
   61  5.6884e+08    23.8756    61    60     5.1646
   62  5.6268e+08    23.9226    62    61     5.2442
   63  5.4365e+08    24.0715    63    62     5.3238
   64  4.5945e+08    24.8092    64    63     5.4033
   65  4.5805e+08    24.8228    65    64     5.4829
   66  4.5508e+08    24.8516    66    65     5.5625
   67  4.0853e+08    25.3334    67    66     5.6421
   68  3.8989e+08    25.5439    68    67     5.7216
   69  3.8735e+08    25.5734    69    68     5.8012
   70  3.8335e+08    25.6204    70    69     5.8807
   71  3.8268e+08    25.6282    71    70     5.9602
   72  3.8259e+08    25.6293    72    71     6.0398
   73  3.7901e+08    25.6719    73    72     6.1193
   74  3.6760e+08    25.8109    74    73     6.1988
   75  3.6610e+08    25.8295    75    74     6.2783
   76  3.6398e+08    25.8560    76    75     6.3579
   77  3.6255e+08    25.8740    77    76     6.4374
   78  3.5649e+08    25.9508    78    77     6.5169
   79  3.5629e+08    25.9535    79    78     6.5964
   80  3.3357e+08    26.2558    80    79     6.6759
   81  3.3302e+08    26.2634    81    80     6.7554
   82  3.3273e+08    26.2674    82    81     6.8349
   83  3.2544e+08    26.3695    83    82     6.9143
   84  3.0068e+08    26.7370    84    83     6.9938
   85  2.9979e+08    26.7508    85    84     7.0733
   86  2.9793e+08    26.7799    86    85     7.1528
   87  2.5263e+08    27.5577    87    86     7.2323
   88  2.5206e+08    27.5684    88    87     7.3117
   89  2.4233e+08    27.7565    89    88     7.3912
   90  2.4217e+08    27.7597    90    89     7.4707
   91  2.3704e+08    27.8623    91    90     7.5502
   92  2.3699e+08    27.8633    92    91     7.6296
   93  2.3691e+08    27.8648    93    92     7.7091
   94  2.3062e+08    27.9943    94    93     7.7885
   95  1.9575e+08    28.7912    95    94     7.8680
   96  1.9561e+08    28.7946    96    95     7.9475
   97  1.9417e+08    28.8308    97    96     8.0269
   98  1.9202e+08    28.8857    98    97     8.1064
   99  1.9145e+08    28.9004    99    98     8.1858
  100  1.6222e+08    29.7234   100    99     8.2653
