#indx Mass S step-number desc_indx 
    0  3.1600e+10    10.5496     0    -1     0.0134
    1  3.0740e+10    10.6164     1     0     0.1326
    2  3.0694e+10    10.6201     2     1     0.2441
    3  3.0450e+10    10.6395     3     2     0.3500
    4  3.0382e+10    10.6449     4     3     0.4519
    5  2.9975e+10    10.6777     5     4     0.5506
    6  2.8627e+10    10.7904     6     5     0.6467
    7  2.8572e+10    10.7951     7     6     0.7407
    8  2.8176e+10    10.8295     8     7     0.8330
    9  1.7278e+10    12.0830     9     8     0.9238
   10  1.6495e+10    12.2071    10     9     1.0134
   11  1.6387e+10    12.2247    11    10     1.1018
   12  1.6254e+10    12.2467    12    11     1.1894
   13  1.6146e+10    12.2645    13    12     1.2761
   14  1.6093e+10    12.2734    14    13     1.3621
   15  1.6052e+10    12.2804    15    14     1.4474
   16  1.5974e+10    12.2934    16    15     1.5322
   17  1.5843e+10    12.3156    17    16     1.6165
   18  1.5653e+10    12.3483    18    17     1.7003
   19  1.5192e+10    12.4293    19    18     1.7838
   20  1.5025e+10    12.4595    20    19     1.8669
   21  1.4627e+10    12.5328    21    20     1.9496
   22  1.2997e+10    12.8589    22    21     2.0321
   23  1.2437e+10    12.9820    23    22     2.1143
   24  9.4283e+09    13.7757    24    23     2.1963
   25  9.0311e+09    13.9021    25    24     2.2781
   26  8.8282e+09    13.9691    26    25     2.3597
   27  8.7302e+09    14.0021    27    26     2.4411
   28  8.6222e+09    14.0390    28    27     2.5223
   29  8.5466e+09    14.0652    29    28     2.6034
   30  8.5335e+09    14.0697    30    29     2.6844
   31  7.8851e+09    14.3059    31    30     2.7652
   32  7.8811e+09    14.3074    32    31     2.8459
   33  7.2994e+09    14.5393    33    32     2.9266
   34  6.9718e+09    14.6794    34    33     3.0071
   35  6.9650e+09    14.6824    35    34     3.0876
   36  6.2159e+09    15.0338    36    35     3.1680
   37  6.1662e+09    15.0588    37    36     3.2483
   38  6.1034e+09    15.0908    38    37     3.3285
   39  6.0659e+09    15.1101    39    38     3.4087
   40  5.9198e+09    15.1864    40    39     3.4889
   41  5.7561e+09    15.2745    41    40     3.5689
   42  5.7472e+09    15.2794    42    41     3.6490
   43  5.7375e+09    15.2847    43    42     3.7290
   44  4.5370e+09    16.0374    44    43     3.8089
   45  4.5255e+09    16.0456    45    44     3.8889
   46  4.5221e+09    16.0481    46    45     3.9688
   47  4.4765e+09    16.0812    47    46     4.0486
   48  4.4429e+09    16.1058    48    47     4.1285
   49  4.4146e+09    16.1268    49    48     4.2083
   50  4.3104e+09    16.2051    50    49     4.2881
   51  2.0295e+09    18.8161    51    50     4.3678
   52  1.9890e+09    18.8898    52    51     4.4476
   53  1.9335e+09    18.9936    53    52     4.5273
   54  1.5358e+09    19.8533    54    53     4.6070
   55  1.1213e+09    21.0714    55    54     4.6867
   56  1.0985e+09    21.1528    56    55     4.7664
   57  1.0954e+09    21.1641    57    56     4.8460
   58  1.0869e+09    21.1948    58    57     4.9257
   59  1.0831e+09    21.2088    59    58     5.0053
   60  1.0743e+09    21.2413    60    59     5.0849
   61  1.0692e+09    21.2601    61    60     5.1646
   62  1.0374e+09    21.3805    62    61     5.2442
   63  9.6796e+08    21.6583    63    62     5.3238
   64  9.5752e+08    21.7020    64    63     5.4033
   65  9.5108e+08    21.7293    65    64     5.4829
   66  9.4956e+08    21.7358    66    65     5.5625
   67  9.3324e+08    21.8059    67    66     5.6421
   68  8.8343e+08    22.0288    68    67     5.7216
   69  8.8247e+08    22.0332    69    68     5.8012
   70  8.7506e+08    22.0677    70    69     5.8807
   71  8.5859e+08    22.1453    71    70     5.9602
   72  8.4138e+08    22.2283    72    71     6.0398
   73  8.3923e+08    22.2388    73    72     6.1193
   74  8.0119e+08    22.4298    74    73     6.1988
   75  7.8424e+08    22.5183    75    74     6.2783
   76  7.8188e+08    22.5308    76    75     6.3579
   77  7.8170e+08    22.5317    77    76     6.4374
   78  7.7957e+08    22.5430    78    77     6.5169
   79  7.1868e+08    22.8818    79    78     6.5964
   80  7.1832e+08    22.8839    80    79     6.6759
   81  7.0055e+08    22.9890    81    80     6.7554
   82  6.8298e+08    23.0959    82    81     6.8349
   83  6.6150e+08    23.2308    83    82     6.9143
   84  4.7730e+08    24.6407    84    83     6.9938
   85  4.7580e+08    24.6547    85    84     7.0733
   86  4.7423e+08    24.6692    86    85     7.1528
   87  4.5828e+08    24.8205    87    86     7.2323
   88  4.5429e+08    24.8593    88    87     7.3117
   89  4.2890e+08    25.1154    89    88     7.3912
   90  4.2586e+08    25.1471    90    89     7.4707
   91  3.8959e+08    25.5473    91    90     7.5502
   92  3.8948e+08    25.5486    92    91     7.6296
   93  3.8787e+08    25.5674    93    92     7.7091
   94  3.8197e+08    25.6367    94    93     7.7885
   95  3.8175e+08    25.6394    95    94     7.8680
   96  3.7418e+08    25.7302    96    95     7.9475
   97  3.5831e+08    25.9276    97    96     8.0269
   98  3.4471e+08    26.1047    98    97     8.1064
   99  3.4451e+08    26.1074    99    98     8.1858
  100  3.3753e+08    26.2014   100    99     8.2653
