#indx Mass S step-number desc_indx 
    0  3.1600e+10    10.5496     0    -1     0.0134
    1  3.1473e+10    10.5593     1     0     0.1326
    2  3.1353e+10    10.5686     2     1     0.2441
    3  3.0234e+10    10.6568     3     2     0.3500
    4  3.0149e+10    10.6637     4     3     0.4519
    5  2.7330e+10    10.9048     5     4     0.5506
    6  2.6737e+10    10.9592     6     5     0.6467
    7  2.6167e+10    11.0128     7     6     0.7407
    8  2.6068e+10    11.0222     8     7     0.8330
    9  2.5723e+10    11.0555     9     8     0.9238
   10  2.5672e+10    11.0605    10     9     1.0134
   11  2.5428e+10    11.0843    11    10     1.1018
   12  2.5352e+10    11.0919    12    11     1.1894
   13  2.5314e+10    11.0957    13    12     1.2761
   14  2.3632e+10    11.2690    14    13     1.3621
   15  2.2758e+10    11.3647    15    14     1.4474
   16  2.2727e+10    11.3683    16    15     1.5322
   17  2.2638e+10    11.3782    17    16     1.6165
   18  2.2540e+10    11.3894    18    17     1.7003
   19  2.2373e+10    11.4084    19    18     1.7838
   20  2.1233e+10    11.5427    20    19     1.8669
   21  1.9407e+10    11.7762    21    20     1.9496
   22  1.9374e+10    11.7806    22    21     2.0321
   23  1.9346e+10    11.7844    23    22     2.1143
   24  1.9117e+10    11.8157    24    23     2.1963
   25  1.7850e+10    11.9965    25    24     2.2781
   26  1.7631e+10    12.0293    26    25     2.3597
   27  1.7492e+10    12.0503    27    26     2.4411
   28  1.7309e+10    12.0783    28    27     2.5223
   29  1.6285e+10    12.2415    29    28     2.6034
   30  1.5731e+10    12.3349    30    29     2.6844
   31  1.5158e+10    12.4354    31    30     2.7652
   32  1.5081e+10    12.4494    32    31     2.8459
   33  1.4810e+10    12.4988    33    32     2.9266
   34  1.3760e+10    12.7007    34    33     3.0071
   35  1.3640e+10    12.7249    35    34     3.0876
   36  1.3499e+10    12.7536    36    35     3.1680
   37  1.3098e+10    12.8373    37    36     3.2483
   38  1.2925e+10    12.8743    38    37     3.3285
   39  1.2820e+10    12.8972    39    38     3.4087
   40  1.2795e+10    12.9027    40    39     3.4889
   41  1.2737e+10    12.9153    41    40     3.5689
   42  1.2470e+10    12.9745    42    41     3.6490
   43  1.0913e+10    13.3524    43    42     3.7290
   44  9.1625e+09    13.8596    44    43     3.8089
   45  9.1102e+09    13.8764    45    44     3.8889
   46  8.5541e+09    14.0626    46    45     3.9688
   47  8.5043e+09    14.0799    47    46     4.0486
   48  7.0120e+09    14.6618    48    47     4.1285
   49  6.7089e+09    14.7975    49    48     4.2083
   50  6.3468e+09    14.9691    50    49     4.2881
   51  6.3330e+09    14.9758    51    50     4.3678
   52  6.1489e+09    15.0676    52    51     4.4476
   53  6.1436e+09    15.0703    53    52     4.5273
   54  5.5376e+09    15.3968    54    53     4.6070
   55  5.5340e+09    15.3989    55    54     4.6867
   56  5.5183e+09    15.4078    56    55     4.7664
   57  5.4244e+09    15.4623    57    56     4.8460
   58  5.4140e+09    15.4684    58    57     4.9257
   59  5.4060e+09    15.4731    59    58     5.0053
   60  5.3993e+09    15.4771    60    59     5.0849
   61  5.3091e+09    15.5307    61    60     5.1646
   62  2.6813e+09    17.8184    62    61     5.2442
   63  1.6894e+09    19.4943    63    62     5.3238
   64  1.6729e+09    19.5310    64    63     5.4033
   65  1.6305e+09    19.6274    65    64     5.4829
   66  1.6274e+09    19.6346    66    65     5.5625
   67  1.6261e+09    19.6375    67    66     5.6421
   68  1.6227e+09    19.6453    68    67     5.7216
   69  1.6212e+09    19.6489    69    68     5.8012
   70  1.4337e+09    20.1153    70    69     5.8807
   71  1.4322e+09    20.1194    71    70     5.9602
   72  1.1661e+09    20.9170    72    71     6.0398
   73  1.1567e+09    20.9487    73    72     6.1193
   74  1.1471e+09    20.9817    74    73     6.1988
   75  1.0579e+09    21.3023    75    74     6.2783
   76  1.0498e+09    21.3331    76    75     6.3579
   77  9.4820e+08    21.7416    77    76     6.4374
   78  9.1602e+08    21.8814    78    77     6.5169
   79  8.9828e+08    21.9609    79    78     6.5964
   80  8.8907e+08    22.0028    80    79     6.6759
   81  8.7928e+08    22.0480    81    80     6.7554
   82  8.7893e+08    22.0496    82    81     6.8349
   83  2.9959e+08    26.7539    83    82     6.9143
   84  2.1529e+08    28.3266    84    83     6.9938
   85  2.0405e+08    28.5878    85    84     7.0733
   86  2.0160e+08    28.6468    86    85     7.1528
   87  1.9090e+08    28.9143    87    86     7.2323
   88  1.8633e+08    29.0338    88    87     7.3117
   89  1.8507e+08    29.0672    89    88     7.3912
   90  1.8373e+08    29.1034    90    89     7.4707
   91  1.8338e+08    29.1126    91    90     7.5502
   92  1.3973e+08    30.4784    92    91     7.6296
   93  1.3635e+08    30.6035    93    92     7.7091
   94  1.1362e+08    31.5460    94    93     7.7885
   95  1.1329e+08    31.5611    95    94     7.8680
   96  1.0878e+08    31.7740    96    95     7.9475
   97  1.0870e+08    31.7780    97    96     8.0269
   98  1.0460e+08    31.9803    98    97     8.1064
   99  1.0171e+08    32.1283    99    98     8.1858
