#indx Mass S step-number desc_indx 
    0  3.1600e+10    10.5496     0    -1     0.0134
    1  3.1510e+10    10.5565     1     0     0.1326
    2  3.0927e+10    10.6017     2     1     0.2441
    3  3.0804e+10    10.6114     3     2     0.3500
    4  3.0701e+10    10.6195     4     3     0.4519
    5  3.0328e+10    10.6493     5     4     0.5506
    6  3.0023e+10    10.6739     6     5     0.6467
    7  2.8810e+10    10.7748     7     6     0.7407
    8  2.3403e+10    11.2937     8     7     0.8330
    9  2.0883e+10    11.5856     9     8     0.9238
   10  2.0609e+10    11.6198    10     9     1.0134
   11  2.0562e+10    11.6257    11    10     1.1018
   12  2.0018e+10    11.6953    12    11     1.1894
   13  1.9897e+10    11.7111    13    12     1.2761
   14  1.9786e+10    11.7257    14    13     1.3621
   15  1.9564e+10    11.7551    15    14     1.4474
   16  1.4165e+10    12.6207    16    15     1.5322
   17  1.4089e+10    12.6355    17    16     1.6165
   18  1.3868e+10    12.6790    18    17     1.7003
   19  1.1328e+10    13.2458    19    18     1.7838
   20  1.0674e+10    13.4159    20    19     1.8669
   21  9.9546e+09    13.6174    21    20     1.9496
   22  8.5259e+09    14.0724    22    21     2.0321
   23  8.5004e+09    14.0813    23    22     2.1143
   24  8.2548e+09    14.1686    24    23     2.1963
   25  7.8545e+09    14.3176    25    24     2.2781
   26  7.8467e+09    14.3206    26    25     2.3597
   27  7.6086e+09    14.4135    27    26     2.4411
   28  7.6051e+09    14.4149    28    27     2.5223
   29  7.2772e+09    14.5486    29    28     2.6034
   30  7.1241e+09    14.6134    30    29     2.6844
   31  7.1011e+09    14.6233    31    30     2.7652
   32  6.7806e+09    14.7647    32    31     2.8459
   33  6.6492e+09    14.8250    33    32     2.9266
   34  6.5288e+09    14.8814    34    33     3.0071
   35  6.5026e+09    14.8939    35    34     3.0876
   36  6.4693e+09    14.9098    36    35     3.1680
   37  6.2769e+09    15.0034    37    36     3.2483
   38  6.1156e+09    15.0846    38    37     3.3285
   39  5.7954e+09    15.2531    39    38     3.4087
   40  5.7643e+09    15.2701    40    39     3.4889
   41  5.7149e+09    15.2972    41    40     3.5689
   42  5.6964e+09    15.3074    42    41     3.6490
   43  5.4238e+09    15.4627    43    42     3.7290
   44  5.3607e+09    15.4999    44    43     3.8089
   45  5.2573e+09    15.5620    45    44     3.8889
   46  5.0960e+09    15.6617    46    45     3.9688
   47  2.2061e+09    18.5131    47    46     4.0486
   48  2.2056e+09    18.5140    48    47     4.1285
   49  2.1956e+09    18.5305    49    48     4.2083
   50  2.1830e+09    18.5513    50    49     4.2881
   51  2.1724e+09    18.5689    51    50     4.3678
   52  2.1659e+09    18.5796    52    51     4.4476
   53  2.1535e+09    18.6005    53    52     4.5273
   54  2.1376e+09    18.6273    54    53     4.6070
   55  2.1367e+09    18.6289    55    54     4.6867
   56  2.1298e+09    18.6406    56    55     4.7664
   57  2.0654e+09    18.7522    57    56     4.8460
   58  2.0586e+09    18.7642    58    57     4.9257
   59  2.0556e+09    18.7694    59    58     5.0053
   60  2.0085e+09    18.8542    60    59     5.0849
   61  1.9857e+09    18.8959    61    60     5.1646
   62  1.9796e+09    18.9072    62    61     5.2442
   63  1.9624e+09    18.9392    63    62     5.3238
   64  1.8406e+09    19.1752    64    63     5.4033
   65  1.8165e+09    19.2240    65    64     5.4829
   66  1.7331e+09    19.3988    66    65     5.5625
   67  1.2886e+09    20.5266    67    66     5.6421
   68  1.2285e+09    20.7124    68    67     5.7216
   69  1.2224e+09    20.7319    69    68     5.8012
   70  1.2205e+09    20.7380    70    69     5.8807
   71  1.2128e+09    20.7630    71    70     5.9602
   72  1.1984e+09    20.8095    72    71     6.0398
   73  1.1871e+09    20.8466    73    72     6.1193
   74  1.1816e+09    20.8649    74    73     6.1988
   75  1.0937e+09    21.1700    75    74     6.2783
   76  1.0485e+09    21.3381    76    75     6.3579
   77  1.0146e+09    21.4693    77    76     6.4374
   78  1.0088e+09    21.4921    78    77     6.5169
   79  1.0070e+09    21.4994    79    78     6.5964
   80  1.0014e+09    21.5219    80    79     6.6759
   81  9.9483e+08    21.5482    81    80     6.7554
   82  9.9361e+08    21.5531    82    81     6.8349
   83  9.9170e+08    21.5608    83    82     6.9143
   84  9.4354e+08    21.7615    84    83     6.9938
   85  8.3634e+08    22.2530    85    84     7.0733
   86  8.1862e+08    22.3411    86    85     7.1528
   87  7.8231e+08    22.5285    87    86     7.2323
   88  7.7342e+08    22.5758    88    87     7.3117
   89  7.6738e+08    22.6083    89    88     7.3912
   90  7.6660e+08    22.6126    90    89     7.4707
   91  7.6230e+08    22.6359    91    90     7.5502
   92  7.6120e+08    22.6420    92    91     7.6296
   93  7.5913e+08    22.6533    93    92     7.7091
   94  7.4348e+08    22.7400    94    93     7.7885
   95  7.3777e+08    22.7722    95    94     7.8680
   96  7.2576e+08    22.8408    96    95     7.9475
   97  7.2440e+08    22.8487    97    96     8.0269
   98  7.1945e+08    22.8773    98    97     8.1064
   99  6.0917e+08    23.5814    99    98     8.1858
  100  6.0426e+08    23.6160   100    99     8.2653
