#indx Mass S step-number desc_indx 
    0  3.1600e+10    10.5496     0    -1     0.0134
    1  2.9249e+10    10.7377     1     0     0.1326
    2  2.7189e+10    10.9176     2     1     0.2441
    3  1.7208e+10    12.0939     3     2     0.3500
    4  1.6346e+10    12.2314     4     3     0.4519
    5  1.6186e+10    12.2579     5     4     0.5506
    6  1.3497e+10    12.7541     6     5     0.6467
    7  1.1226e+10    13.2716     7     6     0.7407
    8  1.1070e+10    13.3116     8     7     0.8330
    9  1.1046e+10    13.3178     9     8     0.9238
   10  1.0906e+10    13.3544    10     9     1.0134
   11  9.4735e+09    13.7617    11    10     1.1018
   12  8.5994e+09    14.0469    12    11     1.1894
   13  7.8981e+09    14.3010    13    12     1.2761
   14  7.8402e+09    14.3231    14    13     1.3621
   15  7.7077e+09    14.3745    15    14     1.4474
   16  7.6640e+09    14.3916    16    15     1.5322
   17  7.5696e+09    14.4290    17    16     1.6165
   18  7.5638e+09    14.4314    18    17     1.7003
   19  7.5435e+09    14.4395    19    18     1.7838
   20  7.5172e+09    14.4501    20    19     1.8669
   21  7.5091e+09    14.4534    21    20     1.9496
   22  7.3886e+09    14.5024    22    21     2.0321
   23  7.2271e+09    14.5696    23    22     2.1143
   24  5.4077e+09    15.4721    24    23     2.1963
   25  5.1041e+09    15.6566    25    24     2.2781
   26  5.0921e+09    15.6641    26    25     2.3597
   27  5.0626e+09    15.6828    27    26     2.4411
   28  5.0557e+09    15.6872    28    27     2.5223
   29  5.0417e+09    15.6961    29    28     2.6034
   30  5.0150e+09    15.7131    30    29     2.6844
   31  4.4640e+09    16.0904    31    30     2.7652
   32  4.0108e+09    16.4430    32    31     2.8459
   33  3.9816e+09    16.4672    33    32     2.9266
   34  3.8037e+09    16.6196    34    33     3.0071
   35  3.7447e+09    16.6720    35    34     3.0876
   36  3.5621e+09    16.8401    36    35     3.1680
   37  3.4862e+09    16.9129    37    36     3.2483
   38  3.4349e+09    16.9632    38    37     3.3285
   39  3.4009e+09    16.9969    39    38     3.4087
   40  3.0713e+09    17.3459    40    39     3.4889
   41  2.8115e+09    17.6524    41    40     3.5689
   42  2.7493e+09    17.7306    42    41     3.6490
   43  2.6640e+09    17.8413    43    42     3.7290
   44  2.5279e+09    18.0263    44    43     3.8089
   45  2.5257e+09    18.0294    45    44     3.8889
   46  2.5231e+09    18.0330    46    45     3.9688
   47  2.1643e+09    18.5824    47    46     4.0486
   48  1.6222e+09    19.6466    48    47     4.1285
   49  1.5368e+09    19.8508    49    48     4.2083
   50  1.4986e+09    19.9464    50    49     4.2881
   51  1.4978e+09    19.9484    51    50     4.3678
   52  1.4893e+09    19.9702    52    51     4.4476
   53  1.4833e+09    19.9856    53    52     4.5273
   54  1.4327e+09    20.1180    54    53     4.6070
   55  1.4300e+09    20.1251    55    54     4.6867
   56  1.4267e+09    20.1340    56    55     4.7664
   57  1.3896e+09    20.2351    57    56     4.8460
   58  8.9793e+08    21.9625    58    57     4.9257
   59  8.8679e+08    22.0133    59    58     5.0053
   60  8.6948e+08    22.0938    60    59     5.0849
   61  8.6394e+08    22.1199    61    60     5.1646
   62  8.6182e+08    22.1300    62    61     5.2442
   63  8.6162e+08    22.1309    63    62     5.3238
   64  8.5022e+08    22.1854    64    63     5.4033
   65  8.4785e+08    22.1969    65    64     5.4829
   66  8.4696e+08    22.2012    66    65     5.5625
   67  8.4383e+08    22.2164    67    66     5.6421
   68  8.3390e+08    22.2650    68    67     5.7216
   69  8.2946e+08    22.2869    69    68     5.8012
   70  7.9787e+08    22.4470    70    69     5.8807
   71  7.5537e+08    22.6739    71    70     5.9602
   72  7.5307e+08    22.6866    72    71     6.0398
   73  7.4706e+08    22.7200    73    72     6.1193
   74  7.4431e+08    22.7354    74    73     6.1988
   75  7.3422e+08    22.7923    75    74     6.2783
   76  7.3069e+08    22.8124    76    75     6.3579
   77  7.0763e+08    22.9467    77    76     6.4374
   78  6.9968e+08    22.9942    78    77     6.5169
   79  6.3843e+08    23.3814    79    78     6.5964
   80  6.2723e+08    23.4567    80    79     6.6759
   81  6.2714e+08    23.4573    81    80     6.7554
   82  6.2604e+08    23.4648    82    81     6.8349
   83  5.9023e+08    23.7167    83    82     6.9143
   84  5.8045e+08    23.7886    84    83     6.9938
   85  5.7987e+08    23.7929    85    84     7.0733
   86  5.6994e+08    23.8673    86    85     7.1528
   87  5.5436e+08    23.9871    87    86     7.2323
   88  5.1612e+08    24.2977    88    87     7.3117
   89  5.1230e+08    24.3302    89    88     7.3912
   90  5.1111e+08    24.3403    90    89     7.4707
   91  3.5278e+08    25.9987    91    90     7.5502
   92  3.5210e+08    26.0076    92    91     7.6296
   93  3.5132e+08    26.0177    93    92     7.7091
   94  3.4509e+08    26.0997    94    93     7.7885
   95  2.9268e+08    26.8629    95    94     7.8680
   96  2.9244e+08    26.8668    96    95     7.9475
   97  2.9229e+08    26.8691    97    96     8.0269
   98  2.4264e+08    27.7503    98    97     8.1064
   99  2.2234e+08    28.1707    99    98     8.1858
  100  2.2027e+08    28.2159   100    99     8.2653
