#indx Mass S step-number desc_indx 
    0  3.1600e+10    10.5496     0    -1     0.0134
    1  3.1546e+10    10.5537     1     0     0.1326
    2  3.1172e+10    10.5826     2     1     0.2441
    3  3.0919e+10    10.6023     3     2     0.3500
    4  3.0502e+10    10.6353     4     3     0.4519
    5  3.0181e+10    10.6611     5     4     0.5506
    6  3.0067e+10    10.6703     6     5     0.6467
    7  2.9154e+10    10.7457     7     6     0.7407
    8  2.9057e+10    10.7538     8     7     0.8330
    9  2.7048e+10    10.9305     9     8     0.9238
   10  2.6785e+10    10.9547    10     9     1.0134
   11  2.6322e+10    10.9980    11    10     1.1018
   12  2.5013e+10    11.1256    12    11     1.1894
   13  2.4998e+10    11.1272    13    12     1.2761
   14  2.4895e+10    11.1375    14    13     1.3621
   15  2.4575e+10    11.1701    15    14     1.4474
   16  2.3686e+10    11.2631    16    15     1.5322
   17  1.3551e+10    12.7430    17    16     1.6165
   18  1.3304e+10    12.7941    18    17     1.7003
   19  1.2313e+10    13.0101    19    18     1.7838
   20  1.1472e+10    13.2101    20    19     1.8669
   21  1.1453e+10    13.2148    21    20     1.9496
   22  1.1347e+10    13.2413    22    21     2.0321
   23  9.0749e+09    13.8878    23    22     2.1143
   24  9.0021e+09    13.9116    24    23     2.1963
   25  8.5725e+09    14.0562    25    24     2.2781
   26  8.3637e+09    14.1295    26    25     2.3597
   27  8.2440e+09    14.1725    27    26     2.4411
   28  8.0656e+09    14.2380    28    27     2.5223
   29  8.0359e+09    14.2490    29    28     2.6034
   30  7.8890e+09    14.3044    30    29     2.6844
   31  7.7517e+09    14.3573    31    30     2.7652
   32  7.3094e+09    14.5351    32    31     2.8459
   33  7.2723e+09    14.5506    33    32     2.9266
   34  7.1388e+09    14.6071    34    33     3.0071
   35  6.3969e+09    14.9446    35    34     3.0876
   36  5.8093e+09    15.2456    36    35     3.1680
   37  5.7762e+09    15.2636    37    36     3.2483
   38  5.6143e+09    15.3533    38    37     3.3285
   39  5.5952e+09    15.3640    39    38     3.4087
   40  5.3184e+09    15.5251    40    39     3.4889
   41  4.9664e+09    15.7444    41    40     3.5689
   42  4.8603e+09    15.8140    42    41     3.6490
   43  3.9566e+09    16.4881    43    42     3.7290
   44  3.9293e+09    16.5112    44    43     3.8089
   45  3.8448e+09    16.5837    45    44     3.8889
   46  3.8425e+09    16.5856    46    45     3.9688
   47  2.6313e+09    17.8847    47    46     4.0486
   48  2.4378e+09    18.1552    48    47     4.1285
   49  2.2150e+09    18.4986    49    48     4.2083
   50  2.2042e+09    18.5162    50    49     4.2881
   51  2.1858e+09    18.5466    51    50     4.3678
   52  2.1291e+09    18.6418    52    51     4.4476
   53  2.1100e+09    18.6744    53    52     4.5273
   54  2.1004e+09    18.6911    54    53     4.6070
   55  2.0788e+09    18.7287    55    54     4.6867
   56  2.0759e+09    18.7337    56    55     4.7664
   57  2.0393e+09    18.7985    57    56     4.8460
   58  2.0380e+09    18.8007    58    57     4.9257
   59  1.9292e+09    19.0018    59    58     5.0053
   60  1.9193e+09    19.0208    60    59     5.0849
   61  1.9024e+09    19.0532    61    60     5.1646
   62  1.9011e+09    19.0558    62    61     5.2442
   63  1.8692e+09    19.1182    63    62     5.3238
   64  1.8226e+09    19.2116    64    63     5.4033
   65  1.8209e+09    19.2150    65    64     5.4829
   66  1.8030e+09    19.2517    66    65     5.5625
   67  1.7748e+09    19.3101    67    66     5.6421
   68  1.6968e+09    19.4778    68    67     5.7216
   69  1.6679e+09    19.5421    69    68     5.8012
   70  1.6482e+09    19.5868    70    69     5.8807
   71  1.6370e+09    19.6125    71    70     5.9602
   72  1.6310e+09    19.6263    72    71     6.0398
   73  1.6194e+09    19.6530    73    72     6.1193
   74  1.6067e+09    19.6827    74    73     6.1988
   75  1.5027e+09    19.9360    75    74     6.2783
   76  1.4804e+09    19.9929    76    75     6.3579
   77  1.4767e+09    20.0026    77    76     6.4374
   78  1.4726e+09    20.0130    78    77     6.5169
   79  9.6662e+08    21.6639    79    78     6.5964
   80  9.5046e+08    21.7320    80    79     6.6759
   81  9.4015e+08    21.7761    81    80     6.7554
   82  9.3185e+08    21.8119    82    81     6.8349
   83  9.1919e+08    21.8674    83    82     6.9143
   84  9.1151e+08    21.9014    84    83     6.9938
   85  9.1013e+08    21.9076    85    84     7.0733
   86  7.8165e+08    22.5320    86    85     7.1528
   87  7.7771e+08    22.5529    87    86     7.2323
   88  7.1198e+08    22.9210    88    87     7.3117
   89  7.0468e+08    22.9643    89    88     7.3912
   90  6.9322e+08    23.0332    90    89     7.4707
   91  4.9351e+08    24.4939    91    90     7.5502
   92  4.8409e+08    24.5786    92    91     7.6296
   93  4.8303e+08    24.5882    93    92     7.7091
   94  3.6737e+08    25.8137    94    93     7.7885
   95  3.6713e+08    25.8167    95    94     7.8680
   96  3.6201e+08    25.8807    96    95     7.9475
   97  3.5516e+08    25.9679    97    96     8.0269
   98  3.5467e+08    25.9743    98    97     8.1064
   99  1.4602e+08    30.2541    99    98     8.1858
  100  1.4601e+08    30.2546   100    99     8.2653
