#indx Mass S step-number desc_indx 
    0  3.1600e+10    10.5496     0    -1     0.0134
    1  3.0106e+10    10.6671     1     0     0.1326
    2  3.0037e+10    10.6728     2     1     0.2441
    3  2.9564e+10    10.7115     3     2     0.3500
    4  2.8614e+10    10.7915     4     3     0.4519
    5  2.8349e+10    10.8144     5     4     0.5506
    6  2.7150e+10    10.9211     6     5     0.6467
    7  2.7078e+10    10.9277     7     6     0.7407
    8  2.6930e+10    10.9413     8     7     0.8330
    9  2.6376e+10    10.9929     9     8     0.9238
   10  1.7992e+10    11.9755    10     9     1.0134
   11  1.7759e+10    12.0099    11    10     1.1018
   12  1.7476e+10    12.0527    12    11     1.1894
   13  1.7067e+10    12.1159    13    12     1.2761
   14  1.7030e+10    12.1216    14    13     1.3621
   15  1.6978e+10    12.1298    15    14     1.4474
   16  1.6970e+10    12.1311    16    15     1.5322
   17  1.6749e+10    12.1661    17    16     1.6165
   18  1.6534e+10    12.2008    18    17     1.7003
   19  1.6476e+10    12.2102    19    18     1.7838
   20  1.6278e+10    12.2426    20    19     1.8669
   21  1.6268e+10    12.2443    21    20     1.9496
   22  1.3964e+10    12.6601    22    21     2.0321
   23  1.0351e+10    13.5043    23    22     2.1143
   24  1.0335e+10    13.5088    24    23     2.1963
   25  1.0299e+10    13.5190    25    24     2.2781
   26  1.0167e+10    13.5561    26    25     2.3597
   27  9.9495e+09    13.6189    27    26     2.4411
   28  9.9110e+09    13.6301    28    27     2.5223
   29  9.2013e+09    13.8472    29    28     2.6034
   30  8.3430e+09    14.1369    30    29     2.6844
   31  8.2678e+09    14.1639    31    30     2.7652
   32  8.2098e+09    14.1849    32    31     2.8459
   33  8.2080e+09    14.1856    33    32     2.9266
   34  7.9467e+09    14.2825    34    33     3.0071
   35  7.9130e+09    14.2953    35    34     3.0876
   36  7.4934e+09    14.4597    36    35     3.1680
   37  5.6629e+09    15.3260    37    36     3.2483
   38  5.6044e+09    15.3589    38    37     3.3285
   39  5.6014e+09    15.3606    39    38     3.4087
   40  5.5649e+09    15.3812    40    39     3.4889
   41  5.1740e+09    15.6130    41    40     3.5689
   42  5.1330e+09    15.6385    42    41     3.6490
   43  5.1277e+09    15.6418    43    42     3.7290
   44  5.0147e+09    15.7133    44    43     3.8089
   45  5.0083e+09    15.7174    45    44     3.8889
   46  4.9904e+09    15.7289    46    45     3.9688
   47  4.9893e+09    15.7297    47    46     4.0486
   48  4.0766e+09    16.3890    48    47     4.1285
   49  4.0534e+09    16.4079    49    48     4.2083
   50  4.0367e+09    16.4216    50    49     4.2881
   51  3.9058e+09    16.5312    51    50     4.3678
   52  3.8696e+09    16.5623    52    51     4.4476
   53  3.8339e+09    16.5932    53    52     4.5273
   54  3.8293e+09    16.5972    54    53     4.6070
   55  3.7803e+09    16.6403    55    54     4.6867
   56  3.7763e+09    16.6438    56    55     4.7664
   57  3.6427e+09    16.7647    57    56     4.8460
   58  3.6268e+09    16.7794    58    57     4.9257
   59  3.5763e+09    16.8266    59    58     5.0053
   60  3.5754e+09    16.8275    60    59     5.0849
   61  3.4641e+09    16.9344    61    60     5.1646
   62  3.2214e+09    17.1819    62    61     5.2442
   63  3.0919e+09    17.3228    63    62     5.3238
   64  3.0860e+09    17.3294    64    63     5.4033
   65  2.8482e+09    17.6073    65    64     5.4829
   66  2.8402e+09    17.6170    66    65     5.5625
   67  2.3188e+09    18.3340    67    66     5.6421
   68  2.3073e+09    18.3518    68    67     5.7216
   69  2.3052e+09    18.3551    69    68     5.8012
   70  2.2987e+09    18.3652    70    69     5.8807
   71  2.2907e+09    18.3778    71    70     5.9602
   72  2.2124e+09    18.5029    72    71     6.0398
   73  2.1260e+09    18.6470    73    72     6.1193
   74  2.1064e+09    18.6806    74    73     6.1988
   75  1.9989e+09    18.8716    75    74     6.2783
   76  1.9925e+09    18.8833    76    75     6.3579
   77  1.8188e+09    19.2192    77    76     6.4374
   78  1.7959e+09    19.2662    78    77     6.5169
   79  1.7957e+09    19.2666    79    78     6.5964
   80  1.7819e+09    19.2953    80    79     6.6759
   81  1.7782e+09    19.3031    81    80     6.7554
   82  1.7737e+09    19.3126    82    81     6.8349
   83  1.3076e+09    20.4697    83    82     6.9143
   84  1.3056e+09    20.4756    84    83     6.9938
   85  1.2605e+09    20.6123    85    84     7.0733
   86  1.2289e+09    20.7112    86    85     7.1528
   87  9.6288e+08    21.6795    87    86     7.2323
   88  9.4961e+08    21.7356    88    87     7.3117
   89  9.4334e+08    21.7624    89    88     7.3912
   90  9.4277e+08    21.7648    90    89     7.4707
   91  7.7707e+08    22.5563    91    90     7.5502
   92  6.8502e+08    23.0833    92    91     7.6296
   93  6.8135e+08    23.1059    93    92     7.7091
   94  6.8014e+08    23.1134    94    93     7.7885
   95  6.3898e+08    23.3777    95    94     7.8680
   96  6.3219e+08    23.4232    96    95     7.9475
   97  6.2854e+08    23.4478    97    96     8.0269
   98  6.2386e+08    23.4797    98    97     8.1064
   99  6.0238e+08    23.6294    99    98     8.1858
  100  5.8775e+08    23.7348   100    99     8.2653
