#indx Mass S step-number desc_indx 
    0  3.1600e+10    10.5496     0    -1     0.0134
    1  3.1416e+10    10.5637     1     0     0.1326
    2  3.0942e+10    10.6005     2     1     0.2441
    3  3.0781e+10    10.6132     3     2     0.3500
    4  2.9054e+10    10.7541     4     3     0.4519
    5  2.8957e+10    10.7623     5     4     0.5506
    6  2.8942e+10    10.7635     6     5     0.6467
    7  2.8815e+10    10.7743     7     6     0.7407
    8  2.7830e+10    10.8599     8     7     0.8330
    9  2.7754e+10    10.8667     9     8     0.9238
   10  2.7715e+10    10.8702    10     9     1.0134
   11  2.7580e+10    10.8823    11    10     1.1018
   12  2.6244e+10    11.0055    12    11     1.1894
   13  2.5988e+10    11.0299    13    12     1.2761
   14  2.5488e+10    11.0784    14    13     1.3621
   15  2.4044e+10    11.2252    15    14     1.4474
   16  2.3258e+10    11.3094    16    15     1.5322
   17  2.3150e+10    11.3213    17    16     1.6165
   18  2.2977e+10    11.3403    18    17     1.7003
   19  2.2839e+10    11.3557    19    18     1.7838
   20  2.2422e+10    11.4028    20    19     1.8669
   21  1.1322e+10    13.2474    21    20     1.9496
   22  1.1274e+10    13.2594    22    21     2.0321
   23  1.0642e+10    13.4245    23    22     2.1143
   24  8.3275e+09    14.1424    24    23     2.1963
   25  8.2753e+09    14.1612    25    24     2.2781
   26  8.2685e+09    14.1637    26    25     2.3597
   27  8.2375e+09    14.1749    27    26     2.4411
   28  8.1193e+09    14.2181    28    27     2.5223
   29  5.5980e+09    15.3625    29    28     2.6034
   30  5.5760e+09    15.3749    30    29     2.6844
   31  5.5369e+09    15.3972    31    30     2.7652
   32  5.4840e+09    15.4277    32    31     2.8459
   33  5.2829e+09    15.5465    33    32     2.9266
   34  5.2130e+09    15.5890    34    33     3.0071
   35  5.2055e+09    15.5936    35    34     3.0876
   36  5.1878e+09    15.6045    36    35     3.1680
   37  4.9547e+09    15.7521    37    36     3.2483
   38  4.6846e+09    15.9332    38    37     3.3285
   39  4.6095e+09    15.9858    39    38     3.4087
   40  4.5988e+09    15.9933    40    39     3.4889
   41  4.5338e+09    16.0397    41    40     3.5689
   42  4.4887e+09    16.0723    42    41     3.6490
   43  4.4627e+09    16.0913    43    42     3.7290
   44  4.4590e+09    16.0940    44    43     3.8089
   45  4.3442e+09    16.1794    45    44     3.8889
   46  4.3390e+09    16.1833    46    45     3.9688
   47  4.3363e+09    16.1854    47    46     4.0486
   48  4.1977e+09    16.2923    48    47     4.1285
   49  4.1956e+09    16.2939    49    48     4.2083
   50  4.0188e+09    16.4364    50    49     4.2881
   51  3.9583e+09    16.4867    51    50     4.3678
   52  3.9119e+09    16.5260    52    51     4.4476
   53  3.9007e+09    16.5355    53    52     4.5273
   54  3.8141e+09    16.6105    54    53     4.6070
   55  3.6597e+09    16.7490    55    54     4.6867
   56  3.5847e+09    16.8187    56    55     4.7664
   57  3.1625e+09    17.2452    57    56     4.8460
   58  3.1410e+09    17.2686    58    57     4.9257
   59  3.1189e+09    17.2928    59    58     5.0053
   60  3.1176e+09    17.2943    60    59     5.0849
   61  3.1134e+09    17.2990    61    60     5.1646
   62  2.7265e+09    17.7598    62    61     5.2442
   63  2.6941e+09    17.8017    63    62     5.3238
   64  2.6547e+09    17.8535    64    63     5.4033
   65  2.5767e+09    17.9586    65    64     5.4829
   66  2.5424e+09    18.0061    66    65     5.5625
   67  2.5334e+09    18.0187    67    66     5.6421
   68  2.4754e+09    18.1008    68    67     5.7216
   69  2.4588e+09    18.1247    69    68     5.8012
   70  2.1860e+09    18.5463    70    69     5.8807
   71  2.1530e+09    18.6014    71    70     5.9602
   72  2.1289e+09    18.6421    72    71     6.0398
   73  2.1216e+09    18.6546    73    72     6.1193
   74  2.0976e+09    18.6959    74    73     6.1988
   75  1.7930e+09    19.2723    75    74     6.2783
   76  1.7901e+09    19.2783    76    75     6.3579
   77  1.7752e+09    19.3093    77    76     6.4374
   78  1.7303e+09    19.4048    78    77     6.5169
   79  1.7161e+09    19.4355    79    78     6.5964
   80  1.7034e+09    19.4633    80    79     6.6759
   81  1.6957e+09    19.4802    81    80     6.7554
   82  1.5750e+09    19.7578    82    81     6.8349
   83  1.5727e+09    19.7633    83    82     6.9143
   84  1.5720e+09    19.7650    84    83     6.9938
   85  1.5704e+09    19.7689    85    84     7.0733
   86  1.5624e+09    19.7884    86    85     7.1528
   87  1.5600e+09    19.7941    87    86     7.2323
   88  1.5149e+09    19.9053    88    87     7.3117
   89  1.5043e+09    19.9319    89    88     7.3912
   90  1.2969e+09    20.5015    90    89     7.4707
   91  1.2935e+09    20.5119    91    90     7.5502
   92  1.0161e+09    21.4632    92    91     7.6296
   93  9.8543e+08    21.5863    93    92     7.7091
   94  9.6679e+08    21.6632    94    93     7.7885
   95  9.6515e+08    21.6701    95    94     7.8680
   96  9.6211e+08    21.6828    96    95     7.9475
   97  9.5938e+08    21.6942    97    96     8.0269
   98  9.4936e+08    21.7366    98    97     8.1064
   99  8.5051e+08    22.1841    99    98     8.1858
  100  8.4810e+08    22.1957   100    99     8.2653
