#indx Mass S step-number desc_indx 
    0  3.1600e+10    10.5496     0    -1     0.0134
    1  3.1474e+10    10.5592     1     0     0.1326
    2  2.9519e+10    10.7152     2     1     0.2441
    3  2.9345e+10    10.7296     3     2     0.3500
    4  2.7347e+10    10.9032     4     3     0.4519
    5  2.6959e+10    10.9387     5     4     0.5506
    6  2.6921e+10    10.9422     6     5     0.6467
    7  2.6768e+10    10.9562     7     6     0.7407
    8  2.6640e+10    10.9682     8     7     0.8330
    9  2.6334e+10    10.9969     9     8     0.9238
   10  2.6183e+10    11.0113    10     9     1.0134
   11  2.6105e+10    11.0187    11    10     1.1018
   12  2.5634e+10    11.0642    12    11     1.1894
   13  2.3828e+10    11.2481    13    12     1.2761
   14  2.2078e+10    11.4424    14    13     1.3621
   15  2.1663e+10    11.4910    15    14     1.4474
   16  2.1646e+10    11.4931    16    15     1.5322
   17  2.1206e+10    11.5459    17    16     1.6165
   18  1.8426e+10    11.9124    18    17     1.7003
   19  1.7892e+10    11.9903    19    18     1.7838
   20  1.7674e+10    12.0228    20    19     1.8669
   21  1.7231e+10    12.0903    21    20     1.9496
   22  1.6492e+10    12.2076    22    21     2.0321
   23  1.5401e+10    12.3923    23    22     2.1143
   24  1.5118e+10    12.4426    24    23     2.1963
   25  1.2669e+10    12.9302    25    24     2.2781
   26  1.2335e+10    13.0051    26    25     2.3597
   27  1.1827e+10    13.1236    27    26     2.4411
   28  1.1393e+10    13.2296    28    27     2.5223
   29  1.1303e+10    13.2522    29    28     2.6034
   30  1.1237e+10    13.2690    30    29     2.6844
   31  1.1066e+10    13.3127    31    30     2.7652
   32  1.0927e+10    13.3489    32    31     2.8459
   33  1.0832e+10    13.3737    33    32     2.9266
   34  1.0774e+10    13.3892    34    33     3.0071
   35  1.0768e+10    13.3907    35    34     3.0876
   36  1.0764e+10    13.3919    36    35     3.1680
   37  1.0480e+10    13.4688    37    36     3.2483
   38  1.0418e+10    13.4857    38    37     3.3285
   39  1.0382e+10    13.4956    39    38     3.4087
   40  1.0336e+10    13.5086    40    39     3.4889
   41  1.0321e+10    13.5127    41    40     3.5689
   42  9.7692e+09    13.6720    42    41     3.6490
   43  9.6453e+09    13.7092    43    42     3.7290
   44  9.6048e+09    13.7215    44    43     3.8089
   45  9.5521e+09    13.7376    45    44     3.8889
   46  9.5316e+09    13.7438    46    45     3.9688
   47  9.2171e+09    13.8421    47    46     4.0486
   48  9.2062e+09    13.8456    48    47     4.1285
   49  9.0720e+09    13.8887    49    48     4.2083
   50  8.8492e+09    13.9621    50    49     4.2881
   51  7.9022e+09    14.2994    51    50     4.3678
   52  7.6437e+09    14.3996    52    51     4.4476
   53  7.4784e+09    14.4657    53    52     4.5273
   54  7.3876e+09    14.5028    54    53     4.6070
   55  7.1146e+09    14.6174    55    54     4.6867
   56  7.0339e+09    14.6523    56    55     4.7664
   57  6.4018e+09    14.9423    57    56     4.8460
   58  6.3829e+09    14.9514    58    57     4.9257
   59  6.3404e+09    14.9722    59    58     5.0053
   60  6.1695e+09    15.0572    60    59     5.0849
   61  3.5348e+09    16.8661    61    60     5.1646
   62  3.4997e+09    16.8998    62    61     5.2442
   63  3.2851e+09    17.1150    63    62     5.3238
   64  3.0475e+09    17.3727    64    63     5.4033
   65  2.9881e+09    17.4407    65    64     5.4829
   66  2.9526e+09    17.4821    66    65     5.5625
   67  2.9398e+09    17.4972    67    66     5.6421
   68  2.9370e+09    17.5005    68    67     5.7216
   69  2.8861e+09    17.5612    69    68     5.8012
   70  2.8430e+09    17.6135    70    69     5.8807
   71  2.7832e+09    17.6878    71    70     5.9602
   72  2.7348e+09    17.7492    72    71     6.0398
   73  2.7292e+09    17.7563    73    72     6.1193
   74  2.6090e+09    17.9146    74    73     6.1988
   75  2.5534e+09    17.9907    75    74     6.2783
   76  2.4804e+09    18.0935    76    75     6.3579
   77  2.4531e+09    18.1329    77    76     6.4374
   78  2.2238e+09    18.4843    78    77     6.5169
   79  2.2208e+09    18.4892    79    78     6.5964
   80  2.1983e+09    18.5260    80    79     6.6759
   81  2.1724e+09    18.5688    81    80     6.7554
   82  1.7505e+09    19.3615    82    81     6.8349
   83  1.7278e+09    19.4102    83    82     6.9143
   84  1.7250e+09    19.4163    84    83     6.9938
   85  1.7222e+09    19.4223    85    84     7.0733
   86  1.7007e+09    19.4692    86    85     7.1528
   87  1.6963e+09    19.4790    87    86     7.2323
   88  1.6960e+09    19.4796    88    87     7.3117
   89  1.6911e+09    19.4905    89    88     7.3912
   90  1.6800e+09    19.5151    90    89     7.4707
   91  1.6670e+09    19.5441    91    90     7.5502
   92  1.6607e+09    19.5584    92    91     7.6296
   93  1.6592e+09    19.5619    93    92     7.7091
   94  1.5818e+09    19.7417    94    93     7.7885
   95  1.5128e+09    19.9106    95    94     7.8680
   96  1.5021e+09    19.9374    96    95     7.9475
   97  1.3961e+09    20.2172    97    96     8.0269
   98  1.3929e+09    20.2259    98    97     8.1064
   99  1.3757e+09    20.2738    99    98     8.1858
  100  1.3706e+09    20.2882   100    99     8.2653
