#indx Mass S step-number desc_indx 
    0  3.1600e+10    10.5496     0    -1     0.0134
    1  3.1568e+10    10.5520     1     0     0.1326
    2  2.7274e+10    10.9098     2     1     0.2441
    3  2.6948e+10    10.9396     3     2     0.3500
    4  2.6642e+10    10.9680     4     3     0.4519
    5  2.5239e+10    11.1031     5     4     0.5506
    6  2.5120e+10    11.1150     6     5     0.6467
    7  2.4771e+10    11.1501     7     6     0.7407
    8  2.4435e+10    11.1845     8     7     0.8330
    9  2.4326e+10    11.1958     9     8     0.9238
   10  2.3709e+10    11.2608    10     9     1.0134
   11  2.3022e+10    11.3354    11    10     1.1018
   12  2.1411e+10    11.5212    12    11     1.1894
   13  1.9698e+10    11.7373    13    12     1.2761
   14  1.9475e+10    11.7671    14    13     1.3621
   15  1.9411e+10    11.7757    15    14     1.4474
   16  1.8445e+10    11.9097    16    15     1.5322
   17  1.8404e+10    11.9156    17    16     1.6165
   18  1.7638e+10    12.0282    18    17     1.7003
   19  1.4060e+10    12.6412    19    18     1.7838
   20  1.4000e+10    12.6531    20    19     1.8669
   21  1.3794e+10    12.6938    21    20     1.9496
   22  1.1668e+10    13.1620    22    21     2.0321
   23  8.9943e+09    13.9141    23    22     2.1143
   24  8.8270e+09    13.9695    24    23     2.1963
   25  8.7526e+09    13.9945    25    24     2.2781
   26  8.7356e+09    14.0003    26    25     2.3597
   27  8.7182e+09    14.0062    27    26     2.4411
   28  8.7167e+09    14.0067    28    27     2.5223
   29  8.6727e+09    14.0217    29    28     2.6034
   30  8.5256e+09    14.0725    30    29     2.6844
   31  8.5049e+09    14.0797    31    30     2.7652
   32  7.5982e+09    14.4177    32    31     2.8459
   33  7.5437e+09    14.4394    33    32     2.9266
   34  6.8728e+09    14.7233    34    33     3.0071
   35  1.4321e+09    20.1197    35    34     3.0876
   36  1.4167e+09    20.1610    36    35     3.1680
   37  1.3834e+09    20.2524    37    36     3.2483
   38  1.3432e+09    20.3658    38    37     3.3285
   39  1.3374e+09    20.3827    39    38     3.4087
   40  1.3350e+09    20.3897    40    39     3.4889
   41  1.3168e+09    20.4425    41    40     3.5689
   42  1.3149e+09    20.4481    42    41     3.6490
   43  1.3144e+09    20.4496    43    42     3.7290
   44  1.2742e+09    20.5702    44    43     3.8089
   45  1.2656e+09    20.5965    45    44     3.8889
   46  1.2139e+09    20.7593    46    45     3.9688
   47  1.2134e+09    20.7608    47    46     4.0486
   48  1.2127e+09    20.7633    48    47     4.1285
   49  1.1985e+09    20.8092    49    48     4.2083
   50  1.1898e+09    20.8379    50    49     4.2881
   51  1.1882e+09    20.8432    51    50     4.3678
   52  1.1640e+09    20.9241    52    51     4.4476
   53  1.1625e+09    20.9290    53    52     4.5273
   54  1.1314e+09    21.0358    54    53     4.6070
   55  1.1198e+09    21.0767    55    54     4.6867
   56  1.0303e+09    21.4078    56    55     4.7664
   57  1.0148e+09    21.4684    57    56     4.8460
   58  1.0081e+09    21.4950    58    57     4.9257
   59  9.0921e+08    21.9117    59    58     5.0053
   60  8.6590e+08    22.1107    60    59     5.0849
   61  7.9663e+08    22.4534    61    60     5.1646
   62  7.9099e+08    22.4827    62    61     5.2442
   63  7.7589e+08    22.5626    63    62     5.3238
   64  7.6164e+08    22.6395    64    63     5.4033
   65  7.5555e+08    22.6729    65    64     5.4829
   66  7.4557e+08    22.7283    66    65     5.5625
   67  7.3338e+08    22.7971    67    66     5.6421
   68  7.3051e+08    22.8135    68    67     5.7216
   69  7.2676e+08    22.8350    69    68     5.8012
   70  7.2581e+08    22.8405    70    69     5.8807
   71  6.6640e+08    23.1996    71    70     5.9602
   72  6.5198e+08    23.2922    72    71     6.0398
   73  6.2640e+08    23.4624    73    72     6.1193
   74  6.2577e+08    23.4667    74    73     6.1988
   75  5.9457e+08    23.6853    75    74     6.2783
   76  5.9071e+08    23.7132    76    75     6.3579
   77  5.8653e+08    23.7438    77    76     6.4374
   78  5.7731e+08    23.8119    78    77     6.5169
   79  5.7205e+08    23.8514    79    78     6.5964
   80  5.7101e+08    23.8592    80    79     6.6759
   81  5.7075e+08    23.8612    81    80     6.7554
   82  5.6861e+08    23.8774    82    81     6.8349
   83  5.4540e+08    24.0576    83    82     6.9143
   84  5.3789e+08    24.1177    84    83     6.9938
   85  5.1152e+08    24.3368    85    84     7.0733
   86  4.9868e+08    24.4481    86    85     7.1528
   87  4.9231e+08    24.5046    87    86     7.2323
   88  4.7623e+08    24.6507    88    87     7.3117
   89  4.7278e+08    24.6828    89    88     7.3912
   90  4.7090e+08    24.7004    90    89     7.4707
   91  4.6989e+08    24.7098    91    90     7.5502
   92  4.6956e+08    24.7129    92    91     7.6296
   93  4.6732e+08    24.7340    93    92     7.7091
   94  4.4520e+08    24.9491    94    93     7.7885
   95  4.2871e+08    25.1172    95    94     7.8680
   96  4.2679e+08    25.1373    96    95     7.9475
   97  2.7779e+08    27.1081    97    96     8.0269
   98  2.7520e+08    27.1523    98    97     8.1064
   99  2.3912e+08    27.8203    99    98     8.1858
  100  2.3899e+08    27.8228   100    99     8.2653
