#indx Mass S step-number desc_indx 
    0  3.1600e+10    10.5496     0    -1     0.0134
    1  2.9471e+10    10.7192     1     0     0.1326
    2  2.8307e+10    10.8181     2     1     0.2441
    3  2.8112e+10    10.8350     3     2     0.3500
    4  2.8030e+10    10.8423     4     3     0.4519
    5  2.7328e+10    10.9049     5     4     0.5506
    6  2.2972e+10    11.3410     6     5     0.6467
    7  1.8769e+10    11.8639     7     6     0.7407
    8  1.8588e+10    11.8894     8     7     0.8330
    9  1.8501e+10    11.9018     9     8     0.9238
   10  1.7510e+10    12.0475    10     9     1.0134
   11  1.6828e+10    12.1535    11    10     1.1018
   12  1.6736e+10    12.1682    12    11     1.1894
   13  1.6566e+10    12.1955    13    12     1.2761
   14  1.6191e+10    12.2570    14    13     1.3621
   15  1.5564e+10    12.3638    15    14     1.4474
   16  1.4921e+10    12.4785    16    15     1.5322
   17  1.4493e+10    12.5579    17    16     1.6165
   18  1.4445e+10    12.5670    18    17     1.7003
   19  1.4348e+10    12.5855    19    18     1.7838
   20  1.3670e+10    12.7189    20    19     1.8669
   21  1.3605e+10    12.7320    21    20     1.9496
   22  4.4329e+09    16.1132    22    21     2.0321
   23  4.2501e+09    16.2514    23    22     2.1143
   24  3.5174e+09    16.8828    24    23     2.1963
   25  3.5169e+09    16.8832    25    24     2.2781
   26  3.4788e+09    16.9201    26    25     2.3597
   27  3.4739e+09    16.9249    27    26     2.4411
   28  3.4716e+09    16.9271    28    27     2.5223
   29  3.4127e+09    16.9852    29    28     2.6034
   30  2.2450e+09    18.4502    30    29     2.6844
   31  2.2113e+09    18.5048    31    30     2.7652
   32  2.1532e+09    18.6009    32    31     2.8459
   33  1.7863e+09    19.2863    33    32     2.9266
   34  1.7840e+09    19.2909    34    33     3.0071
   35  1.7702e+09    19.3199    35    34     3.0876
   36  1.7690e+09    19.3223    36    35     3.1680
   37  1.7463e+09    19.3705    37    36     3.2483
   38  1.7406e+09    19.3827    38    37     3.3285
   39  1.7167e+09    19.4343    39    38     3.4087
   40  1.7130e+09    19.4424    40    39     3.4889
   41  1.7005e+09    19.4696    41    40     3.5689
   42  1.6681e+09    19.5418    42    41     3.6490
   43  1.6678e+09    19.5424    43    42     3.7290
   44  1.6612e+09    19.5572    44    43     3.8089
   45  1.6134e+09    19.6672    45    44     3.8889
   46  1.6124e+09    19.6693    46    45     3.9688
   47  1.4368e+09    20.1071    47    46     4.0486
   48  1.4348e+09    20.1123    48    47     4.1285
   49  1.4307e+09    20.1232    49    48     4.2083
   50  1.3557e+09    20.3302    50    49     4.2881
   51  1.3439e+09    20.3638    51    50     4.3678
   52  1.3176e+09    20.4402    52    51     4.4476
   53  1.3161e+09    20.4448    53    52     4.5273
   54  1.3000e+09    20.4923    54    53     4.6070
   55  1.2951e+09    20.5069    55    54     4.6867
   56  1.2334e+09    20.6969    56    55     4.7664
   57  1.2286e+09    20.7122    57    56     4.8460
   58  1.1913e+09    20.8330    58    57     4.9257
   59  1.1910e+09    20.8338    59    58     5.0053
   60  1.1779e+09    20.8772    60    59     5.0849
   61  1.1682e+09    20.9100    61    60     5.1646
   62  1.1497e+09    20.9725    62    61     5.2442
   63  1.1465e+09    20.9836    63    62     5.3238
   64  1.1397e+09    21.0071    64    63     5.4033
   65  1.1366e+09    21.0177    65    64     5.4829
   66  1.1291e+09    21.0440    66    65     5.5625
   67  1.1123e+09    21.1033    67    66     5.6421
   68  1.1101e+09    21.1112    68    67     5.7216
   69  1.0981e+09    21.1541    69    68     5.8012
   70  1.0826e+09    21.2104    70    69     5.8807
   71  1.0792e+09    21.2232    71    70     5.9602
   72  1.0780e+09    21.2275    72    71     6.0398
   73  8.0837e+08    22.3930    73    72     6.1193
   74  8.0069e+08    22.4324    74    73     6.1988
   75  7.5734e+08    22.6631    75    74     6.2783
   76  3.4460e+08    26.1062    76    75     6.3579
   77  3.4443e+08    26.1085    77    76     6.4374
   78  3.4367e+08    26.1187    78    77     6.5169
   79  3.3449e+08    26.2432    79    78     6.5964
   80  3.3439e+08    26.2444    80    79     6.6759
   81  2.8941e+08    26.9156    81    80     6.7554
   82  2.8254e+08    27.0283    82    81     6.8349
   83  2.8102e+08    27.0536    83    82     6.9143
   84  2.7930e+08    27.0826    84    83     6.9938
   85  2.7901e+08    27.0874    85    84     7.0733
   86  2.7755e+08    27.1121    86    85     7.1528
   87  2.7735e+08    27.1156    87    86     7.2323
   88  2.7730e+08    27.1164    88    87     7.3117
   89  2.7727e+08    27.1169    89    88     7.3912
   90  2.4146e+08    27.7737    90    89     7.4707
   91  2.3949e+08    27.8130    91    90     7.5502
   92  2.3713e+08    27.8604    92    91     7.6296
   93  2.3401e+08    27.9241    93    92     7.7091
   94  2.3368e+08    27.9309    94    93     7.7885
   95  2.0283e+08    28.6170    95    94     7.8680
   96  2.0157e+08    28.6476    96    95     7.9475
   97  1.9941e+08    28.7004    97    96     8.0269
   98  1.9470e+08    28.8175    98    97     8.1064
   99  1.9444e+08    28.8240    99    98     8.1858
  100  1.9375e+08    28.8414   100    99     8.2653
