#indx Mass S step-number desc_indx 
    0  3.1600e+10    10.5496     0    -1     0.0134
    1  3.0738e+10    10.6166     1     0     0.1326
    2  3.0564e+10    10.6304     2     1     0.2441
    3  2.9455e+10    10.7205     3     2     0.3500
    4  2.9391e+10    10.7258     4     3     0.4519
    5  2.6532e+10    10.9783     5     4     0.5506
    6  2.5410e+10    11.0861     6     5     0.6467
    7  2.0580e+10    11.6234     7     6     0.7407
    8  1.8473e+10    11.9058     8     7     0.8330
    9  1.7216e+10    12.0926     9     8     0.9238
   10  1.6236e+10    12.2496    10     9     1.0134
   11  1.6127e+10    12.2677    11    10     1.1018
   12  1.5932e+10    12.3006    12    11     1.1894
   13  1.5872e+10    12.3107    13    12     1.2761
   14  1.5299e+10    12.4104    14    13     1.3621
   15  1.3644e+10    12.7241    15    14     1.4474
   16  1.3492e+10    12.7550    16    15     1.5322
   17  1.3458e+10    12.7621    17    16     1.6165
   18  1.3338e+10    12.7869    18    17     1.7003
   19  1.3321e+10    12.7904    19    18     1.7838
   20  1.3213e+10    12.8130    20    19     1.8669
   21  1.2904e+10    12.8788    21    20     1.9496
   22  1.2877e+10    12.8847    22    21     2.0321
   23  1.1391e+10    13.2301    23    22     2.1143
   24  1.1272e+10    13.2601    24    23     2.1963
   25  1.0991e+10    13.3321    25    24     2.2781
   26  1.0933e+10    13.3471    26    25     2.3597
   27  1.0758e+10    13.3934    27    26     2.4411
   28  1.0636e+10    13.4261    28    27     2.5223
   29  9.9570e+09    13.6167    29    28     2.6034
   30  9.9191e+09    13.6278    30    29     2.6844
   31  9.5075e+09    13.7512    31    30     2.7652
   32  9.4516e+09    13.7685    32    31     2.8459
   33  9.3541e+09    13.7988    33    32     2.9266
   34  9.2793e+09    13.8224    34    33     3.0071
   35  9.2734e+09    13.8243    35    34     3.0876
   36  9.1326e+09    13.8692    36    35     3.1680
   37  9.0545e+09    13.8944    37    36     3.2483
   38  9.0314e+09    13.9020    38    37     3.3285
   39  7.0065e+09    14.6642    39    38     3.4087
   40  6.9837e+09    14.6742    40    39     3.4889
   41  6.8322e+09    14.7414    41    40     3.5689
   42  6.8149e+09    14.7493    42    41     3.6490
   43  6.6130e+09    14.8419    43    42     3.7290
   44  6.5306e+09    14.8806    44    43     3.8089
   45  6.4736e+09    14.9077    45    44     3.8889
   46  6.2529e+09    15.0154    46    45     3.9688
   47  6.2066e+09    15.0385    47    46     4.0486
   48  6.1817e+09    15.0510    48    47     4.1285
   49  4.6841e+09    15.9336    49    48     4.2083
   50  4.5287e+09    16.0434    50    49     4.2881
   51  4.4503e+09    16.1004    51    50     4.3678
   52  4.1870e+09    16.3007    52    51     4.4476
   53  4.1008e+09    16.3694    53    52     4.5273
   54  4.0912e+09    16.3772    54    53     4.6070
   55  4.0809e+09    16.3855    55    54     4.6867
   56  4.0558e+09    16.4059    56    55     4.7664
   57  4.0426e+09    16.4167    57    56     4.8460
   58  4.0126e+09    16.4415    58    57     4.9257
   59  3.9339e+09    16.5073    59    58     5.0053
   60  3.9308e+09    16.5099    60    59     5.0849
   61  3.6984e+09    16.7137    61    60     5.1646
   62  3.6305e+09    16.7760    62    61     5.2442
   63  3.5945e+09    16.8096    63    62     5.3238
   64  3.5887e+09    16.8150    64    63     5.4033
   65  3.5251e+09    16.8754    65    64     5.4829
   66  3.4071e+09    16.9908    66    65     5.5625
   67  3.2894e+09    17.1105    67    66     5.6421
   68  3.2440e+09    17.1580    68    67     5.7216
   69  3.2148e+09    17.1889    69    68     5.8012
   70  3.2106e+09    17.1934    70    69     5.8807
   71  3.1320e+09    17.2785    71    70     5.9602
   72  3.1309e+09    17.2797    72    71     6.0398
   73  3.1136e+09    17.2988    73    72     6.1193
   74  3.0637e+09    17.3544    74    73     6.1988
   75  3.0417e+09    17.3792    75    74     6.2783
   76  3.0397e+09    17.3815    76    75     6.3579
   77  3.0009e+09    17.4259    77    76     6.4374
   78  2.9980e+09    17.4292    78    77     6.5169
   79  2.9886e+09    17.4401    79    78     6.5964
   80  2.9363e+09    17.5013    80    79     6.6759
   81  2.9242e+09    17.5156    81    80     6.7554
   82  2.8461e+09    17.6098    82    81     6.8349
   83  2.8275e+09    17.6327    83    82     6.9143
   84  2.8202e+09    17.6417    84    83     6.9938
   85  2.8084e+09    17.6562    85    84     7.0733
   86  2.7508e+09    17.7287    86    85     7.1528
   87  2.7457e+09    17.7352    87    86     7.2323
   88  2.6012e+09    17.9252    88    87     7.3117
   89  2.5776e+09    17.9575    89    88     7.3912
   90  2.4505e+09    18.1367    90    89     7.4707
   91  2.1134e+09    18.6686    91    90     7.5502
   92  2.1045e+09    18.6839    92    91     7.6296
   93  2.1029e+09    18.6867    93    92     7.7091
   94  1.9164e+09    19.0263    94    93     7.7885
   95  1.7887e+09    19.2811    95    94     7.8680
   96  7.9543e+08    22.4596    96    95     7.9475
   97  7.8854e+08    22.4956    97    96     8.0269
   98  7.8658e+08    22.5059    98    97     8.1064
   99  7.6671e+08    22.6120    99    98     8.1858
  100  7.6422e+08    22.6255   100    99     8.2653
