#indx Mass S step-number desc_indx 
    0  3.1600e+10    10.5496     0    -1     0.0134
    1  3.0647e+10    10.6238     1     0     0.1326
    2  2.9913e+10    10.6828     2     1     0.2441
    3  2.8987e+10    10.7598     3     2     0.3500
    4  2.7423e+10    10.8964     4     3     0.4519
    5  2.7306e+10    10.9069     5     4     0.5506
    6  2.7108e+10    10.9249     6     5     0.6467
    7  2.3775e+10    11.2537     7     6     0.7407
    8  1.6470e+10    12.2111     8     7     0.8330
    9  1.6160e+10    12.2623     9     8     0.9238
   10  1.6065e+10    12.2781    10     9     1.0134
   11  1.5925e+10    12.3017    11    10     1.1018
   12  1.5554e+10    12.3655    12    11     1.1894
   13  1.5344e+10    12.4024    13    12     1.2761
   14  1.5311e+10    12.4082    14    13     1.3621
   15  1.4911e+10    12.4802    15    14     1.4474
   16  1.4383e+10    12.5787    16    15     1.5322
   17  1.3543e+10    12.7446    17    16     1.6165
   18  1.3460e+10    12.7616    18    17     1.7003
   19  1.2192e+10    13.0378    19    18     1.7838
   20  1.2098e+10    13.0596    20    19     1.8669
   21  1.2012e+10    13.0798    21    20     1.9496
   22  1.1157e+10    13.2893    22    21     2.0321
   23  1.1109e+10    13.3015    23    22     2.1143
   24  1.1036e+10    13.3204    24    23     2.1963
   25  1.0963e+10    13.3392    25    24     2.2781
   26  1.0941e+10    13.3452    26    25     2.3597
   27  8.8675e+09    13.9560    27    26     2.4411
   28  8.7165e+09    14.0068    28    27     2.5223
   29  8.5842e+09    14.0521    29    28     2.6034
   30  8.5034e+09    14.0802    30    29     2.6844
   31  8.4846e+09    14.0868    31    30     2.7652
   32  8.3823e+09    14.1229    32    31     2.8459
   33  8.3817e+09    14.1231    33    32     2.9266
   34  7.8475e+09    14.3203    34    33     3.0071
   35  7.7162e+09    14.3711    35    34     3.0876
   36  7.4747e+09    14.4673    36    35     3.1680
   37  6.5700e+09    14.8620    37    36     3.2483
   38  5.5299e+09    15.4012    38    37     3.3285
   39  4.3680e+09    16.1615    39    38     3.4087
   40  4.3304e+09    16.1899    40    39     3.4889
   41  4.2169e+09    16.2772    41    40     3.5689
   42  4.0796e+09    16.3866    42    41     3.6490
   43  4.0737e+09    16.3914    43    42     3.7290
   44  4.0368e+09    16.4216    44    43     3.8089
   45  4.0215e+09    16.4342    45    44     3.8889
   46  3.8908e+09    16.5441    46    45     3.9688
   47  3.8652e+09    16.5660    47    46     4.0486
   48  2.9669e+09    17.4653    48    47     4.1285
   49  2.8736e+09    17.5763    49    48     4.2083
   50  2.8708e+09    17.5796    50    49     4.2881
   51  2.8245e+09    17.6363    51    50     4.3678
   52  2.6084e+09    17.9155    52    51     4.4476
   53  2.6051e+09    17.9200    53    52     4.5273
   54  2.5475e+09    17.9990    54    53     4.6070
   55  2.5466e+09    18.0001    55    54     4.6867
   56  2.3380e+09    18.3044    56    55     4.7664
   57  2.3043e+09    18.3564    57    56     4.8460
   58  2.2919e+09    18.3759    58    57     4.9257
   59  2.2407e+09    18.4571    59    58     5.0053
   60  2.2393e+09    18.4594    60    59     5.0849
   61  2.2307e+09    18.4732    61    60     5.1646
   62  2.1154e+09    18.6652    62    61     5.2442
   63  1.1565e+09    20.9494    63    62     5.3238
   64  1.1444e+09    20.9910    64    63     5.4033
   65  1.1227e+09    21.0665    65    64     5.4829
   66  1.1192e+09    21.0787    66    65     5.5625
   67  1.0875e+09    21.1927    67    66     5.6421
   68  1.0378e+09    21.3788    68    67     5.7216
   69  1.0347e+09    21.3909    69    68     5.8012
   70  1.0296e+09    21.4107    70    69     5.8807
   71  1.0261e+09    21.4243    71    70     5.9602
   72  9.9643e+08    21.5417    72    71     6.0398
   73  9.9567e+08    21.5448    73    72     6.1193
   74  9.4201e+08    21.7681    74    73     6.1988
   75  9.4111e+08    21.7719    75    74     6.2783
   76  9.1609e+08    21.8811    76    75     6.3579
   77  9.1250e+08    21.8970    77    76     6.4374
   78  9.0637e+08    21.9245    78    77     6.5169
   79  7.2325e+08    22.8553    79    78     6.5964
   80  7.2321e+08    22.8555    80    79     6.6759
   81  7.2191e+08    22.8630    81    80     6.7554
   82  6.8130e+08    23.1062    82    81     6.8349
   83  6.7795e+08    23.1270    83    82     6.9143
   84  6.7078e+08    23.1719    84    83     6.9938
   85  6.5849e+08    23.2501    85    84     7.0733
   86  6.5842e+08    23.2506    86    85     7.1528
   87  5.1829e+08    24.2794    87    86     7.2323
   88  5.1298e+08    24.3244    88    87     7.3117
   89  5.1236e+08    24.3296    89    88     7.3912
   90  4.9066e+08    24.5193    90    89     7.4707
   91  4.7342e+08    24.6768    91    90     7.5502
   92  4.6970e+08    24.7116    92    91     7.6296
   93  4.6693e+08    24.7377    93    92     7.7091
   94  4.6522e+08    24.7539    94    93     7.7885
   95  4.6150e+08    24.7896    95    94     7.8680
   96  4.5572e+08    24.8454    96    95     7.9475
   97  4.3430e+08    25.0595    97    96     8.0269
   98  4.3355e+08    25.0672    98    97     8.1064
   99  4.2456e+08    25.1608    99    98     8.1858
