#indx Mass S step-number desc_indx 
    0  3.1600e+10    10.5496     0    -1     0.0134
    1  3.1483e+10    10.5586     1     0     0.1326
    2  3.1275e+10    10.5746     2     1     0.2441
    3  2.8595e+10    10.7932     3     2     0.3500
    4  2.7631e+10    10.8777     4     3     0.4519
    5  2.5970e+10    11.0316     5     4     0.5506
    6  2.5851e+10    11.0431     6     5     0.6467
    7  2.3596e+10    11.2728     7     6     0.7407
    8  2.2804e+10    11.3597     8     7     0.8330
    9  2.2096e+10    11.4402     9     8     0.9238
   10  2.1242e+10    11.5415    10     9     1.0134
   11  2.0847e+10    11.5900    11    10     1.1018
   12  2.0833e+10    11.5917    12    11     1.1894
   13  1.8959e+10    11.8374    13    12     1.2761
   14  1.8871e+10    11.8496    14    13     1.3621
   15  1.8489e+10    11.9035    15    14     1.4474
   16  1.8457e+10    11.9080    16    15     1.5322
   17  1.8407e+10    11.9153    17    16     1.6165
   18  1.7847e+10    11.9969    18    17     1.7003
   19  1.7803e+10    12.0034    19    18     1.7838
   20  1.7705e+10    12.0181    20    19     1.8669
   21  1.7651e+10    12.0262    21    20     1.9496
   22  1.7625e+10    12.0301    22    21     2.0321
   23  1.7327e+10    12.0755    23    22     2.1143
   24  1.6046e+10    12.2813    24    23     2.1963
   25  1.6002e+10    12.2887    25    24     2.2781
   26  1.5308e+10    12.4087    26    25     2.3597
   27  1.5261e+10    12.4170    27    26     2.4411
   28  1.5023e+10    12.4598    28    27     2.5223
   29  1.2864e+10    12.8876    29    28     2.6034
   30  1.1713e+10    13.1509    30    29     2.6844
   31  1.1678e+10    13.1595    31    30     2.7652
   32  1.0887e+10    13.3592    32    31     2.8459
   33  1.0614e+10    13.4323    33    32     2.9266
   34  1.0541e+10    13.4519    34    33     3.0071
   35  1.0530e+10    13.4549    35    34     3.0876
   36  6.7997e+09    14.7561    36    35     3.1680
   37  6.6287e+09    14.8346    37    36     3.2483
   38  6.5876e+09    14.8537    38    37     3.3285
   39  6.5416e+09    14.8754    39    38     3.4087
   40  6.5325e+09    14.8797    40    39     3.4889
   41  6.4329e+09    14.9273    41    40     3.5689
   42  6.4006e+09    14.9429    42    41     3.6490
   43  6.2213e+09    15.0312    43    42     3.7290
   44  6.1965e+09    15.0436    44    43     3.8089
   45  6.0676e+09    15.1092    45    44     3.8889
   46  4.9787e+09    15.7365    46    45     3.9688
   47  4.8007e+09    15.8539    47    46     4.0486
   48  4.1217e+09    16.3526    48    47     4.1285
   49  3.5615e+09    16.8407    49    48     4.2083
   50  3.2317e+09    17.1710    50    49     4.2881
   51  3.1279e+09    17.2829    51    50     4.3678
   52  3.1180e+09    17.2938    52    51     4.4476
   53  3.0234e+09    17.4001    53    52     4.5273
   54  3.0128e+09    17.4122    54    53     4.6070
   55  2.6134e+09    17.9087    55    54     4.6867
   56  2.5931e+09    17.9363    56    55     4.7664
   57  2.5839e+09    17.9488    57    56     4.8460
   58  1.4815e+09    19.9900    58    57     4.9257
   59  1.4409e+09    20.0961    59    58     5.0053
   60  1.4399e+09    20.0988    60    59     5.0849
   61  1.4144e+09    20.1672    61    60     5.1646
   62  1.4079e+09    20.1850    62    61     5.2442
   63  1.4043e+09    20.1949    63    62     5.3238
   64  1.4015e+09    20.2024    64    63     5.4033
   65  1.3534e+09    20.3369    65    64     5.4829
   66  1.3417e+09    20.3702    66    65     5.5625
   67  1.3379e+09    20.3814    67    66     5.6421
   68  1.3357e+09    20.3877    68    67     5.7216
   69  1.3303e+09    20.4031    69    68     5.8012
   70  1.3268e+09    20.4134    70    69     5.8807
   71  1.1483e+09    20.9775    71    70     5.9602
   72  1.1126e+09    21.1023    72    71     6.0398
   73  1.1124e+09    21.1029    73    72     6.1193
   74  1.0574e+09    21.3043    74    73     6.1988
   75  1.0272e+09    21.4199    75    74     6.2783
   76  1.0217e+09    21.4413    76    75     6.3579
   77  1.0147e+09    21.4688    77    76     6.4374
   78  1.0109e+09    21.4841    78    77     6.5169
   79  7.8607e+08    22.5086    79    78     6.5964
   80  7.6456e+08    22.6236    80    79     6.6759
   81  7.6016e+08    22.6477    81    80     6.7554
   82  7.4391e+08    22.7376    82    81     6.8349
   83  7.4216e+08    22.7474    83    82     6.9143
   84  7.2591e+08    22.8399    84    83     6.9938
   85  7.2549e+08    22.8423    85    84     7.0733
   86  7.0793e+08    22.9450    86    85     7.1528
   87  7.0686e+08    22.9513    87    86     7.2323
   88  6.9881e+08    22.9994    88    87     7.3117
   89  6.9690e+08    23.0109    89    88     7.3912
   90  6.9674e+08    23.0119    90    89     7.4707
   91  6.9054e+08    23.0495    91    90     7.5502
   92  6.8650e+08    23.0742    92    91     7.6296
   93  5.7389e+08    23.8376    93    92     7.7091
   94  5.6407e+08    23.9120    94    93     7.7885
   95  5.5865e+08    23.9536    95    94     7.8680
   96  5.1934e+08    24.2706    96    95     7.9475
   97  5.1253e+08    24.3282    97    96     8.0269
   98  4.2655e+08    25.1399    98    97     8.1064
   99  4.2602e+08    25.1454    99    98     8.1858
  100  4.2521e+08    25.1540   100    99     8.2653
