#indx Mass S step-number desc_indx 
    0  3.1600e+10    10.5496     0    -1     0.0134
    1  3.1260e+10    10.5757     1     0     0.1326
    2  2.5537e+10    11.0736     2     1     0.2441
    3  2.5494e+10    11.0779     3     2     0.3500
    4  2.5227e+10    11.1043     4     3     0.4519
    5  2.5155e+10    11.1114     5     4     0.5506
    6  2.4903e+10    11.1367     6     5     0.6467
    7  2.4653e+10    11.1621     7     6     0.7407
    8  2.0857e+10    11.5888     8     7     0.8330
    9  2.0848e+10    11.5898     9     8     0.9238
   10  1.7054e+09    19.4590    10     9     1.0134
   11  1.7028e+09    19.4646    11    10     1.1018
   12  2.9897e+08    26.7636    12    11     1.1894
   13  2.9575e+08    26.8141    13    12     1.2761
   14  2.8138e+08    27.0477    14    13     1.3621
   15  2.8123e+08    27.0502    15    14     1.4474
   16  2.4184e+08    27.7661    16    15     1.5322
   17  2.2977e+08    28.0119    17    16     1.6165
   18  2.2975e+08    28.0123    18    17     1.7003
   19  2.2607e+08    28.0903    19    18     1.7838
   20  2.2576e+08    28.0968    20    19     1.8669
   21  2.2247e+08    28.1678    21    20     1.9496
   22  2.2019e+08    28.2176    22    21     2.0321
   23  2.1924e+08    28.2386    23    22     2.1143
   24  2.1869e+08    28.2506    24    23     2.1963
   25  2.1584e+08    28.3143    25    24     2.2781
   26  2.1539e+08    28.3244    26    25     2.3597
   27  2.1494e+08    28.3346    27    26     2.4411
   28  2.1480e+08    28.3377    28    27     2.5223
   29  2.1421e+08    28.3512    29    28     2.6034
   30  2.1345e+08    28.3685    30    29     2.6844
   31  2.1338e+08    28.3700    31    30     2.7652
   32  2.1223e+08    28.3963    32    31     2.8459
   33  2.0942e+08    28.4612    33    32     2.9266
   34  2.0922e+08    28.4658    34    33     3.0071
   35  1.9364e+08    28.8443    35    34     3.0876
   36  1.8862e+08    28.9735    36    35     3.1680
   37  1.8590e+08    29.0453    37    36     3.2483
   38  1.6300e+08    29.6992    38    37     3.3285
   39  1.5830e+08    29.8462    39    38     3.4087
   40  1.5720e+08    29.8811    40    39     3.4889
   41  1.5675e+08    29.8956    41    40     3.5689
   42  1.5642e+08    29.9065    42    41     3.6490
   43  1.5629e+08    29.9105    43    42     3.7290
   44  1.5611e+08    29.9164    44    43     3.8089
   45  1.5572e+08    29.9288    45    44     3.8889
   46  1.5371e+08    29.9943    46    45     3.9688
   47  1.5287e+08    30.0220    47    46     4.0486
   48  1.3939e+08    30.4906    48    47     4.1285
   49  1.3852e+08    30.5228    49    48     4.2083
   50  1.3712e+08    30.5746    50    49     4.2881
   51  1.3685e+08    30.5846    51    50     4.3678
   52  1.3599e+08    30.6170    52    51     4.4476
