#indx Mass S step-number desc_indx 
    0  3.1600e+10    10.5496     0    -1     0.0134
    1  3.1179e+10    10.5821     1     0     0.1326
    2  3.1009e+10    10.5953     2     1     0.2441
    3  2.6898e+10    10.9443     3     2     0.3500
    4  2.6314e+10    10.9988     4     3     0.4519
    5  2.5651e+10    11.0625     5     4     0.5506
    6  7.9554e+09    14.2792     6     5     0.6467
    7  7.9506e+09    14.2810     7     6     0.7407
    8  7.8279e+09    14.3278     8     7     0.8330
    9  7.8082e+09    14.3354     9     8     0.9238
   10  7.7214e+09    14.3691    10     9     1.0134
   11  7.6953e+09    14.3793    11    10     1.1018
   12  7.4075e+09    14.4946    12    11     1.1894
   13  7.3450e+09    14.5204    13    12     1.2761
   14  7.3437e+09    14.5209    14    13     1.3621
   15  7.2534e+09    14.5585    15    14     1.4474
   16  6.9431e+09    14.6920    16    15     1.5322
   17  6.9309e+09    14.6974    17    16     1.6165
   18  6.8819e+09    14.7192    18    17     1.7003
   19  6.8258e+09    14.7444    19    18     1.7838
   20  6.7780e+09    14.7659    20    19     1.8669
   21  6.6553e+09    14.8222    21    20     1.9496
   22  6.4194e+09    14.9338    22    21     2.0321
   23  6.3949e+09    14.9456    23    22     2.1143
   24  6.3834e+09    14.9512    24    23     2.1963
   25  6.3482e+09    14.9683    25    24     2.2781
   26  6.2339e+09    15.0249    26    25     2.3597
   27  5.4171e+09    15.4666    27    26     2.4411
   28  4.9025e+09    15.7862    28    27     2.5223
   29  4.8679e+09    15.8090    29    28     2.6034
   30  4.7503e+09    15.8881    30    29     2.6844
   31  4.6853e+09    15.9328    31    30     2.7652
   32  4.6249e+09    15.9749    32    31     2.8459
   33  4.2285e+09    16.2682    33    32     2.9266
   34  4.1661e+09    16.3173    34    33     3.0071
   35  4.0440e+09    16.4156    35    34     3.0876
   36  4.0350e+09    16.4230    36    35     3.1680
   37  3.9146e+09    16.5237    37    36     3.2483
   38  3.9045e+09    16.5323    38    37     3.3285
   39  3.8974e+09    16.5384    39    38     3.4087
   40  3.4426e+09    16.9555    40    39     3.4889
   41  3.3292e+09    17.0695    41    40     3.5689
   42  3.3146e+09    17.0844    42    41     3.6490
   43  3.1953e+09    17.2098    43    42     3.7290
   44  3.1576e+09    17.2505    44    43     3.8089
   45  3.1117e+09    17.3008    45    44     3.8889
   46  2.9945e+09    17.4333    46    45     3.9688
   47  2.9864e+09    17.4427    47    46     4.0486
   48  2.9759e+09    17.4548    48    47     4.1285
   49  1.8996e+09    19.0586    49    48     4.2083
   50  1.2405e+09    20.6745    50    49     4.2881
   51  1.2303e+09    20.7068    51    50     4.3678
   52  1.1519e+09    20.9651    52    51     4.4476
   53  1.1378e+09    21.0137    53    52     4.5273
   54  1.1347e+09    21.0244    54    53     4.6070
   55  1.1340e+09    21.0268    55    54     4.6867
   56  1.0613e+09    21.2897    56    55     4.7664
   57  1.0435e+09    21.3570    57    56     4.8460
   58  1.0325e+09    21.3993    58    57     4.9257
   59  1.0143e+09    21.4704    59    58     5.0053
   60  1.0112e+09    21.4827    60    59     5.0849
   61  9.0831e+08    21.9158    61    60     5.1646
   62  9.0238e+08    21.9424    62    61     5.2442
   63  8.8871e+08    22.0045    63    62     5.3238
   64  8.7968e+08    22.0462    64    63     5.4033
   65  8.5001e+08    22.1865    65    64     5.4829
   66  8.4581e+08    22.2068    66    65     5.5625
   67  8.4520e+08    22.2097    67    66     5.6421
   68  8.3677e+08    22.2509    68    67     5.7216
   69  8.1416e+08    22.3636    69    68     5.8012
   70  8.1195e+08    22.3748    70    69     5.8807
   71  6.6100e+08    23.2340    71    70     5.9602
   72  6.4410e+08    23.3439    72    71     6.0398
   73  6.4041e+08    23.3682    73    72     6.1193
   74  6.3291e+08    23.4183    74    73     6.1988
   75  6.2752e+08    23.4548    75    74     6.2783
   76  6.2244e+08    23.4894    76    75     6.3579
   77  6.0902e+08    23.5824    77    76     6.4374
   78  6.0731e+08    23.5945    78    77     6.5169
   79  5.5227e+08    24.0034    79    78     6.5964
   80  5.3259e+08    24.1608    80    79     6.6759
   81  4.8193e+08    24.5982    81    80     6.7554
   82  4.6997e+08    24.7091    82    81     6.8349
   83  4.4774e+08    24.9238    83    82     6.9143
   84  4.4484e+08    24.9526    84    83     6.9938
   85  4.4455e+08    24.9555    85    84     7.0733
   86  4.2456e+08    25.1608    86    85     7.1528
   87  4.2438e+08    25.1627    87    86     7.2323
   88  4.2350e+08    25.1719    88    87     7.3117
   89  4.1642e+08    25.2475    89    88     7.3912
   90  3.9341e+08    25.5033    90    89     7.4707
   91  3.9263e+08    25.5122    91    90     7.5502
   92  3.8697e+08    25.5779    92    91     7.6296
   93  3.6433e+08    25.8516    93    92     7.7091
   94  3.5577e+08    25.9600    94    93     7.7885
   95  3.5053e+08    26.0280    95    94     7.8680
   96  3.5030e+08    26.0310    96    95     7.9475
   97  3.3682e+08    26.2112    97    96     8.0269
   98  3.3653e+08    26.2152    98    97     8.1064
   99  2.9873e+08    26.7674    99    98     8.1858
  100  2.9808e+08    26.7775   100    99     8.2653
