#indx Mass S step-number desc_indx 
    0  3.1600e+10    10.5496     0    -1     0.0134
    1  2.6169e+10    11.0126     1     0     0.1326
    2  2.5899e+10    11.0385     2     1     0.2441
    3  2.5571e+10    11.0704     3     2     0.3500
    4  2.0176e+10    11.6749     4     3     0.4519
    5  1.8354e+10    11.9228     5     4     0.5506
    6  1.8266e+10    11.9355     6     5     0.6467
    7  1.7907e+10    11.9880     7     6     0.7407
    8  1.7808e+10    12.0027     8     7     0.8330
    9  1.7799e+10    12.0040     9     8     0.9238
   10  1.7603e+10    12.0334    10     9     1.0134
   11  1.7427e+10    12.0601    11    10     1.1018
   12  1.6368e+10    12.2278    12    11     1.1894
   13  1.6287e+10    12.2412    13    12     1.2761
   14  1.6271e+10    12.2438    14    13     1.3621
   15  1.6253e+10    12.2468    15    14     1.4474
   16  1.5843e+10    12.3156    16    15     1.5322
   17  1.4042e+10    12.6448    17    16     1.6165
   18  1.4036e+10    12.6459    18    17     1.7003
   19  1.3935e+10    12.6658    19    18     1.7838
   20  1.3105e+10    12.8358    20    19     1.8669
   21  1.1622e+10    13.1731    21    20     1.9496
   22  1.1347e+10    13.2412    22    21     2.0321
   23  1.1289e+10    13.2557    23    22     2.1143
   24  1.1235e+10    13.2695    24    23     2.1963
   25  1.0869e+10    13.3641    25    24     2.2781
   26  9.7210e+09    13.6864    26    25     2.3597
   27  9.3664e+09    13.7950    27    26     2.4411
   28  9.2999e+09    13.8159    28    27     2.5223
   29  9.1816e+09    13.8535    29    28     2.6034
   30  8.5024e+09    14.0806    30    29     2.6844
   31  8.3617e+09    14.1303    31    30     2.7652
   32  8.0631e+09    14.2389    32    31     2.8459
   33  7.9372e+09    14.2861    33    32     2.9266
   34  7.8662e+09    14.3131    34    33     3.0071
   35  7.8110e+09    14.3343    35    34     3.0876
   36  7.7038e+09    14.3760    36    35     3.1680
   37  7.6952e+09    14.3793    37    36     3.2483
   38  7.5841e+09    14.4233    38    37     3.3285
   39  6.9363e+09    14.6951    39    38     3.4087
   40  6.9271e+09    14.6992    40    39     3.4889
   41  6.1851e+09    15.0493    41    40     3.5689
   42  6.1450e+09    15.0696    42    41     3.6490
   43  5.8572e+09    15.2198    43    42     3.7290
   44  5.6597e+09    15.3278    44    43     3.8089
   45  4.4847e+09    16.0753    45    44     3.8889
   46  4.4487e+09    16.1016    46    45     3.9688
   47  4.4419e+09    16.1066    47    46     4.0486
   48  4.3460e+09    16.1781    48    47     4.1285
   49  4.3368e+09    16.1850    49    48     4.2083
   50  4.2355e+09    16.2627    50    49     4.2881
   51  4.2153e+09    16.2785    51    50     4.3678
   52  4.1546e+09    16.3263    52    51     4.4476
   53  3.4617e+09    16.9368    53    52     4.5273
   54  3.3972e+09    17.0006    54    53     4.6070
   55  3.3962e+09    17.0017    55    54     4.6867
   56  3.3688e+09    17.0292    56    55     4.7664
   57  3.3137e+09    17.0854    57    56     4.8460
   58  3.1755e+09    17.2312    58    57     4.9257
   59  2.5482e+09    17.9980    59    58     5.0053
   60  9.2966e+08    21.8215    60    59     5.0849
   61  9.2953e+08    21.8221    61    60     5.1646
   62  9.2684e+08    21.8338    62    61     5.2442
   63  8.7949e+08    22.0471    63    62     5.3238
   64  8.7803e+08    22.0538    64    63     5.4033
   65  8.7624e+08    22.0622    65    64     5.4829
   66  8.7397e+08    22.0727    66    65     5.5625
   67  8.7111e+08    22.0861    67    66     5.6421
   68  8.5529e+08    22.1611    68    67     5.7216
   69  8.0650e+08    22.4026    69    68     5.8012
   70  8.0482e+08    22.4112    70    69     5.8807
   71  8.0392e+08    22.4158    71    70     5.9602
   72  8.0338e+08    22.4186    72    71     6.0398
   73  7.7890e+08    22.5466    73    72     6.1193
   74  7.6686e+08    22.6112    74    73     6.1988
   75  7.5550e+08    22.6732    75    74     6.2783
   76  7.5194e+08    22.6929    76    75     6.3579
   77  7.4029e+08    22.7579    77    76     6.4374
   78  7.3622e+08    22.7810    78    77     6.5169
   79  7.2326e+08    22.8552    79    78     6.5964
   80  7.2078e+08    22.8696    80    79     6.6759
   81  7.1417e+08    22.9081    81    80     6.7554
   82  7.0885e+08    22.9395    82    81     6.8349
   83  6.6469e+08    23.2105    83    82     6.9143
   84  6.4717e+08    23.3237    84    83     6.9938
   85  6.3854e+08    23.3806    85    84     7.0733
   86  6.1694e+08    23.5273    86    85     7.1528
   87  6.1656e+08    23.5299    87    86     7.2323
   88  6.1276e+08    23.5563    88    87     7.3117
   89  6.1174e+08    23.5634    89    88     7.3912
   90  6.1100e+08    23.5686    90    89     7.4707
   91  6.1040e+08    23.5728    91    90     7.5502
   92  6.0991e+08    23.5762    92    91     7.6296
   93  5.8585e+08    23.7487    93    92     7.7091
   94  5.8577e+08    23.7493    94    93     7.7885
   95  5.4382e+08    24.0702    95    94     7.8680
   96  5.3277e+08    24.1594    96    95     7.9475
   97  5.2316e+08    24.2386    97    96     8.0269
   98  5.2011e+08    24.2640    98    97     8.1064
   99  5.1659e+08    24.2937    99    98     8.1858
  100  5.1468e+08    24.3100   100    99     8.2653
