#indx Mass S step-number desc_indx 
    0  3.1600e+10    10.5496     0    -1     0.0134
    1  2.9631e+10    10.7060     1     0     0.1326
    2  2.8881e+10    10.7687     2     1     0.2441
    3  2.8787e+10    10.7767     3     2     0.3500
    4  2.8470e+10    10.8039     4     3     0.4519
    5  2.7728e+10    10.8690     5     4     0.5506
    6  2.7330e+10    10.9048     6     5     0.6467
    7  2.7276e+10    10.9096     7     6     0.7407
    8  2.6975e+10    10.9372     8     7     0.8330
    9  2.6817e+10    10.9517     9     8     0.9238
   10  2.4026e+10    11.2271    10     9     1.0134
   11  2.3458e+10    11.2877    11    10     1.1018
   12  2.3020e+10    11.3356    12    11     1.1894
   13  2.2682e+10    11.3733    13    12     1.2761
   14  2.1680e+10    11.4890    14    13     1.3621
   15  2.1553e+10    11.5041    15    14     1.4474
   16  2.1486e+10    11.5121    16    15     1.5322
   17  2.1456e+10    11.5158    17    16     1.6165
   18  1.7710e+10    12.0173    18    17     1.7003
   19  1.5724e+10    12.3360    19    18     1.7838
   20  1.4741e+10    12.5115    20    19     1.8669
   21  1.4214e+10    12.6113    21    20     1.9496
   22  1.3835e+10    12.6856    22    21     2.0321
   23  1.3661e+10    12.7206    23    22     2.1143
   24  1.3353e+10    12.7838    24    23     2.1963
   25  1.2928e+10    12.8738    25    24     2.2781
   26  1.2892e+10    12.8816    26    25     2.3597
   27  1.2830e+10    12.8950    27    26     2.4411
   28  1.2710e+10    12.9211    28    27     2.5223
   29  1.2502e+10    12.9675    29    28     2.6034
   30  1.2183e+10    13.0399    30    29     2.6844
   31  1.1165e+10    13.2871    31    30     2.7652
   32  1.1158e+10    13.2890    32    31     2.8459
   33  1.1134e+10    13.2952    33    32     2.9266
   34  1.0582e+10    13.4409    34    33     3.0071
   35  1.0119e+10    13.5700    35    34     3.0876
   36  1.0039e+10    13.5930    36    35     3.1680
   37  9.9250e+09    13.6260    37    36     3.2483
   38  9.3238e+09    13.8083    38    37     3.3285
   39  9.0367e+09    13.9002    39    38     3.4087
   40  8.2577e+09    14.1676    40    39     3.4889
   41  8.2156e+09    14.1828    41    40     3.5689
   42  8.0271e+09    14.2523    42    41     3.6490
   43  7.9580e+09    14.2783    43    42     3.7290
   44  7.5041e+09    14.4554    44    43     3.8089
   45  7.0404e+09    14.6495    45    44     3.8889
   46  7.0325e+09    14.6529    46    45     3.9688
   47  7.0186e+09    14.6589    47    46     4.0486
   48  7.0161e+09    14.6600    48    47     4.1285
   49  4.9562e+09    15.7511    49    48     4.2083
   50  4.9353e+09    15.7647    50    49     4.2881
   51  4.9131e+09    15.7792    51    50     4.3678
   52  4.8885e+09    15.7954    52    51     4.4476
   53  4.8823e+09    15.7995    53    52     4.5273
   54  4.7070e+09    15.9177    54    53     4.6070
   55  4.5855e+09    16.0027    55    54     4.6867
   56  4.5815e+09    16.0056    56    55     4.7664
   57  4.5111e+09    16.0561    57    56     4.8460
   58  4.3967e+09    16.1400    58    57     4.9257
   59  4.3909e+09    16.1443    59    58     5.0053
   60  4.3108e+09    16.2048    60    59     5.0849
   61  4.2878e+09    16.2223    61    60     5.1646
   62  4.2472e+09    16.2536    62    61     5.2442
   63  4.2229e+09    16.2726    63    62     5.3238
   64  4.1426e+09    16.3359    64    63     5.4033
   65  4.1332e+09    16.3434    65    64     5.4829
   66  4.1303e+09    16.3458    66    65     5.5625
   67  4.0056e+09    16.4472    67    66     5.6421
   68  3.8942e+09    16.5412    68    67     5.7216
   69  3.8697e+09    16.5622    69    68     5.8012
   70  3.6881e+09    16.7231    70    69     5.8807
   71  3.6214e+09    16.7845    71    70     5.9602
   72  3.5788e+09    16.8243    72    71     6.0398
   73  3.4964e+09    16.9030    73    72     6.1193
   74  3.4925e+09    16.9068    74    73     6.1988
   75  3.4914e+09    16.9079    75    74     6.2783
   76  3.4901e+09    16.9091    76    75     6.3579
   77  3.4873e+09    16.9118    77    76     6.4374
   78  3.4817e+09    16.9172    78    77     6.5169
   79  3.4495e+09    16.9487    79    78     6.5964
   80  3.2876e+09    17.1124    80    79     6.6759
   81  3.2864e+09    17.1136    81    80     6.7554
   82  3.2694e+09    17.1313    82    81     6.8349
   83  3.2557e+09    17.1457    83    82     6.9143
   84  3.2054e+09    17.1990    84    83     6.9938
   85  3.0737e+09    17.3432    85    84     7.0733
   86  3.0698e+09    17.3475    86    85     7.1528
   87  3.0609e+09    17.3576    87    86     7.2323
   88  2.9953e+09    17.4323    88    87     7.3117
   89  2.9789e+09    17.4514    89    88     7.3912
   90  2.9746e+09    17.4564    90    89     7.4707
   91  2.9687e+09    17.4633    91    90     7.5502
   92  2.9405e+09    17.4963    92    91     7.6296
   93  2.9282e+09    17.5109    93    92     7.7091
   94  2.9209e+09    17.5195    94    93     7.7885
   95  2.9103e+09    17.5322    95    94     7.8680
   96  2.8792e+09    17.5695    96    95     7.9475
   97  2.8749e+09    17.5747    97    96     8.0269
   98  2.8564e+09    17.5972    98    97     8.1064
   99  2.8432e+09    17.6133    99    98     8.1858
  100  2.8130e+09    17.6505   100    99     8.2653
