#indx Mass S step-number desc_indx 
    0  3.1600e+10    10.5496     0    -1     0.0134
    1  2.9115e+10    10.7489     1     0     0.1326
    2  2.8553e+10    10.7967     2     1     0.2441
    3  2.8400e+10    10.8100     3     2     0.3500
    4  2.8373e+10    10.8123     4     3     0.4519
    5  2.7906e+10    10.8532     5     4     0.5506
    6  2.7674e+10    10.8739     6     5     0.6467
    7  2.7270e+10    10.9102     7     6     0.7407
    8  2.7263e+10    10.9108     8     7     0.8330
    9  2.6605e+10    10.9714     9     8     0.9238
   10  1.8801e+10    11.8595    10     9     1.0134
   11  1.8446e+10    11.9096    11    10     1.1018
   12  1.8213e+10    11.9431    12    11     1.1894
   13  1.7972e+10    11.9784    13    12     1.2761
   14  1.7906e+10    11.9882    14    13     1.3621
   15  1.7803e+10    12.0034    15    14     1.4474
   16  1.6582e+10    12.1930    16    15     1.5322
   17  1.6111e+10    12.2704    17    16     1.6165
   18  1.5720e+10    12.3367    18    17     1.7003
   19  1.5660e+10    12.3471    19    18     1.7838
   20  1.4877e+10    12.4864    20    19     1.8669
   21  1.4817e+10    12.4974    21    20     1.9496
   22  1.4309e+10    12.5930    22    21     2.0321
   23  1.3316e+10    12.7914    23    22     2.1143
   24  1.2873e+10    12.8856    24    23     2.1963
   25  1.2857e+10    12.8890    25    24     2.2781
   26  1.2579e+10    12.9503    26    25     2.3597
   27  1.2566e+10    12.9532    27    26     2.4411
   28  1.2531e+10    12.9610    28    27     2.5223
   29  1.1470e+10    13.2105    29    28     2.6034
   30  1.1242e+10    13.2676    30    29     2.6844
   31  1.1095e+10    13.3051    31    30     2.7652
   32  1.0980e+10    13.3350    32    31     2.8459
   33  1.0312e+10    13.5152    33    32     2.9266
   34  1.0201e+10    13.5466    34    33     3.0071
   35  1.0043e+10    13.5918    35    34     3.0876
   36  9.5739e+09    13.7309    36    35     3.1680
   37  9.2759e+09    13.8235    37    36     3.2483
   38  9.2558e+09    13.8298    38    37     3.3285
   39  9.2161e+09    13.8424    39    38     3.4087
   40  8.7659e+09    13.9901    40    39     3.4889
   41  8.5511e+09    14.0636    41    40     3.5689
   42  8.5047e+09    14.0798    42    41     3.6490
   43  8.4142e+09    14.1116    43    42     3.7290
   44  8.3410e+09    14.1376    44    43     3.8089
   45  8.2269e+09    14.1787    45    44     3.8889
   46  6.9126e+09    14.7056    46    45     3.9688
   47  6.8731e+09    14.7231    47    46     4.0486
   48  6.6487e+09    14.8253    48    47     4.1285
   49  6.1461e+09    15.0691    49    48     4.2083
   50  6.0413e+09    15.1228    50    49     4.2881
   51  5.9988e+09    15.1449    51    50     4.3678
   52  5.9490e+09    15.1710    52    51     4.4476
   53  5.3962e+09    15.4789    53    52     4.5273
   54  5.0853e+09    15.6684    54    53     4.6070
   55  5.0454e+09    15.6937    55    54     4.6867
   56  4.9347e+09    15.7651    56    55     4.7664
   57  4.9145e+09    15.7782    57    56     4.8460
   58  2.7731e+09    17.7004    58    57     4.9257
   59  2.7728e+09    17.7008    59    58     5.0053
   60  2.7468e+09    17.7339    60    59     5.0849
   61  2.7394e+09    17.7433    61    60     5.1646
   62  2.6300e+09    17.8864    62    61     5.2442
   63  2.5469e+09    17.9998    63    62     5.3238
   64  2.5319e+09    18.0208    64    63     5.4033
   65  2.4884e+09    18.0822    65    64     5.4829
   66  1.4805e+09    19.9927    66    65     5.5625
   67  1.4744e+09    20.0084    67    66     5.6421
   68  1.4320e+09    20.1200    68    67     5.7216
   69  1.4311e+09    20.1222    69    68     5.8012
   70  1.4300e+09    20.1252    70    69     5.8807
   71  1.3964e+09    20.2164    71    70     5.9602
   72  1.3956e+09    20.2185    72    71     6.0398
   73  1.3881e+09    20.2394    73    72     6.1193
   74  1.1212e+09    21.0718    74    73     6.1988
   75  9.0275e+08    21.9407    75    74     6.2783
   76  8.8850e+08    22.0054    76    75     6.3579
   77  8.8826e+08    22.0066    77    76     6.4374
   78  8.4377e+08    22.2167    78    77     6.5169
   79  8.4369e+08    22.2171    79    78     6.5964
   80  8.3844e+08    22.2427    80    79     6.6759
   81  8.3746e+08    22.2475    81    80     6.7554
   82  8.3572e+08    22.2560    82    81     6.8349
   83  8.1920e+08    22.3381    83    82     6.9143
   84  7.6412e+08    22.6260    84    83     6.9938
   85  7.6350e+08    22.6294    85    84     7.0733
   86  6.5843e+08    23.2505    86    85     7.1528
   87  6.5789e+08    23.2540    87    86     7.2323
   88  6.5628e+08    23.2643    88    87     7.3117
   89  6.5502e+08    23.2725    89    88     7.3912
   90  6.4131e+08    23.3622    90    89     7.4707
   91  5.5543e+08    23.9787    91    90     7.5502
   92  5.5414e+08    23.9887    92    91     7.6296
   93  5.5403e+08    23.9896    93    92     7.7091
   94  5.4086e+08    24.0939    94    93     7.7885
   95  5.4067e+08    24.0954    95    94     7.8680
   96  5.0755e+08    24.3709    96    95     7.9475
   97  5.0682e+08    24.3772    97    96     8.0269
   98  5.0561e+08    24.3876    98    97     8.1064
   99  4.9542e+08    24.4769    99    98     8.1858
  100  4.9458e+08    24.4843   100    99     8.2653
