#indx Mass S step-number desc_indx 
    0  3.1600e+10    10.5496     0    -1     0.0134
    1  3.1394e+10    10.5654     1     0     0.1326
    2  2.9209e+10    10.7410     2     1     0.2441
    3  2.9104e+10    10.7498     3     2     0.3500
    4  2.8434e+10    10.8070     4     3     0.4519
    5  2.8352e+10    10.8141     5     4     0.5506
    6  2.4064e+10    11.2231     6     5     0.6467
    7  2.3241e+10    11.3113     7     6     0.7407
    8  2.2517e+10    11.3920     8     7     0.8330
    9  2.2199e+10    11.4283     9     8     0.9238
   10  2.0007e+10    11.6967    10     9     1.0134
   11  1.9954e+10    11.7037    11    10     1.1018
   12  1.9463e+10    11.7687    12    11     1.1894
   13  1.9350e+10    11.7839    13    12     1.2761
   14  1.8816e+10    11.8574    14    13     1.3621
   15  1.8372e+10    11.9203    15    14     1.4474
   16  1.6843e+10    12.1510    16    15     1.5322
   17  1.6777e+10    12.1616    17    16     1.6165
   18  1.5474e+10    12.3794    18    17     1.7003
   19  1.5428e+10    12.3876    19    18     1.7838
   20  1.5397e+10    12.3930    20    19     1.8669
   21  1.5332e+10    12.4044    21    20     1.9496
   22  1.5046e+10    12.4556    22    21     2.0321
   23  1.5035e+10    12.4577    23    22     2.1143
   24  1.4938e+10    12.4753    24    23     2.1963
   25  1.4910e+10    12.4804    25    24     2.2781
   26  1.4888e+10    12.4845    26    25     2.3597
   27  1.4868e+10    12.4881    27    26     2.4411
   28  1.4234e+10    12.6075    28    27     2.5223
   29  1.4190e+10    12.6160    29    28     2.6034
   30  1.4000e+10    12.6529    30    29     2.6844
   31  1.3974e+10    12.6581    31    30     2.7652
   32  1.3939e+10    12.6650    32    31     2.8459
   33  1.1355e+10    13.2392    33    32     2.9266
   34  1.0575e+10    13.4428    34    33     3.0071
   35  1.0096e+10    13.5766    35    34     3.0876
   36  1.0064e+10    13.5858    36    35     3.1680
   37  9.6107e+09    13.7197    37    36     3.2483
   38  9.5879e+09    13.7266    38    37     3.3285
   39  9.4188e+09    13.7787    39    38     3.4087
   40  9.3961e+09    13.7857    40    39     3.4889
   41  9.3138e+09    13.8115    41    40     3.5689
   42  9.2796e+09    13.8223    42    41     3.6490
   43  9.0279e+09    13.9031    43    42     3.7290
   44  8.8258e+09    13.9699    44    43     3.8089
   45  8.7531e+09    13.9944    45    44     3.8889
   46  8.7298e+09    14.0023    46    45     3.9688
   47  8.2597e+09    14.1668    47    46     4.0486
   48  8.1588e+09    14.2036    48    47     4.1285
   49  7.3460e+09    14.5200    49    48     4.2083
   50  7.2939e+09    14.5416    50    49     4.2881
   51  7.1180e+09    14.6160    51    50     4.3678
   52  7.0726e+09    14.6355    52    51     4.4476
   53  7.0689e+09    14.6371    53    52     4.5273
   54  6.9437e+09    14.6918    54    53     4.6070
   55  6.9345e+09    14.6959    55    54     4.6867
   56  6.6286e+09    14.8346    56    55     4.7664
   57  6.6064e+09    14.8449    57    56     4.8460
   58  6.5546e+09    14.8693    58    57     4.9257
   59  5.9717e+09    15.1590    59    58     5.0053
   60  5.3842e+09    15.4860    60    59     5.0849
   61  5.3797e+09    15.4886    61    60     5.1646
   62  4.1028e+09    16.3678    62    61     5.2442
   63  4.0245e+09    16.4317    63    62     5.3238
   64  3.9954e+09    16.4558    64    63     5.4033
   65  3.9420e+09    16.5004    65    64     5.4829
   66  3.9051e+09    16.5318    66    65     5.5625
   67  3.8681e+09    16.5635    67    66     5.6421
   68  3.8597e+09    16.5708    68    67     5.7216
   69  3.8527e+09    16.5769    69    68     5.8012
   70  3.4371e+09    16.9610    70    69     5.8807
   71  3.4268e+09    16.9712    71    70     5.9602
   72  3.4124e+09    16.9855    72    71     6.0398
   73  3.3827e+09    17.0152    73    72     6.1193
   74  8.8568e+08    22.0184    74    73     6.1988
   75  8.6285e+08    22.1251    75    74     6.2783
   76  8.5272e+08    22.1734    76    75     6.3579
   77  8.4708e+08    22.2006    77    76     6.4374
   78  8.4100e+08    22.2302    78    77     6.5169
   79  7.8982e+08    22.4889    79    78     6.5964
   80  7.8472e+08    22.5157    80    79     6.6759
   81  7.6629e+08    22.6143    81    80     6.7554
   82  7.5551e+08    22.6732    82    81     6.8349
   83  7.5069e+08    22.6999    83    82     6.9143
   84  7.4469e+08    22.7332    84    83     6.9938
   85  7.3896e+08    22.7654    85    84     7.0733
   86  7.3478e+08    22.7891    86    85     7.1528
   87  7.3221e+08    22.8038    87    86     7.2323
   88  7.2820e+08    22.8268    88    87     7.3117
   89  7.1942e+08    22.8775    89    88     7.3912
   90  7.0721e+08    22.9492    90    89     7.4707
   91  6.8706e+08    23.0707    91    90     7.5502
   92  6.7996e+08    23.1145    92    91     7.6296
   93  6.7752e+08    23.1297    93    92     7.7091
   94  6.7549e+08    23.1424    94    93     7.7885
   95  6.7399e+08    23.1518    95    94     7.8680
   96  6.6944e+08    23.1804    96    95     7.9475
   97  6.6896e+08    23.1834    97    96     8.0269
   98  6.6756e+08    23.1923    98    97     8.1064
   99  6.6682e+08    23.1970    99    98     8.1858
  100  6.6517e+08    23.2074   100    99     8.2653
