#indx Mass S step-number desc_indx 
    0  3.1600e+10    10.5496     0    -1     0.0134
    1  2.8193e+10    10.8279     1     0     0.1326
    2  2.8022e+10    10.8430     2     1     0.2441
    3  2.7813e+10    10.8615     3     2     0.3500
    4  2.7702e+10    10.8713     4     3     0.4519
    5  2.5841e+10    11.0441     5     4     0.5506
    6  1.1658e+10    13.1645     6     5     0.6467
    7  1.1342e+10    13.2425     7     6     0.7407
    8  1.1226e+10    13.2716     8     7     0.8330
    9  1.1129e+10    13.2964     9     8     0.9238
   10  1.1026e+10    13.3229    10     9     1.0134
   11  9.2618e+09    13.8279    11    10     1.1018
   12  7.5378e+09    14.4418    12    11     1.1894
   13  7.4337e+09    14.4839    13    12     1.2761
   14  7.3819e+09    14.5051    14    13     1.3621
   15  7.3810e+09    14.5055    15    14     1.4474
   16  7.2601e+09    14.5557    16    15     1.5322
   17  7.2137e+09    14.5752    17    16     1.6165
   18  7.2077e+09    14.5778    18    17     1.7003
   19  6.6502e+09    14.8246    19    18     1.7838
   20  6.5620e+09    14.8657    20    19     1.8669
   21  6.5033e+09    14.8935    21    20     1.9496
   22  2.1398e+09    18.6235    22    21     2.0321
   23  2.1092e+09    18.6759    23    22     2.1143
   24  2.0614e+09    18.7593    24    23     2.1963
   25  1.8860e+09    19.0851    25    24     2.2781
   26  4.6728e+08    24.7344    26    25     2.3597
   27  4.5370e+08    24.8651    27    26     2.4411
   28  4.3737e+08    25.0280    28    27     2.5223
   29  4.2979e+08    25.1060    29    28     2.6034
   30  4.1630e+08    25.2487    30    29     2.6844
   31  4.1468e+08    25.2663    31    30     2.7652
   32  3.9489e+08    25.4862    32    31     2.8459
   33  3.8877e+08    25.5569    33    32     2.9266
   34  3.8009e+08    25.6591    34    33     3.0071
   35  3.4641e+08    26.0822    35    34     3.0876
   36  3.4171e+08    26.1448    36    35     3.1680
   37  3.1592e+08    26.5070    37    36     3.2483
   38  3.0746e+08    26.6331    38    37     3.3285
   39  3.0648e+08    26.6480    39    38     3.4087
   40  3.0310e+08    26.6996    40    39     3.4889
   41  2.8638e+08    26.9650    41    40     3.5689
   42  2.4980e+08    27.6115    42    41     3.6490
   43  2.3400e+08    27.9244    43    42     3.7290
   44  2.3362e+08    27.9320    44    43     3.8089
   45  2.3285e+08    27.9479    45    44     3.8889
   46  2.3201e+08    27.9653    46    45     3.9688
   47  2.2997e+08    28.0077    47    46     4.0486
   48  1.8359e+08    29.1071    48    47     4.1285
   49  1.8352e+08    29.1090    49    48     4.2083
   50  1.8346e+08    29.1106    50    49     4.2881
   51  1.8207e+08    29.1480    51    50     4.3678
   52  1.5254e+08    30.0330    52    51     4.4476
   53  1.5249e+08    30.0345    53    52     4.5273
   54  1.5247e+08    30.0353    54    53     4.6070
   55  1.5213e+08    30.0467    55    54     4.6867
   56  1.5099e+08    30.0845    56    55     4.7664
   57  1.5078e+08    30.0916    57    56     4.8460
   58  1.5066e+08    30.0957    58    57     4.9257
   59  1.4356e+08    30.3406    59    58     5.0053
   60  1.4252e+08    30.3775    60    59     5.0849
   61  1.4169e+08    30.4071    61    60     5.1646
   62  1.4136e+08    30.4192    62    61     5.2442
   63  1.4110e+08    30.4284    63    62     5.3238
   64  1.4048e+08    30.4512    64    63     5.4033
   65  1.4017e+08    30.4624    65    64     5.4829
   66  1.3985e+08    30.4737    66    65     5.5625
   67  1.3908e+08    30.5022    67    66     5.6421
   68  1.3731e+08    30.5674    68    67     5.7216
   69  1.3649e+08    30.5982    69    68     5.8012
   70  1.3456e+08    30.6710    70    69     5.8807
   71  1.3446e+08    30.6748    71    70     5.9602
   72  1.3318e+08    30.7240    72    71     6.0398
   73  1.2184e+08    31.1827    73    72     6.1193
   74  1.2114e+08    31.2127    74    73     6.1988
   75  1.2094e+08    31.2214    75    74     6.2783
   76  1.1785e+08    31.3555    76    75     6.3579
   77  1.1721e+08    31.3839    77    76     6.4374
   78  1.1652e+08    31.4147    78    77     6.5169
   79  1.1542e+08    31.4641    79    78     6.5964
   80  1.1527e+08    31.4708    80    79     6.6759
   81  1.1508e+08    31.4795    81    80     6.7554
   82  1.1371e+08    31.5422    82    81     6.8349
   83  1.1360e+08    31.5469    83    82     6.9143
   84  1.1320e+08    31.5653    84    83     6.9938
   85  1.1261e+08    31.5928    85    84     7.0733
   86  1.1239e+08    31.6032    86    85     7.1528
   87  1.1220e+08    31.6117    87    86     7.2323
   88  1.0217e+08    32.1042    88    87     7.3117
   89  1.0172e+08    32.1275    89    88     7.3912
   90  1.0169e+08    32.1290    90    89     7.4707
   91  1.0167e+08    32.1303    91    90     7.5502
