#indx Mass S step-number desc_indx 
    0  3.1600e+10    10.5496     0    -1     0.0134
    1  3.0192e+10    10.6602     1     0     0.1326
    2  3.0031e+10    10.6732     2     1     0.2441
    3  1.8874e+10    11.8492     3     2     0.3500
    4  1.8346e+10    11.9240     4     3     0.4519
    5  1.8205e+10    11.9444     5     4     0.5506
    6  1.7329e+10    12.0752     6     5     0.6467
    7  1.7136e+10    12.1050     7     6     0.7407
    8  1.6802e+10    12.1576     8     7     0.8330
    9  1.6552e+10    12.1978     9     8     0.9238
   10  1.6387e+10    12.2247    10     9     1.0134
   11  1.6313e+10    12.2369    11    10     1.1018
   12  1.5895e+10    12.3069    12    11     1.1894
   13  1.5858e+10    12.3131    13    12     1.2761
   14  1.5792e+10    12.3244    14    13     1.3621
   15  1.5686e+10    12.3426    15    14     1.4474
   16  1.5353e+10    12.4007    16    15     1.5322
   17  1.5137e+10    12.4393    17    16     1.6165
   18  1.5133e+10    12.4400    18    17     1.7003
   19  1.4879e+10    12.4861    19    18     1.7838
   20  1.1553e+10    13.1901    20    19     1.8669
   21  1.0986e+10    13.3334    21    20     1.9496
   22  1.0976e+10    13.3361    22    21     2.0321
   23  1.0920e+10    13.3506    23    22     2.1143
   24  4.3487e+09    16.1760    24    23     2.1963
   25  4.3177e+09    16.1995    25    24     2.2781
   26  4.2871e+09    16.2229    26    25     2.3597
   27  4.2158e+09    16.2781    27    26     2.4411
   28  4.1551e+09    16.3260    28    27     2.5223
   29  4.1360e+09    16.3411    29    28     2.6034
   30  4.1333e+09    16.3433    30    29     2.6844
   31  3.9797e+09    16.4688    31    30     2.7652
   32  3.6435e+09    16.7640    32    31     2.8459
   33  3.6140e+09    16.7913    33    32     2.9266
   34  3.6061e+09    16.7987    34    33     3.0071
   35  3.2550e+09    17.1464    35    34     3.0876
   36  3.2198e+09    17.1836    36    35     3.1680
   37  3.1076e+09    17.3054    37    36     3.2483
   38  3.1025e+09    17.3110    38    37     3.3285
   39  3.0807e+09    17.3354    39    38     3.4087
   40  2.9236e+09    17.5163    40    39     3.4889
   41  2.9221e+09    17.5181    41    40     3.5689
   42  2.8565e+09    17.5970    42    41     3.6490
   43  2.8339e+09    17.6248    43    42     3.7290
   44  2.8269e+09    17.6333    44    43     3.8089
   45  2.7688e+09    17.7060    45    44     3.8889
   46  2.7529e+09    17.7261    46    45     3.9688
   47  2.6319e+09    17.8838    47    46     4.0486
   48  2.6258e+09    17.8921    48    47     4.1285
   49  2.6198e+09    17.9001    49    48     4.2083
   50  2.6046e+09    17.9206    50    49     4.2881
   51  2.4822e+09    18.0910    51    50     4.3678
   52  2.4297e+09    18.1670    52    51     4.4476
   53  2.3690e+09    18.2573    53    52     4.5273
   54  2.3541e+09    18.2798    54    53     4.6070
   55  2.3307e+09    18.3157    55    54     4.6867
   56  2.3207e+09    18.3310    56    55     4.7664
   57  2.3013e+09    18.3612    57    56     4.8460
   58  2.2987e+09    18.3651    58    57     4.9257
   59  2.2925e+09    18.3749    59    58     5.0053
   60  2.2907e+09    18.3778    60    59     5.0849
   61  2.2866e+09    18.3842    61    60     5.1646
   62  2.2860e+09    18.3850    62    61     5.2442
   63  2.2727e+09    18.4060    63    62     5.3238
   64  2.2677e+09    18.4140    64    63     5.4033
   65  1.5707e+09    19.7682    65    64     5.4829
   66  1.5675e+09    19.7760    66    65     5.5625
   67  1.9676e+08    28.7658    67    66     5.6421
   68  1.9354e+08    28.8469    68    67     5.7216
   69  1.9322e+08    28.8549    69    68     5.8012
   70  1.9248e+08    28.8738    70    69     5.8807
   71  1.8551e+08    29.0556    71    70     5.9602
   72  1.7827e+08    29.2527    72    71     6.0398
   73  1.6870e+08    29.5272    73    72     6.1193
   74  1.5891e+08    29.8269    74    73     6.1988
   75  1.5805e+08    29.8541    75    74     6.2783
   76  1.5793e+08    29.8580    76    75     6.3579
   77  1.5642e+08    29.9064    77    76     6.4374
   78  1.5635e+08    29.9085    78    77     6.5169
   79  1.5286e+08    30.0222    79    78     6.5964
   80  1.5157e+08    30.0653    80    79     6.6759
   81  1.5146e+08    30.0688    81    80     6.7554
   82  1.5062e+08    30.0971    82    81     6.8349
   83  1.4532e+08    30.2786    83    82     6.9143
   84  1.2438e+08    31.0759    84    83     6.9938
   85  1.2392e+08    31.0953    85    84     7.0733
   86  1.2390e+08    31.0958    86    85     7.1528
   87  1.2111e+08    31.2139    87    86     7.2323
   88  1.2094e+08    31.2213    88    87     7.3117
   89  1.1845e+08    31.3293    89    88     7.3912
   90  1.1684e+08    31.4003    90    89     7.4707
   91  1.1657e+08    31.4125    91    90     7.5502
   92  1.0224e+08    32.1006    92    91     7.6296
