#indx Mass S step-number desc_indx 
    0  3.1600e+10    10.5496     0    -1     0.0134
    1  3.0434e+10    10.6408     1     0     0.1326
    2  2.3486e+10    11.2846     2     1     0.2441
    3  2.2360e+10    11.4099     3     2     0.3500
    4  2.0137e+10    11.6798     4     3     0.4519
    5  2.0101e+10    11.6845     5     4     0.5506
    6  1.9794e+10    11.7247     6     5     0.6467
    7  1.9580e+10    11.7530     7     6     0.7407
    8  1.9562e+10    11.7554     8     7     0.8330
    9  1.8841e+10    11.8538     9     8     0.9238
   10  1.8555e+10    11.8940    10     9     1.0134
   11  1.7376e+10    12.0679    11    10     1.1018
   12  1.7259e+10    12.0860    12    11     1.1894
   13  1.5853e+10    12.3140    13    12     1.2761
   14  1.5786e+10    12.3253    14    13     1.3621
   15  1.2574e+10    12.9512    15    14     1.4474
   16  1.2555e+10    12.9556    16    15     1.5322
   17  1.2017e+10    13.0788    17    16     1.6165
   18  1.1806e+10    13.1287    18    17     1.7003
   19  1.1682e+10    13.1586    19    18     1.7838
   20  1.1433e+10    13.2196    20    19     1.8669
   21  1.0592e+10    13.4382    21    20     1.9496
   22  1.0509e+10    13.4607    22    21     2.0321
   23  1.0410e+10    13.4881    23    22     2.1143
   24  1.0329e+10    13.5106    24    23     2.1963
   25  1.0229e+10    13.5388    25    24     2.2781
   26  1.0174e+10    13.5541    26    25     2.3597
   27  9.9055e+09    13.6317    27    26     2.4411
   28  9.8867e+09    13.6373    28    27     2.5223
   29  9.8485e+09    13.6485    29    28     2.6034
   30  9.8183e+09    13.6574    30    29     2.6844
   31  9.7995e+09    13.6630    31    30     2.7652
   32  9.7913e+09    13.6655    32    31     2.8459
   33  8.6815e+09    14.0187    33    32     2.9266
   34  8.5049e+09    14.0797    34    33     3.0071
   35  8.4967e+09    14.0826    35    34     3.0876
   36  7.9769e+09    14.2711    36    35     3.1680
   37  7.6755e+09    14.3871    37    36     3.2483
   38  7.3653e+09    14.5120    38    37     3.3285
   39  7.1903e+09    14.5851    39    38     3.4087
   40  7.1586e+09    14.5986    40    39     3.4889
   41  7.0351e+09    14.6518    41    40     3.5689
   42  7.0241e+09    14.6566    42    41     3.6490
   43  6.6906e+09    14.8059    43    42     3.7290
   44  6.6766e+09    14.8123    44    43     3.8089
   45  6.6700e+09    14.8154    45    44     3.8889
   46  6.6276e+09    14.8350    46    45     3.9688
   47  6.1316e+09    15.0764    47    46     4.0486
   48  6.1277e+09    15.0784    48    47     4.1285
   49  6.0779e+09    15.1039    49    48     4.2083
   50  4.3149e+09    16.2017    50    49     4.2881
   51  4.3050e+09    16.2092    51    50     4.3678
   52  4.2993e+09    16.2136    52    51     4.4476
   53  4.2811e+09    16.2275    53    52     4.5273
   54  4.2412e+09    16.2583    54    53     4.6070
   55  4.2148e+09    16.2789    55    54     4.6867
   56  2.0999e+09    18.6919    56    55     4.7664
   57  2.0983e+09    18.6947    57    56     4.8460
   58  2.0929e+09    18.7040    58    57     4.9257
   59  2.0702e+09    18.7437    59    58     5.0053
   60  2.0608e+09    18.7603    60    59     5.0849
   61  2.0592e+09    18.7630    61    60     5.1646
   62  2.0586e+09    18.7642    62    61     5.2442
   63  2.0559e+09    18.7689    63    62     5.3238
   64  2.0333e+09    18.8093    64    63     5.4033
   65  1.9572e+09    18.9488    65    64     5.4829
   66  1.9348e+09    18.9912    66    65     5.5625
   67  1.9305e+09    18.9993    67    66     5.6421
   68  1.9187e+09    19.0218    68    67     5.7216
   69  1.8772e+09    19.1024    69    68     5.8012
   70  1.8626e+09    19.1313    70    69     5.8807
   71  1.8228e+09    19.2112    71    70     5.9602
   72  8.6558e+08    22.1122    72    71     6.0398
   73  7.7628e+08    22.5606    73    72     6.1193
   74  7.7568e+08    22.5638    74    73     6.1988
   75  7.6291e+08    22.6326    75    74     6.2783
   76  6.6925e+08    23.1816    76    75     6.3579
   77  6.6614e+08    23.2013    77    76     6.4374
   78  6.6573e+08    23.2038    78    77     6.5169
   79  6.5875e+08    23.2484    79    78     6.5964
   80  6.5797e+08    23.2535    80    79     6.6759
   81  6.4419e+08    23.3432    81    80     6.7554
   82  6.4350e+08    23.3478    82    81     6.8349
   83  6.4337e+08    23.3487    83    82     6.9143
   84  6.2677e+08    23.4598    84    83     6.9938
   85  6.1892e+08    23.5136    85    84     7.0733
   86  6.1875e+08    23.5148    86    85     7.1528
   87  6.0362e+08    23.6205    87    86     7.2323
   88  5.8290e+08    23.7705    88    87     7.3117
   89  5.7489e+08    23.8301    89    88     7.3912
   90  5.7296e+08    23.8445    90    89     7.4707
   91  4.0284e+08    25.3964    91    90     7.5502
   92  4.0250e+08    25.4003    92    91     7.6296
   93  3.3305e+08    26.2629    93    92     7.7091
   94  3.3092e+08    26.2926    94    93     7.7885
   95  3.3088e+08    26.2931    95    94     7.8680
   96  3.2780e+08    26.3362    96    95     7.9475
   97  3.1463e+08    26.5260    97    96     8.0269
   98  2.9881e+08    26.7661    98    97     8.1064
   99  2.9856e+08    26.7700    99    98     8.1858
  100  2.9556e+08    26.8171   100    99     8.2653
