#indx Mass S step-number desc_indx 
    0  3.1600e+10    10.5496     0    -1     0.0134
    1  3.1347e+10    10.5690     1     0     0.1326
    2  3.1309e+10    10.5720     2     1     0.2441
    3  3.0931e+10    10.6014     3     2     0.3500
    4  3.0710e+10    10.6188     4     3     0.4519
    5  3.0184e+10    10.6609     5     4     0.5506
    6  3.0005e+10    10.6753     6     5     0.6467
    7  2.9718e+10    10.6988     7     6     0.7407
    8  2.9614e+10    10.7073     8     7     0.8330
    9  2.4276e+10    11.2009     9     8     0.9238
   10  2.3095e+10    11.3273    10     9     1.0134
   11  2.2997e+10    11.3382    11    10     1.1018
   12  2.2872e+10    11.3521    12    11     1.1894
   13  2.2795e+10    11.3606    13    12     1.2761
   14  2.2750e+10    11.3657    14    13     1.3621
   15  2.2112e+10    11.4384    15    14     1.4474
   16  2.1756e+10    11.4800    16    15     1.5322
   17  2.1436e+10    11.5181    17    16     1.6165
   18  1.8811e+10    11.8580    18    17     1.7003
   19  1.7540e+10    12.0429    19    18     1.7838
   20  1.7071e+10    12.1152    20    19     1.8669
   21  1.4831e+10    12.4949    21    20     1.9496
   22  8.3754e+09    14.1254    22    21     2.0321
   23  7.9258e+09    14.2904    23    22     2.1143
   24  7.5583e+09    14.4336    24    23     2.1963
   25  7.5449e+09    14.4390    25    24     2.2781
   26  7.5111e+09    14.4525    26    25     2.3597
   27  7.4115e+09    14.4930    27    26     2.4411
   28  7.4017e+09    14.4970    28    27     2.5223
   29  7.1845e+09    14.5876    29    28     2.6034
   30  7.1059e+09    14.6212    30    29     2.6844
   31  6.2763e+09    15.0037    31    30     2.7652
   32  5.8354e+09    15.2315    32    31     2.8459
   33  5.8058e+09    15.2475    33    32     2.9266
   34  5.6484e+09    15.3342    34    33     3.0071
   35  5.6238e+09    15.3479    35    34     3.0876
   36  5.5380e+09    15.3966    36    35     3.1680
   37  4.3964e+09    16.1403    37    36     3.2483
   38  4.3937e+09    16.1423    38    37     3.3285
   39  3.9719e+09    16.4754    39    38     3.4087
   40  3.9425e+09    16.5001    40    39     3.4889
   41  3.8742e+09    16.5583    41    40     3.5689
   42  3.8692e+09    16.5626    42    41     3.6490
   43  3.8481e+09    16.5809    43    42     3.7290
   44  3.7605e+09    16.6578    44    43     3.8089
   45  3.6952e+09    16.7166    45    44     3.8889
   46  3.6769e+09    16.7333    46    45     3.9688
   47  3.6586e+09    16.7500    47    46     4.0486
   48  3.6252e+09    16.7809    48    47     4.1285
   49  3.5497e+09    16.8519    49    48     4.2083
   50  3.4971e+09    16.9024    50    49     4.2881
   51  3.3165e+09    17.0825    51    50     4.3678
   52  3.2793e+09    17.1210    52    51     4.4476
   53  3.2715e+09    17.1291    53    52     4.5273
   54  3.2688e+09    17.1320    54    53     4.6070
   55  3.1583e+09    17.2497    55    54     4.6867
   56  2.9233e+09    17.5166    56    55     4.7664
   57  2.9061e+09    17.5372    57    56     4.8460
   58  2.8567e+09    17.5968    58    57     4.9257
   59  2.2078e+09    18.5103    59    58     5.0053
   60  2.1165e+09    18.6633    60    59     5.0849
   61  2.0137e+09    18.8446    61    60     5.1646
   62  2.0114e+09    18.8489    62    61     5.2442
   63  2.0082e+09    18.8547    63    62     5.3238
   64  2.0079e+09    18.8552    64    63     5.4033
   65  1.9993e+09    18.8709    65    64     5.4829
   66  1.8748e+09    19.1071    66    65     5.5625
   67  1.8723e+09    19.1121    67    66     5.6421
   68  1.8523e+09    19.1517    68    67     5.7216
   69  1.8511e+09    19.1542    69    68     5.8012
   70  1.5568e+09    19.8019    70    69     5.8807
   71  1.5521e+09    19.8132    71    70     5.9602
   72  1.5291e+09    19.8700    72    71     6.0398
   73  1.5204e+09    19.8916    73    72     6.1193
   74  1.5168e+09    19.9005    74    73     6.1988
   75  1.5155e+09    19.9038    75    74     6.2783
   76  1.4394e+09    20.1002    76    75     6.3579
   77  1.4312e+09    20.1220    77    76     6.4374
   78  1.4273e+09    20.1324    78    77     6.5169
   79  1.2845e+09    20.5389    79    78     6.5964
   80  1.2809e+09    20.5500    80    79     6.6759
   81  1.2479e+09    20.6515    81    80     6.7554
   82  1.2403e+09    20.6751    82    81     6.8349
   83  1.1871e+09    20.8467    83    82     6.9143
   84  1.1836e+09    20.8583    84    83     6.9938
   85  1.0874e+09    21.1930    85    84     7.0733
   86  1.0727e+09    21.2471    86    85     7.1528
   87  6.8980e+08    23.0540    87    86     7.2323
   88  6.8904e+08    23.0586    88    87     7.3117
   89  6.8806e+08    23.0646    89    88     7.3912
   90  6.8797e+08    23.0652    90    89     7.4707
   91  6.7432e+08    23.1497    91    90     7.5502
   92  6.7233e+08    23.1622    92    91     7.6296
   93  6.6740e+08    23.1932    93    92     7.7091
   94  6.6691e+08    23.1964    94    93     7.7885
   95  6.6674e+08    23.1975    95    94     7.8680
   96  6.6654e+08    23.1987    96    95     7.9475
   97  6.5951e+08    23.2435    97    96     8.0269
   98  6.5663e+08    23.2621    98    97     8.1064
   99  6.5301e+08    23.2856    99    98     8.1858
  100  6.5135e+08    23.2963   100    99     8.2653
