#indx Mass S step-number desc_indx 
    0  3.1600e+10    10.5496     0    -1     0.0134
    1  3.1492e+10    10.5578     1     0     0.1326
    2  3.1298e+10    10.5728     2     1     0.2441
    3  3.1183e+10    10.5817     3     2     0.3500
    4  2.8336e+10    10.8155     4     3     0.4519
    5  2.8304e+10    10.8183     5     4     0.5506
    6  2.8203e+10    10.8271     6     5     0.6467
    7  2.7438e+10    10.8950     7     6     0.7407
    8  2.4180e+10    11.2110     8     7     0.8330
    9  2.4161e+10    11.2130     9     8     0.9238
   10  2.3680e+10    11.2638    10     9     1.0134
   11  2.3487e+10    11.2845    11    10     1.1018
   12  2.3446e+10    11.2890    12    11     1.1894
   13  2.2611e+10    11.3813    13    12     1.2761
   14  2.2599e+10    11.3826    14    13     1.3621
   15  2.1983e+10    11.4533    15    14     1.4474
   16  1.6792e+10    12.1593    16    15     1.5322
   17  1.6617e+10    12.1873    17    16     1.6165
   18  1.6612e+10    12.1881    18    17     1.7003
   19  1.6409e+10    12.2211    19    18     1.7838
   20  1.6248e+10    12.2476    20    19     1.8669
   21  1.6182e+10    12.2586    21    20     1.9496
   22  1.6143e+10    12.2651    22    21     2.0321
   23  1.5710e+10    12.3384    23    22     2.1143
   24  1.5489e+10    12.3768    24    23     2.1963
   25  1.5443e+10    12.3849    25    24     2.2781
   26  1.5136e+10    12.4393    26    25     2.3597
   27  1.5122e+10    12.4419    27    26     2.4411
   28  1.4005e+10    12.6520    28    27     2.5223
   29  1.0668e+10    13.4176    29    28     2.6034
   30  1.0421e+10    13.4848    30    29     2.6844
   31  1.0019e+10    13.5988    31    30     2.7652
   32  9.9435e+09    13.6206    32    31     2.8459
   33  9.7595e+09    13.6749    33    32     2.9266
   34  9.7455e+09    13.6791    34    33     3.0071
   35  9.7088e+09    13.6901    35    34     3.0876
   36  9.2409e+09    13.8345    36    35     3.1680
   37  9.2113e+09    13.8440    37    36     3.2483
   38  9.0794e+09    13.8864    38    37     3.3285
   39  8.8549e+09    13.9602    39    38     3.4087
   40  6.8434e+09    14.7364    40    39     3.4889
   41  6.7717e+09    14.7688    41    40     3.5689
   42  6.0937e+09    15.0958    42    41     3.6490
   43  6.0018e+09    15.1433    43    42     3.7290
   44  5.5199e+09    15.4069    44    43     3.8089
   45  5.5060e+09    15.4150    45    44     3.8889
   46  5.4952e+09    15.4212    46    45     3.9688
   47  5.4923e+09    15.4229    47    46     4.0486
   48  5.4704e+09    15.4356    48    47     4.1285
   49  5.2129e+09    15.5891    49    48     4.2083
   50  4.3781e+09    16.1539    50    49     4.2881
   51  3.6509e+09    16.7571    51    50     4.3678
   52  3.6259e+09    16.7803    52    51     4.4476
   53  3.4428e+09    16.9554    53    52     4.5273
   54  3.2640e+09    17.1370    54    53     4.6070
   55  3.1670e+09    17.2403    55    54     4.6867
   56  3.1630e+09    17.2446    56    55     4.7664
   57  3.1603e+09    17.2476    57    56     4.8460
   58  2.7873e+09    17.6826    58    57     4.9257
   59  2.7432e+09    17.7384    59    58     5.0053
   60  2.7288e+09    17.7569    60    59     5.0849
   61  2.6385e+09    17.8750    61    60     5.1646
   62  2.5880e+09    17.9432    62    61     5.2442
   63  2.4457e+09    18.1437    63    62     5.3238
   64  2.4187e+09    18.1832    64    63     5.4033
   65  2.3380e+09    18.3045    65    64     5.4829
   66  2.3270e+09    18.3214    66    65     5.5625
   67  2.2966e+09    18.3685    67    66     5.6421
   68  2.2941e+09    18.3723    68    67     5.7216
   69  2.2941e+09    18.3724    69    68     5.8012
   70  1.6348e+09    19.6174    70    69     5.8807
   71  1.6338e+09    19.6197    71    70     5.9602
   72  1.4728e+09    20.0124    72    71     6.0398
   73  1.4590e+09    20.0485    73    72     6.1193
   74  1.3434e+09    20.3654    74    73     6.1988
   75  1.3394e+09    20.3769    75    74     6.2783
   76  1.3350e+09    20.3897    76    75     6.3579
   77  1.3209e+09    20.4308    77    76     6.4374
   78  1.2243e+09    20.7259    78    77     6.5169
   79  1.1606e+09    20.9355    79    78     6.5964
   80  1.1522e+09    20.9640    80    79     6.6759
   81  1.1310e+09    21.0373    81    80     6.7554
   82  1.1307e+09    21.0383    82    81     6.8349
   83  1.1209e+09    21.0727    83    82     6.9143
   84  1.0884e+09    21.1892    84    83     6.9938
   85  1.0487e+09    21.3372    85    84     7.0733
   86  1.0434e+09    21.3576    86    85     7.1528
   87  1.0416e+09    21.3644    87    86     7.2323
   88  1.0248e+09    21.4292    88    87     7.3117
   89  1.0197e+09    21.4492    89    88     7.3912
   90  1.0153e+09    21.4663    90    89     7.4707
   91  1.0137e+09    21.4730    91    90     7.5502
   92  1.0075e+09    21.4976    92    91     7.6296
   93  9.5862e+08    21.6974    93    92     7.7091
   94  9.5116e+08    21.7290    94    93     7.7885
   95  9.4736e+08    21.7451    95    94     7.8680
   96  8.4713e+08    22.2004    96    95     7.9475
   97  8.3362e+08    22.2664    97    96     8.0269
   98  7.9327e+08    22.4709    98    97     8.1064
   99  7.6189e+08    22.6382    99    98     8.1858
  100  7.6109e+08    22.6425   100    99     8.2653
