#indx Mass S step-number desc_indx 
    0  3.1600e+10    10.5496     0    -1     0.0134
    1  3.1594e+10    10.5501     1     0     0.1326
    2  2.0057e+10    11.6903     2     1     0.2441
    3  2.0033e+10    11.6933     3     2     0.3500
    4  1.8272e+10    11.9347     4     3     0.4519
    5  1.8237e+10    11.9397     5     4     0.5506
    6  1.8223e+10    11.9418     6     5     0.6467
    7  1.8011e+10    11.9727     7     6     0.7407
    8  1.5904e+10    12.3054     8     7     0.8330
    9  1.5865e+10    12.3120     9     8     0.9238
   10  1.5401e+10    12.3923    10     9     1.0134
   11  1.4943e+10    12.4743    11    10     1.1018
   12  1.4918e+10    12.4790    12    11     1.1894
   13  1.4451e+10    12.5659    13    12     1.2761
   14  1.4150e+10    12.6236    14    13     1.3621
   15  1.3599e+10    12.7333    15    14     1.4474
   16  1.2863e+10    12.8878    16    15     1.5322
   17  1.0279e+10    13.5245    17    16     1.6165
   18  1.0239e+10    13.5357    18    17     1.7003
   19  1.0094e+10    13.5771    19    18     1.7838
   20  9.8631e+09    13.6442    20    19     1.8669
   21  9.7444e+09    13.6794    21    20     1.9496
   22  9.7368e+09    13.6817    22    21     2.0321
   23  9.6887e+09    13.6961    23    22     2.1143
   24  9.6146e+09    13.7185    24    23     2.1963
   25  9.6028e+09    13.7221    25    24     2.2781
   26  9.3111e+09    13.8123    26    25     2.3597
   27  9.2192e+09    13.8415    27    26     2.4411
   28  9.2075e+09    13.8452    28    27     2.5223
   29  9.1987e+09    13.8480    29    28     2.6034
   30  9.0185e+09    13.9062    30    29     2.6844
   31  8.7218e+09    14.0050    31    30     2.7652
   32  8.7195e+09    14.0058    32    31     2.8459
   33  8.7089e+09    14.0094    33    32     2.9266
   34  8.5278e+09    14.0717    34    33     3.0071
   35  8.4946e+09    14.0833    35    34     3.0876
   36  8.4862e+09    14.0862    36    35     3.1680
   37  8.4098e+09    14.1132    37    36     3.2483
   38  8.3027e+09    14.1514    38    37     3.3285
   39  8.2755e+09    14.1611    39    38     3.4087
   40  7.3641e+09    14.5125    40    39     3.4889
   41  7.3562e+09    14.5158    41    40     3.5689
   42  6.2857e+09    14.9991    42    41     3.6490
   43  5.7331e+09    15.2872    43    42     3.7290
   44  5.7170e+09    15.2960    44    43     3.8089
   45  5.7131e+09    15.2982    45    44     3.8889
   46  5.6587e+09    15.3284    46    45     3.9688
   47  5.6473e+09    15.3348    47    46     4.0486
   48  5.3709e+09    15.4939    48    47     4.1285
   49  5.1028e+09    15.6574    49    48     4.2083
   50  5.0082e+09    15.7175    50    49     4.2881
   51  4.9657e+09    15.7449    51    50     4.3678
   52  4.9645e+09    15.7456    52    51     4.4476
   53  3.8103e+09    16.6138    53    52     4.5273
   54  2.3755e+09    18.2476    54    53     4.6070
   55  2.3676e+09    18.2594    55    54     4.6867
   56  2.2914e+09    18.3766    56    55     4.7664
   57  2.2898e+09    18.3791    57    56     4.8460
   58  2.2816e+09    18.3921    58    57     4.9257
   59  2.2743e+09    18.4035    59    58     5.0053
   60  2.2707e+09    18.4093    60    59     5.0849
   61  2.2201e+09    18.4904    61    60     5.1646
   62  2.1821e+09    18.5527    62    61     5.2442
   63  2.1032e+09    18.6862    63    62     5.3238
   64  2.0982e+09    18.6948    64    63     5.4033
   65  1.9445e+09    18.9728    65    64     5.4829
   66  1.9398e+09    18.9816    66    65     5.5625
   67  1.9362e+09    18.9884    67    66     5.6421
   68  1.9183e+09    19.0227    68    67     5.7216
   69  1.9143e+09    19.0304    69    68     5.8012
   70  1.9137e+09    19.0315    70    69     5.8807
   71  1.9125e+09    19.0337    71    70     5.9602
   72  1.8343e+09    19.1879    72    71     6.0398
   73  1.8051e+09    19.2473    73    72     6.1193
   74  1.7630e+09    19.3351    74    73     6.1988
   75  1.7620e+09    19.3372    75    74     6.2783
   76  1.6823e+09    19.5100    76    75     6.3579
   77  1.6805e+09    19.5140    77    76     6.4374
   78  1.6354e+09    19.6161    78    77     6.5169
   79  1.6227e+09    19.6454    79    78     6.5964
   80  1.5828e+09    19.7393    80    79     6.6759
   81  1.5755e+09    19.7567    81    80     6.7554
   82  1.5743e+09    19.7596    82    81     6.8349
   83  1.5012e+09    19.9398    83    82     6.9143
   84  1.4960e+09    19.9530    84    83     6.9938
   85  1.4880e+09    19.9734    85    84     7.0733
   86  1.3048e+09    20.4781    86    85     7.1528
   87  1.3045e+09    20.4790    87    86     7.2323
   88  1.1492e+09    20.9743    88    87     7.3117
   89  7.6852e+08    22.6022    89    88     7.3912
   90  7.6394e+08    22.6270    90    89     7.4707
   91  5.4288e+08    24.0776    91    90     7.5502
   92  5.3924e+08    24.1069    92    91     7.6296
   93  5.3906e+08    24.1083    93    92     7.7091
   94  5.3840e+08    24.1136    94    93     7.7885
   95  5.3822e+08    24.1151    95    94     7.8680
   96  4.5827e+08    24.8207    96    95     7.9475
   97  4.5011e+08    24.9003    97    96     8.0269
   98  4.4565e+08    24.9445    98    97     8.1064
   99  4.4554e+08    24.9456    99    98     8.1858
  100  4.1939e+08    25.2157   100    99     8.2653
