#indx Mass S step-number desc_indx 
    0  3.1600e+10    10.5496     0    -1     0.0134
    1  3.0993e+10    10.5965     1     0     0.1326
    2  3.0924e+10    10.6019     2     1     0.2441
    3  2.4648e+10    11.1626     3     2     0.3500
    4  2.4348e+10    11.1935     4     3     0.4519
    5  2.4314e+10    11.1970     5     4     0.5506
    6  2.4247e+10    11.2040     6     5     0.6467
    7  2.4150e+10    11.2141     7     6     0.7407
    8  2.2069e+10    11.4433     8     7     0.8330
    9  2.2039e+10    11.4469     9     8     0.9238
   10  2.1778e+10    11.4775    10     9     1.0134
   11  2.1751e+10    11.4806    11    10     1.1018
   12  1.9773e+10    11.7274    12    11     1.1894
   13  1.9642e+10    11.7447    13    12     1.2761
   14  1.9006e+10    11.8309    14    13     1.3621
   15  1.8803e+10    11.8591    15    14     1.4474
   16  1.8228e+10    11.9409    16    15     1.5322
   17  1.7976e+10    11.9779    17    16     1.6165
   18  1.7928e+10    11.9850    18    17     1.7003
   19  1.7726e+10    12.0149    19    18     1.7838
   20  1.7432e+10    12.0593    20    19     1.8669
   21  1.6968e+10    12.1313    21    20     1.9496
   22  1.6503e+10    12.2057    22    21     2.0321
   23  1.6237e+10    12.2495    23    22     2.1143
   24  1.5902e+10    12.3057    24    23     2.1963
   25  1.5753e+10    12.3311    25    24     2.2781
   26  1.5464e+10    12.3811    26    25     2.3597
   27  1.5350e+10    12.4012    27    26     2.4411
   28  1.5242e+10    12.4204    28    27     2.5223
   29  1.4987e+10    12.4663    29    28     2.6034
   30  1.2991e+10    12.8601    30    29     2.6844
   31  1.2357e+10    13.0002    31    30     2.7652
   32  1.1674e+10    13.1606    32    31     2.8459
   33  1.1550e+10    13.1908    33    32     2.9266
   34  1.1350e+10    13.2405    34    33     3.0071
   35  1.1327e+10    13.2463    35    34     3.0876
   36  1.0869e+10    13.3641    36    35     3.1680
   37  1.0837e+10    13.3724    37    36     3.2483
   38  1.0823e+10    13.3763    38    37     3.3285
   39  8.7087e+09    14.0094    39    38     3.4087
   40  7.9270e+09    14.2900    40    39     3.4889
   41  7.8027e+09    14.3375    41    40     3.5689
   42  6.9180e+09    14.7032    42    41     3.6490
   43  6.5951e+09    14.8502    43    42     3.7290
   44  6.5178e+09    14.8867    44    43     3.8089
   45  6.5008e+09    14.8947    45    44     3.8889
   46  6.1217e+09    15.0815    46    45     3.9688
   47  6.1003e+09    15.0924    47    46     4.0486
   48  6.0831e+09    15.1012    48    47     4.1285
   49  6.0647e+09    15.1107    49    48     4.2083
   50  5.8599e+09    15.2184    50    49     4.2881
   51  5.7073e+09    15.3014    51    50     4.3678
   52  5.6727e+09    15.3206    52    51     4.4476
   53  5.6411e+09    15.3382    53    52     4.5273
   54  5.6284e+09    15.3454    54    53     4.6070
   55  5.6262e+09    15.3466    55    54     4.6867
   56  5.3686e+09    15.4952    56    55     4.7664
   57  5.3681e+09    15.4955    57    56     4.8460
   58  5.3003e+09    15.5360    58    57     4.9257
   59  5.0826e+09    15.6701    59    58     5.0053
   60  5.0610e+09    15.6838    60    59     5.0849
   61  4.2489e+09    16.2523    61    60     5.1646
   62  4.2436e+09    16.2564    62    61     5.2442
   63  3.5549e+09    16.8469    63    62     5.3238
   64  3.5205e+09    16.8798    64    63     5.4033
   65  3.2949e+09    17.1048    65    64     5.4829
   66  2.9107e+09    17.5317    66    65     5.5625
   67  2.8865e+09    17.5607    67    66     5.6421
   68  2.8844e+09    17.5633    68    67     5.7216
   69  2.8798e+09    17.5687    69    68     5.8012
   70  2.8695e+09    17.5813    70    69     5.8807
   71  2.5461e+09    18.0009    71    70     5.9602
   72  2.4846e+09    18.0875    72    71     6.0398
   73  2.4483e+09    18.1399    73    72     6.1193
   74  2.3085e+09    18.3499    74    73     6.1988
   75  2.1300e+09    18.6402    75    74     6.2783
   76  2.0727e+09    18.7394    76    75     6.3579
   77  2.0223e+09    18.8290    77    76     6.4374
   78  2.0000e+09    18.8696    78    77     6.5169
   79  1.9821e+09    18.9024    79    78     6.5964
   80  1.9739e+09    18.9177    80    79     6.6759
   81  1.9667e+09    18.9312    81    80     6.7554
   82  1.9622e+09    18.9395    82    81     6.8349
   83  1.8699e+09    19.1168    83    82     6.9143
   84  1.7089e+09    19.4512    84    83     6.9938
   85  1.6560e+09    19.5690    85    84     7.0733
   86  1.6525e+09    19.5771    86    85     7.1528
   87  1.6378e+09    19.6105    87    86     7.2323
   88  1.6197e+09    19.6525    88    87     7.3117
   89  1.5875e+09    19.7281    89    88     7.3912
   90  1.5808e+09    19.7439    90    89     7.4707
   91  1.4552e+09    20.0586    91    90     7.5502
   92  1.3959e+09    20.2178    92    91     7.6296
   93  1.3726e+09    20.2823    93    92     7.7091
   94  1.3722e+09    20.2835    94    93     7.7885
   95  1.3720e+09    20.2842    95    94     7.8680
   96  1.2128e+09    20.7630    96    95     7.9475
   97  1.1410e+09    21.0025    97    96     8.0269
   98  1.1395e+09    21.0077    98    97     8.1064
   99  1.0918e+09    21.1769    99    98     8.1858
  100  1.0844e+09    21.2038   100    99     8.2653
