#indx Mass S step-number desc_indx 
    0  3.1600e+10    10.5496     0    -1     0.0134
    1  3.1470e+10    10.5596     1     0     0.1326
    2  3.1366e+10    10.5676     2     1     0.2441
    3  3.1310e+10    10.5719     3     2     0.3500
    4  3.1244e+10    10.5770     4     3     0.4519
    5  3.1215e+10    10.5792     5     4     0.5506
    6  2.9258e+10    10.7369     6     5     0.6467
    7  2.9229e+10    10.7393     7     6     0.7407
    8  2.8936e+10    10.7640     8     7     0.8330
    9  2.8674e+10    10.7863     9     8     0.9238
   10  2.8280e+10    10.8204    10     9     1.0134
   11  2.6257e+10    11.0043    11    10     1.1018
   12  2.5991e+10    11.0296    12    11     1.1894
   13  2.4551e+10    11.1726    13    12     1.2761
   14  2.4420e+10    11.1860    14    13     1.3621
   15  2.3960e+10    11.2341    15    14     1.4474
   16  2.3884e+10    11.2421    16    15     1.5322
   17  2.3194e+10    11.3164    17    16     1.6165
   18  2.3088e+10    11.3281    18    17     1.7003
   19  2.2566e+10    11.3864    19    18     1.7838
   20  2.2046e+10    11.4460    20    19     1.8669
   21  2.1717e+10    11.4846    21    20     1.9496
   22  1.8812e+10    11.8579    22    21     2.0321
   23  1.8438e+10    11.9108    23    22     2.1143
   24  1.8033e+10    11.9695    24    23     2.1963
   25  1.7953e+10    11.9812    25    24     2.2781
   26  1.7896e+10    11.9897    26    25     2.3597
   27  1.7779e+10    12.0069    27    26     2.4411
   28  1.6990e+10    12.1278    28    27     2.5223
   29  1.6832e+10    12.1529    29    28     2.6034
   30  1.6708e+10    12.1726    30    29     2.6844
   31  1.6674e+10    12.1782    31    30     2.7652
   32  1.6069e+10    12.2774    32    31     2.8459
   33  1.5806e+10    12.3219    33    32     2.9266
   34  1.5119e+10    12.4424    34    33     3.0071
   35  1.4265e+10    12.6015    35    34     3.0876
   36  1.3999e+10    12.6532    36    35     3.1680
   37  1.3950e+10    12.6628    37    36     3.2483
   38  1.3603e+10    12.7324    38    37     3.3285
   39  1.3579e+10    12.7372    39    38     3.4087
   40  1.3461e+10    12.7614    40    39     3.4889
   41  1.3441e+10    12.7655    41    40     3.5689
   42  1.3107e+10    12.8354    42    41     3.6490
   43  1.2841e+10    12.8925    43    42     3.7290
   44  1.1947e+10    13.0953    44    43     3.8089
   45  1.1944e+10    13.0959    45    44     3.8889
   46  1.1941e+10    13.0966    46    45     3.9688
   47  1.1876e+10    13.1119    47    46     4.0486
   48  1.1786e+10    13.1334    48    47     4.1285
   49  1.1751e+10    13.1418    49    48     4.2083
   50  4.1199e+09    16.3540    50    49     4.2881
   51  4.1065e+09    16.3648    51    50     4.3678
   52  4.0896e+09    16.3785    52    51     4.4476
   53  4.0602e+09    16.4023    53    52     4.5273
   54  4.0224e+09    16.4334    54    53     4.6070
   55  4.0072e+09    16.4459    55    54     4.6867
   56  3.9013e+09    16.5351    56    55     4.7664
   57  3.8826e+09    16.5511    57    56     4.8460
   58  3.8219e+09    16.6036    58    57     4.9257
   59  3.7908e+09    16.6309    59    58     5.0053
   60  3.6804e+09    16.7300    60    59     5.0849
   61  3.6395e+09    16.7677    61    60     5.1646
   62  3.6221e+09    16.7838    62    61     5.2442
   63  3.6009e+09    16.8036    63    62     5.3238
   64  2.9009e+09    17.5433    64    63     5.4033
   65  2.8732e+09    17.5768    65    64     5.4829
   66  2.8681e+09    17.5829    66    65     5.5625
   67  2.6839e+09    17.8150    67    66     5.6421
   68  2.5761e+09    17.9596    68    67     5.7216
   69  2.5699e+09    17.9680    69    68     5.8012
   70  2.0714e+09    18.7416    70    69     5.8807
   71  1.9828e+09    18.9012    71    70     5.9602
   72  1.9406e+09    18.9802    72    71     6.0398
   73  1.9190e+09    19.0212    73    72     6.1193
   74  1.9072e+09    19.0439    74    73     6.1988
   75  1.5167e+09    19.9009    75    74     6.2783
   76  1.4613e+09    20.0425    76    75     6.3579
   77  1.4027e+09    20.1992    77    76     6.4374
   78  1.2881e+09    20.5281    78    77     6.5169
   79  1.2854e+09    20.5362    79    78     6.5964
   80  1.2735e+09    20.5722    80    79     6.6759
   81  1.2498e+09    20.6454    81    80     6.7554
   82  1.2469e+09    20.6545    82    81     6.8349
   83  1.1806e+09    20.8682    83    82     6.9143
   84  1.1529e+09    20.9618    84    83     6.9938
   85  1.1527e+09    20.9623    85    84     7.0733
   86  1.1415e+09    21.0010    86    85     7.1528
   87  1.0630e+09    21.2832    87    86     7.2323
   88  1.0616e+09    21.2884    88    87     7.3117
   89  1.0525e+09    21.3229    89    88     7.3912
   90  1.0042e+09    21.5105    90    89     7.4707
   91  9.8382e+08    21.5929    91    90     7.5502
   92  9.2955e+08    21.8220    92    91     7.6296
   93  8.8538e+08    22.0198    93    92     7.7091
   94  7.9596e+08    22.4569    94    93     7.7885
   95  7.6809e+08    22.6045    95    94     7.8680
   96  7.6775e+08    22.6063    96    95     7.9475
   97  7.5883e+08    22.6549    97    96     8.0269
   98  7.5588e+08    22.6712    98    97     8.1064
   99  7.5563e+08    22.6725    99    98     8.1858
  100  5.6981e+08    23.8682   100    99     8.2653
