#indx Mass S step-number desc_indx 
    0  3.1600e+10    10.5496     0    -1     0.0134
    1  3.1539e+10    10.5543     1     0     0.1326
    2  3.1487e+10    10.5582     2     1     0.2441
    3  3.0395e+10    10.6439     3     2     0.3500
    4  2.9464e+10    10.7197     4     3     0.4519
    5  2.9434e+10    10.7222     5     4     0.5506
    6  2.9373e+10    10.7273     6     5     0.6467
    7  2.9311e+10    10.7325     7     6     0.7407
    8  2.7482e+10    10.8911     8     7     0.8330
    9  2.7241e+10    10.9128     9     8     0.9238
   10  2.6856e+10    10.9481    10     9     1.0134
   11  2.5812e+10    11.0469    11    10     1.1018
   12  2.5752e+10    11.0527    12    11     1.1894
   13  2.5701e+10    11.0577    13    12     1.2761
   14  2.5492e+10    11.0781    14    13     1.3621
   15  2.4390e+10    11.1891    15    14     1.4474
   16  2.4335e+10    11.1949    16    15     1.5322
   17  2.4074e+10    11.2221    17    16     1.6165
   18  2.4036e+10    11.2261    18    17     1.7003
   19  2.3985e+10    11.2314    19    18     1.7838
   20  2.3900e+10    11.2404    20    19     1.8669
   21  2.3880e+10    11.2426    21    20     1.9496
   22  2.3749e+10    11.2565    22    21     2.0321
   23  2.3122e+10    11.3244    23    22     2.1143
   24  2.2529e+10    11.3906    24    23     2.1963
   25  2.2423e+10    11.4026    25    24     2.2781
   26  2.0300e+10    11.6590    26    25     2.3597
   27  2.0081e+10    11.6871    27    26     2.4411
   28  1.9948e+10    11.7045    28    27     2.5223
   29  1.9773e+10    11.7274    29    28     2.6034
   30  1.9224e+10    11.8010    30    29     2.6844
   31  1.9202e+10    11.8040    31    30     2.7652
   32  1.7709e+10    12.0175    32    31     2.8459
   33  1.7616e+10    12.0315    33    32     2.9266
   34  1.4159e+10    12.6219    34    33     3.0071
   35  1.4105e+10    12.6324    35    34     3.0876
   36  1.3523e+10    12.7487    36    35     3.1680
   37  1.2134e+10    13.0514    37    36     3.2483
   38  1.2057e+10    13.0693    38    37     3.3285
   39  1.1992e+10    13.0845    39    38     3.4087
   40  1.1490e+10    13.2056    40    39     3.4889
   41  1.0895e+10    13.3572    41    40     3.5689
   42  1.0619e+10    13.4308    42    41     3.6490
   43  1.0467e+10    13.4724    43    42     3.7290
   44  1.0435e+10    13.4811    44    43     3.8089
   45  1.0423e+10    13.4844    45    44     3.8889
   46  1.0320e+10    13.5129    46    45     3.9688
   47  1.0149e+10    13.5612    47    46     4.0486
   48  1.0145e+10    13.5626    48    47     4.1285
   49  1.0094e+10    13.5770    49    48     4.2083
   50  1.0086e+10    13.5794    50    49     4.2881
   51  1.0075e+10    13.5824    51    50     4.3678
   52  1.0042e+10    13.5920    52    51     4.4476
   53  9.9809e+09    13.6097    53    52     4.5273
   54  8.1531e+09    14.2057    54    53     4.6070
   55  8.0861e+09    14.2304    55    54     4.6867
   56  7.7612e+09    14.3536    56    55     4.7664
   57  7.6742e+09    14.3876    57    56     4.8460
   58  7.6346e+09    14.4032    58    57     4.9257
   59  7.3825e+09    14.5049    59    58     5.0053
   60  7.2919e+09    14.5424    60    59     5.0849
   61  7.2853e+09    14.5452    61    60     5.1646
   62  6.9087e+09    14.7073    62    61     5.2442
   63  6.8682e+09    14.7253    63    62     5.3238
   64  6.8519e+09    14.7326    64    63     5.4033
   65  6.6565e+09    14.8217    65    64     5.4829
   66  3.6203e+09    16.7855    66    65     5.5625
   67  3.4263e+09    16.9717    67    66     5.6421
   68  3.2766e+09    17.1239    68    67     5.7216
   69  3.2737e+09    17.1269    69    68     5.8012
   70  3.2036e+09    17.2009    70    69     5.8807
   71  2.9750e+09    17.4559    71    70     5.9602
   72  2.9638e+09    17.4689    72    71     6.0398
   73  2.9253e+09    17.5143    73    72     6.1193
   74  2.8176e+09    17.6449    74    73     6.1988
   75  2.7637e+09    17.7123    75    74     6.2783
   76  2.6813e+09    17.8185    76    75     6.3579
   77  2.6640e+09    17.8413    77    76     6.4374
   78  2.6544e+09    17.8539    78    77     6.5169
   79  2.6525e+09    17.8565    79    78     6.5964
   80  2.5042e+09    18.0597    80    79     6.6759
   81  2.4519e+09    18.1346    81    80     6.7554
   82  2.4349e+09    18.1594    82    81     6.8349
   83  2.1707e+09    18.5716    83    82     6.9143
   84  2.1606e+09    18.5885    84    83     6.9938
   85  2.0875e+09    18.7134    85    84     7.0733
   86  2.0803e+09    18.7260    86    85     7.1528
   87  2.0637e+09    18.7551    87    86     7.2323
   88  2.0535e+09    18.7732    88    87     7.3117
   89  2.0151e+09    18.8421    89    88     7.3912
   90  1.7177e+09    19.4321    90    89     7.4707
   91  1.6754e+09    19.5254    91    90     7.5502
   92  1.6715e+09    19.5341    92    91     7.6296
   93  1.6328e+09    19.6222    93    92     7.7091
   94  1.6201e+09    19.6514    94    93     7.7885
   95  1.6177e+09    19.6570    95    94     7.8680
   96  1.6142e+09    19.6652    96    95     7.9475
   97  1.2322e+09    20.7008    97    96     8.0269
   98  1.2148e+09    20.7564    98    97     8.1064
   99  1.2116e+09    20.7666    99    98     8.1858
  100  1.1965e+09    20.8158   100    99     8.2653
