#indx Mass S step-number desc_indx 
    0  3.1600e+10    10.5496     0    -1     0.0134
    1  3.1550e+10    10.5534     1     0     0.1326
    2  3.1229e+10    10.5781     2     1     0.2441
    3  3.1022e+10    10.5942     3     2     0.3500
    4  2.9863e+10    10.6869     4     3     0.4519
    5  2.9629e+10    10.7061     5     4     0.5506
    6  2.9218e+10    10.7403     6     5     0.6467
    7  2.7233e+10    10.9135     7     6     0.7407
    8  2.6997e+10    10.9351     8     7     0.8330
    9  2.6979e+10    10.9368     9     8     0.9238
   10  2.6848e+10    10.9489    10     9     1.0134
   11  2.5585e+10    11.0689    11    10     1.1018
   12  2.4744e+10    11.1528    12    11     1.1894
   13  8.7627e+09    13.9911    13    12     1.2761
   14  8.5319e+09    14.0703    14    13     1.3621
   15  8.5233e+09    14.0733    15    14     1.4474
   16  8.5039e+09    14.0800    16    15     1.5322
   17  8.4519e+09    14.0983    17    16     1.6165
   18  8.3562e+09    14.1322    18    17     1.7003
   19  7.1019e+09    14.6229    19    18     1.7838
   20  6.8707e+09    14.7242    20    19     1.8669
   21  6.6932e+09    14.8047    21    20     1.9496
   22  6.5018e+09    14.8943    22    21     2.0321
   23  5.2062e+09    15.5932    23    22     2.1143
   24  5.0343e+09    15.7007    24    23     2.1963
   25  4.9900e+09    15.7292    25    24     2.2781
   26  4.9048e+09    15.7846    26    25     2.3597
   27  4.7912e+09    15.8603    27    26     2.4411
   28  4.7749e+09    15.8714    28    27     2.5223
   29  4.7596e+09    15.8818    29    28     2.6034
   30  4.7589e+09    15.8822    30    29     2.6844
   31  4.7506e+09    15.8879    31    30     2.7652
   32  4.4619e+09    16.0919    32    31     2.8459
   33  4.4212e+09    16.1218    33    32     2.9266
   34  4.2994e+09    16.2135    34    33     3.0071
   35  4.1493e+09    16.3305    35    34     3.0876
   36  3.8475e+09    16.5813    36    35     3.1680
   37  3.6737e+09    16.7362    37    36     3.2483
   38  3.6658e+09    16.7434    38    37     3.3285
   39  3.6389e+09    16.7682    39    38     3.4087
   40  3.6058e+09    16.7990    40    39     3.4889
   41  3.5984e+09    16.8059    41    40     3.5689
   42  3.5771e+09    16.8259    42    41     3.6490
   43  3.5553e+09    16.8466    43    42     3.7290
   44  3.5545e+09    16.8473    44    43     3.8089
   45  3.4285e+09    16.9696    45    44     3.8889
   46  3.4274e+09    16.9706    46    45     3.9688
   47  3.4173e+09    16.9806    47    46     4.0486
   48  3.4044e+09    16.9935    48    47     4.1285
   49  3.3954e+09    17.0025    49    48     4.2083
   50  3.3838e+09    17.0141    50    49     4.2881
   51  3.2887e+09    17.1113    51    50     4.3678
   52  3.2763e+09    17.1241    52    51     4.4476
   53  3.2007e+09    17.2040    53    52     4.5273
   54  3.1171e+09    17.2948    54    53     4.6070
   55  2.9683e+09    17.4637    55    54     4.6867
   56  2.9650e+09    17.4676    56    55     4.7664
   57  2.9259e+09    17.5135    57    56     4.8460
   58  2.8759e+09    17.5735    58    57     4.9257
   59  2.8359e+09    17.6222    59    58     5.0053
   60  1.7839e+09    19.2912    60    59     5.0849
   61  1.6534e+09    19.5749    61    60     5.1646
   62  1.6170e+09    19.6586    62    61     5.2442
   63  1.6090e+09    19.6773    63    62     5.3238
   64  1.0116e+09    21.4813    64    63     5.4033
   65  9.9632e+08    21.5422    65    64     5.4829
   66  9.9549e+08    21.5455    66    65     5.5625
   67  6.7344e+08    23.1552    67    66     5.6421
   68  6.6857e+08    23.1859    68    67     5.7216
   69  6.2781e+08    23.4528    69    68     5.8012
   70  6.2213e+08    23.4915    70    69     5.8807
   71  6.1598e+08    23.5339    71    70     5.9602
   72  6.1441e+08    23.5448    72    71     6.0398
   73  6.1398e+08    23.5478    73    72     6.1193
   74  6.1153e+08    23.5649    74    73     6.1988
   75  6.0041e+08    23.6434    75    74     6.2783
   76  5.9895e+08    23.6539    76    75     6.3579
   77  5.7159e+08    23.8549    77    76     6.4374
   78  5.6062e+08    23.9384    78    77     6.5169
   79  5.5895e+08    23.9514    79    78     6.5964
   80  5.5651e+08    23.9703    80    79     6.6759
   81  5.5506e+08    23.9816    81    80     6.7554
   82  5.5364e+08    23.9927    82    81     6.8349
   83  5.4665e+08    24.0477    83    82     6.9143
   84  5.4627e+08    24.0507    84    83     6.9938
   85  5.2422e+08    24.2297    85    84     7.0733
   86  5.1319e+08    24.3226    86    85     7.1528
   87  5.1276e+08    24.3262    87    86     7.2323
   88  5.1265e+08    24.3272    88    87     7.3117
   89  5.1186e+08    24.3339    89    88     7.3912
   90  5.0778e+08    24.3689    90    89     7.4707
   91  5.0055e+08    24.4317    91    90     7.5502
   92  4.9610e+08    24.4709    92    91     7.6296
   93  4.9596e+08    24.4721    93    92     7.7091
   94  4.8353e+08    24.5836    94    93     7.7885
   95  4.8189e+08    24.5986    95    94     7.8680
   96  4.8021e+08    24.6140    96    95     7.9475
   97  4.6987e+08    24.7100    97    96     8.0269
   98  4.3358e+08    25.0668    98    97     8.1064
   99  4.3302e+08    25.0726    99    98     8.1858
  100  4.1299e+08    25.2846   100    99     8.2653
