#indx Mass S step-number desc_indx 
    0  3.1600e+10    10.5496     0    -1     0.0134
    1  2.9107e+10    10.7496     1     0     0.1326
    2  2.9015e+10    10.7574     2     1     0.2441
    3  2.8977e+10    10.7606     3     2     0.3500
    4  2.8967e+10    10.7614     4     3     0.4519
    5  2.8594e+10    10.7932     5     4     0.5506
    6  2.5688e+10    11.0589     6     5     0.6467
    7  2.5218e+10    11.1052     7     6     0.7407
    8  1.7554e+10    12.0409     8     7     0.8330
    9  1.6957e+10    12.1330     9     8     0.9238
   10  1.6373e+10    12.2270    10     9     1.0134
   11  1.6254e+10    12.2466    11    10     1.1018
   12  1.5289e+10    12.4121    12    11     1.1894
   13  1.5021e+10    12.4601    13    12     1.2761
   14  1.4646e+10    12.5291    14    13     1.3621
   15  1.4564e+10    12.5446    15    14     1.4474
   16  1.4471e+10    12.5621    16    15     1.5322
   17  1.4450e+10    12.5660    17    16     1.6165
   18  1.4277e+10    12.5991    18    17     1.7003
   19  1.4043e+10    12.6446    19    18     1.7838
   20  1.3444e+10    12.7649    20    19     1.8669
   21  1.3423e+10    12.7692    21    20     1.9496
   22  1.3214e+10    12.8130    22    21     2.0321
   23  1.2971e+10    12.8646    23    22     2.1143
   24  1.2050e+10    13.0709    24    23     2.1963
   25  1.1235e+10    13.2695    25    24     2.2781
   26  1.1216e+10    13.2743    26    25     2.3597
   27  1.0007e+10    13.6021    27    26     2.4411
   28  9.9194e+09    13.6277    28    27     2.5223
   29  9.8024e+09    13.6621    29    28     2.6034
   30  9.6674e+09    13.7025    30    29     2.6844
   31  8.7466e+09    13.9966    31    30     2.7652
   32  8.3504e+09    14.1343    32    31     2.8459
   33  8.2176e+09    14.1821    33    32     2.9266
   34  8.1496e+09    14.2070    34    33     3.0071
   35  8.0426e+09    14.2465    35    34     3.0876
   36  4.4301e+09    16.1153    36    35     3.1680
   37  4.2887e+09    16.2217    37    36     3.2483
   38  4.2017e+09    16.2892    38    37     3.3285
   39  4.1739e+09    16.3111    39    38     3.4087
   40  3.9617e+09    16.4839    40    39     3.4889
   41  3.9327e+09    16.5083    41    40     3.5689
   42  3.8482e+09    16.5808    42    41     3.6490
   43  3.8265e+09    16.5996    43    42     3.7290
   44  3.7448e+09    16.6719    44    43     3.8089
   45  3.7360e+09    16.6797    45    44     3.8889
   46  3.7227e+09    16.6917    46    45     3.9688
   47  3.7158e+09    16.6979    47    46     4.0486
   48  3.7103e+09    16.7029    48    47     4.1285
   49  3.6915e+09    16.7200    49    48     4.2083
   50  3.6146e+09    16.7908    50    49     4.2881
   51  1.5472e+09    19.8252    51    50     4.3678
   52  1.5243e+09    19.8819    52    51     4.4476
   53  1.5204e+09    19.8916    53    52     4.5273
   54  1.4980e+09    19.9480    54    53     4.6070
   55  1.4974e+09    19.9496    55    54     4.6867
   56  1.4950e+09    19.9557    56    55     4.7664
   57  1.4874e+09    19.9749    57    56     4.8460
   58  1.4013e+09    20.2030    58    57     4.9257
   59  1.3937e+09    20.2240    59    58     5.0053
   60  1.3853e+09    20.2471    60    59     5.0849
   61  1.3800e+09    20.2617    61    60     5.1646
   62  1.3778e+09    20.2679    62    61     5.2442
   63  1.3666e+09    20.2995    63    62     5.3238
   64  1.3291e+09    20.4066    64    63     5.4033
   65  1.3142e+09    20.4503    65    64     5.4829
   66  1.3094e+09    20.4644    66    65     5.5625
   67  1.3046e+09    20.4787    67    66     5.6421
   68  1.2376e+09    20.6837    68    67     5.7216
   69  1.2373e+09    20.6845    69    68     5.8012
   70  1.1346e+09    21.0249    70    69     5.8807
   71  1.0919e+09    21.1766    71    70     5.9602
   72  1.0675e+09    21.2665    72    71     6.0398
   73  1.0647e+09    21.2766    73    72     6.1193
   74  1.0412e+09    21.3660    74    73     6.1988
   75  1.0392e+09    21.3736    75    74     6.2783
   76  1.0211e+09    21.4436    76    75     6.3579
   77  1.0197e+09    21.4493    77    76     6.4374
   78  1.0175e+09    21.4577    78    77     6.5169
   79  9.7301e+08    21.6374    79    78     6.5964
   80  9.6548e+08    21.6687    80    79     6.6759
   81  9.4859e+08    21.7399    81    80     6.7554
   82  9.2502e+08    21.8417    82    81     6.8349
   83  9.2097e+08    21.8595    83    82     6.9143
   84  9.2048e+08    21.8617    84    83     6.9938
   85  9.1891e+08    21.8686    85    84     7.0733
   86  9.1682e+08    21.8779    86    85     7.1528
   87  8.7001e+08    22.0913    87    86     7.2323
   88  8.6820e+08    22.0998    88    87     7.3117
   89  8.6603e+08    22.1101    89    88     7.3912
   90  8.6202e+08    22.1290    90    89     7.4707
   91  8.5669e+08    22.1544    91    90     7.5502
   92  8.5642e+08    22.1557    92    91     7.6296
   93  7.5286e+08    22.6878    93    92     7.7091
   94  7.3274e+08    22.8007    94    93     7.7885
   95  7.3254e+08    22.8019    95    94     7.8680
   96  6.1479e+08    23.5422    96    95     7.9475
   97  5.9948e+08    23.6501    97    96     8.0269
   98  5.9867e+08    23.6559    98    97     8.1064
   99  5.9795e+08    23.6610    99    98     8.1858
  100  5.6472e+08    23.9070   100    99     8.2653
