#indx Mass S step-number desc_indx 
    0  3.1600e+10    10.5496     0    -1     0.0134
    1  3.1253e+10    10.5763     1     0     0.1326
    2  2.9980e+10    10.6773     2     1     0.2441
    3  2.9807e+10    10.6915     3     2     0.3500
    4  2.9716e+10    10.6990     4     3     0.4519
    5  2.9508e+10    10.7161     5     4     0.5506
    6  2.9160e+10    10.7452     6     5     0.6467
    7  2.8583e+10    10.7942     7     6     0.7407
    8  2.8333e+10    10.8157     8     7     0.8330
    9  2.8160e+10    10.8309     9     8     0.9238
   10  1.7525e+10    12.0452    10     9     1.0134
   11  1.7493e+10    12.0500    11    10     1.1018
   12  1.7451e+10    12.0566    12    11     1.1894
   13  1.7398e+10    12.0645    13    12     1.2761
   14  1.7371e+10    12.0687    14    13     1.3621
   15  1.7104e+10    12.1100    15    14     1.4474
   16  1.6969e+10    12.1312    16    15     1.5322
   17  1.6166e+10    12.2612    17    16     1.6165
   18  1.5209e+10    12.4263    18    17     1.7003
   19  1.4563e+10    12.5448    19    18     1.7838
   20  1.4333e+10    12.5883    20    19     1.8669
   21  1.4171e+10    12.6195    21    20     1.9496
   22  1.3654e+10    12.7220    22    21     2.0321
   23  1.3397e+10    12.7747    23    22     2.1143
   24  1.3358e+10    12.7828    24    23     2.1963
   25  1.2974e+10    12.8639    25    24     2.2781
   26  1.2968e+10    12.8651    26    25     2.3597
   27  1.2692e+10    12.9253    27    26     2.4411
   28  1.2563e+10    12.9537    28    27     2.5223
   29  1.1988e+10    13.0854    29    28     2.6034
   30  1.1958e+10    13.0925    30    29     2.6844
   31  1.1447e+10    13.2161    31    30     2.7652
   32  1.1430e+10    13.2204    32    31     2.8459
   33  1.1373e+10    13.2347    33    32     2.9266
   34  1.1010e+10    13.3272    34    33     3.0071
   35  8.3022e+09    14.1515    35    34     3.0876
   36  8.2525e+09    14.1694    36    35     3.1680
   37  8.1984e+09    14.1891    37    36     3.2483
   38  7.1990e+09    14.5815    38    37     3.3285
   39  7.1558e+09    14.5998    39    38     3.4087
   40  7.0950e+09    14.6259    40    39     3.4889
   41  7.0273e+09    14.6552    41    40     3.5689
   42  7.0093e+09    14.6630    42    41     3.6490
   43  6.9555e+09    14.6866    43    42     3.7290
   44  6.1008e+09    15.0921    44    43     3.8089
   45  5.9241e+09    15.1841    45    44     3.8889
   46  5.8757e+09    15.2099    46    45     3.9688
   47  5.6896e+09    15.3112    47    46     4.0486
   48  5.6548e+09    15.3306    48    47     4.1285
   49  5.5730e+09    15.3766    49    48     4.2083
   50  5.5349e+09    15.3983    50    49     4.2881
   51  5.3538e+09    15.5040    51    50     4.3678
   52  4.3072e+09    16.2075    52    51     4.4476
   53  4.2761e+09    16.2314    53    52     4.5273
   54  4.2123e+09    16.2809    54    53     4.6070
   55  4.1758e+09    16.3096    55    54     4.6867
   56  4.1718e+09    16.3127    56    55     4.7664
   57  4.1442e+09    16.3346    57    56     4.8460
   58  4.1019e+09    16.3685    58    57     4.9257
   59  4.0960e+09    16.3733    59    58     5.0053
   60  4.0848e+09    16.3823    60    59     5.0849
   61  3.9700e+09    16.4769    61    60     5.1646
   62  3.7992e+09    16.6235    62    61     5.2442
   63  3.7986e+09    16.6241    63    62     5.3238
   64  3.7569e+09    16.6611    64    63     5.4033
   65  3.7159e+09    16.6978    65    64     5.4829
   66  3.7062e+09    16.7066    66    65     5.5625
   67  3.6231e+09    16.7829    67    66     5.6421
   68  3.6072e+09    16.7977    68    67     5.7216
   69  3.5882e+09    16.8155    69    68     5.8012
   70  3.5756e+09    16.8273    70    69     5.8807
   71  3.5284e+09    16.8722    71    70     5.9602
   72  3.3517e+09    17.0466    72    71     6.0398
   73  3.1909e+09    17.2145    73    72     6.1193
   74  3.0016e+09    17.4251    74    73     6.1988
   75  2.1735e+09    18.5670    75    74     6.2783
   76  2.1521e+09    18.6028    76    75     6.3579
   77  2.1403e+09    18.6227    77    76     6.4374
   78  2.1352e+09    18.6313    78    77     6.5169
   79  2.1296e+09    18.6409    79    78     6.5964
   80  1.9092e+09    19.0401    80    79     6.6759
   81  1.6649e+09    19.5489    81    80     6.7554
   82  1.6379e+09    19.6102    82    81     6.8349
   83  1.3601e+09    20.3176    83    82     6.9143
   84  1.3538e+09    20.3357    84    83     6.9938
   85  1.3521e+09    20.3406    85    84     7.0733
   86  1.2823e+09    20.5455    86    85     7.1528
   87  1.2571e+09    20.6229    87    86     7.2323
   88  1.2459e+09    20.6578    88    87     7.3117
   89  1.2447e+09    20.6615    89    88     7.3912
   90  1.2279e+09    20.7145    90    89     7.4707
   91  1.1792e+09    20.8729    91    90     7.5502
   92  1.1732e+09    20.8929    92    91     7.6296
   93  1.1528e+09    20.9622    93    92     7.7091
   94  1.1389e+09    21.0099    94    93     7.7885
   95  1.0316e+09    21.4026    95    94     7.8680
   96  1.0238e+09    21.4330    96    95     7.9475
   97  9.8213e+08    21.5998    97    96     8.0269
   98  9.7620e+08    21.6242    98    97     8.1064
   99  9.6547e+08    21.6687    99    98     8.1858
  100  9.6500e+08    21.6707   100    99     8.2653
