#indx Mass S step-number desc_indx 
    0  3.1600e+10    10.5496     0    -1     0.0134
    1  3.1462e+10    10.5602     1     0     0.1326
    2  2.9672e+10    10.7026     2     1     0.2441
    3  2.9243e+10    10.7382     3     2     0.3500
    4  2.9014e+10    10.7574     4     3     0.4519
    5  2.8214e+10    10.8261     5     4     0.5506
    6  2.7115e+10    10.9243     6     5     0.6467
    7  2.7067e+10    10.9287     7     6     0.7407
    8  2.5738e+10    11.0540     8     7     0.8330
    9  2.5576e+10    11.0699     9     8     0.9238
   10  2.5332e+10    11.0939    10     9     1.0134
   11  2.3942e+10    11.2360    11    10     1.1018
   12  2.1663e+10    11.4910    12    11     1.1894
   13  2.0465e+10    11.6379    13    12     1.2761
   14  2.0269e+10    11.6629    14    13     1.3621
   15  1.9643e+10    11.7446    15    14     1.4474
   16  1.9638e+10    11.7453    16    15     1.5322
   17  1.1104e+09    21.1098    17    16     1.6165
   18  1.0865e+09    21.1961    18    17     1.7003
   19  1.0811e+09    21.2160    19    18     1.7838
   20  1.0710e+09    21.2534    20    19     1.8669
   21  1.0655e+09    21.2738    21    20     1.9496
   22  1.0565e+09    21.3077    22    21     2.0321
   23  1.0552e+09    21.3123    23    22     2.1143
   24  1.0367e+09    21.3832    24    23     2.1963
   25  6.7315e+08    23.1570    25    24     2.2781
   26  6.2396e+08    23.4790    26    25     2.3597
   27  6.2205e+08    23.4921    27    26     2.4411
   28  2.1378e+08    28.3608    28    27     2.5223
   29  2.0933e+08    28.4633    29    28     2.6034
   30  2.0758e+08    28.5041    30    29     2.6844
   31  2.0604e+08    28.5404    31    30     2.7652
   32  2.0509e+08    28.5630    32    31     2.8459
   33  1.9657e+08    28.7706    33    32     2.9266
   34  1.8603e+08    29.0418    34    33     3.0071
   35  1.7929e+08    29.2243    35    34     3.0876
   36  1.7794e+08    29.2618    36    35     3.1680
   37  1.7790e+08    29.2631    37    36     3.2483
   38  1.7735e+08    29.2785    38    37     3.3285
   39  1.7461e+08    29.3556    39    38     3.4087
   40  1.6912e+08    29.5150    40    39     3.4889
   41  1.6773e+08    29.5562    41    40     3.5689
   42  1.5942e+08    29.8108    42    41     3.6490
   43  1.5927e+08    29.8154    43    42     3.7290
   44  1.5919e+08    29.8181    44    43     3.8089
   45  1.5794e+08    29.8576    45    44     3.8889
   46  1.5754e+08    29.8705    46    45     3.9688
   47  1.5726e+08    29.8792    47    46     4.0486
   48  1.5675e+08    29.8957    48    47     4.1285
   49  1.5657e+08    29.9015    49    48     4.2083
   50  1.5625e+08    29.9117    50    49     4.2881
   51  1.5623e+08    29.9126    51    50     4.3678
   52  1.5491e+08    29.9552    52    51     4.4476
   53  1.2950e+08    30.8680    53    52     4.5273
   54  1.2930e+08    30.8757    54    53     4.6070
   55  1.2718e+08    30.9609    55    54     4.6867
   56  1.2443e+08    31.0737    56    55     4.7664
   57  1.2441e+08    31.0746    57    56     4.8460
   58  1.2427e+08    31.0805    58    57     4.9257
   59  1.2381e+08    31.0999    59    58     5.0053
   60  1.2213e+08    31.1704    60    59     5.0849
   61  1.2043e+08    31.2429    61    60     5.1646
   62  1.1954e+08    31.2818    62    61     5.2442
