#indx Mass S step-number desc_indx 
    0  3.1600e+10    10.5496     0    -1     0.0134
    1  3.0767e+10    10.6143     1     0     0.1326
    2  2.9739e+10    10.6970     2     1     0.2441
    3  2.7342e+10    10.9037     3     2     0.3500
    4  2.7313e+10    10.9063     4     3     0.4519
    5  2.4847e+10    11.1424     5     4     0.5506
    6  2.4814e+10    11.1458     6     5     0.6467
    7  2.2877e+10    11.3515     7     6     0.7407
    8  2.2087e+10    11.4413     8     7     0.8330
    9  2.1647e+10    11.4929     9     8     0.9238
   10  2.0844e+10    11.5903    10     9     1.0134
   11  2.0669e+10    11.6122    11    10     1.1018
   12  2.0403e+10    11.6458    12    11     1.1894
   13  1.9851e+10    11.7172    13    12     1.2761
   14  1.9450e+10    11.7705    14    13     1.3621
   15  1.7038e+10    12.1203    15    14     1.4474
   16  1.7002e+10    12.1260    16    15     1.5322
   17  1.6751e+10    12.1657    17    16     1.6165
   18  1.6712e+10    12.1719    18    17     1.7003
   19  1.6651e+10    12.1818    19    18     1.7838
   20  1.6271e+10    12.2437    20    19     1.8669
   21  1.5773e+10    12.3276    21    20     1.9496
   22  1.5147e+10    12.4374    22    21     2.0321
   23  1.4920e+10    12.4786    23    22     2.1143
   24  1.3437e+10    12.7665    24    23     2.1963
   25  1.3381e+10    12.7779    25    24     2.2781
   26  1.3102e+10    12.8366    26    25     2.3597
   27  1.2292e+10    13.0149    27    26     2.4411
   28  1.2106e+10    13.0579    28    27     2.5223
   29  1.2000e+10    13.0826    29    28     2.6034
   30  1.1983e+10    13.0866    30    29     2.6844
   31  1.1968e+10    13.0901    31    30     2.7652
   32  1.1913e+10    13.1032    32    31     2.8459
   33  1.1828e+10    13.1235    33    32     2.9266
   34  1.1511e+10    13.2004    34    33     3.0071
   35  1.1428e+10    13.2210    35    34     3.0876
   36  1.0536e+10    13.4534    36    35     3.1680
   37  1.0312e+10    13.5154    37    36     3.2483
   38  9.7103e+09    13.6896    38    37     3.3285
   39  9.5374e+09    13.7421    39    38     3.4087
   40  9.5245e+09    13.7460    40    39     3.4889
   41  9.1600e+09    13.8604    41    40     3.5689
   42  9.0357e+09    13.9006    42    41     3.6490
   43  8.8079e+09    13.9759    43    42     3.7290
   44  8.6267e+09    14.0375    44    43     3.8089
   45  8.5330e+09    14.0699    45    44     3.8889
   46  8.3971e+09    14.1177    46    45     3.9688
   47  8.0497e+09    14.2439    47    46     4.0486
   48  7.8553e+09    14.3173    48    47     4.1285
   49  7.6176e+09    14.4100    49    48     4.2083
   50  7.5843e+09    14.4232    50    49     4.2881
   51  7.1969e+09    14.5823    51    50     4.3678
   52  6.9216e+09    14.7016    52    51     4.4476
   53  6.9150e+09    14.7045    53    52     4.5273
   54  6.9023e+09    14.7101    54    53     4.6070
   55  6.0378e+09    15.1246    55    54     4.6867
   56  5.9156e+09    15.1886    56    55     4.7664
   57  5.8496e+09    15.2239    57    56     4.8460
   58  5.8004e+09    15.2504    58    57     4.9257
   59  5.5859e+09    15.3693    59    58     5.0053
   60  5.2007e+09    15.5966    60    59     5.0849
   61  5.1605e+09    15.6214    61    60     5.1646
   62  5.1088e+09    15.6537    62    61     5.2442
   63  3.9110e+09    16.5268    63    62     5.3238
   64  3.9010e+09    16.5353    64    63     5.4033
   65  3.7929e+09    16.6291    65    64     5.4829
   66  3.7391e+09    16.6769    66    65     5.5625
   67  3.6224e+09    16.7835    67    66     5.6421
   68  3.6162e+09    16.7893    68    67     5.7216
   69  3.5765e+09    16.8265    69    68     5.8012
   70  3.5517e+09    16.8500    70    69     5.8807
   71  3.5435e+09    16.8577    71    70     5.9602
   72  3.5251e+09    16.8754    72    71     6.0398
   73  3.4939e+09    16.9055    73    72     6.1193
   74  3.4804e+09    16.9185    74    73     6.1988
   75  3.4763e+09    16.9225    75    74     6.2783
   76  3.4537e+09    16.9447    76    75     6.3579
   77  2.8157e+09    17.6472    77    76     6.4374
   78  2.6738e+09    17.8283    78    77     6.5169
   79  2.5645e+09    17.9754    79    78     6.5964
   80  2.4253e+09    18.1734    80    79     6.6759
   81  2.1616e+09    18.5868    81    80     6.7554
   82  2.0316e+09    18.8122    82    81     6.8349
   83  2.0029e+09    18.8642    83    82     6.9143
   84  1.9229e+09    19.0137    84    83     6.9938
   85  1.9193e+09    19.0207    85    84     7.0733
   86  1.8777e+09    19.1015    86    85     7.1528
   87  8.9841e+08    21.9603    87    86     7.2323
   88  8.9532e+08    21.9743    88    87     7.3117
   89  8.9461e+08    21.9775    89    88     7.3912
   90  8.9232e+08    21.9880    90    89     7.4707
   91  8.5348e+08    22.1698    91    90     7.5502
   92  8.4184e+08    22.2261    92    91     7.6296
   93  8.3996e+08    22.2353    93    92     7.7091
   94  8.3229e+08    22.2729    94    93     7.7885
   95  8.1736e+08    22.3474    95    94     7.8680
   96  8.1630e+08    22.3527    96    95     7.9475
   97  8.0046e+08    22.4336    97    96     8.0269
   98  7.9863e+08    22.4431    98    97     8.1064
   99  7.9036e+08    22.4860    99    98     8.1858
  100  7.7991e+08    22.5412   100    99     8.2653
