#indx Mass S step-number desc_indx 
    0  3.1600e+10    10.5496     0    -1     0.0134
    1  3.1430e+10    10.5626     1     0     0.1326
    2  3.0972e+10    10.5982     2     1     0.2441
    3  3.0889e+10    10.6047     3     2     0.3500
    4  3.0607e+10    10.6270     4     3     0.4519
    5  3.0218e+10    10.6581     5     4     0.5506
    6  2.8808e+10    10.7749     6     5     0.6467
    7  2.2948e+10    11.3436     7     6     0.7407
    8  2.2893e+10    11.3497     8     7     0.8330
    9  2.2313e+10    11.4153     9     8     0.9238
   10  2.1996e+10    11.4519    10     9     1.0134
   11  2.1244e+10    11.5413    11    10     1.1018
   12  1.0131e+10    13.5666    12    11     1.1894
   13  1.0055e+10    13.5884    13    12     1.2761
   14  9.8787e+09    13.6396    14    13     1.3621
   15  9.8614e+09    13.6447    15    14     1.4474
   16  9.6901e+09    13.6957    16    15     1.5322
   17  9.5914e+09    13.7256    17    16     1.6165
   18  9.5063e+09    13.7516    18    17     1.7003
   19  8.8030e+09    13.9776    19    18     1.7838
   20  8.7789e+09    13.9857    20    19     1.8669
   21  8.7224e+09    14.0048    21    20     1.9496
   22  8.6949e+09    14.0141    22    21     2.0321
   23  6.3994e+09    14.9434    23    22     2.1143
   24  6.3641e+09    14.9606    24    23     2.1963
   25  6.3188e+09    14.9828    25    24     2.2781
   26  6.2297e+09    15.0270    26    25     2.3597
   27  6.1974e+09    15.0432    27    26     2.4411
   28  6.1885e+09    15.0476    28    27     2.5223
   29  6.1740e+09    15.0549    29    28     2.6034
   30  6.0135e+09    15.1372    30    29     2.6844
   31  5.6863e+09    15.3130    31    30     2.7652
   32  4.8533e+09    15.8187    32    31     2.8459
   33  4.8354e+09    15.8306    33    32     2.9266
   34  4.7581e+09    15.8827    34    33     3.0071
   35  4.5056e+09    16.0601    35    34     3.0876
   36  4.3712e+09    16.1591    36    35     3.1680
   37  4.3422e+09    16.1810    37    36     3.2483
   38  4.0572e+09    16.4048    38    37     3.3285
   39  3.5087e+09    16.8912    39    38     3.4087
   40  3.3607e+09    17.0374    40    39     3.4889
   41  3.3523e+09    17.0459    41    40     3.5689
   42  3.3378e+09    17.0607    42    41     3.6490
   43  2.0311e+09    18.8132    43    42     3.7290
   44  1.6495e+09    19.5839    44    43     3.8089
   45  1.6021e+09    19.6935    45    44     3.8889
   46  1.5973e+09    19.7049    46    45     3.9688
   47  1.5917e+09    19.7181    47    46     4.0486
   48  1.5713e+09    19.7669    48    47     4.1285
   49  1.5304e+09    19.8666    49    48     4.2083
   50  1.5284e+09    19.8715    50    49     4.2881
   51  1.5264e+09    19.8765    51    50     4.3678
   52  1.5247e+09    19.8809    52    51     4.4476
   53  1.5223e+09    19.8867    53    52     4.5273
   54  1.5214e+09    19.8891    54    53     4.6070
   55  1.4630e+09    20.0380    55    54     4.6867
   56  1.4614e+09    20.0423    56    55     4.7664
   57  1.3411e+09    20.3720    57    56     4.8460
   58  1.2612e+09    20.6103    58    57     4.9257
   59  1.1926e+09    20.8287    59    58     5.0053
   60  1.1785e+09    20.8753    60    59     5.0849
   61  1.1554e+09    20.9530    61    60     5.1646
   62  1.1528e+09    20.9619    62    61     5.2442
   63  1.1513e+09    20.9670    63    62     5.3238
   64  1.1285e+09    21.0460    64    63     5.4033
   65  1.1271e+09    21.0509    65    64     5.4829
   66  1.1128e+09    21.1015    66    65     5.5625
   67  1.1041e+09    21.1324    67    66     5.6421
   68  1.1038e+09    21.1337    68    67     5.7216
   69  1.0418e+09    21.3636    69    68     5.8012
   70  9.8717e+08    21.5792    70    69     5.8807
   71  9.8667e+08    21.5813    71    70     5.9602
   72  9.8601e+08    21.5840    72    71     6.0398
   73  9.8476e+08    21.5890    73    72     6.1193
   74  9.8234e+08    21.5990    74    73     6.1988
   75  9.6670e+08    21.6636    75    74     6.2783
   76  9.3966e+08    21.7782    76    75     6.3579
   77  9.3920e+08    21.7802    77    76     6.4374
   78  9.2592e+08    21.8378    78    77     6.5169
   79  9.2236e+08    21.8534    79    78     6.5964
   80  9.2124e+08    21.8583    80    79     6.6759
   81  9.0212e+08    21.9436    81    80     6.7554
   82  8.9973e+08    21.9543    82    81     6.8349
   83  7.9275e+08    22.4736    83    82     6.9143
   84  7.7448e+08    22.5702    84    83     6.9938
   85  7.6208e+08    22.6372    85    84     7.0733
   86  7.5721e+08    22.6638    86    85     7.1528
   87  7.5298e+08    22.6871    87    86     7.2323
   88  7.3707e+08    22.7762    88    87     7.3117
   89  7.2940e+08    22.8198    89    88     7.3912
   90  5.9624e+08    23.6733    90    89     7.4707
   91  5.9137e+08    23.7085    91    90     7.5502
   92  3.8921e+08    25.5517    92    91     7.6296
   93  3.8268e+08    25.6283    93    92     7.7091
   94  3.6429e+08    25.8522    94    93     7.7885
   95  3.6148e+08    25.8875    95    94     7.8680
   96  3.5672e+08    25.9479    96    95     7.9475
   97  3.5382e+08    25.9852    97    96     8.0269
   98  2.7063e+08    27.2313    98    97     8.1064
   99  2.6925e+08    27.2554    99    98     8.1858
  100  2.6886e+08    27.2623   100    99     8.2653
