#indx Mass S step-number desc_indx 
    0  3.1600e+10    10.5496     0    -1     0.0134
    1  3.1274e+10    10.5746     1     0     0.1326
    2  3.0021e+10    10.6740     2     1     0.2441
    3  2.9995e+10    10.6761     3     2     0.3500
    4  2.9392e+10    10.7257     4     3     0.4519
    5  2.9023e+10    10.7566     5     4     0.5506
    6  2.8895e+10    10.7675     6     5     0.6467
    7  2.8787e+10    10.7767     7     6     0.7407
    8  2.7673e+10    10.8739     8     7     0.8330
    9  2.7561e+10    10.8840     9     8     0.9238
   10  2.7470e+10    10.8921    10     9     1.0134
   11  2.7259e+10    10.9112    11    10     1.1018
   12  2.6063e+10    11.0227    12    11     1.1894
   13  2.5697e+10    11.0580    13    12     1.2761
   14  2.5666e+10    11.0611    14    13     1.3621
   15  2.5311e+10    11.0959    15    14     1.4474
   16  2.5102e+10    11.1168    16    15     1.5322
   17  2.4354e+10    11.1928    17    16     1.6165
   18  2.4295e+10    11.1989    18    17     1.7003
   19  2.0373e+10    11.6496    19    18     1.7838
   20  1.9503e+10    11.7632    20    19     1.8669
   21  1.9500e+10    11.7637    21    20     1.9496
   22  1.9468e+10    11.7680    22    21     2.0321
   23  1.9329e+10    11.7868    23    22     2.1143
   24  1.9142e+10    11.8122    24    23     2.1963
   25  1.5229e+10    12.4227    25    24     2.2781
   26  1.3792e+10    12.6943    26    25     2.3597
   27  1.3593e+10    12.7344    27    26     2.4411
   28  1.3530e+10    12.7472    28    27     2.5223
   29  1.3289e+10    12.7972    29    28     2.6034
   30  1.3123e+10    12.8320    30    29     2.6844
   31  1.3115e+10    12.8339    31    30     2.7652
   32  1.3066e+10    12.8442    32    31     2.8459
   33  1.3032e+10    12.8513    33    32     2.9266
   34  1.2990e+10    12.8605    34    33     3.0071
   35  1.2787e+10    12.9044    35    34     3.0876
   36  1.1122e+10    13.2983    36    35     3.1680
   37  1.0776e+10    13.3885    37    36     3.2483
   38  1.0743e+10    13.3973    38    37     3.3285
   39  1.0146e+10    13.5622    39    38     3.4087
   40  1.0119e+10    13.5698    40    39     3.4889
   41  1.0115e+10    13.5711    41    40     3.5689
   42  9.9579e+09    13.6164    42    41     3.6490
   43  9.8538e+09    13.6470    43    42     3.7290
   44  9.8084e+09    13.6604    44    43     3.8089
   45  9.4812e+09    13.7593    45    44     3.8889
   46  7.4771e+09    14.4663    46    45     3.9688
   47  6.5231e+09    14.8841    47    46     4.0486
   48  6.5117e+09    14.8896    48    47     4.1285
   49  5.9073e+09    15.1930    49    48     4.2083
   50  5.7494e+09    15.2782    50    49     4.2881
   51  5.6738e+09    15.3200    51    50     4.3678
   52  5.5889e+09    15.3676    52    51     4.4476
   53  5.1039e+09    15.6567    53    52     4.5273
   54  5.0612e+09    15.6837    54    53     4.6070
   55  4.9980e+09    15.7240    55    54     4.6867
   56  4.8113e+09    15.8468    56    55     4.7664
   57  4.7885e+09    15.8621    57    56     4.8460
   58  4.7390e+09    15.8958    58    57     4.9257
   59  4.6832e+09    15.9342    59    58     5.0053
   60  4.4333e+09    16.1129    60    59     5.0849
   61  4.3493e+09    16.1756    61    60     5.1646
   62  4.3238e+09    16.1949    62    61     5.2442
   63  4.1890e+09    16.2991    63    62     5.3238
   64  4.1680e+09    16.3157    64    63     5.4033
   65  4.1418e+09    16.3365    65    64     5.4829
   66  4.1340e+09    16.3428    66    65     5.5625
   67  4.0651e+09    16.3983    67    66     5.6421
   68  3.8096e+09    16.6144    68    67     5.7216
   69  3.6593e+09    16.7494    69    68     5.8012
   70  3.4957e+09    16.9037    70    69     5.8807
   71  3.4157e+09    16.9823    71    70     5.9602
   72  2.9236e+09    17.5163    72    71     6.0398
   73  2.9202e+09    17.5203    73    72     6.1193
   74  2.6748e+09    17.8270    74    73     6.1988
   75  2.6432e+09    17.8688    75    74     6.2783
   76  2.6312e+09    17.8849    76    75     6.3579
   77  2.6100e+09    17.9133    77    76     6.4374
   78  2.3216e+09    18.3297    78    77     6.5169
   79  2.3132e+09    18.3427    79    78     6.5964
   80  2.3127e+09    18.3434    80    79     6.6759
   81  2.3062e+09    18.3535    81    80     6.7554
   82  2.3058e+09    18.3542    82    81     6.8349
   83  2.3034e+09    18.3579    83    82     6.9143
   84  2.1520e+09    18.6030    84    83     6.9938
   85  2.1270e+09    18.6453    85    84     7.0733
   86  2.0858e+09    18.7163    86    85     7.1528
   87  2.0767e+09    18.7322    87    86     7.2323
   88  2.0695e+09    18.7450    88    87     7.3117
   89  2.0336e+09    18.8088    89    88     7.3912
   90  2.0075e+09    18.8560    90    89     7.4707
   91  2.0012e+09    18.8675    91    90     7.5502
   92  1.9749e+09    18.9158    92    91     7.6296
   93  1.9670e+09    18.9306    93    92     7.7091
   94  1.9529e+09    18.9570    94    93     7.7885
   95  1.9401e+09    18.9812    95    94     7.8680
   96  1.9058e+09    19.0468    96    95     7.9475
   97  1.9023e+09    19.0534    97    96     8.0269
   98  1.8815e+09    19.0940    98    97     8.1064
   99  1.4971e+09    19.9503    99    98     8.1858
  100  1.0499e+09    21.3326   100    99     8.2653
