#indx Mass S step-number desc_indx 
    0  3.1600e+10    10.5496     0    -1     0.0134
    1  3.1144e+10    10.5848     1     0     0.1326
    2  3.1015e+10    10.5948     2     1     0.2441
    3  3.0816e+10    10.6104     3     2     0.3500
    4  3.0160e+10    10.6628     4     3     0.4519
    5  2.9735e+10    10.6974     5     4     0.5506
    6  2.8265e+10    10.8217     6     5     0.6467
    7  2.8248e+10    10.8232     7     6     0.7407
    8  2.6888e+10    10.9452     8     7     0.8330
    9  2.6840e+10    10.9496     9     8     0.9238
   10  2.5709e+10    11.0569    10     9     1.0134
   11  2.5455e+10    11.0817    11    10     1.1018
   12  2.2621e+10    11.3802    12    11     1.1894
   13  2.1392e+10    11.5234    13    12     1.2761
   14  2.1251e+10    11.5405    14    13     1.3621
   15  2.0609e+10    11.6197    15    14     1.4474
   16  2.0466e+10    11.6378    16    15     1.5322
   17  2.0454e+10    11.6393    17    16     1.6165
   18  1.9518e+10    11.7612    18    17     1.7003
   19  1.9001e+10    11.8316    19    18     1.7838
   20  1.8731e+10    11.8692    20    19     1.8669
   21  1.8621e+10    11.8848    21    20     1.9496
   22  1.8352e+10    11.9230    22    21     2.0321
   23  1.7976e+10    11.9778    23    22     2.1143
   24  1.7736e+10    12.0134    24    23     2.1963
   25  1.6025e+10    12.2848    25    24     2.2781
   26  1.6022e+10    12.2854    26    25     2.3597
   27  1.6017e+10    12.2862    27    26     2.4411
   28  1.5692e+10    12.3416    28    27     2.5223
   29  1.5632e+10    12.3520    29    28     2.6034
   30  1.5337e+10    12.4035    30    29     2.6844
   31  1.5231e+10    12.4223    31    30     2.7652
   32  1.5088e+10    12.4480    32    31     2.8459
   33  1.5014e+10    12.4615    33    32     2.9266
   34  1.4648e+10    12.5288    34    33     3.0071
   35  1.4644e+10    12.5296    35    34     3.0876
   36  1.2106e+10    13.0579    36    35     3.1680
   37  1.0881e+10    13.3610    37    36     3.2483
   38  1.0271e+10    13.5268    38    37     3.3285
   39  9.9738e+09    13.6118    39    38     3.4087
   40  9.7906e+09    13.6657    40    39     3.4889
   41  9.6984e+09    13.6932    41    40     3.5689
   42  8.9337e+09    13.9340    42    41     3.6490
   43  8.6308e+09    14.0361    43    42     3.7290
   44  8.5950e+09    14.0484    44    43     3.8089
   45  7.9182e+09    14.2933    45    44     3.8889
   46  7.8555e+09    14.3172    46    45     3.9688
   47  6.8309e+09    14.7421    47    46     4.0486
   48  6.8030e+09    14.7546    48    47     4.1285
   49  6.7993e+09    14.7563    49    48     4.2083
   50  3.7958e+09    16.6265    50    49     4.2881
   51  2.7474e+09    17.7331    51    50     4.3678
   52  2.7453e+09    17.7357    52    51     4.4476
   53  2.7374e+09    17.7458    53    52     4.5273
   54  2.7296e+09    17.7559    54    53     4.6070
   55  2.6447e+09    17.8668    55    54     4.6867
   56  2.6270e+09    17.8904    56    55     4.7664
   57  2.6049e+09    17.9202    57    56     4.8460
   58  2.5572e+09    17.9855    58    57     4.9257
   59  2.5537e+09    17.9904    59    58     5.0053
   60  2.5356e+09    18.0156    60    59     5.0849
   61  2.5310e+09    18.0219    61    60     5.1646
   62  2.5291e+09    18.0246    62    61     5.2442
   63  2.5234e+09    18.0326    63    62     5.3238
   64  2.5221e+09    18.0344    64    63     5.4033
   65  1.9379e+09    18.9853    65    64     5.4829
   66  1.9318e+09    18.9968    66    65     5.5625
   67  1.9298e+09    19.0007    67    66     5.6421
   68  1.9244e+09    19.0109    68    67     5.7216
   69  1.7269e+09    19.4122    69    68     5.8012
   70  1.6758e+09    19.5245    70    69     5.8807
   71  1.6640e+09    19.5509    71    70     5.9602
   72  1.6622e+09    19.5551    72    71     6.0398
   73  1.1506e+09    20.9695    73    72     6.1193
   74  1.1183e+09    21.0818    74    73     6.1988
   75  1.1154e+09    21.0921    75    74     6.2783
   76  1.0976e+09    21.1560    76    75     6.3579
   77  1.0778e+09    21.2281    77    76     6.4374
   78  1.0634e+09    21.2818    78    77     6.5169
   79  1.0571e+09    21.3053    79    78     6.5964
   80  1.0568e+09    21.3063    80    79     6.6759
   81  1.0429e+09    21.3592    81    80     6.7554
   82  1.0351e+09    21.3894    82    81     6.8349
   83  1.0144e+09    21.4701    83    82     6.9143
   84  9.9618e+08    21.5427    84    83     6.9938
   85  8.9582e+08    21.9721    85    84     7.0733
   86  8.2242e+08    22.3220    86    85     7.1528
   87  7.9959e+08    22.4381    87    86     7.2323
   88  7.9548e+08    22.4594    88    87     7.3117
   89  7.8725e+08    22.5024    89    88     7.3912
   90  7.2481e+08    22.8463    90    89     7.4707
   91  7.2275e+08    22.8582    91    90     7.5502
   92  7.0051e+08    22.9892    92    91     7.6296
   93  6.9735e+08    23.0082    93    92     7.7091
   94  6.9017e+08    23.0517    94    93     7.7885
   95  6.8910e+08    23.0582    95    94     7.8680
   96  6.2814e+08    23.4505    96    95     7.9475
   97  6.2369e+08    23.4808    97    96     8.0269
   98  6.2316e+08    23.4844    98    97     8.1064
   99  5.7682e+08    23.8156    99    98     8.1858
  100  5.7587e+08    23.8227   100    99     8.2653
