#indx Mass S step-number desc_indx 
    0  3.1600e+10    10.5496     0    -1     0.0134
    1  3.1411e+10    10.5641     1     0     0.1326
    2  3.1391e+10    10.5657     2     1     0.2441
    3  3.0131e+10    10.6651     3     2     0.3500
    4  3.0035e+10    10.6729     4     3     0.4519
    5  2.9802e+10    10.6919     5     4     0.5506
    6  2.8561e+10    10.7961     6     5     0.6467
    7  2.8466e+10    10.8043     7     6     0.7407
    8  2.8265e+10    10.8217     8     7     0.8330
    9  2.4678e+10    11.1595     9     8     0.9238
   10  2.4535e+10    11.1742    10     9     1.0134
   11  2.3526e+10    11.2803    11    10     1.1018
   12  2.3345e+10    11.3000    12    11     1.1894
   13  2.2627e+10    11.3795    13    12     1.2761
   14  2.1717e+10    11.4847    14    13     1.3621
   15  2.1593e+10    11.4993    15    14     1.4474
   16  1.9249e+10    11.7976    16    15     1.5322
   17  1.9240e+10    11.7989    17    16     1.6165
   18  1.2147e+10    13.0483    18    17     1.7003
   19  1.2114e+10    13.0561    19    18     1.7838
   20  9.2856e+09    13.8204    20    19     1.8669
   21  8.4897e+09    14.0850    21    20     1.9496
   22  8.4667e+09    14.0931    22    21     2.0321
   23  8.4220e+09    14.1089    23    22     2.1143
   24  8.4016e+09    14.1161    24    23     2.1963
   25  7.6887e+09    14.3819    25    24     2.2781
   26  7.6857e+09    14.3831    26    25     2.3597
   27  7.5374e+09    14.4419    27    26     2.4411
   28  4.3825e+09    16.1506    28    27     2.5223
   29  4.2817e+09    16.2270    29    28     2.6034
   30  4.2739e+09    16.2330    30    29     2.6844
   31  4.2681e+09    16.2375    31    30     2.7652
   32  4.2224e+09    16.2730    32    31     2.8459
   33  4.2167e+09    16.2774    33    32     2.9266
   34  4.1870e+09    16.3007    34    33     3.0071
   35  4.1663e+09    16.3170    35    34     3.0876
   36  4.1625e+09    16.3201    36    35     3.1680
   37  3.9287e+09    16.5117    37    36     3.2483
   38  3.3829e+09    17.0150    38    37     3.3285
   39  3.3431e+09    17.0552    39    38     3.4087
   40  3.3230e+09    17.0758    40    39     3.4889
   41  3.2636e+09    17.1374    41    40     3.5689
   42  3.2470e+09    17.1548    42    41     3.6490
   43  3.2218e+09    17.1815    43    42     3.7290
   44  3.1806e+09    17.2256    44    43     3.8089
   45  3.1712e+09    17.2358    45    44     3.8889
   46  3.1627e+09    17.2450    46    45     3.9688
   47  3.0356e+09    17.3862    47    46     4.0486
   48  3.0318e+09    17.3905    48    47     4.1285
   49  3.0122e+09    17.4129    49    48     4.2083
   50  3.0029e+09    17.4236    50    49     4.2881
   51  2.9989e+09    17.4282    51    50     4.3678
   52  2.9978e+09    17.4295    52    51     4.4476
   53  2.9556e+09    17.4786    53    52     4.5273
   54  2.8178e+09    17.6446    54    53     4.6070
   55  2.7412e+09    17.7410    55    54     4.6867
   56  2.7302e+09    17.7550    56    55     4.7664
   57  2.6270e+09    17.8904    57    56     4.8460
   58  2.2234e+09    18.4850    58    57     4.9257
   59  2.1571e+09    18.5943    59    58     5.0053
   60  2.1474e+09    18.6107    60    59     5.0849
   61  2.1241e+09    18.6503    61    60     5.1646
   62  1.7565e+09    19.3488    62    61     5.2442
   63  1.7331e+09    19.3987    63    62     5.3238
   64  1.7290e+09    19.4076    64    63     5.4033
   65  1.4345e+09    20.1132    65    64     5.4829
   66  1.2832e+09    20.5430    66    65     5.5625
   67  1.2814e+09    20.5484    67    66     5.6421
   68  1.2793e+09    20.5546    68    67     5.7216
   69  1.2745e+09    20.5692    69    68     5.8012
   70  1.2389e+09    20.6795    70    69     5.8807
   71  1.2327e+09    20.6991    71    70     5.9602
   72  1.2130e+09    20.7622    72    71     6.0398
   73  1.2074e+09    20.7802    73    72     6.1193
   74  1.1868e+09    20.8479    74    73     6.1988
   75  1.1804e+09    20.8691    75    74     6.2783
   76  1.1753e+09    20.8860    76    75     6.3579
   77  1.1718e+09    20.8979    77    76     6.4374
   78  1.1714e+09    20.8992    78    77     6.5169
   79  1.1202e+09    21.0753    79    78     6.5964
   80  1.1138e+09    21.0977    80    79     6.6759
   81  1.1011e+09    21.1432    81    80     6.7554
   82  1.0950e+09    21.1655    82    81     6.8349
   83  1.0242e+09    21.4316    83    82     6.9143
   84  1.0138e+09    21.4725    84    83     6.9938
   85  1.0087e+09    21.4928    85    84     7.0733
   86  9.9760e+08    21.5370    86    85     7.1528
   87  9.9478e+08    21.5484    87    86     7.2323
   88  9.9405e+08    21.5513    88    87     7.3117
   89  8.8982e+08    21.9994    89    88     7.3912
   90  8.8798e+08    22.0079    90    89     7.4707
   91  8.8737e+08    22.0106    91    90     7.5502
   92  8.5937e+08    22.1416    92    91     7.6296
   93  4.8081e+08    24.6084    93    92     7.7091
   94  4.7924e+08    24.6229    94    93     7.7885
   95  4.7308e+08    24.6800    95    94     7.8680
   96  4.6944e+08    24.7141    96    95     7.9475
   97  4.6767e+08    24.7307    97    96     8.0269
   98  4.6367e+08    24.7688    98    97     8.1064
   99  4.4353e+08    24.9657    99    98     8.1858
  100  4.4134e+08    24.9878   100    99     8.2653
