#indx Mass S step-number desc_indx 
    0  3.1600e+10    10.5496     0    -1     0.0134
    1  3.1583e+10    10.5509     1     0     0.1326
    2  2.8302e+10    10.8184     2     1     0.2441
    3  2.8205e+10    10.8269     3     2     0.3500
    4  2.8109e+10    10.8353     4     3     0.4519
    5  2.8068e+10    10.8389     5     4     0.5506
    6  2.6142e+10    11.0152     6     5     0.6467
    7  2.5867e+10    11.0415     7     6     0.7407
    8  2.5601e+10    11.0674     8     7     0.8330
    9  2.5042e+10    11.1228     9     8     0.9238
   10  2.1586e+10    11.5002    10     9     1.0134
   11  2.0650e+10    11.6146    11    10     1.1018
   12  2.0428e+10    11.6427    12    11     1.1894
   13  2.0013e+10    11.6960    13    12     1.2761
   14  1.9994e+10    11.6984    14    13     1.3621
   15  1.9770e+10    11.7278    15    14     1.4474
   16  1.8885e+10    11.8476    16    15     1.5322
   17  1.8103e+10    11.9592    17    16     1.6165
   18  1.8069e+10    11.9641    18    17     1.7003
   19  1.3432e+10    12.7674    19    18     1.7838
   20  1.2258e+10    13.0228    20    19     1.8669
   21  1.2229e+10    13.0294    21    20     1.9496
   22  1.0697e+10    13.4097    22    21     2.0321
   23  1.0549e+10    13.4497    23    22     2.1143
   24  1.0267e+10    13.5280    24    23     2.1963
   25  9.6556e+09    13.7061    25    24     2.2781
   26  9.1351e+09    13.8684    26    25     2.3597
   27  9.0952e+09    13.8812    27    26     2.4411
   28  8.4020e+09    14.1159    28    27     2.5223
   29  8.3932e+09    14.1191    29    28     2.6034
   30  8.3427e+09    14.1370    30    29     2.6844
   31  8.2420e+09    14.1733    31    30     2.7652
   32  7.5855e+09    14.4227    32    31     2.8459
   33  6.4885e+09    14.9006    33    32     2.9266
   34  6.4516e+09    14.9183    34    33     3.0071
   35  6.4026e+09    14.9419    35    34     3.0876
   36  6.0948e+09    15.0952    36    35     3.1680
   37  6.0243e+09    15.1316    37    36     3.2483
   38  6.0047e+09    15.1418    38    37     3.3285
   39  5.9876e+09    15.1507    39    38     3.4087
   40  5.9580e+09    15.1662    40    39     3.4889
   41  5.5687e+09    15.3790    41    40     3.5689
   42  5.3928e+09    15.4809    42    41     3.6490
   43  5.2104e+09    15.5906    43    42     3.7290
   44  5.1082e+09    15.6540    44    43     3.8089
   45  4.8123e+09    15.8461    45    44     3.8889
   46  4.7649e+09    15.8782    46    45     3.9688
   47  3.6327e+09    16.7740    47    46     4.0486
   48  3.4917e+09    16.9076    48    47     4.1285
   49  3.4806e+09    16.9183    49    48     4.2083
   50  3.4796e+09    16.9193    50    49     4.2881
   51  3.4203e+09    16.9776    51    50     4.3678
   52  3.4008e+09    16.9970    52    51     4.4476
   53  3.3498e+09    17.0484    53    52     4.5273
   54  3.3471e+09    17.0512    54    53     4.6070
   55  3.3116e+09    17.0875    55    54     4.6867
   56  3.1055e+09    17.3077    56    55     4.7664
   57  2.9126e+09    17.5295    57    56     4.8460
   58  2.8350e+09    17.6234    58    57     4.9257
   59  2.8031e+09    17.6629    59    58     5.0053
   60  2.2528e+09    18.4377    60    59     5.0849
   61  1.8516e+09    19.1531    61    60     5.1646
   62  1.8483e+09    19.1597    62    61     5.2442
   63  1.8293e+09    19.1980    63    62     5.3238
   64  1.2741e+09    20.5706    64    63     5.4033
   65  1.2736e+09    20.5720    65    64     5.4829
   66  1.2466e+09    20.6555    66    65     5.5625
   67  1.1419e+09    20.9995    67    66     5.6421
   68  1.1134e+09    21.0992    68    67     5.7216
   69  9.5416e+08    21.7163    69    68     5.8012
   70  9.5037e+08    21.7324    70    69     5.8807
   71  8.9977e+08    21.9541    71    70     5.9602
   72  8.4621e+08    22.2048    72    71     6.0398
   73  8.4340e+08    22.2185    73    72     6.1193
   74  8.4335e+08    22.2187    74    73     6.1988
   75  8.2643e+08    22.3020    75    74     6.2783
   76  7.2102e+08    22.8682    76    75     6.3579
   77  7.0325e+08    22.9728    77    76     6.4374
   78  7.0223e+08    22.9789    78    77     6.5169
   79  6.9476e+08    23.0239    79    78     6.5964
   80  6.1065e+08    23.5710    80    79     6.6759
   81  6.0831e+08    23.5874    81    80     6.7554
   82  6.0556e+08    23.6069    82    81     6.8349
   83  6.0388e+08    23.6187    83    82     6.9143
   84  6.0374e+08    23.6197    84    83     6.9938
   85  5.9252e+08    23.7001    85    84     7.0733
   86  5.8790e+08    23.7338    86    85     7.1528
   87  5.4892e+08    24.0297    87    86     7.2323
   88  5.4200e+08    24.0847    88    87     7.3117
   89  5.3307e+08    24.1569    89    88     7.3912
   90  5.2747e+08    24.2029    90    89     7.4707
   91  5.2016e+08    24.2637    91    90     7.5502
   92  5.1937e+08    24.2703    92    91     7.6296
   93  5.1357e+08    24.3194    93    92     7.7091
   94  5.1254e+08    24.3281    94    93     7.7885
   95  5.0613e+08    24.3831    95    94     7.8680
   96  4.9530e+08    24.4779    96    95     7.9475
   97  4.9486e+08    24.4819    97    96     8.0269
   98  4.9326e+08    24.4961    98    97     8.1064
   99  4.9309e+08    24.4976    99    98     8.1858
  100  4.7699e+08    24.6437   100    99     8.2653
