#indx Mass S step-number desc_indx 
    0  3.1600e+10    10.5496     0    -1     0.0134
    1  2.6992e+10    10.9356     1     0     0.1326
    2  2.4919e+10    11.1351     2     1     0.2441
    3  2.3750e+10    11.2564     3     2     0.3500
    4  2.2062e+10    11.4441     4     3     0.4519
    5  2.1800e+10    11.4748     5     4     0.5506
    6  2.1742e+10    11.4817     6     5     0.6467
    7  2.1454e+10    11.5160     7     6     0.7407
    8  2.1007e+10    11.5703     8     7     0.8330
    9  2.0859e+10    11.5885     9     8     0.9238
   10  4.4133e+09    16.1277    10     9     1.0134
   11  4.3905e+09    16.1446    11    10     1.1018
   12  4.0071e+09    16.4461    12    11     1.1894
   13  3.6857e+09    16.7253    13    12     1.2761
   14  3.6574e+09    16.7512    14    13     1.3621
   15  3.5747e+09    16.8282    15    14     1.4474
   16  3.5711e+09    16.8316    16    15     1.5322
   17  3.5278e+09    16.8728    17    16     1.6165
   18  3.5245e+09    16.8760    18    17     1.7003
   19  3.5152e+09    16.8849    19    18     1.7838
   20  3.4566e+09    16.9418    20    19     1.8669
   21  3.3043e+09    17.0951    21    20     1.9496
   22  3.2784e+09    17.1220    22    21     2.0321
   23  3.2752e+09    17.1253    23    22     2.1143
   24  3.2425e+09    17.1596    24    23     2.1963
   25  3.2343e+09    17.1682    25    24     2.2781
   26  3.2226e+09    17.1806    26    25     2.3597
   27  3.1823e+09    17.2238    27    26     2.4411
   28  2.8025e+09    17.6636    28    27     2.5223
   29  2.7978e+09    17.6694    29    28     2.6034
   30  2.7660e+09    17.7095    30    29     2.6844
   31  2.4499e+09    18.1375    31    30     2.7652
   32  2.3985e+09    18.2131    32    31     2.8459
   33  2.3974e+09    18.2148    33    32     2.9266
   34  2.3707e+09    18.2548    34    33     3.0071
   35  2.3499e+09    18.2862    35    34     3.0876
   36  2.2830e+09    18.3898    36    35     3.1680
   37  2.2772e+09    18.3989    37    36     3.2483
   38  2.2449e+09    18.4503    38    37     3.3285
   39  1.5298e+09    19.8681    39    38     3.4087
   40  1.3837e+09    20.2514    40    39     3.4889
   41  1.3353e+09    20.3887    41    40     3.5689
   42  1.3351e+09    20.3892    42    41     3.6490
   43  1.3320e+09    20.3984    43    42     3.7290
   44  1.3199e+09    20.4335    44    43     3.8089
   45  1.3159e+09    20.4452    45    44     3.8889
   46  1.3138e+09    20.4515    46    45     3.9688
   47  1.3082e+09    20.4679    47    46     4.0486
   48  1.3073e+09    20.4706    48    47     4.1285
   49  1.2756e+09    20.5660    49    48     4.2083
   50  1.2625e+09    20.6063    50    49     4.2881
   51  1.2534e+09    20.6344    51    50     4.3678
   52  1.1994e+09    20.8064    52    51     4.4476
   53  1.1976e+09    20.8122    53    52     4.5273
   54  9.9894e+08    21.5316    54    53     4.6070
   55  9.6179e+08    21.6841    55    54     4.6867
   56  9.3197e+08    21.8114    56    55     4.7664
   57  9.2021e+08    21.8629    57    56     4.8460
   58  9.1763e+08    21.8743    58    57     4.9257
   59  9.1234e+08    21.8978    59    58     5.0053
   60  8.9241e+08    21.9876    60    59     5.0849
   61  8.7190e+08    22.0824    61    60     5.1646
   62  8.5351e+08    22.1696    62    61     5.2442
   63  8.2632e+08    22.3025    63    62     5.3238
   64  8.1594e+08    22.3545    64    63     5.4033
   65  8.1200e+08    22.3745    65    64     5.4829
   66  8.0968e+08    22.3864    66    65     5.5625
   67  7.7366e+08    22.5745    67    66     5.6421
   68  6.7956e+08    23.1170    68    67     5.7216
   69  6.5562e+08    23.2686    69    68     5.8012
   70  6.4800e+08    23.3182    70    69     5.8807
   71  3.4671e+08    26.0782    71    70     5.9602
   72  3.4307e+08    26.1266    72    71     6.0398
   73  3.4229e+08    26.1370    73    72     6.1193
   74  3.3786e+08    26.1969    74    73     6.1988
   75  3.3708e+08    26.2076    75    74     6.2783
   76  3.3419e+08    26.2472    76    75     6.3579
   77  3.3053e+08    26.2980    77    76     6.4374
   78  3.3041e+08    26.2996    78    77     6.5169
   79  3.2882e+08    26.3219    79    78     6.5964
   80  3.2824e+08    26.3300    80    79     6.6759
   81  3.2756e+08    26.3396    81    80     6.7554
   82  3.2681e+08    26.3502    82    81     6.8349
   83  3.2578e+08    26.3647    83    82     6.9143
   84  3.2175e+08    26.4224    84    83     6.9938
   85  3.2145e+08    26.4267    85    84     7.0733
   86  3.1916e+08    26.4598    86    85     7.1528
   87  3.1829e+08    26.4724    87    86     7.2323
   88  3.1375e+08    26.5391    88    87     7.3117
   89  3.1012e+08    26.5930    89    88     7.3912
   90  3.0884e+08    26.6123    90    89     7.4707
   91  3.0680e+08    26.6431    91    90     7.5502
   92  2.7071e+08    27.2299    92    91     7.6296
   93  2.5799e+08    27.4578    93    92     7.7091
   94  2.4987e+08    27.6101    94    93     7.7885
   95  2.4498e+08    27.7045    95    94     7.8680
   96  2.4298e+08    27.7436    96    95     7.9475
   97  2.2704e+08    28.0696    97    96     8.0269
   98  2.2685e+08    28.0737    98    97     8.1064
   99  2.2657e+08    28.0797    99    98     8.1858
  100  2.2552e+08    28.1020   100    99     8.2653
