#indx Mass S step-number desc_indx 
    0  3.1600e+10    10.5496     0    -1     0.0134
    1  2.6304e+10    10.9997     1     0     0.1326
    2  2.5990e+10    11.0297     2     1     0.2441
    3  2.5718e+10    11.0560     3     2     0.3500
    4  2.5616e+10    11.0660     4     3     0.4519
    5  2.5312e+10    11.0959     5     4     0.5506
    6  2.0338e+10    11.6541     6     5     0.6467
    7  2.0231e+10    11.6677     7     6     0.7407
    8  2.0125e+10    11.6814     8     7     0.8330
    9  1.7432e+10    12.0595     9     8     0.9238
   10  1.5903e+10    12.3054    10     9     1.0134
   11  1.5890e+10    12.3077    11    10     1.1018
   12  1.4832e+10    12.4947    12    11     1.1894
   13  1.4640e+10    12.5303    13    12     1.2761
   14  9.6171e+09    13.7178    14    13     1.3621
   15  9.4808e+09    13.7595    15    14     1.4474
   16  9.0524e+09    13.8951    16    15     1.5322
   17  9.0211e+09    13.9053    17    16     1.6165
   18  8.6088e+09    14.0436    18    17     1.7003
   19  8.5854e+09    14.0517    19    18     1.7838
   20  7.0554e+09    14.6430    20    19     1.8669
   21  6.9809e+09    14.6754    21    20     1.9496
   22  2.8927e+09    17.5532    22    21     2.0321
   23  2.8374e+09    17.6205    23    22     2.1143
   24  2.4929e+09    18.0757    24    23     2.1963
   25  2.4905e+09    18.0792    25    24     2.2781
   26  2.4791e+09    18.0954    26    25     2.3597
   27  2.4745e+09    18.1021    27    26     2.4411
   28  2.4175e+09    18.1850    28    27     2.5223
   29  2.4164e+09    18.1866    29    28     2.6034
   30  2.1655e+09    18.5804    30    29     2.6844
   31  2.1525e+09    18.6021    31    30     2.7652
   32  2.1486e+09    18.6087    32    31     2.8459
   33  1.7477e+09    19.3675    33    32     2.9266
   34  1.7047e+09    19.4605    34    33     3.0071
   35  1.6898e+09    19.4932    35    34     3.0876
   36  1.6519e+09    19.5783    36    35     3.1680
   37  1.6299e+09    19.6288    37    36     3.2483
   38  1.5934e+09    19.7142    38    37     3.3285
   39  1.5881e+09    19.7266    39    38     3.4087
   40  1.5747e+09    19.7586    40    39     3.4889
   41  1.5258e+09    19.8782    41    40     3.5689
   42  1.5225e+09    19.8864    42    41     3.6490
   43  1.5215e+09    19.8888    43    42     3.7290
   44  1.5204e+09    19.8916    44    43     3.8089
   45  1.5005e+09    19.9415    45    44     3.8889
   46  1.4929e+09    19.9609    46    45     3.9688
   47  1.4925e+09    19.9618    47    46     4.0486
   48  1.4901e+09    19.9682    48    47     4.1285
   49  1.4728e+09    20.0125    49    48     4.2083
   50  1.4701e+09    20.0196    50    49     4.2881
   51  1.4612e+09    20.0426    51    50     4.3678
   52  1.2755e+09    20.5662    52    51     4.4476
   53  1.2701e+09    20.5826    53    52     4.5273
   54  1.2087e+09    20.7760    54    53     4.6070
   55  1.1974e+09    20.8129    55    54     4.6867
   56  1.1026e+09    21.1378    56    55     4.7664
   57  1.0965e+09    21.1598    57    56     4.8460
   58  1.0936e+09    21.1705    58    57     4.9257
   59  1.0429e+09    21.3594    59    58     5.0053
   60  1.0374e+09    21.3803    60    59     5.0849
   61  1.0323e+09    21.4001    61    60     5.1646
   62  1.0300e+09    21.4088    62    61     5.2442
   63  1.0270e+09    21.4207    63    62     5.3238
   64  1.0253e+09    21.4273    64    63     5.4033
   65  1.0249e+09    21.4290    65    64     5.4829
   66  9.2442e+08    21.8443    66    65     5.5625
   67  9.1396e+08    21.8905    67    66     5.6421
   68  9.0872e+08    21.9139    68    67     5.7216
   69  9.0286e+08    21.9402    69    68     5.8012
   70  8.6450e+08    22.1173    70    69     5.8807
   71  8.6408e+08    22.1192    71    70     5.9602
   72  8.3641e+08    22.2527    72    71     6.0398
   73  8.0845e+08    22.3926    73    72     6.1193
   74  7.9608e+08    22.4562    74    73     6.1988
   75  7.7480e+08    22.5685    75    74     6.2783
   76  7.7470e+08    22.5690    76    75     6.3579
   77  7.7410e+08    22.5722    77    76     6.4374
   78  7.6858e+08    22.6019    78    77     6.5169
   79  7.6668e+08    22.6121    79    78     6.5964
   80  7.5328e+08    22.6855    80    79     6.6759
   81  7.5125e+08    22.6967    81    80     6.7554
   82  7.3808e+08    22.7704    82    81     6.8349
   83  7.1745e+08    22.8890    83    82     6.9143
   84  4.4019e+08    24.9995    84    83     6.9938
   85  2.8718e+08    26.9520    85    84     7.0733
   86  2.7463e+08    27.1620    86    85     7.1528
   87  2.7339e+08    27.1834    87    86     7.2323
   88  2.7174e+08    27.2120    88    87     7.3117
   89  2.6780e+08    27.2810    89    88     7.3912
   90  2.5459e+08    27.5209    90    89     7.4707
   91  2.0212e+08    28.6343    91    90     7.5502
   92  1.9832e+08    28.7271    92    91     7.6296
   93  1.9639e+08    28.7751    93    92     7.7091
   94  1.9505e+08    28.8086    94    93     7.7885
   95  1.9284e+08    28.8647    95    94     7.8680
   96  1.9281e+08    28.8654    96    95     7.9475
   97  1.8802e+08    28.9893    97    96     8.0269
   98  1.8667e+08    29.0248    98    97     8.1064
   99  1.8420e+08    29.0907    99    98     8.1858
  100  1.6981e+08    29.4946   100    99     8.2653
