#indx Mass S step-number desc_indx 
    0  3.1600e+10    10.5496     0    -1     0.0134
    1  3.1566e+10    10.5522     1     0     0.1326
    2  3.0103e+10    10.6673     2     1     0.2441
    3  2.9904e+10    10.6835     3     2     0.3500
    4  2.9008e+10    10.7580     4     3     0.4519
    5  2.8596e+10    10.7930     5     4     0.5506
    6  2.6273e+10    11.0027     6     5     0.6467
    7  2.3457e+10    11.2878     7     6     0.7407
    8  2.3378e+10    11.2964     8     7     0.8330
    9  2.3182e+10    11.3178     9     8     0.9238
   10  2.2870e+10    11.3523    10     9     1.0134
   11  1.3600e+10    12.7331    11    10     1.1018
   12  9.3900e+09    13.7876    12    11     1.1894
   13  9.3620e+09    13.7964    13    12     1.2761
   14  9.2969e+09    13.8168    14    13     1.3621
   15  9.2884e+09    13.8195    15    14     1.4474
   16  9.2862e+09    13.8202    16    15     1.5322
   17  7.9176e+09    14.2935    17    16     1.6165
   18  7.8952e+09    14.3021    18    17     1.7003
   19  5.5343e+09    15.3987    19    18     1.7838
   20  5.4944e+09    15.4216    20    19     1.8669
   21  5.4281e+09    15.4602    21    20     1.9496
   22  5.3250e+09    15.5212    22    21     2.0321
   23  4.7350e+09    15.8985    23    22     2.1143
   24  4.7028e+09    15.9206    24    23     2.1963
   25  4.6828e+09    15.9345    25    24     2.2781
   26  4.6314e+09    15.9704    26    25     2.3597
   27  4.5555e+09    16.0242    27    26     2.4411
   28  4.5369e+09    16.0374    28    27     2.5223
   29  4.5350e+09    16.0388    29    28     2.6034
   30  4.5146e+09    16.0535    30    29     2.6844
   31  4.4398e+09    16.1082    31    30     2.7652
   32  4.1777e+09    16.3080    32    31     2.8459
   33  4.0523e+09    16.4088    33    32     2.9266
   34  3.9843e+09    16.4650    34    33     3.0071
   35  3.9834e+09    16.4658    35    34     3.0876
   36  3.7488e+09    16.6683    36    35     3.1680
   37  3.6491e+09    16.7588    37    36     3.2483
   38  3.6055e+09    16.7993    38    37     3.3285
   39  3.6003e+09    16.8041    39    38     3.4087
   40  3.5971e+09    16.8071    40    39     3.4889
   41  2.8435e+09    17.6129    41    40     3.5689
   42  2.8364e+09    17.6216    42    41     3.6490
   43  2.8246e+09    17.6362    43    42     3.7290
   44  2.8020e+09    17.6643    44    43     3.8089
   45  2.7710e+09    17.7031    45    44     3.8889
   46  2.7601e+09    17.7170    46    45     3.9688
   47  2.7365e+09    17.7470    47    46     4.0486
   48  2.7328e+09    17.7517    48    47     4.1285
   49  2.6597e+09    17.8470    49    48     4.2083
   50  2.6350e+09    17.8797    50    49     4.2881
   51  2.6121e+09    17.9105    51    50     4.3678
   52  2.6101e+09    17.9132    52    51     4.4476
   53  2.6056e+09    17.9192    53    52     4.5273
   54  2.5453e+09    18.0021    54    53     4.6070
   55  2.5026e+09    18.0619    55    54     4.6867
   56  2.4840e+09    18.0884    56    55     4.7664
   57  1.9620e+09    18.9398    57    56     4.8460
   58  1.7771e+09    19.3053    58    57     4.9257
   59  1.6364e+09    19.6138    59    58     5.0053
   60  1.6335e+09    19.6204    60    59     5.0849
   61  1.6180e+09    19.6563    61    60     5.1646
   62  1.6072e+09    19.6815    62    61     5.2442
   63  1.5913e+09    19.7191    63    62     5.3238
   64  1.5630e+09    19.7868    64    63     5.4033
   65  1.3786e+09    20.2657    65    64     5.4829
   66  1.3771e+09    20.2700    66    65     5.5625
   67  1.3768e+09    20.2708    67    66     5.6421
   68  1.3563e+09    20.3285    68    67     5.7216
   69  1.3353e+09    20.3889    69    68     5.8012
   70  1.2471e+09    20.6539    70    69     5.8807
   71  1.2419e+09    20.6701    71    70     5.9602
   72  1.2269e+09    20.7177    72    71     6.0398
   73  1.2234e+09    20.7287    73    72     6.1193
   74  1.2220e+09    20.7333    74    73     6.1988
   75  1.2145e+09    20.7573    75    74     6.2783
   76  1.2102e+09    20.7712    76    75     6.3579
   77  1.1915e+09    20.8322    77    76     6.4374
   78  1.1657e+09    20.9183    78    77     6.5169
   79  1.1537e+09    20.9588    79    78     6.5964
   80  1.1194e+09    21.0782    80    79     6.6759
   81  1.1162e+09    21.0895    81    80     6.7554
   82  1.1118e+09    21.1052    82    81     6.8349
   83  1.1004e+09    21.1458    83    82     6.9143
   84  1.0934e+09    21.1710    84    83     6.9938
   85  1.0818e+09    21.2136    85    84     7.0733
   86  1.0804e+09    21.2187    86    85     7.1528
   87  1.0771e+09    21.2309    87    86     7.2323
   88  1.0767e+09    21.2322    88    87     7.3117
   89  1.0763e+09    21.2337    89    88     7.3912
   90  1.0656e+09    21.2733    90    89     7.4707
   91  1.0469e+09    21.3438    91    90     7.5502
   92  1.0437e+09    21.3564    92    91     7.6296
   93  1.0413e+09    21.3655    93    92     7.7091
   94  1.0372e+09    21.3812    94    93     7.7885
   95  1.0229e+09    21.4365    95    94     7.8680
   96  8.7857e+08    22.0513    96    95     7.9475
   97  8.4499e+08    22.2107    97    96     8.0269
   98  8.4289e+08    22.2210    98    97     8.1064
   99  7.4645e+08    22.7234    99    98     8.1858
  100  7.3446e+08    22.7910   100    99     8.2653
