#indx Mass S step-number desc_indx 
    0  3.1600e+10    10.5496     0    -1     0.0134
    1  2.6752e+10    10.9578     1     0     0.1326
    2  2.5837e+10    11.0444     2     1     0.2441
    3  2.5692e+10    11.0586     3     2     0.3500
    4  1.9741e+10    11.7316     4     3     0.4519
    5  1.9561e+10    11.7556     5     4     0.5506
    6  1.9508e+10    11.7627     6     5     0.6467
    7  1.9446e+10    11.7710     7     6     0.7407
    8  1.9399e+10    11.7773     8     7     0.8330
    9  1.7476e+10    12.0528     9     8     0.9238
   10  1.7444e+10    12.0576    10     9     1.0134
   11  1.6029e+10    12.2842    11    10     1.1018
   12  1.5858e+10    12.3131    12    11     1.1894
   13  1.5713e+10    12.3379    13    12     1.2761
   14  1.5627e+10    12.3528    14    13     1.3621
   15  1.5494e+10    12.3759    15    14     1.4474
   16  1.5403e+10    12.3919    16    15     1.5322
   17  1.3577e+10    12.7376    17    16     1.6165
   18  1.3528e+10    12.7476    18    17     1.7003
   19  1.3502e+10    12.7530    19    18     1.7838
   20  1.3440e+10    12.7658    20    19     1.8669
   21  1.3417e+10    12.7705    21    20     1.9496
   22  1.2734e+10    12.9159    22    21     2.0321
   23  1.1167e+10    13.2868    23    22     2.1143
   24  1.1109e+10    13.3016    24    23     2.1963
   25  1.0638e+10    13.4255    25    24     2.2781
   26  1.0119e+10    13.5699    26    25     2.3597
   27  9.1195e+09    13.8734    27    26     2.4411
   28  8.6178e+09    14.0405    28    27     2.5223
   29  8.5525e+09    14.0631    29    28     2.6034
   30  8.5327e+09    14.0700    30    29     2.6844
   31  8.4735e+09    14.0907    31    30     2.7652
   32  7.7770e+09    14.3474    32    31     2.8459
   33  7.7651e+09    14.3521    33    32     2.9266
   34  7.3269e+09    14.5279    34    33     3.0071
   35  7.3257e+09    14.5284    35    34     3.0876
   36  7.3172e+09    14.5319    36    35     3.1680
   37  7.3149e+09    14.5328    37    36     3.2483
   38  6.4343e+09    14.9266    38    37     3.3285
   39  6.4009e+09    14.9427    39    38     3.4087
   40  5.5047e+09    15.4157    40    39     3.4889
   41  5.4641e+09    15.4392    41    40     3.5689
   42  5.4518e+09    15.4463    42    41     3.6490
   43  5.4425e+09    15.4517    43    42     3.7290
   44  5.3941e+09    15.4801    44    43     3.8089
   45  5.2584e+09    15.5613    45    44     3.8889
   46  5.0230e+09    15.7080    46    45     3.9688
   47  5.0206e+09    15.7095    47    46     4.0486
   48  5.0170e+09    15.7118    48    47     4.1285
   49  5.0120e+09    15.7150    49    48     4.2083
   50  4.2692e+09    16.2366    50    49     4.2881
   51  4.2167e+09    16.2774    51    50     4.3678
   52  3.7114e+09    16.7019    52    51     4.4476
   53  3.5874e+09    16.8162    53    52     4.5273
   54  3.5862e+09    16.8173    54    53     4.6070
   55  3.5808e+09    16.8225    55    54     4.6867
   56  3.5605e+09    16.8416    56    55     4.7664
   57  2.8985e+09    17.5463    57    56     4.8460
   58  2.8810e+09    17.5674    58    57     4.9257
   59  2.8615e+09    17.5910    59    58     5.0053
   60  2.8534e+09    17.6009    60    59     5.0849
   61  2.8372e+09    17.6207    61    60     5.1646
   62  2.8362e+09    17.6219    62    61     5.2442
   63  2.8007e+09    17.6659    63    62     5.3238
   64  2.5167e+09    18.0420    64    63     5.4033
   65  2.4511e+09    18.1359    65    64     5.4829
   66  2.3827e+09    18.2367    66    65     5.5625
   67  2.3125e+09    18.3438    67    66     5.6421
   68  2.1796e+09    18.5569    68    67     5.7216
   69  2.1777e+09    18.5599    69    68     5.8012
   70  2.1468e+09    18.6118    70    69     5.8807
   71  2.1451e+09    18.6147    71    70     5.9602
   72  2.1236e+09    18.6511    72    71     6.0398
   73  2.0937e+09    18.7027    73    72     6.1193
   74  2.0864e+09    18.7153    74    73     6.1988
   75  2.0661e+09    18.7509    75    74     6.2783
   76  1.9951e+09    18.8786    76    75     6.3579
   77  1.9938e+09    18.8809    77    76     6.4374
   78  1.9923e+09    18.8837    78    77     6.5169
   79  1.8758e+09    19.1052    79    78     6.5964
   80  1.4337e+09    20.1154    80    79     6.6759
   81  1.4252e+09    20.1380    81    80     6.7554
   82  1.4078e+09    20.1853    82    81     6.8349
   83  1.3856e+09    20.2462    83    82     6.9143
   84  1.3496e+09    20.3477    84    83     6.9938
   85  1.2323e+09    20.7005    85    84     7.0733
   86  1.1819e+09    20.8640    86    85     7.1528
   87  1.1556e+09    20.9526    87    86     7.2323
   88  1.1482e+09    20.9778    88    87     7.3117
   89  1.0962e+09    21.1610    89    88     7.3912
   90  1.0135e+09    21.4736    90    89     7.4707
   91  9.6201e+08    21.6832    91    90     7.5502
   92  9.4760e+08    21.7441    92    91     7.6296
   93  9.4068e+08    21.7738    93    92     7.7091
   94  9.2340e+08    21.8488    94    93     7.7885
   95  9.0305e+08    21.9394    95    94     7.8680
   96  3.8648e+08    25.5836    96    95     7.9475
   97  3.8174e+08    25.6395    97    96     8.0269
   98  3.8117e+08    25.6462    98    97     8.1064
   99  3.8011e+08    25.6588    99    98     8.1858
  100  3.7980e+08    25.6626   100    99     8.2653
