#indx Mass S step-number desc_indx 
    0  3.1600e+10    10.5496     0    -1     0.0134
    1  3.1171e+10    10.5827     1     0     0.1326
    2  3.0886e+10    10.6049     2     1     0.2441
    3  3.0657e+10    10.6230     3     2     0.3500
    4  3.0381e+10    10.6450     4     3     0.4519
    5  3.0220e+10    10.6580     5     4     0.5506
    6  2.7537e+10    10.8861     6     5     0.6467
    7  2.2137e+10    11.4355     7     6     0.7407
    8  2.2083e+10    11.4418     8     7     0.8330
    9  2.1275e+10    11.5375     9     8     0.9238
   10  2.0025e+10    11.6944    10     9     1.0134
   11  1.3340e+10    12.7864    11    10     1.1018
   12  1.3248e+10    12.8056    12    11     1.1894
   13  1.3247e+10    12.8060    13    12     1.2761
   14  1.3241e+10    12.8072    14    13     1.3621
   15  1.3205e+10    12.8148    15    14     1.4474
   16  1.2929e+10    12.8735    16    15     1.5322
   17  1.2813e+10    12.8988    17    16     1.6165
   18  1.1234e+10    13.2696    18    17     1.7003
   19  1.0898e+10    13.3565    19    18     1.7838
   20  1.0806e+10    13.3807    20    19     1.8669
   21  5.0560e+09    15.6870    21    20     1.9496
   22  4.8441e+09    15.8248    22    21     2.0321
   23  4.8307e+09    15.8338    23    22     2.1143
   24  4.0748e+09    16.3904    24    23     2.1963
   25  4.0607e+09    16.4019    25    24     2.2781
   26  3.8700e+09    16.5619    26    25     2.3597
   27  3.7862e+09    16.6350    27    26     2.4411
   28  3.7512e+09    16.6662    28    27     2.5223
   29  3.7379e+09    16.6780    29    28     2.6034
   30  3.6756e+09    16.7344    30    29     2.6844
   31  3.6656e+09    16.7436    31    30     2.7652
   32  3.2711e+09    17.1295    32    31     2.8459
   33  3.2574e+09    17.1439    33    32     2.9266
   34  3.2513e+09    17.1503    34    33     3.0071
   35  3.1860e+09    17.2198    35    34     3.0876
   36  3.1586e+09    17.2494    36    35     3.1680
   37  3.1118e+09    17.3007    37    36     3.2483
   38  3.1117e+09    17.3008    38    37     3.3285
   39  3.0348e+09    17.3871    39    38     3.4087
   40  2.9706e+09    17.4611    40    39     3.4889
   41  2.9601e+09    17.4733    41    40     3.5689
   42  2.8758e+09    17.5736    42    41     3.6490
   43  2.8181e+09    17.6442    43    42     3.7290
   44  2.7972e+09    17.6702    44    43     3.8089
   45  2.7954e+09    17.6724    45    44     3.8889
   46  2.2596e+09    18.4269    46    45     3.9688
   47  2.2562e+09    18.4323    47    46     4.0486
   48  2.2348e+09    18.4666    48    47     4.1285
   49  2.2258e+09    18.4811    49    48     4.2083
   50  2.1334e+09    18.6345    50    49     4.2881
   51  2.0975e+09    18.6961    51    50     4.3678
   52  2.0890e+09    18.7108    52    51     4.4476
   53  1.6210e+09    19.6494    53    52     4.5273
   54  1.5882e+09    19.7264    54    53     4.6070
   55  1.1905e+09    20.8356    55    54     4.6867
   56  1.1872e+09    20.8464    56    55     4.7664
   57  1.1695e+09    20.9054    57    56     4.8460
   58  1.1677e+09    20.9117    58    57     4.9257
   59  7.6950e+08    22.5969    59    58     5.0053
   60  6.9680e+08    23.0116    60    59     5.0849
   61  6.5541e+08    23.2700    61    60     5.1646
   62  6.1115e+08    23.5676    62    61     5.2442
   63  6.0785e+08    23.5907    63    62     5.3238
   64  4.7292e+08    24.6814    64    63     5.4033
   65  4.4866e+08    24.9147    65    64     5.4829
   66  4.3628e+08    25.0392    66    65     5.5625
   67  3.7929e+08    25.6686    67    66     5.6421
   68  3.7924e+08    25.6692    68    67     5.7216
   69  3.7832e+08    25.6803    69    68     5.8012
   70  3.3907e+08    26.1805    70    69     5.8807
   71  3.3416e+08    26.2477    71    70     5.9602
   72  3.3225e+08    26.2741    72    71     6.0398
   73  3.3217e+08    26.2751    73    72     6.1193
   74  2.4483e+08    27.7074    74    73     6.1988
   75  2.4457e+08    27.7125    75    74     6.2783
   76  2.4317e+08    27.7400    76    75     6.3579
   77  2.4051e+08    27.7925    77    76     6.4374
   78  1.2154e+08    31.1955    78    77     6.5169
   79  1.2103e+08    31.2174    79    78     6.5964
   80  1.2100e+08    31.2186    80    79     6.6759
   81  1.2080e+08    31.2271    81    80     6.7554
   82  1.1675e+08    31.4043    82    81     6.8349
