#indx Mass S step-number desc_indx 
    0  3.1600e+10    10.5496     0    -1     0.0134
    1  3.1570e+10    10.5519     1     0     0.1326
    2  3.1510e+10    10.5565     2     1     0.2441
    3  3.1061e+10    10.5912     3     2     0.3500
    4  3.0035e+10    10.6729     4     3     0.4519
    5  2.8881e+10    10.7687     5     4     0.5506
    6  2.8181e+10    10.8290     6     5     0.6467
    7  2.8010e+10    10.8440     7     6     0.7407
    8  2.6208e+10    11.0089     8     7     0.8330
    9  2.3908e+10    11.2396     9     8     0.9238
   10  2.2965e+10    11.3418    10     9     1.0134
   11  2.2918e+10    11.3469    11    10     1.1018
   12  2.2818e+10    11.3580    12    11     1.1894
   13  2.1367e+10    11.5264    13    12     1.2761
   14  2.1326e+10    11.5314    14    13     1.3621
   15  2.0949e+10    11.5774    15    14     1.4474
   16  2.0887e+10    11.5850    16    15     1.5322
   17  2.0766e+10    11.6001    17    16     1.6165
   18  2.0555e+10    11.6265    18    17     1.7003
   19  1.9183e+10    11.8067    19    18     1.7838
   20  1.8397e+10    11.9166    20    19     1.8669
   21  1.8391e+10    11.9175    21    20     1.9496
   22  1.6822e+10    12.1545    22    21     2.0321
   23  1.6613e+10    12.1880    23    22     2.1143
   24  1.6190e+10    12.2572    24    23     2.1963
   25  1.6135e+10    12.2665    25    24     2.2781
   26  1.5296e+10    12.4108    26    25     2.3597
   27  1.5290e+10    12.4119    27    26     2.4411
   28  1.4129e+10    12.6278    28    27     2.5223
   29  1.3958e+10    12.6613    29    28     2.6034
   30  1.3894e+10    12.6739    30    29     2.6844
   31  1.3491e+10    12.7553    31    30     2.7652
   32  1.3455e+10    12.7626    32    31     2.8459
   33  1.2629e+10    12.9390    33    32     2.9266
   34  1.2473e+10    12.9740    34    33     3.0071
   35  1.2313e+10    13.0102    35    34     3.0876
   36  1.2211e+10    13.0335    36    35     3.1680
   37  1.2162e+10    13.0448    37    36     3.2483
   38  1.2148e+10    13.0482    38    37     3.3285
   39  1.2128e+10    13.0527    39    38     3.4087
   40  1.2115e+10    13.0558    40    39     3.4889
   41  1.2005e+10    13.0815    41    40     3.5689
   42  1.1965e+10    13.0909    42    41     3.6490
   43  1.1844e+10    13.1196    43    42     3.7290
   44  1.1728e+10    13.1475    44    43     3.8089
   45  1.1707e+10    13.1525    45    44     3.8889
   46  1.1489e+10    13.2059    46    45     3.9688
   47  1.1334e+10    13.2444    47    46     4.0486
   48  1.1153e+10    13.2904    48    47     4.1285
   49  1.1127e+10    13.2969    49    48     4.2083
   50  1.1122e+10    13.2981    50    49     4.2881
   51  7.0114e+09    14.6621    51    50     4.3678
   52  6.9706e+09    14.6799    52    51     4.4476
   53  6.8021e+09    14.7550    53    52     4.5273
   54  6.7445e+09    14.7812    54    53     4.6070
   55  6.6145e+09    14.8411    55    54     4.6867
   56  6.5580e+09    14.8676    56    55     4.7664
   57  6.5188e+09    14.8862    57    56     4.8460
   58  6.4370e+09    14.9253    58    57     4.9257
   59  6.3373e+09    14.9737    59    58     5.0053
   60  6.3150e+09    14.9846    60    59     5.0849
   61  6.2830e+09    15.0004    61    60     5.1646
   62  6.2331e+09    15.0252    62    61     5.2442
   63  6.0796e+09    15.1030    63    62     5.3238
   64  6.0475e+09    15.1196    64    63     5.4033
   65  6.0327e+09    15.1272    65    64     5.4829
   66  5.6965e+09    15.3074    66    65     5.5625
   67  5.2012e+09    15.5962    67    66     5.6421
   68  5.1989e+09    15.5977    68    67     5.7216
   69  5.0737e+09    15.6757    69    68     5.8012
   70  4.9052e+09    15.7844    70    69     5.8807
   71  4.8919e+09    15.7931    71    70     5.9602
   72  4.8813e+09    15.8001    72    71     6.0398
   73  4.8567e+09    15.8164    73    72     6.1193
   74  4.8245e+09    15.8379    74    73     6.1988
   75  4.8037e+09    15.8519    75    74     6.2783
   76  4.7802e+09    15.8678    76    75     6.3579
   77  4.7339e+09    15.8993    77    76     6.4374
   78  4.7327e+09    15.9001    78    77     6.5169
   79  4.7048e+09    15.9193    79    78     6.5964
   80  4.6941e+09    15.9267    80    79     6.6759
   81  4.3527e+09    16.1730    81    80     6.7554
   82  4.3515e+09    16.1739    82    81     6.8349
   83  3.4538e+09    16.9446    83    82     6.9143
   84  3.4527e+09    16.9456    84    83     6.9938
   85  2.0321e+09    18.8113    85    84     7.0733
   86  1.8153e+09    19.2264    86    85     7.1528
   87  1.8006e+09    19.2566    87    86     7.2323
   88  1.4148e+09    20.1661    88    87     7.3117
   89  1.1568e+09    20.9485    89    88     7.3912
   90  1.1102e+09    21.1106    90    89     7.4707
   91  1.0003e+09    21.5261    91    90     7.5502
   92  1.0001e+09    21.5269    92    91     7.6296
   93  9.9032e+08    21.5664    93    92     7.7091
   94  9.7634e+08    21.6236    94    93     7.7885
   95  9.5962e+08    21.6932    95    94     7.8680
   96  8.9231e+08    21.9880    96    95     7.9475
   97  8.9190e+08    21.9899    97    96     8.0269
   98  8.9000e+08    21.9986    98    97     8.1064
   99  8.8134e+08    22.0385    99    98     8.1858
  100  8.2083e+08    22.3300   100    99     8.2653
