#indx Mass S step-number desc_indx 
    0  3.1600e+10    10.5496     0    -1     0.0134
    1  3.1275e+10    10.5746     1     0     0.1326
    2  2.9769e+10    10.6946     2     1     0.2441
    3  2.9600e+10    10.7085     3     2     0.3500
    4  2.9435e+10    10.7221     4     3     0.4519
    5  2.9081e+10    10.7517     5     4     0.5506
    6  2.7654e+10    10.8756     6     5     0.6467
    7  2.7387e+10    10.8996     7     6     0.7407
    8  2.6954e+10    10.9391     8     7     0.8330
    9  2.6872e+10    10.9466     9     8     0.9238
   10  2.5434e+10    11.0838    10     9     1.0134
   11  2.4587e+10    11.1689    11    10     1.1018
   12  2.4556e+10    11.1721    12    11     1.1894
   13  2.4497e+10    11.1782    13    12     1.2761
   14  2.4401e+10    11.1881    14    13     1.3621
   15  2.4196e+10    11.2093    15    14     1.4474
   16  2.4033e+10    11.2264    16    15     1.5322
   17  2.3704e+10    11.2612    17    16     1.6165
   18  2.3288e+10    11.3062    18    17     1.7003
   19  2.3251e+10    11.3102    19    18     1.7838
   20  2.3227e+10    11.3128    20    19     1.8669
   21  2.1126e+10    11.5557    21    20     1.9496
   22  2.0985e+10    11.5730    22    21     2.0321
   23  6.2090e+09    15.0373    23    22     2.1143
   24  4.8591e+09    15.8148    24    23     2.1963
   25  4.8185e+09    15.8420    25    24     2.2781
   26  4.7553e+09    15.8847    26    25     2.3597
   27  4.7490e+09    15.8890    27    26     2.4411
   28  4.7460e+09    15.8910    28    27     2.5223
   29  4.7261e+09    15.9047    29    28     2.6034
   30  4.7161e+09    15.9115    30    29     2.6844
   31  4.6856e+09    15.9325    31    30     2.7652
   32  4.4945e+09    16.0681    32    31     2.8459
   33  4.4400e+09    16.1080    33    32     2.9266
   34  3.5101e+09    16.8898    34    33     3.0071
   35  3.3898e+09    17.0081    35    34     3.0876
   36  2.6091e+09    17.9145    36    35     3.1680
   37  2.5992e+09    17.9279    37    36     3.2483
   38  2.4579e+09    18.1260    38    37     3.3285
   39  2.2821e+09    18.3911    39    38     3.4087
   40  1.7394e+09    19.3853    40    39     3.4889
   41  1.7377e+09    19.3889    41    40     3.5689
   42  1.7267e+09    19.4125    42    41     3.6490
   43  1.7102e+09    19.4484    43    42     3.7290
   44  1.7089e+09    19.4514    44    43     3.8089
   45  1.7078e+09    19.4537    45    44     3.8889
   46  1.7045e+09    19.4610    46    45     3.9688
   47  1.6846e+09    19.5049    47    46     4.0486
   48  1.6595e+09    19.5612    48    47     4.1285
   49  1.6237e+09    19.6430    49    48     4.2083
   50  1.6212e+09    19.6489    50    49     4.2881
   51  1.6178e+09    19.6568    51    50     4.3678
   52  1.5961e+09    19.7076    52    51     4.4476
   53  1.5474e+09    19.8249    53    52     4.5273
   54  9.4311e+08    21.7633    54    53     4.6070
   55  9.4271e+08    21.7650    55    54     4.6867
   56  9.3545e+08    21.7963    56    55     4.7664
   57  9.2988e+08    21.8205    57    56     4.8460
   58  9.0982e+08    21.9090    58    57     4.9257
   59  8.8575e+08    22.0181    59    58     5.0053
   60  8.8533e+08    22.0201    60    59     5.0849
   61  8.6976e+08    22.0925    61    60     5.1646
   62  8.2881e+08    22.2902    62    61     5.2442
   63  6.7829e+08    23.1249    63    62     5.3238
   64  6.5538e+08    23.2702    64    63     5.4033
   65  6.5092e+08    23.2991    65    64     5.4829
   66  6.2164e+08    23.4949    66    65     5.5625
   67  6.0277e+08    23.6266    67    66     5.6421
   68  5.4979e+08    24.0228    68    67     5.7216
   69  5.3927e+08    24.1066    69    68     5.8012
   70  5.3191e+08    24.1664    70    69     5.8807
   71  5.2908e+08    24.1896    71    70     5.9602
   72  5.1737e+08    24.2872    72    71     6.0398
   73  5.1520e+08    24.3055    73    72     6.1193
   74  5.1504e+08    24.3069    74    73     6.1988
   75  5.1468e+08    24.3099    75    74     6.2783
   76  4.8809e+08    24.5424    76    75     6.3579
   77  4.8766e+08    24.5462    77    76     6.4374
   78  4.7326e+08    24.6783    78    77     6.5169
   79  3.6288e+08    25.8698    79    78     6.5964
   80  3.3303e+08    26.2633    80    79     6.6759
   81  3.3238e+08    26.2723    81    80     6.7554
   82  3.3130e+08    26.2873    82    81     6.8349
   83  3.1279e+08    26.5533    83    82     6.9143
   84  3.0968e+08    26.5997    84    83     6.9938
   85  3.0359e+08    26.6921    85    84     7.0733
   86  3.0255e+08    26.7081    86    85     7.1528
   87  2.7448e+08    27.1647    87    86     7.2323
   88  2.7308e+08    27.1887    88    87     7.3117
   89  2.6923e+08    27.2557    89    88     7.3912
   90  2.5437e+08    27.5250    90    89     7.4707
   91  2.5430e+08    27.5263    91    90     7.5502
   92  2.5344e+08    27.5425    92    91     7.6296
   93  2.5242e+08    27.5617    93    92     7.7091
   94  2.5102e+08    27.5883    94    93     7.7885
   95  2.4919e+08    27.6231    95    94     7.8680
   96  2.4672e+08    27.6707    96    95     7.9475
   97  2.4633e+08    27.6783    97    96     8.0269
   98  2.4447e+08    27.7145    98    97     8.1064
   99  2.4378e+08    27.7280    99    98     8.1858
  100  2.3620e+08    27.8794   100    99     8.2653
