#indx Mass S step-number desc_indx 
    0  3.1600e+10    10.5496     0    -1     0.0134
    1  3.1436e+10    10.5621     1     0     0.1326
    2  2.8036e+10    10.8417     2     1     0.2441
    3  2.5288e+10    11.0982     3     2     0.3500
    4  2.4925e+10    11.1345     4     3     0.4519
    5  2.4791e+10    11.1480     5     4     0.5506
    6  2.4248e+10    11.2039     6     5     0.6467
    7  2.3510e+10    11.2821     7     6     0.7407
    8  1.8034e+10    11.9693     8     7     0.8330
    9  1.5779e+10    12.3267     9     8     0.9238
   10  1.5413e+10    12.3902    10     9     1.0134
   11  1.5016e+10    12.4612    11    10     1.1018
   12  1.4924e+10    12.4779    12    11     1.1894
   13  1.2759e+10    12.9105    13    12     1.2761
   14  1.2608e+10    12.9437    14    13     1.3621
   15  1.2587e+10    12.9483    15    14     1.4474
   16  1.2095e+10    13.0605    16    15     1.5322
   17  1.2065e+10    13.0673    17    16     1.6165
   18  1.1942e+10    13.0964    18    17     1.7003
   19  1.0941e+10    13.3452    19    18     1.7838
   20  1.0920e+10    13.3506    20    19     1.8669
   21  1.0030e+10    13.5954    21    20     1.9496
   22  9.0412e+09    13.8988    22    21     2.0321
   23  8.9591e+09    13.9257    23    22     2.1143
   24  8.0045e+09    14.2608    24    23     2.1963
   25  7.9553e+09    14.2793    25    24     2.2781
   26  7.9294e+09    14.2891    26    25     2.3597
   27  7.2656e+09    14.5534    27    26     2.4411
   28  7.1533e+09    14.6009    28    27     2.5223
   29  7.1271e+09    14.6121    29    28     2.6034
   30  6.9845e+09    14.6738    30    29     2.6844
   31  6.9751e+09    14.6780    31    30     2.7652
   32  6.6643e+09    14.8180    32    31     2.8459
   33  6.5471e+09    14.8728    33    32     2.9266
   34  6.3310e+09    14.9768    34    33     3.0071
   35  5.8466e+09    15.2255    35    34     3.0876
   36  5.3529e+09    15.5046    36    35     3.1680
   37  5.2287e+09    15.5794    37    36     3.2483
   38  5.1781e+09    15.6105    38    37     3.3285
   39  5.1387e+09    15.6349    39    38     3.4087
   40  5.1025e+09    15.6576    40    39     3.4889
   41  5.0941e+09    15.6629    41    40     3.5689
   42  5.0594e+09    15.6848    42    41     3.6490
   43  5.0423e+09    15.6957    43    42     3.7290
   44  5.0069e+09    15.7183    44    43     3.8089
   45  4.8836e+09    15.7986    45    44     3.8889
   46  4.8464e+09    15.8233    46    45     3.9688
   47  4.8022e+09    15.8529    47    46     4.0486
   48  4.7831e+09    15.8658    48    47     4.1285
   49  4.5906e+09    15.9991    49    48     4.2083
   50  4.5892e+09    16.0001    50    49     4.2881
   51  4.2459e+09    16.2546    51    50     4.3678
   52  4.2273e+09    16.2691    52    51     4.4476
   53  4.2051e+09    16.2865    53    52     4.5273
   54  4.1932e+09    16.2959    54    53     4.6070
   55  4.1740e+09    16.3110    55    54     4.6867
   56  4.1572e+09    16.3243    56    55     4.7664
   57  4.0746e+09    16.3906    57    56     4.8460
   58  4.0243e+09    16.4318    58    57     4.9257
   59  3.9859e+09    16.4636    59    58     5.0053
   60  3.9632e+09    16.4826    60    59     5.0849
   61  3.7546e+09    16.6631    61    60     5.1646
   62  3.7367e+09    16.6791    62    61     5.2442
   63  3.7311e+09    16.6841    63    62     5.3238
   64  3.7282e+09    16.6867    64    63     5.4033
   65  3.7274e+09    16.6875    65    64     5.4829
   66  3.5606e+09    16.8415    66    65     5.5625
   67  3.5368e+09    16.8642    67    66     5.6421
   68  3.5262e+09    16.8744    68    67     5.7216
   69  3.3981e+09    16.9998    69    68     5.8012
   70  3.3968e+09    17.0011    70    69     5.8807
   71  3.3920e+09    17.0059    71    70     5.9602
   72  3.2936e+09    17.1062    72    71     6.0398
   73  3.2732e+09    17.1273    73    72     6.1193
   74  2.9639e+09    17.4689    74    73     6.1988
   75  2.9349e+09    17.5029    75    74     6.2783
   76  2.9333e+09    17.5048    76    75     6.3579
   77  2.8860e+09    17.5613    77    76     6.4374
   78  2.8769e+09    17.5723    78    77     6.5169
   79  2.2454e+09    18.4495    79    78     6.5964
   80  2.2339e+09    18.4680    80    79     6.6759
   81  2.2326e+09    18.4702    81    80     6.7554
   82  2.1770e+09    18.5611    82    81     6.8349
   83  2.1649e+09    18.5814    83    82     6.9143
   84  2.1425e+09    18.6190    84    83     6.9938
   85  1.9420e+09    18.9775    85    84     7.0733
   86  1.8360e+09    19.1843    86    85     7.1528
   87  1.7900e+09    19.2784    87    86     7.2323
   88  1.7820e+09    19.2951    88    87     7.3117
   89  1.4275e+09    20.1320    89    88     7.3912
   90  1.4186e+09    20.1558    90    89     7.4707
   91  1.2056e+09    20.7861    91    90     7.5502
   92  1.2006e+09    20.8025    92    91     7.6296
   93  1.1721e+09    20.8969    93    92     7.7091
   94  1.1563e+09    20.9500    94    93     7.7885
   95  1.1446e+09    20.9903    95    94     7.8680
   96  1.1343e+09    21.0258    96    95     7.9475
   97  1.1239e+09    21.0623    97    96     8.0269
   98  1.1120e+09    21.1042    98    97     8.1064
   99  1.1045e+09    21.1310    99    98     8.1858
  100  1.0158e+09    21.4647   100    99     8.2653
