#indx Mass S step-number desc_indx 
    0  3.1600e+10    10.5496     0    -1     0.0134
    1  3.1251e+10    10.5765     1     0     0.1326
    2  2.9797e+10    10.6923     2     1     0.2441
    3  2.9709e+10    10.6995     3     2     0.3500
    4  2.8164e+10    10.8305     4     3     0.4519
    5  2.7954e+10    10.8489     5     4     0.5506
    6  2.7854e+10    10.8578     6     5     0.6467
    7  2.2921e+10    11.3466     7     6     0.7407
    8  2.2811e+10    11.3588     8     7     0.8330
    9  2.2323e+10    11.4141     9     8     0.9238
   10  2.1525e+10    11.5075    10     9     1.0134
   11  2.1474e+10    11.5135    11    10     1.1018
   12  2.1402e+10    11.5223    12    11     1.1894
   13  1.7580e+10    12.0369    13    12     1.2761
   14  4.1923e+09    16.2965    14    13     1.3621
   15  4.1806e+09    16.3058    15    14     1.4474
   16  3.9549e+09    16.4896    16    15     1.5322
   17  3.5027e+09    16.8970    17    16     1.6165
   18  3.4967e+09    16.9027    18    17     1.7003
   19  3.4454e+09    16.9528    19    18     1.7838
   20  3.4364e+09    16.9617    20    19     1.8669
   21  2.0282e+08    28.6173    21    20     1.9496
   22  1.9224e+08    28.8801    22    21     2.0321
   23  1.8466e+08    29.0783    23    22     2.1143
   24  1.8425e+08    29.0894    24    23     2.1963
   25  1.8385e+08    29.1000    25    24     2.2781
   26  1.8281e+08    29.1282    26    25     2.3597
   27  1.8239e+08    29.1395    27    26     2.4411
   28  1.7446e+08    29.3601    28    27     2.5223
   29  1.7409e+08    29.3707    29    28     2.6034
   30  1.5885e+08    29.8286    30    29     2.6844
   31  1.5763e+08    29.8675    31    30     2.7652
   32  1.5753e+08    29.8707    32    31     2.8459
   33  1.5560e+08    29.9327    33    32     2.9266
   34  1.5405e+08    29.9834    34    33     3.0071
   35  1.5146e+08    30.0689    35    34     3.0876
   36  1.5032e+08    30.1071    36    35     3.1680
