#indx Mass S step-number desc_indx 
    0  3.1600e+10    10.5496     0    -1     0.0134
    1  3.1052e+10    10.5919     1     0     0.1326
    2  2.7575e+10    10.8827     2     1     0.2441
    3  2.7490e+10    10.8903     3     2     0.3500
    4  2.7333e+10    10.9045     4     3     0.4519
    5  2.7167e+10    10.9196     5     4     0.5506
    6  2.6771e+10    10.9560     6     5     0.6467
    7  2.6480e+10    10.9832     7     6     0.7407
    8  2.6254e+10    11.0045     8     7     0.8330
    9  2.6100e+10    11.0192     9     8     0.9238
   10  2.5479e+10    11.0794    10     9     1.0134
   11  2.5265e+10    11.1005    11    10     1.1018
   12  2.5077e+10    11.1193    12    11     1.1894
   13  1.9007e+10    11.8307    13    12     1.2761
   14  1.8959e+10    11.8374    14    13     1.3621
   15  1.8387e+10    11.9180    15    14     1.4474
   16  1.8199e+10    11.9453    16    15     1.5322
   17  1.7983e+10    11.9768    17    16     1.6165
   18  1.7480e+10    12.0521    18    17     1.7003
   19  1.7145e+10    12.1036    19    18     1.7838
   20  2.2807e+09    18.3934    20    19     1.8669
   21  1.8927e+09    19.0720    21    20     1.9496
   22  1.8919e+09    19.0737    22    21     2.0321
   23  1.8903e+09    19.0769    23    22     2.1143
   24  1.8600e+09    19.1364    24    23     2.1963
   25  1.8579e+09    19.1405    25    24     2.2781
   26  1.7611e+09    19.3391    26    25     2.3597
   27  1.7472e+09    19.3685    27    26     2.4411
   28  1.7384e+09    19.3874    28    27     2.5223
   29  1.7332e+09    19.3986    29    28     2.6034
   30  1.7300e+09    19.4054    30    29     2.6844
   31  1.7197e+09    19.4277    31    30     2.7652
   32  1.6155e+09    19.6622    32    31     2.8459
   33  1.6130e+09    19.6679    33    32     2.9266
   34  1.6097e+09    19.6756    34    33     3.0071
   35  1.5950e+09    19.7103    35    34     3.0876
   36  1.5402e+09    19.8424    36    35     3.1680
   37  1.4315e+09    20.1213    37    36     3.2483
   38  1.4280e+09    20.1307    38    37     3.3285
   39  1.3302e+09    20.4034    39    38     3.4087
   40  1.1386e+09    21.0108    40    39     3.4889
   41  1.1124e+09    21.1027    41    40     3.5689
   42  1.0741e+09    21.2418    42    41     3.6490
   43  1.0630e+09    21.2833    43    42     3.7290
   44  1.0625e+09    21.2849    44    43     3.8089
   45  1.0510e+09    21.3286    45    44     3.8889
   46  1.0454e+09    21.3498    46    45     3.9688
   47  9.6563e+08    21.6681    47    46     4.0486
   48  9.5803e+08    21.6999    48    47     4.1285
   49  9.3469e+08    21.7996    49    48     4.2083
   50  9.3104e+08    21.8155    50    49     4.2881
   51  9.2233e+08    21.8536    51    50     4.3678
   52  8.5352e+08    22.1696    52    51     4.4476
   53  8.5016e+08    22.1857    53    52     4.5273
   54  8.4415e+08    22.2148    54    53     4.6070
   55  8.3388e+08    22.2651    55    54     4.6867
   56  8.3000e+08    22.2842    56    55     4.7664
   57  8.2131e+08    22.3275    57    56     4.8460
   58  8.1848e+08    22.3417    58    57     4.9257
   59  8.1666e+08    22.3509    59    58     5.0053
   60  8.1547e+08    22.3569    60    59     5.0849
   61  8.0013e+08    22.4353    61    60     5.1646
   62  7.9524e+08    22.4606    62    61     5.2442
   63  7.9047e+08    22.4855    63    62     5.3238
   64  7.8884e+08    22.4940    64    63     5.4033
   65  7.8722e+08    22.5026    65    64     5.4829
   66  7.8640e+08    22.5069    66    65     5.5625
   67  7.8563e+08    22.5109    67    66     5.6421
   68  7.8368e+08    22.5212    68    67     5.7216
   69  7.3290e+08    22.7998    69    68     5.8012
   70  7.3284e+08    22.8002    70    69     5.8807
   71  7.2705e+08    22.8333    71    70     5.9602
   72  6.7615e+08    23.1382    72    71     6.0398
   73  6.7035e+08    23.1746    73    72     6.1193
   74  6.6367e+08    23.2170    74    73     6.1988
   75  6.6319e+08    23.2200    75    74     6.2783
   76  6.5116e+08    23.2975    76    75     6.3579
   77  6.0183e+08    23.6333    77    76     6.4374
   78  6.0160e+08    23.6349    78    77     6.5169
   79  5.9971e+08    23.6484    79    78     6.5964
   80  5.9892e+08    23.6541    80    79     6.6759
   81  5.9765e+08    23.6632    81    80     6.7554
   82  5.9291e+08    23.6973    82    81     6.8349
   83  5.8820e+08    23.7315    83    82     6.9143
   84  5.1416e+08    24.3143    84    83     6.9938
   85  5.1375e+08    24.3178    85    84     7.0733
   86  5.1019e+08    24.3482    86    85     7.1528
   87  5.0985e+08    24.3511    87    86     7.2323
   88  4.3891e+08    25.0124    88    87     7.3117
   89  4.3816e+08    25.0200    89    88     7.3912
   90  4.3171e+08    25.0861    90    89     7.4707
   91  4.2968e+08    25.1072    91    90     7.5502
   92  4.2801e+08    25.1246    92    91     7.6296
   93  4.2667e+08    25.1386    93    92     7.7091
   94  3.9046e+08    25.5372    94    93     7.7885
   95  3.8027e+08    25.6570    95    94     7.8680
   96  3.7987e+08    25.6617    96    95     7.9475
   97  3.7029e+08    25.7777    97    96     8.0269
   98  3.5451e+08    25.9764    98    97     8.1064
   99  3.5417e+08    25.9808    99    98     8.1858
  100  3.4669e+08    26.0784   100    99     8.2653
