#indx Mass S step-number desc_indx 
    0  3.1600e+10    10.5496     0    -1     0.0134
    1  3.1570e+10    10.5519     1     0     0.1326
    2  3.0908e+10    10.6032     2     1     0.2441
    3  3.0881e+10    10.6054     3     2     0.3500
    4  3.0587e+10    10.6286     4     3     0.4519
    5  3.0523e+10    10.6337     5     4     0.5506
    6  2.4864e+10    11.1406     6     5     0.6467
    7  2.2100e+10    11.4398     7     6     0.7407
    8  2.2037e+10    11.4471     8     7     0.8330
    9  2.0348e+10    11.6528     9     8     0.9238
   10  2.0217e+10    11.6696    10     9     1.0134
   11  2.0097e+10    11.6850    11    10     1.1018
   12  1.9993e+10    11.6985    12    11     1.1894
   13  1.9761e+10    11.7290    13    12     1.2761
   14  1.9541e+10    11.7582    14    13     1.3621
   15  1.9212e+10    11.8027    15    14     1.4474
   16  1.6588e+10    12.1919    16    15     1.5322
   17  1.5039e+10    12.4569    17    16     1.6165
   18  1.3638e+10    12.7253    18    17     1.7003
   19  1.3382e+10    12.7777    19    18     1.7838
   20  1.3101e+10    12.8366    20    19     1.8669
   21  1.2966e+10    12.8656    21    20     1.9496
   22  1.2845e+10    12.8918    22    21     2.0321
   23  1.2838e+10    12.8932    23    22     2.1143
   24  1.2305e+10    13.0121    24    23     2.1963
   25  1.2218e+10    13.0319    25    24     2.2781
   26  1.1100e+10    13.3039    26    25     2.3597
   27  1.0453e+10    13.4760    27    26     2.4411
   28  1.0302e+10    13.5180    28    27     2.5223
   29  8.8280e+09    13.9692    29    28     2.6034
   30  8.7100e+09    14.0090    30    29     2.6844
   31  8.5927e+09    14.0492    31    30     2.7652
   32  8.4048e+09    14.1149    32    31     2.8459
   33  8.1006e+09    14.2250    33    32     2.9266
   34  7.8671e+09    14.3128    34    33     3.0071
   35  7.8207e+09    14.3306    35    34     3.0876
   36  7.7366e+09    14.3632    36    35     3.1680
   37  7.6297e+09    14.4052    37    36     3.2483
   38  7.6004e+09    14.4168    38    37     3.3285
   39  7.2391e+09    14.5645    39    38     3.4087
   40  7.2222e+09    14.5717    40    39     3.4889
   41  7.2185e+09    14.5732    41    40     3.5689
   42  7.0659e+09    14.6384    42    41     3.6490
   43  7.0125e+09    14.6616    43    42     3.7290
   44  6.8990e+09    14.7116    44    43     3.8089
   45  6.8515e+09    14.7328    45    44     3.8889
   46  6.8361e+09    14.7397    46    45     3.9688
   47  6.6875e+09    14.8073    47    46     4.0486
   48  6.6084e+09    14.8440    48    47     4.1285
   49  6.5834e+09    14.8557    49    48     4.2083
   50  6.5441e+09    14.8742    50    49     4.2881
   51  6.4330e+09    14.9272    51    50     4.3678
   52  6.3728e+09    14.9564    52    51     4.4476
   53  5.2043e+09    15.5943    53    52     4.5273
   54  5.0334e+09    15.7013    54    53     4.6070
   55  4.8512e+09    15.8201    55    54     4.6867
   56  4.8297e+09    15.8345    56    55     4.7664
   57  2.7622e+09    17.7143    57    56     4.8460
   58  2.7190e+09    17.7694    58    57     4.9257
   59  2.7156e+09    17.7738    59    58     5.0053
   60  2.6948e+09    17.8009    60    59     5.0849
   61  2.6732e+09    17.8292    61    60     5.1646
   62  2.6683e+09    17.8355    62    61     5.2442
   63  2.5183e+09    18.0398    63    62     5.3238
   64  2.5149e+09    18.0446    64    63     5.4033
   65  2.3257e+09    18.3233    65    64     5.4829
   66  2.2717e+09    18.4076    66    65     5.5625
   67  2.2547e+09    18.4347    67    66     5.6421
   68  2.2499e+09    18.4423    68    67     5.7216
   69  2.2187e+09    18.4927    69    68     5.8012
   70  2.1809e+09    18.5548    70    69     5.8807
   71  2.1101e+09    18.6743    71    70     5.9602
   72  2.1076e+09    18.6786    72    71     6.0398
   73  2.0715e+09    18.7414    73    72     6.1193
   74  2.0288e+09    18.8173    74    73     6.1988
   75  2.0261e+09    18.8223    75    74     6.2783
   76  2.0071e+09    18.8566    76    75     6.3579
   77  1.9967e+09    18.8757    77    76     6.4374
   78  1.8874e+09    19.0825    78    77     6.5169
   79  1.8603e+09    19.1358    79    78     6.5964
   80  1.8571e+09    19.1421    80    79     6.6759
   81  1.2833e+09    20.5424    81    80     6.7554
   82  1.2745e+09    20.5694    82    81     6.8349
   83  1.2056e+09    20.7863    83    82     6.9143
   84  1.1945e+09    20.8225    84    83     6.9938
   85  1.1939e+09    20.8243    85    84     7.0733
   86  1.1864e+09    20.8491    86    85     7.1528
   87  1.1855e+09    20.8520    87    86     7.2323
   88  1.1810e+09    20.8671    88    87     7.3117
   89  1.1303e+09    21.0397    89    88     7.3912
   90  5.3245e+08    24.1619    90    89     7.4707
   91  5.0193e+08    24.4196    91    90     7.5502
   92  4.7744e+08    24.6395    92    91     7.6296
   93  4.6573e+08    24.7492    93    92     7.7091
   94  4.6374e+08    24.7680    94    93     7.7885
   95  4.6332e+08    24.7721    95    94     7.8680
   96  4.6225e+08    24.7824    96    95     7.9475
   97  4.3187e+08    25.0844    97    96     8.0269
   98  4.1200e+08    25.2954    98    97     8.1064
   99  3.8616e+08    25.5873    99    98     8.1858
  100  3.8326e+08    25.6214   100    99     8.2653
