#indx Mass S step-number desc_indx 
    0  1.0000e+11     8.0192     0    -1     0.0134
    1  9.7532e+10     8.0689     1     0     0.1326
    2  9.7329e+10     8.0730     2     1     0.2441
    3  9.5604e+10     8.1087     3     2     0.3500
    4  7.8767e+10     8.5028     4     3     0.4519
    5  7.8308e+10     8.5150     5     4     0.5506
    6  7.8186e+10     8.5182     6     5     0.6467
    7  7.6870e+10     8.5534     7     6     0.7407
    8  6.0218e+10     9.0718     8     7     0.8330
    9  5.9726e+10     9.0896     9     8     0.9238
   10  3.9421e+10    10.0246    10     9     1.0134
   11  3.9397e+10    10.0261    11    10     1.1018
   12  3.9353e+10    10.0286    12    11     1.1894
   13  3.9279e+10    10.0330    13    12     1.2761
   14  3.8388e+10    10.0866    14    13     1.3621
   15  3.7944e+10    10.1139    15    14     1.4474
   16  3.6222e+10    10.2233    16    15     1.5322
   17  3.4078e+10    10.3682    17    16     1.6165
   18  3.3912e+10    10.3799    18    17     1.7003
   19  3.3661e+10    10.3976    19    18     1.7838
   20  3.3319e+10    10.4221    20    19     1.8669
   21  2.8962e+10    10.7618    21    20     1.9496
   22  2.7916e+10    10.8523    22    21     2.0321
   23  2.7352e+10    10.9028    23    22     2.1143
   24  2.7218e+10    10.9149    24    23     2.1963
   25  2.6147e+10    11.0148    25    24     2.2781
   26  2.6144e+10    11.0150    26    25     2.3597
   27  2.6128e+10    11.0165    27    26     2.4411
   28  2.6085e+10    11.0207    28    27     2.5223
   29  1.9844e+10    11.7181    29    28     2.6034
   30  1.9743e+10    11.7314    30    29     2.6844
   31  1.8302e+10    11.9303    31    30     2.7652
   32  1.6046e+10    12.2814    32    31     2.8459
   33  1.5747e+10    12.3321    33    32     2.9266
   34  1.5701e+10    12.3400    34    33     3.0071
   35  1.5694e+10    12.3412    35    34     3.0876
   36  1.4862e+10    12.4893    36    35     3.1680
   37  8.0210e+09    14.2546    37    36     3.2483
   38  7.9634e+09    14.2762    38    37     3.3285
   39  7.9022e+09    14.2994    39    38     3.4087
   40  7.6532e+09    14.3959    40    39     3.4889
   41  7.6147e+09    14.4111    41    40     3.5689
   42  7.5854e+09    14.4228    42    41     3.6490
   43  6.4064e+09    14.9400    43    42     3.7290
   44  6.3615e+09    14.9619    44    43     3.8089
   45  6.2040e+09    15.0398    45    44     3.8889
   46  6.1419e+09    15.0712    46    45     3.9688
   47  6.1399e+09    15.0722    47    46     4.0486
   48  6.0028e+09    15.1428    48    47     4.1285
   49  5.9239e+09    15.1843    49    48     4.2083
   50  5.9008e+09    15.1965    50    49     4.2881
   51  5.7644e+09    15.2700    51    50     4.3678
   52  5.7201e+09    15.2943    52    51     4.4476
   53  5.7033e+09    15.3036    53    52     4.5273
   54  5.6804e+09    15.3163    54    53     4.6070
   55  5.5416e+09    15.3945    55    54     4.6867
   56  5.4801e+09    15.4299    56    55     4.7664
   57  5.4222e+09    15.4636    57    56     4.8460
   58  5.2631e+09    15.5585    58    57     4.9257
   59  5.2452e+09    15.5693    59    58     5.0053
   60  3.2609e+09    17.1402    60    59     5.0849
   61  3.2573e+09    17.1440    61    60     5.1646
   62  3.1281e+09    17.2828    62    61     5.2442
   63  3.1220e+09    17.2894    63    62     5.3238
   64  3.1039e+09    17.3094    64    63     5.4033
   65  3.0827e+09    17.3331    65    64     5.4829
   66  1.7521e+09    19.3582    66    65     5.5625
   67  1.6249e+09    19.6402    67    66     5.6421
   68  1.6015e+09    19.6950    68    67     5.7216
   69  1.5894e+09    19.7235    69    68     5.8012
   70  1.4874e+09    19.9748    70    69     5.8807
   71  1.4763e+09    20.0034    71    70     5.9602
   72  1.4761e+09    20.0040    72    71     6.0398
   73  1.4694e+09    20.0214    73    72     6.1193
   74  1.4657e+09    20.0311    74    73     6.1988
   75  1.3603e+09    20.3171    75    74     6.2783
   76  1.3465e+09    20.3566    76    75     6.3579
   77  1.3329e+09    20.3958    77    76     6.4374
   78  1.0759e+09    21.2353    78    77     6.5169
   79  1.0739e+09    21.2426    79    78     6.5964
   80  1.0228e+09    21.4372    80    79     6.6759
   81  9.9366e+08    21.5529    81    80     6.7554
   82  9.6913e+08    21.6535    82    81     6.8349
   83  9.6430e+08    21.6736    83    82     6.9143
   84  8.8778e+08    22.0088    84    83     6.9938
   85  8.4971e+08    22.1879    85    84     7.0733
   86  8.1385e+08    22.3651    86    85     7.1528
   87  7.8305e+08    22.5246    87    86     7.2323
   88  7.8212e+08    22.5294    88    87     7.3117
   89  7.8069e+08    22.5371    89    88     7.3912
   90  7.6217e+08    22.6367    90    89     7.4707
   91  7.4944e+08    22.7068    91    90     7.5502
   92  7.4931e+08    22.7075    92    91     7.6296
   93  7.1537e+08    22.9011    93    92     7.7091
   94  7.1113e+08    22.9261    94    93     7.7885
   95  6.5495e+08    23.2729    95    94     7.8680
   96  6.5410e+08    23.2784    96    95     7.9475
   97  6.1386e+08    23.5486    97    96     8.0269
   98  6.1086e+08    23.5695    98    97     8.1064
   99  6.0369e+08    23.6201    99    98     8.1858
  100  5.6469e+08    23.9072   100    99     8.2653
