#indx Mass S step-number desc_indx 
    0  1.0000e+11     8.0192     0    -1     0.0134
    1  9.9375e+10     8.0316     1     0     0.1326
    2  9.8830e+10     8.0425     2     1     0.2441
    3  9.8682e+10     8.0455     3     2     0.3500
    4  9.8011e+10     8.0591     4     3     0.4519
    5  9.7640e+10     8.0666     5     4     0.5506
    6  9.6741e+10     8.0851     6     5     0.6467
    7  8.5003e+10     8.3462     7     6     0.7407
    8  8.4702e+10     8.3535     8     7     0.8330
    9  7.7558e+10     8.5349     9     8     0.9238
   10  7.6946e+10     8.5513    10     9     1.0134
   11  7.6297e+10     8.5690    11    10     1.1018
   12  7.5173e+10     8.5999    12    11     1.1894
   13  1.7135e+10    12.1052    13    12     1.2761
   14  1.6898e+10    12.1424    14    13     1.3621
   15  1.6729e+10    12.1693    15    14     1.4474
   16  1.6666e+10    12.1793    16    15     1.5322
   17  1.5415e+10    12.3898    17    16     1.6165
   18  1.5269e+10    12.4157    18    17     1.7003
   19  1.5029e+10    12.4588    19    18     1.7838
   20  1.5010e+10    12.4622    20    19     1.8669
   21  1.4578e+10    12.5419    21    20     1.9496
   22  1.4498e+10    12.5570    22    21     2.0321
   23  1.4336e+10    12.5878    23    22     2.1143
   24  1.4317e+10    12.5914    24    23     2.1963
   25  1.4273e+10    12.5998    25    24     2.2781
   26  1.4095e+10    12.6345    26    25     2.3597
   27  1.3608e+10    12.7314    27    26     2.4411
   28  1.3061e+10    12.8451    28    27     2.5223
   29  1.2515e+10    12.9646    29    28     2.6034
   30  1.2441e+10    12.9812    30    29     2.6844
   31  1.2413e+10    12.9874    31    30     2.7652
   32  1.2275e+10    13.0189    32    31     2.8459
   33  1.1860e+10    13.1159    33    32     2.9266
   34  1.1437e+10    13.2186    34    33     3.0071
   35  1.1397e+10    13.2285    35    34     3.0876
   36  1.0949e+10    13.3432    36    35     3.1680
   37  1.0931e+10    13.3476    37    36     3.2483
   38  1.0292e+10    13.5208    38    37     3.3285
   39  1.0137e+10    13.5647    39    38     3.4087
   40  6.2431e+09    15.0202    40    39     3.4889
   41  6.1405e+09    15.0719    41    40     3.5689
   42  5.8183e+09    15.2407    42    41     3.6490
   43  5.4273e+09    15.4606    43    42     3.7290
   44  5.2155e+09    15.5875    44    43     3.8089
   45  4.9314e+09    15.7672    45    44     3.8889
   46  4.9132e+09    15.7791    46    45     3.9688
   47  4.8950e+09    15.7911    47    46     4.0486
   48  4.7288e+09    15.9028    48    47     4.1285
   49  4.6929e+09    15.9275    49    48     4.2083
   50  4.6907e+09    15.9290    50    49     4.2881
   51  4.5885e+09    16.0006    51    50     4.3678
   52  4.5316e+09    16.0412    52    51     4.4476
   53  4.4934e+09    16.0689    53    52     4.5273
   54  4.4090e+09    16.1309    54    53     4.6070
   55  4.3737e+09    16.1573    55    54     4.6867
   56  4.1832e+09    16.3037    56    55     4.7664
   57  4.0832e+09    16.3837    57    56     4.8460
   58  4.0337e+09    16.4241    58    57     4.9257
   59  3.8385e+09    16.5892    59    58     5.0053
   60  3.8269e+09    16.5993    60    59     5.0849
   61  3.7959e+09    16.6264    61    60     5.1646
   62  3.7548e+09    16.6629    62    61     5.2442
   63  3.7108e+09    16.7024    63    62     5.3238
   64  3.1949e+09    17.2102    64    63     5.4033
   65  3.1742e+09    17.2326    65    64     5.4829
   66  3.0989e+09    17.3151    66    65     5.5625
   67  2.9966e+09    17.4308    67    66     5.6421
   68  2.9506e+09    17.4844    68    67     5.7216
   69  2.8519e+09    17.6027    69    68     5.8012
   70  2.6078e+09    17.9163    70    69     5.8807
   71  2.5996e+09    17.9274    71    70     5.9602
   72  2.4775e+09    18.0978    72    71     6.0398
   73  2.4761e+09    18.0997    73    72     6.1193
   74  2.4681e+09    18.1113    74    73     6.1988
   75  2.4529e+09    18.1332    75    74     6.2783
   76  1.7546e+09    19.3528    76    75     6.3579
   77  1.7284e+09    19.4088    77    76     6.4374
   78  1.7158e+09    19.4361    78    77     6.5169
   79  1.7056e+09    19.4585    79    78     6.5964
   80  1.7038e+09    19.4624    80    79     6.6759
   81  1.5454e+09    19.8298    81    80     6.7554
   82  1.5400e+09    19.8429    82    81     6.8349
   83  1.4201e+09    20.1519    83    82     6.9143
   84  1.4194e+09    20.1536    84    83     6.9938
   85  1.3989e+09    20.2097    85    84     7.0733
   86  1.3203e+09    20.4323    86    85     7.1528
   87  1.3172e+09    20.4415    87    86     7.2323
   88  1.2759e+09    20.5649    88    87     7.3117
   89  1.2595e+09    20.6155    89    88     7.3912
   90  1.2425e+09    20.6685    90    89     7.4707
   91  1.2181e+09    20.7458    91    90     7.5502
   92  1.1937e+09    20.8252    92    91     7.6296
   93  1.1347e+09    21.0243    93    92     7.7091
   94  1.0839e+09    21.2058    94    93     7.7885
   95  1.0609e+09    21.2911    95    94     7.8680
   96  1.0407e+09    21.3679    96    95     7.9475
   97  8.6960e+08    22.0932    97    96     8.0269
   98  8.6497e+08    22.1151    98    97     8.1064
   99  8.2878e+08    22.2903    99    98     8.1858
  100  8.1828e+08    22.3428   100    99     8.2653
