#indx Mass S step-number desc_indx 
    0  1.0000e+11     8.0192     0    -1     0.0134
    1  9.5473e+10     8.1114     1     0     0.1326
    2  9.5091e+10     8.1195     2     1     0.2441
    3  8.3994e+10     8.3706     3     2     0.3500
    4  8.3889e+10     8.3732     4     3     0.4519
    5  8.3483e+10     8.3831     5     4     0.5506
    6  8.3177e+10     8.3906     6     5     0.6467
    7  8.2917e+10     8.3970     7     6     0.7407
    8  8.2166e+10     8.4157     8     7     0.8330
    9  7.4337e+10     8.6232     9     8     0.9238
   10  7.3801e+10     8.6384    10     9     1.0134
   11  7.3349e+10     8.6513    11    10     1.1018
   12  7.3248e+10     8.6542    12    11     1.1894
   13  7.3048e+10     8.6599    13    12     1.2761
   14  7.2348e+10     8.6801    14    13     1.3621
   15  2.4814e+10    11.1457    15    14     1.4474
   16  2.3074e+10    11.3296    16    15     1.5322
   17  2.1928e+10    11.4598    17    16     1.6165
   18  2.1762e+10    11.4793    18    17     1.7003
   19  2.1576e+10    11.5014    19    18     1.7838
   20  2.1527e+10    11.5073    20    19     1.8669
   21  2.1492e+10    11.5114    21    20     1.9496
   22  2.1470e+10    11.5140    22    21     2.0321
   23  2.1055e+10    11.5644    23    22     2.1143
   24  1.7416e+10    12.0618    24    23     2.1963
   25  6.0114e+09    15.1383    25    24     2.2781
   26  5.9964e+09    15.1461    26    25     2.3597
   27  5.8424e+09    15.2277    27    26     2.4411
   28  5.8183e+09    15.2407    28    27     2.5223
   29  4.0732e+09    16.3918    29    28     2.6034
   30  4.0363e+09    16.4219    30    29     2.6844
   31  3.9449e+09    16.4980    31    30     2.7652
   32  3.8794e+09    16.5538    32    31     2.8459
   33  3.8743e+09    16.5581    33    32     2.9266
   34  3.8105e+09    16.6136    34    33     3.0071
   35  3.8104e+09    16.6137    35    34     3.0876
   36  3.8059e+09    16.6176    36    35     3.1680
   37  3.7213e+09    16.6930    37    36     3.2483
   38  3.6721e+09    16.7377    38    37     3.3285
   39  3.6659e+09    16.7434    39    38     3.4087
   40  3.6617e+09    16.7472    40    39     3.4889
   41  3.5676e+09    16.8349    41    40     3.5689
   42  3.5567e+09    16.8452    42    41     3.6490
   43  3.4716e+09    16.9271    43    42     3.7290
   44  3.4607e+09    16.9378    44    43     3.8089
   45  3.4558e+09    16.9425    45    44     3.8889
   46  3.4427e+09    16.9555    46    45     3.9688
   47  3.4391e+09    16.9590    47    46     4.0486
   48  3.3925e+09    17.0054    48    47     4.1285
   49  3.3505e+09    17.0477    49    48     4.2083
   50  2.9842e+09    17.4452    50    49     4.2881
   51  2.2358e+09    18.4649    51    50     4.3678
   52  2.1839e+09    18.5498    52    51     4.4476
   53  2.1347e+09    18.6322    53    52     4.5273
   54  2.1310e+09    18.6385    54    53     4.6070
   55  2.1246e+09    18.6493    55    54     4.6867
   56  1.4842e+09    19.9831    56    55     4.7664
   57  1.1611e+09    20.9337    57    56     4.8460
   58  1.1235e+09    21.0636    58    57     4.9257
   59  9.8258e+08    21.5980    59    58     5.0053
   60  9.7019e+08    21.6491    60    59     5.0849
   61  8.6001e+08    22.1385    61    60     5.1646
   62  8.5982e+08    22.1394    62    61     5.2442
   63  8.5501e+08    22.1624    63    62     5.3238
   64  7.7466e+08    22.5692    64    63     5.4033
   65  7.7460e+08    22.5695    65    64     5.4829
   66  7.5115e+08    22.6973    66    65     5.5625
   67  7.2330e+08    22.8550    67    66     5.6421
   68  7.2259e+08    22.8591    68    67     5.7216
   69  7.2163e+08    22.8647    69    68     5.8012
   70  7.0685e+08    22.9513    70    69     5.8807
   71  6.7263e+08    23.1603    71    70     5.9602
   72  6.7020e+08    23.1756    72    71     6.0398
   73  6.6289e+08    23.2219    73    72     6.1193
   74  5.5714e+08    23.9654    74    73     6.1988
   75  5.5514e+08    23.9809    75    74     6.2783
   76  5.5389e+08    23.9907    76    75     6.3579
   77  5.5020e+08    24.0196    77    76     6.4374
   78  4.9149e+08    24.5119    78    77     6.5169
   79  4.9047e+08    24.5209    79    78     6.5964
   80  4.8814e+08    24.5419    80    79     6.6759
   81  3.7160e+08    25.7617    81    80     6.7554
   82  3.6784e+08    25.8079    82    81     6.8349
   83  3.6779e+08    25.8085    83    82     6.9143
   84  3.4962e+08    26.0399    84    83     6.9938
   85  3.3831e+08    26.1908    85    84     7.0733
   86  3.3034e+08    26.3006    86    85     7.1528
   87  3.3021e+08    26.3025    87    86     7.2323
   88  3.1096e+08    26.5805    88    87     7.3117
   89  3.1030e+08    26.5904    89    88     7.3912
   90  3.0428e+08    26.6816    90    89     7.4707
   91  2.7891e+08    27.0892    91    90     7.5502
   92  2.7670e+08    27.1266    92    91     7.6296
   93  2.7530e+08    27.1505    93    92     7.7091
   94  2.7213e+08    27.2051    94    93     7.7885
   95  1.7087e+08    29.4636    95    94     7.8680
   96  1.7036e+08    29.4784    96    95     7.9475
   97  1.6991e+08    29.4915    97    96     8.0269
   98  1.6935e+08    29.5081    98    97     8.1064
   99  1.6916e+08    29.5138    99    98     8.1858
  100  1.6889e+08    29.5218   100    99     8.2653
