#indx Mass S step-number desc_indx 
    0  1.0000e+11     8.0192     0    -1     0.0134
    1  9.5753e+10     8.1056     1     0     0.1326
    2  9.4827e+10     8.1250     2     1     0.2441
    3  8.8920e+10     8.2546     3     2     0.3500
    4  8.1807e+10     8.4247     4     3     0.4519
    5  8.0285e+10     8.4634     5     4     0.5506
    6  7.8445e+10     8.5113     6     5     0.6467
    7  7.8004e+10     8.5230     7     6     0.7407
    8  7.7234e+10     8.5436     8     7     0.8330
    9  7.7071e+10     8.5480     9     8     0.9238
   10  7.6892e+10     8.5528    10     9     1.0134
   11  7.5967e+10     8.5780    11    10     1.1018
   12  7.5655e+10     8.5866    12    11     1.1894
   13  7.5464e+10     8.5918    13    12     1.2761
   14  6.6811e+10     8.8485    14    13     1.3621
   15  6.6602e+10     8.8552    15    14     1.4474
   16  6.5812e+10     8.8806    16    15     1.5322
   17  6.4653e+10     8.9186    17    16     1.6165
   18  6.3034e+10     8.9731    18    17     1.7003
   19  6.0569e+10     9.0592    19    18     1.7838
   20  6.0087e+10     9.0765    20    19     1.8669
   21  5.8453e+10     9.1365    21    20     1.9496
   22  5.4948e+10     9.2720    22    21     2.0321
   23  5.4757e+10     9.2797    23    22     2.1143
   24  5.4074e+10     9.3074    24    23     2.1963
   25  5.4044e+10     9.3086    25    24     2.2781
   26  5.1508e+10     9.4152    26    25     2.3597
   27  4.9659e+10     9.4969    27    26     2.4411
   28  4.9451e+10     9.5063    28    27     2.5223
   29  4.9042e+10     9.5250    29    28     2.6034
   30  4.8640e+10     9.5435    30    29     2.6844
   31  4.8575e+10     9.5465    31    30     2.7652
   32  4.3640e+10     9.7897    32    31     2.8459
   33  4.3323e+10     9.8064    33    32     2.9266
   34  3.8173e+10    10.0998    34    33     3.0071
   35  3.7245e+10    10.1576    35    34     3.0876
   36  3.6322e+10    10.2168    36    35     3.1680
   37  3.6186e+10    10.2256    37    36     3.2483
   38  3.5803e+10    10.2508    38    37     3.3285
   39  3.5072e+10    10.2997    39    38     3.4087
   40  3.4663e+10    10.3276    40    39     3.4889
   41  3.3389e+10    10.4170    41    40     3.5689
   42  3.3315e+10    10.4224    42    41     3.6490
   43  3.2494e+10    10.4823    43    42     3.7290
   44  3.2362e+10    10.4921    44    43     3.8089
   45  3.0393e+10    10.6441    45    44     3.8889
   46  3.0226e+10    10.6575    46    45     3.9688
   47  3.0103e+10    10.6674    47    46     4.0486
   48  2.4152e+10    11.2139    48    47     4.1285
   49  2.4067e+10    11.2228    49    48     4.2083
   50  2.3916e+10    11.2387    50    49     4.2881
   51  2.1922e+10    11.4605    51    50     4.3678
   52  2.1209e+10    11.5455    52    51     4.4476
   53  1.9972e+10    11.7013    53    52     4.5273
   54  1.9885e+10    11.7127    54    53     4.6070
   55  1.8196e+10    11.9456    55    54     4.6867
   56  1.7605e+10    12.0331    56    55     4.7664
   57  1.7078e+10    12.1141    57    56     4.8460
   58  1.6439e+10    12.2162    58    57     4.9257
   59  1.6145e+10    12.2647    59    58     5.0053
   60  1.6135e+10    12.2664    60    59     5.0849
   61  1.4719e+10    12.5156    61    60     5.1646
   62  1.4654e+10    12.5277    62    61     5.2442
   63  1.4368e+10    12.5816    63    62     5.3238
   64  1.4345e+10    12.5861    64    63     5.4033
   65  1.4308e+10    12.5932    65    64     5.4829
   66  1.3887e+10    12.6753    66    65     5.5625
   67  1.3855e+10    12.6818    67    66     5.6421
   68  1.3782e+10    12.6963    68    67     5.7216
   69  1.3742e+10    12.7043    69    68     5.8012
   70  1.3723e+10    12.7081    70    69     5.8807
   71  1.3499e+10    12.7536    71    70     5.9602
   72  1.2527e+10    12.9619    72    71     6.0398
   73  1.2494e+10    12.9692    73    72     6.1193
   74  1.1968e+10    13.0901    74    73     6.1988
   75  1.1933e+10    13.0984    75    74     6.2783
   76  1.1754e+10    13.1412    76    75     6.3579
   77  1.0097e+10    13.5763    77    76     6.4374
   78  9.2139e+09    13.8431    78    77     6.5169
   79  9.1875e+09    13.8516    79    78     6.5964
   80  8.5803e+09    14.0535    80    79     6.6759
   81  8.3715e+09    14.1268    81    80     6.7554
   82  8.3169e+09    14.1463    82    81     6.8349
   83  8.3085e+09    14.1493    83    82     6.9143
   84  5.3912e+09    15.4819    84    83     6.9938
   85  5.2596e+09    15.5606    85    84     7.0733
   86  5.2283e+09    15.5796    86    85     7.1528
   87  5.1932e+09    15.6012    87    86     7.2323
   88  5.1864e+09    15.6054    88    87     7.3117
   89  5.1099e+09    15.6529    89    88     7.3912
   90  5.0853e+09    15.6684    90    89     7.4707
   91  4.9469e+09    15.7571    91    90     7.5502
   92  4.9281e+09    15.7694    92    91     7.6296
   93  4.8287e+09    15.8351    93    92     7.7091
   94  3.9744e+09    16.4732    94    93     7.7885
   95  3.8360e+09    16.5913    95    94     7.8680
   96  3.3018e+09    17.0976    96    95     7.9475
   97  2.8600e+09    17.5928    97    96     8.0269
   98  2.5999e+09    17.9270    98    97     8.1064
   99  2.5185e+09    18.0394    99    98     8.1858
  100  2.5109e+09    18.0502   100    99     8.2653
