#indx Mass S step-number desc_indx 
    0  1.0000e+11     8.0192     0    -1     0.0134
    1  9.7046e+10     8.0788     1     0     0.1326
    2  9.6862e+10     8.0826     2     1     0.2441
    3  8.1918e+10     8.4220     3     2     0.3500
    4  8.1150e+10     8.4413     4     3     0.4519
    5  7.8437e+10     8.5115     5     4     0.5506
    6  7.8170e+10     8.5186     6     5     0.6467
    7  7.7982e+10     8.5236     7     6     0.7407
    8  7.6324e+10     8.5682     8     7     0.8330
    9  7.6015e+10     8.5767     9     8     0.9238
   10  7.1726e+10     8.6983    10     9     1.0134
   11  4.8937e+10     9.5298    11    10     1.1018
   12  4.6011e+10     9.6690    12    11     1.1894
   13  4.5882e+10     9.6754    13    12     1.2761
   14  4.4622e+10     9.7388    14    13     1.3621
   15  4.4211e+10     9.7600    15    14     1.4474
   16  4.0525e+10     9.9604    16    15     1.5322
   17  4.0060e+10     9.9872    17    16     1.6165
   18  3.9913e+10     9.9957    18    17     1.7003
   19  3.9887e+10     9.9973    19    18     1.7838
   20  3.8339e+10    10.0896    20    19     1.8669
   21  3.7109e+10    10.1662    21    20     1.9496
   22  3.3600e+10    10.4019    22    21     2.0321
   23  7.3256e+09    14.5284    23    22     2.1143
   24  7.2327e+09    14.5672    24    23     2.1963
   25  6.9918e+09    14.6707    25    24     2.2781
   26  5.9738e+09    15.1579    26    25     2.3597
   27  5.9588e+09    15.1658    27    26     2.4411
   28  5.4696e+09    15.4360    28    27     2.5223
   29  5.3703e+09    15.4942    29    28     2.6034
   30  5.2671e+09    15.5560    30    29     2.6844
   31  5.2614e+09    15.5595    31    30     2.7652
   32  5.2447e+09    15.5696    32    31     2.8459
   33  4.7059e+09    15.9185    33    32     2.9266
   34  4.6935e+09    15.9271    34    33     3.0071
   35  4.6687e+09    15.9443    35    34     3.0876
   36  4.6683e+09    15.9446    36    35     3.1680
   37  4.5329e+09    16.0403    37    36     3.2483
   38  3.4010e+09    16.9968    38    37     3.3285
   39  3.3670e+09    17.0310    39    38     3.4087
   40  3.3537e+09    17.0445    40    39     3.4889
   41  3.2997e+09    17.0998    41    40     3.5689
   42  3.2610e+09    17.1401    42    41     3.6490
   43  3.2551e+09    17.1463    43    42     3.7290
   44  3.2176e+09    17.1859    44    43     3.8089
   45  3.2013e+09    17.2034    45    44     3.8889
   46  3.1886e+09    17.2169    46    45     3.9688
   47  1.7434e+09    19.3766    47    46     4.0486
   48  1.7361e+09    19.3923    48    47     4.1285
   49  1.7288e+09    19.4081    49    48     4.2083
   50  1.3725e+09    20.2827    50    49     4.2881
   51  1.3469e+09    20.3552    51    50     4.3678
   52  1.3111e+09    20.4595    52    51     4.4476
   53  1.3039e+09    20.4809    53    52     4.5273
   54  1.2954e+09    20.5062    54    53     4.6070
   55  1.2827e+09    20.5442    55    54     4.6867
   56  1.2566e+09    20.6243    56    55     4.7664
   57  1.1984e+09    20.8095    57    56     4.8460
   58  1.1633e+09    20.9263    58    57     4.9257
   59  1.1605e+09    20.9357    59    58     5.0053
   60  1.1599e+09    20.9378    60    59     5.0849
   61  9.9815e+08    21.5348    61    60     5.1646
   62  8.5092e+08    22.1821    62    61     5.2442
   63  8.0483e+08    22.4111    63    62     5.3238
   64  8.0099e+08    22.4309    64    63     5.4033
   65  7.9930e+08    22.4396    65    64     5.4829
   66  7.8936e+08    22.4913    66    65     5.5625
   67  7.8559e+08    22.5111    67    66     5.6421
   68  7.6103e+08    22.6429    68    67     5.7216
   69  6.3712e+08    23.3901    69    68     5.8012
   70  6.3694e+08    23.3913    70    69     5.8807
   71  5.2136e+08    24.2536    71    70     5.9602
   72  5.1499e+08    24.3073    72    71     6.0398
   73  5.1139e+08    24.3380    73    72     6.1193
   74  5.0397e+08    24.4019    74    73     6.1988
   75  4.8945e+08    24.5301    75    74     6.2783
   76  4.6079e+08    24.7964    76    75     6.3579
   77  4.1574e+08    25.2548    77    76     6.4374
   78  4.1502e+08    25.2626    78    77     6.5169
   79  4.1169e+08    25.2987    79    78     6.5964
   80  4.0950e+08    25.3227    80    79     6.6759
   81  4.0818e+08    25.3373    81    80     6.7554
   82  4.0690e+08    25.3513    82    81     6.8349
   83  4.0572e+08    25.3644    83    82     6.9143
   84  4.0240e+08    25.4014    84    83     6.9938
   85  4.0204e+08    25.4054    85    84     7.0733
   86  3.9692e+08    25.4631    86    85     7.1528
   87  3.9672e+08    25.4654    87    86     7.2323
   88  3.9606e+08    25.4730    88    87     7.3117
   89  3.9512e+08    25.4837    89    88     7.3912
   90  3.2909e+08    26.3181    90    89     7.4707
   91  3.2657e+08    26.3535    91    90     7.5502
   92  2.9356e+08    26.8489    92    91     7.6296
   93  2.8938e+08    26.9160    93    92     7.7091
   94  2.8783e+08    26.9412    94    93     7.7885
   95  2.7718e+08    27.1185    95    94     7.8680
   96  2.7002e+08    27.2419    96    95     7.9475
   97  2.6193e+08    27.3858    97    96     8.0269
   98  2.6133e+08    27.3968    98    97     8.1064
   99  2.6111e+08    27.4008    99    98     8.1858
  100  2.6081e+08    27.4062   100    99     8.2653
