#indx Mass S step-number desc_indx 
    0  1.0000e+11     8.0192     0    -1     0.0134
    1  9.6884e+10     8.0821     1     0     0.1326
    2  7.3644e+10     8.6428     2     1     0.2441
    3  6.9990e+10     8.7499     3     2     0.3500
    4  6.3974e+10     8.9413     4     3     0.4519
    5  6.3704e+10     8.9504     5     4     0.5506
    6  6.3679e+10     8.9512     6     5     0.6467
    7  6.3493e+10     8.9575     7     6     0.7407
    8  6.1994e+10     9.0089     8     7     0.8330
    9  6.0796e+10     9.0511     9     8     0.9238
   10  5.9650e+10     9.0924    10     9     1.0134
   11  5.9389e+10     9.1019    11    10     1.1018
   12  5.6204e+10     9.2223    12    11     1.1894
   13  5.2292e+10     9.3816    13    12     1.2761
   14  5.0693e+10     9.4508    14    13     1.3621
   15  4.9442e+10     9.5067    15    14     1.4474
   16  4.9010e+10     9.5264    16    15     1.5322
   17  4.7648e+10     9.5899    17    16     1.6165
   18  4.7548e+10     9.5946    18    17     1.7003
   19  3.6056e+10    10.2341    19    18     1.7838
   20  3.5312e+10    10.2835    20    19     1.8669
   21  3.4748e+10    10.3218    21    20     1.9496
   22  3.4505e+10    10.3385    22    21     2.0321
   23  3.3811e+10    10.3870    23    22     2.1143
   24  2.1944e+10    11.4579    24    23     2.1963
   25  2.1796e+10    11.4753    25    24     2.2781
   26  2.1743e+10    11.4816    26    25     2.3597
   27  2.1539e+10    11.5057    27    26     2.4411
   28  2.1510e+10    11.5092    28    27     2.5223
   29  2.1471e+10    11.5139    29    28     2.6034
   30  2.1430e+10    11.5189    30    29     2.6844
   31  2.0141e+10    11.6794    31    30     2.7652
   32  2.0090e+10    11.6860    32    31     2.8459
   33  1.9912e+10    11.7091    33    32     2.9266
   34  1.9839e+10    11.7187    34    33     3.0071
   35  1.9791e+10    11.7250    35    34     3.0876
   36  1.9581e+10    11.7528    36    35     3.1680
   37  1.6438e+10    12.2163    37    36     3.2483
   38  1.4310e+10    12.5928    38    37     3.3285
   39  1.4253e+10    12.6037    39    38     3.4087
   40  1.4017e+10    12.6497    40    39     3.4889
   41  1.3994e+10    12.6542    41    40     3.5689
   42  1.2586e+10    12.9488    42    41     3.6490
   43  1.2569e+10    12.9525    43    42     3.7290
   44  1.2541e+10    12.9588    44    43     3.8089
   45  1.2151e+10    13.0474    45    44     3.8889
   46  1.2135e+10    13.0512    46    45     3.9688
   47  1.2087e+10    13.0623    47    46     4.0486
   48  1.1638e+10    13.1692    48    47     4.1285
   49  1.0826e+10    13.3755    49    48     4.2083
   50  1.0635e+10    13.4266    50    49     4.2881
   51  1.0621e+10    13.4302    51    50     4.3678
   52  1.0386e+10    13.4948    52    51     4.4476
   53  1.0359e+10    13.5022    53    52     4.5273
   54  1.0358e+10    13.5025    54    53     4.6070
   55  1.0264e+10    13.5287    55    54     4.6867
   56  1.0039e+10    13.5929    56    55     4.7664
   57  1.0007e+10    13.6022    57    56     4.8460
   58  9.8037e+09    13.6618    58    57     4.9257
   59  9.7722e+09    13.6711    59    58     5.0053
   60  4.8535e+09    15.8185    60    59     5.0849
   61  4.8246e+09    15.8379    61    60     5.1646
   62  4.7366e+09    15.8974    62    61     5.2442
   63  4.7153e+09    15.9121    63    62     5.3238
   64  4.7031e+09    15.9204    64    63     5.4033
   65  4.6796e+09    15.9367    65    64     5.4829
   66  4.5859e+09    16.0025    66    65     5.5625
   67  4.5682e+09    16.0151    67    66     5.6421
   68  4.4061e+09    16.1330    68    67     5.7216
   69  4.4014e+09    16.1366    69    68     5.8012
   70  4.3985e+09    16.1387    70    69     5.8807
   71  4.3743e+09    16.1568    71    70     5.9602
   72  4.3666e+09    16.1625    72    71     6.0398
   73  4.3608e+09    16.1669    73    72     6.1193
   74  4.3514e+09    16.1740    74    73     6.1988
   75  4.3408e+09    16.1820    75    74     6.2783
   76  4.2609e+09    16.2431    76    75     6.3579
   77  4.2583e+09    16.2451    77    76     6.4374
   78  4.2522e+09    16.2498    78    77     6.5169
   79  4.2459e+09    16.2547    79    78     6.5964
   80  4.1982e+09    16.2919    80    79     6.6759
   81  2.8076e+09    17.6572    81    80     6.7554
   82  2.7940e+09    17.6743    82    81     6.8349
   83  2.4654e+09    18.1151    83    82     6.9143
   84  1.3101e+09    20.4624    84    83     6.9938
   85  1.3069e+09    20.4719    85    84     7.0733
   86  1.2981e+09    20.4980    86    85     7.1528
   87  1.2809e+09    20.5500    87    86     7.2323
   88  1.2615e+09    20.6093    88    87     7.3117
   89  1.1281e+09    21.0474    89    88     7.3912
   90  8.4215e+08    22.2245    90    89     7.4707
   91  8.4033e+08    22.2335    91    90     7.5502
   92  7.5410e+08    22.6810    92    91     7.6296
   93  7.3991e+08    22.7601    93    92     7.7091
   94  7.3851e+08    22.7680    94    93     7.7885
   95  6.5959e+08    23.2430    95    94     7.8680
   96  6.5881e+08    23.2481    96    95     7.9475
   97  6.0876e+08    23.5843    97    96     8.0269
   98  6.0753e+08    23.5929    98    97     8.1064
   99  6.0501e+08    23.6107    99    98     8.1858
  100  5.9077e+08    23.7128   100    99     8.2653
