#indx Mass S step-number desc_indx 
    0  1.0000e+11     8.0192     0    -1     0.0134
    1  9.7724e+10     8.0649     1     0     0.1326
    2  7.5801e+10     8.5826     2     1     0.2441
    3  7.2497e+10     8.6758     3     2     0.3500
    4  6.8180e+10     8.8054     4     3     0.4519
    5  6.7239e+10     8.8349     5     4     0.5506
    6  6.0460e+10     9.0631     6     5     0.6467
    7  5.9375e+10     9.1024     7     6     0.7407
    8  5.9020e+10     9.1155     8     7     0.8330
    9  5.7870e+10     9.1584     9     8     0.9238
   10  5.7222e+10     9.1830    10     9     1.0134
   11  5.7059e+10     9.1892    11    10     1.1018
   12  5.6323e+10     9.2177    12    11     1.1894
   13  5.5522e+10     9.2491    13    12     1.2761
   14  5.5429e+10     9.2528    14    13     1.3621
   15  5.3538e+10     9.3294    15    14     1.4474
   16  4.9073e+10     9.5236    16    15     1.5322
   17  3.0421e+10    10.6418    17    16     1.6165
   18  3.0368e+10    10.6461    18    17     1.7003
   19  2.8434e+10    10.8070    19    18     1.7838
   20  2.7480e+10    10.8912    20    19     1.8669
   21  2.7384e+10    10.8999    21    20     1.9496
   22  2.6862e+10    10.9476    22    21     2.0321
   23  2.5385e+10    11.0886    23    22     2.1143
   24  2.2539e+10    11.3894    24    23     2.1963
   25  2.1394e+10    11.5231    25    24     2.2781
   26  2.0953e+10    11.5769    26    25     2.3597
   27  2.0834e+10    11.5916    27    26     2.4411
   28  2.0626e+10    11.6176    28    27     2.5223
   29  2.0485e+10    11.6354    29    28     2.6034
   30  1.9595e+10    11.7510    30    29     2.6844
   31  1.9038e+10    11.8265    31    30     2.7652
   32  1.8842e+10    11.8537    32    31     2.8459
   33  1.7192e+10    12.0963    33    32     2.9266
   34  1.6826e+10    12.1538    34    33     3.0071
   35  1.5775e+10    12.3273    35    34     3.0876
   36  1.5742e+10    12.3329    36    35     3.1680
   37  1.2702e+10    12.9230    37    36     3.2483
   38  1.2551e+10    12.9564    38    37     3.3285
   39  1.2497e+10    12.9685    39    38     3.4087
   40  1.1895e+10    13.1074    40    39     3.4889
   41  1.1643e+10    13.1681    41    40     3.5689
   42  1.1387e+10    13.2312    42    41     3.6490
   43  1.1178e+10    13.2839    43    42     3.7290
   44  1.1037e+10    13.3200    44    43     3.8089
   45  9.7539e+09    13.6766    45    44     3.8889
   46  9.7345e+09    13.6824    46    45     3.9688
   47  9.3744e+09    13.7925    47    46     4.0486
   48  9.1647e+09    13.8589    48    47     4.1285
   49  9.0212e+09    13.9053    49    48     4.2083
   50  8.9706e+09    13.9219    50    49     4.2881
   51  8.9544e+09    13.9272    51    50     4.3678
   52  5.3377e+09    15.5136    52    51     4.4476
   53  5.1953e+09    15.5999    53    52     4.5273
   54  5.1739e+09    15.6131    54    53     4.6070
   55  4.8402e+09    15.8274    55    54     4.6867
   56  4.8324e+09    15.8326    56    55     4.7664
   57  4.5769e+09    16.0088    57    56     4.8460
   58  4.5641e+09    16.0179    58    57     4.9257
   59  4.4104e+09    16.1299    59    58     5.0053
   60  4.3623e+09    16.1658    60    59     5.0849
   61  4.2364e+09    16.2620    61    60     5.1646
   62  4.2197e+09    16.2751    62    61     5.2442
   63  4.1973e+09    16.2926    63    62     5.3238
   64  3.9674e+09    16.4791    64    63     5.4033
   65  3.9548e+09    16.4896    65    64     5.4829
   66  3.9547e+09    16.4897    66    65     5.5625
   67  3.8319e+09    16.5950    67    66     5.6421
   68  3.2293e+09    17.1736    68    67     5.7216
   69  1.9579e+09    18.9475    69    68     5.8012
   70  1.8691e+09    19.1183    70    69     5.8807
   71  1.8246e+09    19.2074    71    70     5.9602
   72  1.7468e+09    19.3695    72    71     6.0398
   73  1.7446e+09    19.3741    73    72     6.1193
   74  1.6702e+09    19.5370    74    73     6.1988
   75  1.6695e+09    19.5386    75    74     6.2783
   76  1.5808e+09    19.7440    76    75     6.3579
   77  1.5802e+09    19.7455    77    76     6.4374
   78  1.5411e+09    19.8403    78    77     6.5169
   79  1.4891e+09    19.9707    79    78     6.5964
   80  1.4828e+09    19.9868    80    79     6.6759
   81  1.4717e+09    20.0155    81    80     6.7554
   82  1.4646e+09    20.0338    82    81     6.8349
   83  1.4637e+09    20.0362    83    82     6.9143
   84  1.4511e+09    20.0693    84    83     6.9938
   85  1.4086e+09    20.1831    85    84     7.0733
   86  1.4065e+09    20.1887    86    85     7.1528
   87  1.4048e+09    20.1933    87    86     7.2323
   88  1.3242e+09    20.4209    88    87     7.3117
   89  1.3034e+09    20.4822    89    88     7.3912
   90  1.3010e+09    20.4895    90    89     7.4707
   91  1.3009e+09    20.4899    91    90     7.5502
   92  1.2771e+09    20.5614    92    91     7.6296
   93  1.2753e+09    20.5669    93    92     7.7091
   94  1.2593e+09    20.6162    94    93     7.7885
   95  1.2076e+09    20.7796    95    94     7.8680
   96  1.1871e+09    20.8467    96    95     7.9475
   97  1.1837e+09    20.8581    97    96     8.0269
   98  1.1691e+09    20.9069    98    97     8.1064
   99  1.1563e+09    20.9501    99    98     8.1858
  100  1.1114e+09    21.1064   100    99     8.2653
