#indx Mass S step-number desc_indx 
    0  1.0000e+11     8.0192     0    -1     0.0134
    1  9.4922e+10     8.1230     1     0     0.1326
    2  9.3285e+10     8.1579     2     1     0.2441
    3  9.2821e+10     8.1679     3     2     0.3500
    4  9.2632e+10     8.1720     4     3     0.4519
    5  8.6256e+10     8.3164     5     4     0.5506
    6  8.5686e+10     8.3299     6     5     0.6467
    7  8.4905e+10     8.3486     7     6     0.7407
    8  8.1251e+10     8.4388     8     7     0.8330
    9  8.1013e+10     8.4448     9     8     0.9238
   10  8.0622e+10     8.4548    10     9     1.0134
   11  3.1542e+10    10.5540    11    10     1.1018
   12  2.5441e+10    11.0831    12    11     1.1894
   13  2.5408e+10    11.0863    13    12     1.2761
   14  2.3367e+10    11.2976    14    13     1.3621
   15  2.3267e+10    11.3084    15    14     1.4474
   16  2.1479e+10    11.5130    16    15     1.5322
   17  2.1447e+10    11.5168    17    16     1.6165
   18  8.7020e+09    14.0117    18    17     1.7003
   19  8.6484e+09    14.0300    19    18     1.7838
   20  8.6187e+09    14.0402    20    19     1.8669
   21  8.5709e+09    14.0567    21    20     1.9496
   22  8.5061e+09    14.0793    22    21     2.0321
   23  8.3701e+09    14.1273    23    22     2.1143
   24  8.2740e+09    14.1617    24    23     2.1963
   25  8.0619e+09    14.2394    25    24     2.2781
   26  7.9819e+09    14.2693    26    25     2.3597
   27  7.8930e+09    14.3029    27    26     2.4411
   28  7.8602e+09    14.3154    28    27     2.5223
   29  7.8127e+09    14.3337    29    28     2.6034
   30  7.5839e+09    14.4234    30    29     2.6844
   31  7.5552e+09    14.4348    31    30     2.7652
   32  7.5305e+09    14.4447    32    31     2.8459
   33  7.3767e+09    14.5073    33    32     2.9266
   34  7.2764e+09    14.5489    34    33     3.0071
   35  6.1078e+09    15.0886    35    34     3.0876
   36  6.0991e+09    15.0930    36    35     3.1680
   37  5.9373e+09    15.1772    37    36     3.2483
   38  5.8522e+09    15.2225    38    37     3.3285
   39  5.3713e+09    15.4936    39    38     3.4087
   40  5.0399e+09    15.6972    40    39     3.4889
   41  2.2080e+09    18.5101    41    40     3.5689
   42  2.2054e+09    18.5143    42    41     3.6490
   43  2.1759e+09    18.5629    43    42     3.7290
   44  1.6693e+09    19.5390    44    43     3.8089
   45  1.6599e+09    19.5602    45    44     3.8889
   46  1.5764e+09    19.7546    46    45     3.9688
   47  1.5591e+09    19.7963    47    46     4.0486
   48  1.5587e+09    19.7974    48    47     4.1285
   49  1.4810e+09    19.9915    49    48     4.2083
   50  1.4649e+09    20.0332    50    49     4.2881
   51  1.4627e+09    20.0387    51    50     4.3678
   52  1.4574e+09    20.0526    52    51     4.4476
   53  1.4511e+09    20.0691    53    52     4.5273
   54  1.4471e+09    20.0798    54    53     4.6070
   55  1.4449e+09    20.0855    55    54     4.6867
   56  1.4362e+09    20.1087    56    55     4.7664
   57  1.4091e+09    20.1815    57    56     4.8460
   58  1.4076e+09    20.1857    58    57     4.9257
   59  1.3856e+09    20.2462    59    58     5.0053
   60  1.3048e+09    20.4781    60    59     5.0849
   61  1.3006e+09    20.4907    61    60     5.1646
   62  1.2564e+09    20.6251    62    61     5.2442
   63  1.1311e+09    21.0369    63    62     5.3238
   64  1.1186e+09    21.0810    64    63     5.4033
   65  8.2097e+08    22.3292    65    64     5.4829
   66  8.2052e+08    22.3315    66    65     5.5625
   67  8.1019e+08    22.3837    67    66     5.6421
   68  3.8280e+08    25.6268    68    67     5.7216
   69  2.9844e+08    26.7719    69    68     5.8012
   70  2.9249e+08    26.8661    70    69     5.8807
   71  2.9198e+08    26.8741    71    70     5.9602
   72  2.8357e+08    27.0112    72    71     6.0398
   73  2.6792e+08    27.2788    73    72     6.1193
   74  2.6412e+08    27.3466    74    73     6.1988
   75  2.6404e+08    27.3479    75    74     6.2783
   76  2.6383e+08    27.3516    76    75     6.3579
   77  2.6021e+08    27.4172    77    76     6.4374
   78  2.5873e+08    27.4442    78    77     6.5169
   79  2.5260e+08    27.5584    79    78     6.5964
   80  2.5240e+08    27.5621    80    79     6.6759
   81  2.5123e+08    27.5842    81    80     6.7554
   82  2.2876e+08    28.0332    82    81     6.8349
   83  2.2738e+08    28.0624    83    82     6.9143
   84  1.5045e+08    30.1029    84    83     6.9938
   85  1.5029e+08    30.1082    85    84     7.0733
   86  1.4630e+08    30.2443    86    85     7.1528
   87  1.4484e+08    30.2954    87    86     7.2323
   88  1.3861e+08    30.5193    88    87     7.3117
   89  1.3582e+08    30.6233    89    88     7.3912
   90  1.3564e+08    30.6302    90    89     7.4707
   91  1.3480e+08    30.6619    91    90     7.5502
   92  1.3475e+08    30.6640    92    91     7.6296
   93  1.3473e+08    30.6645    93    92     7.7091
   94  1.3154e+08    30.7875    94    93     7.7885
   95  1.1231e+08    31.6068    95    94     7.8680
   96  1.0485e+08    31.9677    96    95     7.9475
