#indx Mass S step-number desc_indx 
    0  1.0000e+11     8.0192     0    -1     0.0134
    1  9.8870e+10     8.0417     1     0     0.1326
    2  9.3421e+10     8.1550     2     1     0.2441
    3  9.1640e+10     8.1937     3     2     0.3500
    4  9.1334e+10     8.2005     4     3     0.4519
    5  8.6217e+10     8.3173     5     4     0.5506
    6  8.5310e+10     8.3388     6     5     0.6467
    7  7.1081e+10     8.7173     7     6     0.7407
    8  7.0340e+10     8.7394     8     7     0.8330
    9  4.7365e+10     9.6033     9     8     0.9238
   10  4.4648e+10     9.7375    10     9     1.0134
   11  4.4509e+10     9.7446    11    10     1.1018
   12  4.4477e+10     9.7462    12    11     1.1894
   13  4.4373e+10     9.7516    13    12     1.2761
   14  4.2697e+10     9.8398    14    13     1.3621
   15  4.2541e+10     9.8483    15    14     1.4474
   16  4.2346e+10     9.8588    16    15     1.5322
   17  4.1813e+10     9.8880    17    16     1.6165
   18  4.0270e+10     9.9751    18    17     1.7003
   19  4.0033e+10     9.9888    19    18     1.7838
   20  3.6590e+10    10.1994    20    19     1.8669
   21  3.5783e+10    10.2521    21    20     1.9496
   22  3.3718e+10    10.3936    22    21     2.0321
   23  3.3668e+10    10.3971    23    22     2.1143
   24  3.2789e+10    10.4605    24    23     2.1963
   25  2.2825e+10    11.3573    25    24     2.2781
   26  2.2581e+10    11.3846    26    25     2.3597
   27  1.7290e+10    12.0812    27    26     2.4411
   28  1.6936e+10    12.1363    28    27     2.5223
   29  1.5056e+10    12.4538    29    28     2.6034
   30  1.4845e+10    12.4923    30    29     2.6844
   31  1.0143e+10    13.5631    31    30     2.7652
   32  7.9445e+09    14.2834    32    31     2.8459
   33  7.8039e+09    14.3371    33    32     2.9266
   34  7.7996e+09    14.3387    34    33     3.0071
   35  7.4483e+09    14.4780    35    34     3.0876
   36  7.3420e+09    14.5216    36    35     3.1680
   37  7.2893e+09    14.5435    37    36     3.2483
   38  6.6589e+09    14.8205    38    37     3.3285
   39  6.5353e+09    14.8783    39    38     3.4087
   40  6.2283e+09    15.0277    40    39     3.4889
   41  4.3633e+09    16.1651    41    40     3.5689
   42  4.3610e+09    16.1668    42    41     3.6490
   43  4.3198e+09    16.1979    43    42     3.7290
   44  4.3088e+09    16.2063    44    43     3.8089
   45  4.1711e+09    16.3132    45    44     3.8889
   46  4.1450e+09    16.3340    46    45     3.9688
   47  4.1213e+09    16.3529    47    46     4.0486
   48  4.1139e+09    16.3589    48    47     4.1285
   49  3.0763e+09    17.3402    49    48     4.2083
   50  3.0033e+09    17.4231    50    49     4.2881
   51  2.9615e+09    17.4716    51    50     4.3678
   52  2.9331e+09    17.5051    52    51     4.4476
   53  2.8911e+09    17.5552    53    52     4.5273
   54  2.8523e+09    17.6021    54    53     4.6070
   55  1.6781e+09    19.5194    55    54     4.6867
   56  1.6715e+09    19.5340    56    55     4.7664
   57  1.6465e+09    19.5906    57    56     4.8460
   58  1.6416e+09    19.6019    58    57     4.9257
   59  1.6341e+09    19.6190    59    58     5.0053
   60  1.6321e+09    19.6236    60    59     5.0849
   61  1.6274e+09    19.6345    61    60     5.1646
   62  1.6092e+09    19.6768    62    61     5.2442
   63  1.5999e+09    19.6988    63    62     5.3238
   64  1.5791e+09    19.7481    64    63     5.4033
   65  1.5629e+09    19.7871    65    64     5.4829
   66  1.5536e+09    19.8097    66    65     5.5625
   67  1.5522e+09    19.8130    67    66     5.6421
   68  1.5390e+09    19.8453    68    67     5.7216
   69  1.4963e+09    19.9522    69    68     5.8012
   70  1.2057e+09    20.7859    70    69     5.8807
   71  1.2010e+09    20.8010    71    70     5.9602
   72  1.1589e+09    20.9413    72    71     6.0398
   73  1.0749e+09    21.2390    73    72     6.1193
   74  1.0732e+09    21.2453    74    73     6.1988
   75  1.0717e+09    21.2507    75    74     6.2783
   76  1.0676e+09    21.2660    76    75     6.3579
   77  1.0668e+09    21.2688    77    76     6.4374
   78  1.0534e+09    21.3194    78    77     6.5169
   79  1.0490e+09    21.3362    79    78     6.5964
   80  1.0473e+09    21.3425    80    79     6.6759
   81  1.0003e+09    21.5261    81    80     6.7554
   82  9.9653e+08    21.5413    82    81     6.8349
   83  9.4597e+08    21.7511    83    82     6.9143
   84  8.2344e+08    22.3169    84    83     6.9938
   85  8.2002e+08    22.3340    85    84     7.0733
   86  7.9532e+08    22.4602    86    85     7.1528
   87  7.9094e+08    22.4830    87    86     7.2323
   88  7.9064e+08    22.4846    88    87     7.3117
   89  7.5622e+08    22.6692    89    88     7.3912
   90  7.5557e+08    22.6729    90    89     7.4707
   91  7.5536e+08    22.6740    91    90     7.5502
   92  7.5346e+08    22.6845    92    91     7.6296
   93  7.5067e+08    22.6999    93    92     7.7091
   94  7.4037e+08    22.7575    94    93     7.7885
   95  6.9900e+08    22.9983    95    94     7.8680
   96  6.7698e+08    23.1331    96    95     7.9475
   97  6.7610e+08    23.1385    97    96     8.0269
   98  6.5628e+08    23.2643    98    97     8.1064
   99  5.8897e+08    23.7260    99    98     8.1858
  100  5.8138e+08    23.7817   100    99     8.2653
