#indx Mass S step-number desc_indx 
    0  1.0000e+11     8.0192     0    -1     0.0134
    1  9.7883e+10     8.0617     1     0     0.1326
    2  9.7554e+10     8.0684     2     1     0.2441
    3  9.6859e+10     8.0827     3     2     0.3500
    4  9.6766e+10     8.0846     4     3     0.4519
    5  9.6651e+10     8.0869     5     4     0.5506
    6  9.4739e+10     8.1269     6     5     0.6467
    7  9.1667e+10     8.1931     7     6     0.7407
    8  9.1006e+10     8.2077     8     7     0.8330
    9  9.0507e+10     8.2188     9     8     0.9238
   10  8.9714e+10     8.2366    10     9     1.0134
   11  8.7372e+10     8.2902    11    10     1.1018
   12  7.0552e+10     8.7330    12    11     1.1894
   13  6.6152e+10     8.8696    13    12     1.2761
   14  6.5774e+10     8.8819    14    13     1.3621
   15  5.5311e+10     9.2575    15    14     1.4474
   16  5.3714e+10     9.3221    16    15     1.5322
   17  5.1474e+10     9.4167    17    16     1.6165
   18  5.1061e+10     9.4347    18    17     1.7003
   19  5.0510e+10     9.4589    19    18     1.7838
   20  5.0312e+10     9.4677    20    19     1.8669
   21  4.9906e+10     9.4858    21    20     1.9496
   22  4.9772e+10     9.4918    22    21     2.0321
   23  4.9738e+10     9.4933    23    22     2.1143
   24  4.7904e+10     9.5778    24    23     2.1963
   25  4.6902e+10     9.6255    25    24     2.2781
   26  3.4878e+10    10.3129    26    25     2.3597
   27  3.4415e+10    10.3447    27    26     2.4411
   28  3.3840e+10    10.3849    28    27     2.5223
   29  3.3302e+10    10.4233    29    28     2.6034
   30  3.2339e+10    10.4938    30    29     2.6844
   31  3.1750e+10    10.5381    31    30     2.7652
   32  3.1670e+10    10.5443    32    31     2.8459
   33  3.1643e+10    10.5463    33    32     2.9266
   34  3.1472e+10    10.5594    34    33     3.0071
   35  3.1042e+10    10.5927    35    34     3.0876
   36  3.0606e+10    10.6271    36    35     3.1680
   37  3.0453e+10    10.6392    37    36     3.2483
   38  3.0307e+10    10.6509    38    37     3.3285
   39  3.0281e+10    10.6531    39    38     3.4087
   40  3.0206e+10    10.6591    40    39     3.4889
   41  3.0105e+10    10.6672    41    40     3.5689
   42  2.8642e+10    10.7891    42    41     3.6490
   43  2.4830e+10    11.1441    43    42     3.7290
   44  2.4462e+10    11.1817    44    43     3.8089
   45  2.4154e+10    11.2136    45    44     3.8889
   46  2.3359e+10    11.2985    46    45     3.9688
   47  2.3019e+10    11.3357    47    46     4.0486
   48  2.0159e+10    11.6770    48    47     4.1285
   49  1.8813e+10    11.8578    49    48     4.2083
   50  1.8715e+10    11.8715    50    49     4.2881
   51  1.7887e+10    11.9909    51    50     4.3678
   52  1.7868e+10    11.9939    52    51     4.4476
   53  1.7038e+10    12.1204    53    52     4.5273
   54  1.4588e+10    12.5400    54    53     4.6070
   55  1.4049e+10    12.6433    55    54     4.6867
   56  1.3993e+10    12.6543    56    55     4.7664
   57  1.3828e+10    12.6870    57    56     4.8460
   58  1.0180e+10    13.5524    58    57     4.9257
   59  1.0133e+10    13.5658    59    58     5.0053
   60  1.0114e+10    13.5714    60    59     5.0849
   61  9.5956e+09    13.7243    61    60     5.1646
   62  9.5520e+09    13.7376    62    61     5.2442
   63  8.9951e+09    13.9138    63    62     5.3238
   64  8.9469e+09    13.9297    64    63     5.4033
   65  8.9145e+09    13.9404    65    64     5.4829
   66  7.2594e+09    14.5560    66    65     5.5625
   67  7.0033e+09    14.6656    67    66     5.6421
   68  6.9385e+09    14.6941    68    67     5.7216
   69  6.8901e+09    14.7156    69    68     5.8012
   70  6.7612e+09    14.7736    70    69     5.8807
   71  6.7586e+09    14.7747    71    70     5.9602
   72  6.3609e+09    14.9622    72    71     6.0398
   73  6.3525e+09    14.9663    73    72     6.1193
   74  6.0633e+09    15.1114    74    73     6.1988
   75  5.7079e+09    15.3010    75    74     6.2783
   76  5.4162e+09    15.4671    76    75     6.3579
   77  5.3794e+09    15.4888    77    76     6.4374
   78  5.2480e+09    15.5676    78    77     6.5169
   79  5.0073e+09    15.7181    79    78     6.5964
   80  4.9738e+09    15.7397    80    79     6.6759
   81  4.9410e+09    15.7609    81    80     6.7554
   82  4.6361e+09    15.9671    82    81     6.8349
   83  4.5616e+09    16.0198    83    82     6.9143
   84  4.5425e+09    16.0334    84    83     6.9938
   85  4.5274e+09    16.0443    85    84     7.0733
   86  4.5225e+09    16.0478    86    85     7.1528
   87  4.1927e+09    16.2962    87    86     7.2323
   88  4.1422e+09    16.3363    88    87     7.3117
   89  3.8982e+09    16.5377    89    88     7.3912
   90  3.8538e+09    16.5759    90    89     7.4707
   91  3.6842e+09    16.7266    91    90     7.5502
   92  3.2826e+09    17.1175    92    91     7.6296
   93  3.1551e+09    17.2533    93    92     7.7091
   94  3.0327e+09    17.3894    94    93     7.7885
   95  3.0262e+09    17.3969    95    94     7.8680
   96  3.0110e+09    17.4143    96    95     7.9475
   97  2.9714e+09    17.4602    97    96     8.0269
   98  2.8294e+09    17.6303    98    97     8.1064
   99  2.7582e+09    17.7194    99    98     8.1858
  100  2.6530e+09    17.8558   100    99     8.2653
