#indx Mass S step-number desc_indx 
    0  1.0000e+11     8.0192     0    -1     0.0134
    1  9.9739e+10     8.0244     1     0     0.1326
    2  9.8680e+10     8.0455     2     1     0.2441
    3  9.8323e+10     8.0528     3     2     0.3500
    4  9.3567e+10     8.1519     4     3     0.4519
    5  9.2272e+10     8.1799     5     4     0.5506
    6  7.5128e+10     8.6011     6     5     0.6467
    7  7.4691e+10     8.6133     7     6     0.7407
    8  5.4674e+10     9.2830     8     7     0.8330
    9  5.2018e+10     9.3933     9     8     0.9238
   10  5.0351e+10     9.4659    10     9     1.0134
   11  5.0161e+10     9.4744    11    10     1.1018
   12  4.9833e+10     9.4891    12    11     1.1894
   13  4.9537e+10     9.5024    13    12     1.2761
   14  4.8602e+10     9.5452    14    13     1.3621
   15  4.1704e+10     9.8940    15    14     1.4474
   16  4.1461e+10     9.9076    16    15     1.5322
   17  4.0029e+10     9.9890    17    16     1.6165
   18  3.9586e+10    10.0149    18    17     1.7003
   19  3.9266e+10    10.0338    19    18     1.7838
   20  3.6608e+10    10.1982    20    19     1.8669
   21  3.6471e+10    10.2071    21    20     1.9496
   22  3.4061e+10    10.3694    22    21     2.0321
   23  3.3923e+10    10.3791    23    22     2.1143
   24  3.1062e+10    10.5911    24    23     2.1963
   25  3.1040e+10    10.5929    25    24     2.2781
   26  3.0778e+10    10.6134    26    25     2.3597
   27  3.0259e+10    10.6548    27    26     2.4411
   28  2.8087e+10    10.8372    28    27     2.5223
   29  2.5416e+10    11.0856    29    28     2.6034
   30  2.5087e+10    11.1183    30    29     2.6844
   31  2.4856e+10    11.1415    31    30     2.7652
   32  2.4795e+10    11.1477    32    31     2.8459
   33  2.3608e+10    11.2715    33    32     2.9266
   34  2.3296e+10    11.3053    34    33     3.0071
   35  2.3136e+10    11.3229    35    34     3.0876
   36  2.2990e+10    11.3390    36    35     3.1680
   37  2.2161e+10    11.4327    37    36     3.2483
   38  2.1790e+10    11.4760    38    37     3.3285
   39  2.1693e+10    11.4875    39    38     3.4087
   40  1.9897e+10    11.7111    40    39     3.4889
   41  1.9467e+10    11.7681    41    40     3.5689
   42  1.8695e+10    11.8743    42    41     3.6490
   43  1.8638e+10    11.8823    43    42     3.7290
   44  1.8484e+10    11.9042    44    43     3.8089
   45  1.6132e+10    12.2669    45    44     3.8889
   46  1.6020e+10    12.2857    46    45     3.9688
   47  1.1621e+10    13.1733    47    46     4.0486
   48  1.1356e+10    13.2390    48    47     4.1285
   49  1.1310e+10    13.2506    49    48     4.2083
   50  9.0724e+09    13.8886    50    49     4.2881
   51  7.9590e+09    14.2779    51    50     4.3678
   52  7.6585e+09    14.3938    52    51     4.4476
   53  7.6051e+09    14.4149    53    52     4.5273
   54  6.4771e+09    14.9060    54    53     4.6070
   55  6.2929e+09    14.9955    55    54     4.6867
   56  6.2596e+09    15.0121    56    55     4.7664
   57  6.2444e+09    15.0196    57    56     4.8460
   58  6.1699e+09    15.0570    58    57     4.9257
   59  6.1024e+09    15.0913    59    58     5.0053
   60  6.1016e+09    15.0917    60    59     5.0849
   61  6.0801e+09    15.1028    61    60     5.1646
   62  5.9134e+09    15.1898    62    61     5.2442
   63  5.1706e+09    15.6151    63    62     5.3238
   64  5.1701e+09    15.6154    64    63     5.4033
   65  4.7647e+09    15.8783    65    64     5.4829
   66  4.6905e+09    15.9291    66    65     5.5625
   67  4.6854e+09    15.9327    67    66     5.6421
   68  4.6376e+09    15.9660    68    67     5.7216
   69  4.6175e+09    15.9801    69    68     5.8012
   70  4.5435e+09    16.0327    70    69     5.8807
   71  4.5372e+09    16.0372    71    70     5.9602
   72  4.4678e+09    16.0876    72    71     6.0398
   73  4.4066e+09    16.1327    73    72     6.1193
   74  4.1845e+09    16.3027    74    73     6.1988
   75  4.1748e+09    16.3103    75    74     6.2783
   76  4.1636e+09    16.3192    76    75     6.3579
   77  3.9237e+09    16.5160    77    76     6.4374
   78  3.9149e+09    16.5235    78    77     6.5169
   79  3.5351e+09    16.8658    79    78     6.5964
   80  3.4784e+09    16.9205    80    79     6.6759
   81  3.4451e+09    16.9531    81    80     6.7554
   82  3.3706e+09    17.0274    82    81     6.8349
   83  3.3519e+09    17.0464    83    82     6.9143
   84  3.3499e+09    17.0483    84    83     6.9938
   85  3.3395e+09    17.0589    85    84     7.0733
   86  3.3268e+09    17.0720    86    85     7.1528
   87  3.3225e+09    17.0763    87    86     7.2323
   88  3.3045e+09    17.0949    88    87     7.3117
   89  3.1508e+09    17.2579    89    88     7.3912
   90  3.1422e+09    17.2673    90    89     7.4707
   91  2.4038e+09    18.2052    91    90     7.5502
   92  2.4027e+09    18.2069    92    91     7.6296
   93  2.3763e+09    18.2463    93    92     7.7091
   94  2.3542e+09    18.2797    94    93     7.7885
   95  2.3497e+09    18.2866    95    94     7.8680
   96  2.3427e+09    18.2973    96    95     7.9475
   97  2.3359e+09    18.3076    97    96     8.0269
   98  2.3249e+09    18.3246    98    97     8.1064
   99  2.2906e+09    18.3779    99    98     8.1858
  100  2.2404e+09    18.4576   100    99     8.2653
