#indx Mass S step-number desc_indx 
    0  1.0000e+11     8.0192     0    -1     0.0134
    1  9.9840e+10     8.0223     1     0     0.1326
    2  9.9010e+10     8.0389     2     1     0.2441
    3  9.5310e+10     8.1149     3     2     0.3500
    4  9.4879e+10     8.1239     4     3     0.4519
    5  7.9101e+10     8.4941     5     4     0.5506
    6  5.5465e+10     9.2514     6     5     0.6467
    7  5.5169e+10     9.2631     7     6     0.7407
    8  5.5150e+10     9.2639     8     7     0.8330
    9  5.4898e+10     9.2740     9     8     0.9238
   10  5.4345e+10     9.2963    10     9     1.0134
   11  5.0545e+10     9.4573    11    10     1.1018
   12  4.7735e+10     9.5857    12    11     1.1894
   13  3.7118e+10    10.1656    13    12     1.2761
   14  3.6522e+10    10.2038    14    13     1.3621
   15  3.6370e+10    10.2136    15    14     1.4474
   16  3.4831e+10    10.3161    16    15     1.5322
   17  3.4504e+10    10.3386    17    16     1.6165
   18  3.1232e+10    10.5780    18    17     1.7003
   19  2.3537e+10    11.2792    19    18     1.7838
   20  2.3402e+10    11.2938    20    19     1.8669
   21  2.2916e+10    11.3471    21    20     1.9496
   22  2.2828e+10    11.3569    22    21     2.0321
   23  2.2773e+10    11.3631    23    22     2.1143
   24  2.2376e+10    11.4080    24    23     2.1963
   25  2.2093e+10    11.4406    25    24     2.2781
   26  2.2015e+10    11.4496    26    25     2.3597
   27  1.9338e+10    11.7855    27    26     2.4411
   28  1.8851e+10    11.8524    28    27     2.5223
   29  1.8825e+10    11.8561    29    28     2.6034
   30  9.0648e+09    13.8911    30    29     2.6844
   31  7.1789e+09    14.5900    31    30     2.7652
   32  7.1633e+09    14.5966    32    31     2.8459
   33  7.0779e+09    14.6332    33    32     2.9266
   34  6.9688e+09    14.6807    34    33     3.0071
   35  6.9128e+09    14.7055    35    34     3.0876
   36  6.7025e+09    14.8004    36    35     3.1680
   37  6.6934e+09    14.8046    37    36     3.2483
   38  6.5890e+09    14.8531    38    37     3.3285
   39  6.3423e+09    14.9712    39    38     3.4087
   40  6.2087e+09    15.0375    40    39     3.4889
   41  6.1305e+09    15.0770    41    40     3.5689
   42  5.8541e+09    15.2215    42    41     3.6490
   43  5.3519e+09    15.5051    43    42     3.7290
   44  5.3492e+09    15.5067    44    43     3.8089
   45  5.0522e+09    15.6893    45    44     3.8889
   46  4.8705e+09    15.8073    46    45     3.9688
   47  4.8428e+09    15.8257    47    46     4.0486
   48  4.7331e+09    15.8998    48    47     4.1285
   49  4.6335e+09    15.9689    49    48     4.2083
   50  4.4993e+09    16.0646    50    49     4.2881
   51  4.0846e+09    16.3825    51    50     4.3678
   52  3.5593e+09    16.8428    52    51     4.4476
   53  3.3785e+09    17.0194    53    52     4.5273
   54  3.3376e+09    17.0608    54    53     4.6070
   55  3.3363e+09    17.0622    55    54     4.6867
   56  3.2779e+09    17.1225    56    55     4.7664
   57  3.2523e+09    17.1493    57    56     4.8460
   58  3.2406e+09    17.1615    58    57     4.9257
   59  3.2234e+09    17.1798    59    58     5.0053
   60  3.2034e+09    17.2011    60    59     5.0849
   61  3.2025e+09    17.2021    61    60     5.1646
   62  2.9252e+09    17.5145    62    61     5.2442
   63  2.9186e+09    17.5223    63    62     5.3238
   64  2.9173e+09    17.5239    64    63     5.4033
   65  2.9158e+09    17.5256    65    64     5.4829
   66  2.5993e+09    17.9278    66    65     5.5625
   67  1.6543e+09    19.5730    67    66     5.6421
   68  1.6248e+09    19.6406    68    67     5.7216
   69  1.6075e+09    19.6809    69    68     5.8012
   70  1.6018e+09    19.6943    70    69     5.8807
   71  1.5426e+09    19.8366    71    70     5.9602
   72  1.4869e+09    19.9763    72    71     6.0398
   73  1.4402e+09    20.0981    73    72     6.1193
   74  1.4163e+09    20.1621    74    73     6.1988
   75  1.3838e+09    20.2513    75    74     6.2783
   76  1.3821e+09    20.2558    76    75     6.3579
   77  1.2920e+09    20.5162    77    76     6.4374
   78  1.2100e+09    20.7720    78    77     6.5169
   79  1.1411e+09    21.0021    79    78     6.5964
   80  1.1406e+09    21.0041    80    79     6.6759
   81  1.1247e+09    21.0595    81    80     6.7554
   82  1.1045e+09    21.1310    82    81     6.8349
   83  5.6219e+08    23.9264    83    82     6.9143
   84  5.5801e+08    23.9586    84    83     6.9938
   85  5.4647e+08    24.0491    85    84     7.0733
   86  5.4247e+08    24.0809    86    85     7.1528
   87  5.4239e+08    24.0816    87    86     7.2323
   88  5.4173e+08    24.0868    88    87     7.3117
   89  5.4148e+08    24.0889    89    88     7.3912
   90  5.4096e+08    24.0930    90    89     7.4707
   91  4.7056e+08    24.7036    91    90     7.5502
   92  4.6939e+08    24.7145    92    91     7.6296
   93  4.5556e+08    24.8470    93    92     7.7091
   94  4.5439e+08    24.8583    94    93     7.7885
   95  4.3911e+08    25.0104    95    94     7.8680
   96  4.3265e+08    25.0764    96    95     7.9475
   97  4.2933e+08    25.1108    97    96     8.0269
   98  3.2481e+08    26.3786    98    97     8.1064
   99  3.1906e+08    26.4612    99    98     8.1858
  100  3.1874e+08    26.4659   100    99     8.2653
