#indx Mass S step-number desc_indx 
    0  1.0000e+11     8.0192     0    -1     0.0134
    1  9.5495e+10     8.1110     1     0     0.1326
    2  9.4905e+10     8.1234     2     1     0.2441
    3  9.3702e+10     8.1490     3     2     0.3500
    4  7.2373e+10     8.6794     4     3     0.4519
    5  6.7356e+10     8.8312     5     4     0.5506
    6  6.6191e+10     8.8684     6     5     0.6467
    7  6.4709e+10     8.9168     7     6     0.7407
    8  6.4580e+10     8.9211     8     7     0.8330
    9  6.0143e+10     9.0745     9     8     0.9238
   10  5.2463e+10     9.3743    10     9     1.0134
   11  5.1964e+10     9.3956    11    10     1.1018
   12  5.0404e+10     9.4636    12    11     1.1894
   13  5.0107e+10     9.4768    13    12     1.2761
   14  5.0004e+10     9.4814    14    13     1.3621
   15  4.9742e+10     9.4932    15    14     1.4474
   16  4.8730e+10     9.5393    16    15     1.5322
   17  2.8040e+10    10.8414    17    16     1.6165
   18  2.7253e+10    10.9118    18    17     1.7003
   19  2.6575e+10    10.9743    19    18     1.7838
   20  2.5998e+10    11.0290    20    19     1.8669
   21  2.5806e+10    11.0475    21    20     1.9496
   22  2.4394e+10    11.1888    22    21     2.0321
   23  1.9938e+10    11.7057    23    22     2.1143
   24  1.3937e+10    12.6654    24    23     2.1963
   25  1.3800e+10    12.6927    25    24     2.2781
   26  1.3676e+10    12.7176    26    25     2.3597
   27  1.2716e+10    12.9200    27    26     2.4411
   28  1.2692e+10    12.9252    28    27     2.5223
   29  1.2433e+10    12.9830    29    28     2.6034
   30  1.1604e+10    13.1775    30    29     2.6844
   31  1.1484e+10    13.2071    31    30     2.7652
   32  1.1171e+10    13.2857    32    31     2.8459
   33  1.1050e+10    13.3168    33    32     2.9266
   34  1.0628e+10    13.4283    34    33     3.0071
   35  9.6508e+09    13.7075    35    34     3.0876
   36  9.6059e+09    13.7212    36    35     3.1680
   37  9.5469e+09    13.7392    37    36     3.2483
   38  9.4252e+09    13.7767    38    37     3.3285
   39  9.1624e+09    13.8596    39    38     3.4087
   40  9.1588e+09    13.8607    40    39     3.4889
   41  9.0676e+09    13.8902    41    40     3.5689
   42  9.0512e+09    13.8955    42    41     3.6490
   43  8.7893e+09    13.9822    43    42     3.7290
   44  8.7828e+09    13.9844    44    43     3.8089
   45  8.0211e+09    14.2546    45    44     3.8889
   46  7.1523e+09    14.6013    46    45     3.9688
   47  7.1089e+09    14.6199    47    46     4.0486
   48  7.0443e+09    14.6478    48    47     4.1285
   49  4.5330e+09    16.0403    49    48     4.2083
   50  4.4682e+09    16.0873    50    49     4.2881
   51  4.3119e+09    16.2039    51    50     4.3678
   52  4.2614e+09    16.2427    52    51     4.4476
   53  4.0919e+09    16.3766    53    52     4.5273
   54  3.9288e+09    16.5117    54    53     4.6070
   55  3.9083e+09    16.5291    55    54     4.6867
   56  3.7374e+09    16.6785    56    55     4.7664
   57  3.6029e+09    16.8017    57    56     4.8460
   58  3.6014e+09    16.8031    58    57     4.9257
   59  2.3878e+09    18.2291    59    58     5.0053
   60  2.3732e+09    18.2510    60    59     5.0849
   61  2.3511e+09    18.2844    61    60     5.1646
   62  6.7117e+08    23.1695    62    61     5.2442
   63  6.6388e+08    23.2156    63    62     5.3238
   64  6.6179e+08    23.2290    64    63     5.4033
   65  5.8245e+08    23.7738    65    64     5.4829
   66  5.2161e+08    24.2515    66    65     5.5625
   67  4.9126e+08    24.5139    67    66     5.6421
   68  4.8736e+08    24.5489    68    67     5.7216
   69  4.0183e+08    25.4078    69    68     5.8012
   70  4.0160e+08    25.4103    70    69     5.8807
   71  3.8235e+08    25.6322    71    70     5.9602
   72  3.8033e+08    25.6562    72    71     6.0398
   73  3.7996e+08    25.6606    73    72     6.1193
   74  3.7291e+08    25.7456    74    73     6.1988
   75  3.7231e+08    25.7529    75    74     6.2783
   76  3.6057e+08    25.8989    76    75     6.3579
   77  1.7271e+08    29.4102    77    76     6.4374
   78  1.7161e+08    29.4420    78    77     6.5169
   79  1.7150e+08    29.4452    79    78     6.5964
   80  1.6994e+08    29.4907    80    79     6.6759
   81  1.6002e+08    29.7918    81    80     6.7554
   82  1.5934e+08    29.8131    82    81     6.8349
   83  1.4090e+08    30.4358    83    82     6.9143
   84  1.2089e+08    31.2235    84    83     6.9938
