#indx Mass S step-number desc_indx 
    0  1.0000e+11     8.0192     0    -1     0.0134
    1  9.8122e+10     8.0568     1     0     0.1326
    2  9.2082e+10     8.1840     2     1     0.2441
    3  9.1875e+10     8.1886     3     2     0.3500
    4  8.5610e+10     8.3317     4     3     0.4519
    5  8.4399e+10     8.3608     5     4     0.5506
    6  8.3841e+10     8.3744     6     5     0.6467
    7  7.9098e+10     8.4942     7     6     0.7407
    8  2.8226e+10    10.8251     8     7     0.8330
    9  2.8153e+10    10.8315     9     8     0.9238
   10  2.6736e+10    10.9592    10     9     1.0134
   11  2.6134e+10    11.0159    11    10     1.1018
   12  2.6089e+10    11.0203    12    11     1.1894
   13  2.5978e+10    11.0308    13    12     1.2761
   14  2.5734e+10    11.0545    14    13     1.3621
   15  2.5387e+10    11.0884    15    14     1.4474
   16  2.1538e+10    11.5059    16    15     1.5322
   17  2.0995e+10    11.5718    17    16     1.6165
   18  2.0086e+10    11.6865    18    17     1.7003
   19  1.9654e+10    11.7432    19    18     1.7838
   20  1.9643e+10    11.7446    20    19     1.8669
   21  1.9549e+10    11.7572    21    20     1.9496
   22  1.9479e+10    11.7665    22    21     2.0321
   23  1.9468e+10    11.7680    23    22     2.1143
   24  1.9396e+10    11.7777    24    23     2.1963
   25  1.9266e+10    11.7953    25    24     2.2781
   26  1.8603e+10    11.8873    26    25     2.3597
   27  1.7920e+10    11.9861    27    26     2.4411
   28  1.7831e+10    11.9993    28    27     2.5223
   29  1.7622e+10    12.0306    29    28     2.6034
   30  1.7580e+10    12.0370    30    29     2.6844
   31  1.7241e+10    12.0887    31    30     2.7652
   32  1.5294e+10    12.4111    32    31     2.8459
   33  1.4859e+10    12.4897    33    32     2.9266
   34  1.3477e+10    12.7581    34    33     3.0071
   35  1.2655e+10    12.9334    35    34     3.0876
   36  1.2356e+10    13.0003    36    35     3.1680
   37  1.2101e+10    13.0590    37    36     3.2483
   38  1.1850e+10    13.1181    38    37     3.3285
   39  1.0511e+10    13.4601    39    38     3.4087
   40  1.0151e+10    13.5608    40    39     3.4889
   41  9.7678e+09    13.6724    41    40     3.5689
   42  9.6916e+09    13.6953    42    41     3.6490
   43  9.6433e+09    13.7098    43    42     3.7290
   44  9.5898e+09    13.7261    44    43     3.8089
   45  9.4515e+09    13.7685    45    44     3.8889
   46  9.4348e+09    13.7737    46    45     3.9688
   47  7.5971e+09    14.4181    47    46     4.0486
   48  7.3431e+09    14.5212    48    47     4.1285
   49  7.1541e+09    14.6005    49    48     4.2083
   50  7.1462e+09    14.6039    50    49     4.2881
   51  6.7618e+09    14.7733    51    50     4.3678
   52  6.1371e+09    15.0736    52    51     4.4476
   53  6.0862e+09    15.0996    53    52     4.5273
   54  6.0605e+09    15.1128    54    53     4.6070
   55  4.8972e+09    15.7897    55    54     4.6867
   56  4.7976e+09    15.8560    56    55     4.7664
   57  4.5229e+09    16.0476    57    56     4.8460
   58  4.3788e+09    16.1535    58    57     4.9257
   59  4.3649e+09    16.1638    59    58     5.0053
   60  4.3405e+09    16.1822    60    59     5.0849
   61  4.2741e+09    16.2328    61    60     5.1646
   62  4.2675e+09    16.2379    62    61     5.2442
   63  4.2347e+09    16.2634    63    62     5.3238
   64  4.2203e+09    16.2746    64    63     5.4033
   65  3.4332e+09    16.9649    65    64     5.4829
   66  3.3941e+09    17.0038    66    65     5.5625
   67  3.3153e+09    17.0838    67    66     5.6421
   68  2.9182e+09    17.5228    68    67     5.7216
   69  2.8264e+09    17.6340    69    68     5.8012
   70  2.6761e+09    17.8253    70    69     5.8807
   71  2.4834e+09    18.0893    71    70     5.9602
   72  2.4266e+09    18.1716    72    71     6.0398
   73  2.4085e+09    18.1982    73    72     6.1193
   74  2.4059e+09    18.2021    74    73     6.1988
   75  2.3873e+09    18.2299    75    74     6.2783
   76  2.0376e+09    18.8016    76    75     6.3579
   77  2.0331e+09    18.8096    77    76     6.4374
   78  2.0314e+09    18.8128    78    77     6.5169
   79  2.0113e+09    18.8491    79    78     6.5964
   80  1.9700e+09    18.9249    80    79     6.6759
   81  1.9275e+09    19.0050    81    80     6.7554
   82  1.9088e+09    19.0409    82    81     6.8349
   83  1.9034e+09    19.0513    83    82     6.9143
   84  1.8885e+09    19.0803    84    83     6.9938
   85  1.8828e+09    19.0914    85    84     7.0733
   86  1.7526e+09    19.3571    86    85     7.1528
   87  1.5393e+09    19.8446    87    86     7.2323
   88  1.4449e+09    20.0857    88    87     7.3117
   89  1.1316e+09    21.0352    89    88     7.3912
   90  1.1289e+09    21.0448    90    89     7.4707
   91  1.1062e+09    21.1251    91    90     7.5502
   92  1.0973e+09    21.1570    92    91     7.6296
   93  1.0734e+09    21.2445    93    92     7.7091
   94  1.0369e+09    21.3824    94    93     7.7885
   95  1.0201e+09    21.4476    95    94     7.8680
   96  1.0154e+09    21.4660    96    95     7.9475
   97  1.0141e+09    21.4712    97    96     8.0269
   98  1.0127e+09    21.4767    98    97     8.1064
   99  1.0126e+09    21.4773    99    98     8.1858
  100  1.0103e+09    21.4862   100    99     8.2653
