#indx Mass S step-number desc_indx 
    0  1.0000e+11     8.0192     0    -1     0.0134
    1  9.8638e+10     8.0464     1     0     0.1326
    2  9.8051e+10     8.0583     2     1     0.2441
    3  9.6558e+10     8.0889     3     2     0.3500
    4  9.5111e+10     8.1190     4     3     0.4519
    5  8.8266e+10     8.2696     5     4     0.5506
    6  8.7461e+10     8.2882     6     5     0.6467
    7  8.6554e+10     8.3094     7     6     0.7407
    8  8.3082e+10     8.3930     8     7     0.8330
    9  7.1599e+10     8.7020     9     8     0.9238
   10  7.0523e+10     8.7339    10     9     1.0134
   11  6.9958e+10     8.7509    11    10     1.1018
   12  6.9063e+10     8.7781    12    11     1.1894
   13  6.8586e+10     8.7928    13    12     1.2761
   14  6.8323e+10     8.8009    14    13     1.3621
   15  6.8124e+10     8.8071    15    14     1.4474
   16  6.7594e+10     8.8237    16    15     1.5322
   17  6.6917e+10     8.8451    17    16     1.6165
   18  6.6421e+10     8.8610    18    17     1.7003
   19  5.4741e+10     9.2803    19    18     1.7838
   20  5.4452e+10     9.2920    20    19     1.8669
   21  5.4105e+10     9.3061    21    20     1.9496
   22  5.1985e+10     9.3947    22    21     2.0321
   23  5.0065e+10     9.4787    23    22     2.1143
   24  4.9169e+10     9.5192    24    23     2.1963
   25  4.9075e+10     9.5235    25    24     2.2781
   26  4.8928e+10     9.5302    26    25     2.3597
   27  4.2401e+10     9.8559    27    26     2.4411
   28  4.2328e+10     9.8598    28    27     2.5223
   29  4.2188e+10     9.8675    29    28     2.6034
   30  4.0146e+10     9.9822    30    29     2.6844
   31  3.9982e+10     9.9918    31    30     2.7652
   32  3.9693e+10    10.0086    32    31     2.8459
   33  3.4101e+10    10.3666    33    32     2.9266
   34  3.4065e+10    10.3691    34    33     3.0071
   35  3.3628e+10    10.4000    35    34     3.0876
   36  2.4574e+10    11.1702    36    35     3.1680
   37  2.4318e+10    11.1966    37    36     3.2483
   38  2.3898e+10    11.2406    38    37     3.3285
   39  2.3829e+10    11.2479    39    38     3.4087
   40  2.3788e+10    11.2523    40    39     3.4889
   41  2.3122e+10    11.3244    41    40     3.5689
   42  1.8951e+10    11.8386    42    41     3.6490
   43  1.8900e+10    11.8455    43    42     3.7290
   44  1.8737e+10    11.8684    44    43     3.8089
   45  1.8544e+10    11.8957    45    44     3.8889
   46  1.7564e+10    12.0393    46    45     3.9688
   47  1.7440e+10    12.0581    47    46     4.0486
   48  1.7036e+10    12.1207    48    47     4.1285
   49  1.6965e+10    12.1318    49    48     4.2083
   50  1.6920e+10    12.1390    50    49     4.2881
   51  1.6562e+10    12.1962    51    50     4.3678
   52  1.6471e+10    12.2110    52    51     4.4476
   53  1.6274e+10    12.2432    53    52     4.5273
   54  1.3744e+10    12.7039    54    53     4.6070
   55  1.2890e+10    12.8819    55    54     4.6867
   56  1.2829e+10    12.8953    56    55     4.7664
   57  1.2799e+10    12.9018    57    56     4.8460
   58  1.2707e+10    12.9219    58    57     4.9257
   59  1.2661e+10    12.9320    59    58     5.0053
   60  1.2636e+10    12.9375    60    59     5.0849
   61  1.2622e+10    12.9406    61    60     5.1646
   62  1.2435e+10    12.9825    62    61     5.2442
   63  1.1991e+10    13.0848    63    62     5.3238
   64  1.0305e+10    13.5172    64    63     5.4033
   65  7.5390e+09    14.4413    65    64     5.4829
   66  7.4726e+09    14.4681    66    65     5.5625
   67  7.1867e+09    14.5867    67    66     5.6421
   68  7.1418e+09    14.6058    68    67     5.7216
   69  7.0760e+09    14.6340    69    68     5.8012
   70  6.9945e+09    14.6694    70    69     5.8807
   71  6.9658e+09    14.6821    71    70     5.9602
   72  6.7573e+09    14.7753    72    71     6.0398
   73  6.6868e+09    14.8077    73    72     6.1193
   74  6.6837e+09    14.8091    74    73     6.1988
   75  6.4927e+09    14.8986    75    74     6.2783
   76  6.2999e+09    14.9921    76    75     6.3579
   77  6.2442e+09    15.0197    77    76     6.4374
   78  6.2301e+09    15.0267    78    77     6.5169
   79  5.9820e+09    15.1536    79    78     6.5964
   80  5.9766e+09    15.1565    80    79     6.6759
   81  5.9408e+09    15.1753    81    80     6.7554
   82  4.6575e+09    15.9521    82    81     6.8349
   83  4.6481e+09    15.9586    83    82     6.9143
   84  4.2426e+09    16.2572    84    83     6.9938
   85  4.2346e+09    16.2635    85    84     7.0733
   86  3.7051e+09    16.7076    86    85     7.1528
   87  3.6870e+09    16.7241    87    86     7.2323
   88  3.6810e+09    16.7295    88    87     7.3117
   89  3.6698e+09    16.7397    89    88     7.3912
   90  3.6636e+09    16.7454    90    89     7.4707
   91  3.5408e+09    16.8604    91    90     7.5502
   92  3.4884e+09    16.9108    92    91     7.6296
   93  3.4831e+09    16.9159    93    92     7.7091
   94  3.4595e+09    16.9389    94    93     7.7885
   95  3.4503e+09    16.9480    95    94     7.8680
   96  3.4281e+09    16.9699    96    95     7.9475
   97  3.3827e+09    17.0152    97    96     8.0269
   98  2.8472e+09    17.6085    98    97     8.1064
   99  2.7843e+09    17.6864    99    98     8.1858
  100  2.7307e+09    17.7544   100    99     8.2653
