#indx Mass S step-number desc_indx 
    0  1.0000e+11     8.0192     0    -1     0.0134
    1  9.9311e+10     8.0329     1     0     0.1326
    2  9.2360e+10     8.1780     2     1     0.2441
    3  9.1917e+10     8.1876     3     2     0.3500
    4  8.9287e+10     8.2462     4     3     0.4519
    5  8.9048e+10     8.2517     5     4     0.5506
    6  8.8921e+10     8.2546     6     5     0.6467
    7  8.8502e+10     8.2641     7     6     0.7407
    8  8.6223e+10     8.3172     8     7     0.8330
    9  8.5643e+10     8.3309     9     8     0.9238
   10  8.5112e+10     8.3436    10     9     1.0134
   11  8.3544e+10     8.3816    11    10     1.1018
   12  8.2943e+10     8.3964    12    11     1.1894
   13  5.4716e+10     9.2813    13    12     1.2761
   14  5.3334e+10     9.3378    14    13     1.3621
   15  5.2619e+10     9.3678    15    14     1.4474
   16  5.2601e+10     9.3685    16    15     1.5322
   17  4.5157e+10     9.7117    17    16     1.6165
   18  4.2224e+10     9.8655    18    17     1.7003
   19  3.9340e+10    10.0295    19    18     1.7838
   20  3.9035e+10    10.0476    20    19     1.8669
   21  3.8922e+10    10.0544    21    20     1.9496
   22  2.9820e+10    10.6904    22    21     2.0321
   23  2.9740e+10    10.6970    23    22     2.1143
   24  2.4770e+10    11.1502    24    23     2.1963
   25  2.3948e+10    11.2353    25    24     2.2781
   26  2.3917e+10    11.2386    26    25     2.3597
   27  2.3816e+10    11.2493    27    26     2.4411
   28  2.3642e+10    11.2679    28    27     2.5223
   29  2.3586e+10    11.2739    29    28     2.6034
   30  2.2590e+10    11.3837    30    29     2.6844
   31  2.2327e+10    11.4136    31    30     2.7652
   32  2.1346e+10    11.5290    32    31     2.8459
   33  2.1116e+10    11.5569    33    32     2.9266
   34  2.0031e+10    11.6936    34    33     3.0071
   35  1.9280e+10    11.7934    35    34     3.0876
   36  1.8979e+10    11.8347    36    35     3.1680
   37  1.8630e+10    11.8835    37    36     3.2483
   38  1.8333e+10    11.9258    38    37     3.3285
   39  1.5565e+10    12.3636    39    38     3.4087
   40  1.5508e+10    12.3735    40    39     3.4889
   41  1.4982e+10    12.4674    41    40     3.5689
   42  1.1855e+10    13.1171    42    41     3.6490
   43  1.1675e+10    13.1602    43    42     3.7290
   44  1.1616e+10    13.1746    44    43     3.8089
   45  1.0965e+10    13.3389    45    44     3.8889
   46  1.0908e+10    13.3538    46    45     3.9688
   47  1.0894e+10    13.3574    47    46     4.0486
   48  1.0855e+10    13.3677    48    47     4.1285
   49  1.0681e+10    13.4139    49    48     4.2083
   50  1.0602e+10    13.4353    50    49     4.2881
   51  1.0522e+10    13.4571    51    50     4.3678
   52  1.0510e+10    13.4603    52    51     4.4476
   53  1.0499e+10    13.4634    53    52     4.5273
   54  1.0473e+10    13.4706    54    53     4.6070
   55  1.0339e+10    13.5078    55    54     4.6867
   56  1.0222e+10    13.5407    56    55     4.7664
   57  9.9155e+09    13.6288    57    56     4.8460
   58  9.7799e+09    13.6688    58    57     4.9257
   59  9.7594e+09    13.6749    59    58     5.0053
   60  9.7473e+09    13.6786    60    59     5.0849
   61  9.6744e+09    13.7004    61    60     5.1646
   62  9.5842e+09    13.7278    62    61     5.2442
   63  9.5151e+09    13.7489    63    62     5.3238
   64  9.3489e+09    13.8005    64    63     5.4033
   65  9.3034e+09    13.8148    65    64     5.4829
   66  9.2527e+09    13.8308    66    65     5.5625
   67  8.9946e+09    13.9140    67    66     5.6421
   68  8.5532e+09    14.0629    68    67     5.7216
   69  8.4129e+09    14.1121    69    68     5.8012
   70  8.3641e+09    14.1294    70    69     5.8807
   71  7.0616e+09    14.6403    71    70     5.9602
   72  6.6786e+09    14.8114    72    71     6.0398
   73  6.6746e+09    14.8133    73    72     6.1193
   74  3.2913e+09    17.1085    74    73     6.1988
   75  3.2011e+09    17.2036    75    74     6.2783
   76  3.1486e+09    17.2603    76    75     6.3579
   77  2.9847e+09    17.4447    77    76     6.4374
   78  2.8830e+09    17.5649    78    77     6.5169
   79  2.8743e+09    17.5754    79    78     6.5964
   80  2.5867e+09    17.9450    80    79     6.6759
   81  2.5752e+09    17.9607    81    80     6.7554
   82  2.4981e+09    18.0683    82    81     6.8349
   83  2.4911e+09    18.0782    83    82     6.9143
   84  2.4301e+09    18.1664    84    83     6.9938
   85  2.4190e+09    18.1828    85    84     7.0733
   86  2.2181e+09    18.4936    86    85     7.1528
   87  2.1133e+09    18.6688    87    86     7.2323
   88  2.1091e+09    18.6759    88    87     7.3117
   89  2.0091e+09    18.8530    89    88     7.3912
   90  1.9731e+09    18.9192    90    89     7.4707
   91  1.9612e+09    18.9413    91    90     7.5502
   92  1.8390e+09    19.1785    92    91     7.6296
   93  1.2417e+09    20.6708    93    92     7.7091
   94  1.2341e+09    20.6948    94    93     7.7885
   95  1.2234e+09    20.7288    95    94     7.8680
   96  1.2196e+09    20.7411    96    95     7.9475
   97  1.2052e+09    20.7874    97    96     8.0269
   98  1.2046e+09    20.7894    98    97     8.1064
   99  1.1975e+09    20.8127    99    98     8.1858
  100  1.1961e+09    20.8171   100    99     8.2653
