#indx Mass S step-number desc_indx 
    0  1.0000e+11     8.0192     0    -1     0.0134
    1  9.6055e+10     8.0993     1     0     0.1326
    2  9.5351e+10     8.1140     2     1     0.2441
    3  7.7306e+10     8.5417     3     2     0.3500
    4  7.4581e+10     8.6164     4     3     0.4519
    5  7.3755e+10     8.6397     5     4     0.5506
    6  6.3618e+10     8.9533     6     5     0.6467
    7  6.2869e+10     8.9787     7     6     0.7407
    8  6.2151e+10     9.0035     8     7     0.8330
    9  6.2090e+10     9.0056     9     8     0.9238
   10  6.0067e+10     9.0773    10     9     1.0134
   11  5.6101e+10     9.2263    11    10     1.1018
   12  5.5742e+10     9.2404    12    11     1.1894
   13  5.5571e+10     9.2472    13    12     1.2761
   14  5.5513e+10     9.2495    14    13     1.3621
   15  5.3054e+10     9.3495    15    14     1.4474
   16  5.2821e+10     9.3592    16    15     1.5322
   17  5.0974e+10     9.4385    17    16     1.6165
   18  5.0789e+10     9.4465    18    17     1.7003
   19  5.0041e+10     9.4797    19    18     1.7838
   20  4.9928e+10     9.4848    20    19     1.8669
   21  4.8037e+10     9.5715    21    20     1.9496
   22  4.6031e+10     9.6681    22    21     2.0321
   23  4.5139e+10     9.7125    23    22     2.1143
   24  4.4420e+10     9.7492    24    23     2.1963
   25  4.4134e+10     9.7639    25    24     2.2781
   26  4.3955e+10     9.7732    26    25     2.3597
   27  4.3646e+10     9.7894    27    26     2.4411
   28  4.3487e+10     9.7977    28    27     2.5223
   29  4.3318e+10     9.8067    29    28     2.6034
   30  3.4480e+10    10.3402    30    29     2.6844
   31  3.2350e+10    10.4930    31    30     2.7652
   32  3.1481e+10    10.5587    32    31     2.8459
   33  3.1433e+10    10.5624    33    32     2.9266
   34  3.1152e+10    10.5841    34    33     3.0071
   35  3.0894e+10    10.6043    35    34     3.0876
   36  3.0867e+10    10.6065    36    35     3.1680
   37  2.9159e+10    10.7452    37    36     3.2483
   38  2.8555e+10    10.7966    38    37     3.3285
   39  2.7686e+10    10.8728    39    38     3.4087
   40  2.7533e+10    10.8864    40    39     3.4889
   41  2.6922e+10    10.9421    41    40     3.5689
   42  1.8606e+10    11.8868    42    41     3.6490
   43  1.8574e+10    11.8914    43    42     3.7290
   44  1.7817e+10    12.0013    44    43     3.8089
   45  1.7796e+10    12.0044    45    44     3.8889
   46  1.7636e+10    12.0285    46    45     3.9688
   47  1.7394e+10    12.0653    47    46     4.0486
   48  1.7321e+10    12.0764    48    47     4.1285
   49  1.7250e+10    12.0873    49    48     4.2083
   50  1.7083e+10    12.1133    50    49     4.2881
   51  1.7021e+10    12.1229    51    50     4.3678
   52  1.6473e+10    12.2106    52    51     4.4476
   53  1.6387e+10    12.2246    53    52     4.5273
   54  1.5910e+10    12.3042    54    53     4.6070
   55  1.5769e+10    12.3283    55    54     4.6867
   56  1.5645e+10    12.3496    56    55     4.7664
   57  1.5422e+10    12.3886    57    56     4.8460
   58  1.5355e+10    12.4004    58    57     4.9257
   59  1.5348e+10    12.4016    59    58     5.0053
   60  1.5337e+10    12.4035    60    59     5.0849
   61  1.4444e+10    12.5672    61    60     5.1646
   62  1.3038e+10    12.8501    62    61     5.2442
   63  1.2782e+10    12.9054    63    62     5.3238
   64  1.2095e+10    13.0603    64    63     5.4033
   65  1.2056e+10    13.0696    65    64     5.4829
   66  1.1070e+10    13.3115    66    65     5.5625
   67  1.0946e+10    13.3438    67    66     5.6421
   68  1.0105e+10    13.5739    68    67     5.7216
   69  9.7752e+09    13.6702    69    68     5.8012
   70  8.5461e+09    14.0654    70    69     5.8807
   71  8.5327e+09    14.0700    71    70     5.9602
   72  8.1621e+09    14.2024    72    71     6.0398
   73  8.0731e+09    14.2352    73    72     6.1193
   74  8.0495e+09    14.2440    74    73     6.1988
   75  7.8898e+09    14.3041    75    74     6.2783
   76  7.8762e+09    14.3093    76    75     6.3579
   77  7.8472e+09    14.3204    77    76     6.4374
   78  6.3036e+09    14.9903    78    77     6.5169
   79  6.2807e+09    15.0016    79    78     6.5964
   80  6.2658e+09    15.0090    80    79     6.6759
   81  6.0837e+09    15.1009    81    80     6.7554
   82  5.8766e+09    15.2094    82    81     6.8349
   83  5.8419e+09    15.2280    83    82     6.9143
   84  5.8050e+09    15.2479    84    83     6.9938
   85  5.7916e+09    15.2552    85    84     7.0733
   86  5.3689e+09    15.4950    86    85     7.1528
   87  3.7414e+09    16.6749    87    86     7.2323
   88  3.7243e+09    16.6903    88    87     7.3117
   89  3.7228e+09    16.6916    89    88     7.3912
   90  3.7141e+09    16.6994    90    89     7.4707
   91  3.6995e+09    16.7127    91    90     7.5502
   92  3.6605e+09    16.7483    92    91     7.6296
   93  3.0544e+09    17.3649    93    92     7.7091
   94  3.0514e+09    17.3682    94    93     7.7885
   95  3.0129e+09    17.4121    95    94     7.8680
   96  2.9761e+09    17.4546    96    95     7.9475
   97  2.7934e+09    17.6750    97    96     8.0269
   98  2.7735e+09    17.7000    98    97     8.1064
   99  2.7195e+09    17.7689    99    98     8.1858
  100  2.7124e+09    17.7780   100    99     8.2653
