#indx Mass S step-number desc_indx 
    0  1.0000e+11     8.0192     0    -1     0.0134
    1  9.5215e+10     8.1168     1     0     0.1326
    2  9.4599e+10     8.1299     2     1     0.2441
    3  9.2803e+10     8.1683     3     2     0.3500
    4  8.7097e+10     8.2966     4     3     0.4519
    5  8.4489e+10     8.3586     5     4     0.5506
    6  8.3634e+10     8.3794     6     5     0.6467
    7  7.1780e+10     8.6966     7     6     0.7407
    8  6.9048e+10     8.7786     8     7     0.8330
    9  6.6744e+10     8.8507     9     8     0.9238
   10  6.4607e+10     8.9202    10     9     1.0134
   11  5.6028e+10     9.2292    11    10     1.1018
   12  5.5946e+10     9.2324    12    11     1.1894
   13  4.9693e+10     9.4954    13    12     1.2761
   14  4.4482e+10     9.7460    14    13     1.3621
   15  4.1922e+10     9.8820    15    14     1.4474
   16  4.1531e+10     9.9036    16    15     1.5322
   17  4.0248e+10     9.9764    17    16     1.6165
   18  3.9104e+10    10.0434    18    17     1.7003
   19  3.6458e+10    10.2079    19    18     1.7838
   20  3.5076e+10    10.2994    20    19     1.8669
   21  3.5007e+10    10.3041    21    20     1.9496
   22  3.4916e+10    10.3103    22    21     2.0321
   23  3.4861e+10    10.3140    23    22     2.1143
   24  3.2927e+10    10.4505    24    23     2.1963
   25  3.2839e+10    10.4569    25    24     2.2781
   26  3.1605e+10    10.5492    26    25     2.3597
   27  3.1579e+10    10.5512    27    26     2.4411
   28  3.0671e+10    10.6219    28    27     2.5223
   29  3.0636e+10    10.6247    29    28     2.6034
   30  3.0382e+10    10.6449    30    29     2.6844
   31  2.9295e+10    10.7338    31    30     2.7652
   32  2.8866e+10    10.7700    32    31     2.8459
   33  2.6890e+10    10.9450    33    32     2.9266
   34  2.6386e+10    10.9920    34    33     3.0071
   35  2.6341e+10    10.9962    35    34     3.0876
   36  2.5765e+10    11.0514    36    35     3.1680
   37  2.5037e+10    11.1232    37    36     3.2483
   38  2.4554e+10    11.1722    38    37     3.3285
   39  2.3488e+10    11.2845    39    38     3.4087
   40  2.2599e+10    11.3826    40    39     3.4889
   41  2.2415e+10    11.4035    41    40     3.5689
   42  2.1261e+10    11.5393    42    41     3.6490
   43  2.0942e+10    11.5783    43    42     3.7290
   44  2.0753e+10    11.6018    44    43     3.8089
   45  2.0348e+10    11.6529    45    44     3.8889
   46  1.9537e+10    11.7588    46    45     3.9688
   47  1.9406e+10    11.7764    47    46     4.0486
   48  1.9261e+10    11.7959    48    47     4.1285
   49  1.9222e+10    11.8014    49    48     4.2083
   50  1.8940e+10    11.8400    50    49     4.2881
   51  1.8066e+10    11.9646    51    50     4.3678
   52  1.7745e+10    12.0122    52    51     4.4476
   53  1.7731e+10    12.0142    53    52     4.5273
   54  1.0828e+10    13.3749    54    53     4.6070
   55  1.0524e+10    13.4566    55    54     4.6867
   56  1.0369e+10    13.4995    56    55     4.7664
   57  1.0234e+10    13.5372    57    56     4.8460
   58  9.7595e+09    13.6749    58    57     4.9257
   59  9.7415e+09    13.6803    59    58     5.0053
   60  9.5079e+09    13.7511    60    59     5.0849
   61  9.4819e+09    13.7591    61    60     5.1646
   62  9.4140e+09    13.7801    62    61     5.2442
   63  7.9935e+09    14.2649    63    62     5.3238
   64  1.8358e+09    19.1847    64    63     5.4033
   65  1.8054e+09    19.2467    65    64     5.4829
   66  1.7571e+09    19.3474    66    65     5.5625
   67  1.7555e+09    19.3509    67    66     5.6421
   68  1.7506e+09    19.3614    68    67     5.7216
   69  1.7384e+09    19.3873    69    68     5.8012
   70  1.7009e+09    19.4688    70    69     5.8807
   71  1.7003e+09    19.4701    71    70     5.9602
   72  1.6943e+09    19.4833    72    71     6.0398
   73  1.6730e+09    19.5307    73    72     6.1193
   74  8.6041e+08    22.1367    74    73     6.1988
   75  8.2315e+08    22.3183    75    74     6.2783
   76  8.1528e+08    22.3579    76    75     6.3579
   77  8.1446e+08    22.3621    77    76     6.4374
   78  6.8645e+08    23.0745    78    77     6.5169
   79  6.7436e+08    23.1495    79    78     6.5964
   80  6.2411e+08    23.4780    80    79     6.6759
   81  6.2310e+08    23.4849    81    80     6.7554
   82  6.2167e+08    23.4947    82    81     6.8349
   83  6.0486e+08    23.6118    83    82     6.9143
   84  5.9526e+08    23.6804    84    83     6.9938
   85  5.7231e+08    23.8494    85    84     7.0733
   86  5.5754e+08    23.9623    86    85     7.1528
   87  5.5733e+08    23.9639    87    86     7.2323
   88  4.0712e+08    25.3489    88    87     7.3117
   89  4.0631e+08    25.3579    89    88     7.3912
   90  4.0138e+08    25.4128    90    89     7.4707
   91  4.0020e+08    25.4260    91    90     7.5502
   92  3.9955e+08    25.4333    92    91     7.6296
   93  3.9346e+08    25.5027    93    92     7.7091
   94  3.7441e+08    25.7275    94    93     7.7885
   95  3.6815e+08    25.8041    95    94     7.8680
   96  3.6233e+08    25.8767    96    95     7.9475
   97  3.5006e+08    26.0342    97    96     8.0269
   98  3.4597e+08    26.0880    98    97     8.1064
   99  3.4502e+08    26.1006    99    98     8.1858
  100  3.4481e+08    26.1035   100    99     8.2653
