#indx Mass S step-number desc_indx 
    0  1.0000e+11     8.0192     0    -1     0.0134
    1  9.9067e+10     8.0378     1     0     0.1326
    2  8.9382e+10     8.2441     2     1     0.2441
    3  8.8857e+10     8.2560     3     2     0.3500
    4  6.8499e+10     8.7955     4     3     0.4519
    5  6.8345e+10     8.8003     5     4     0.5506
    6  6.4731e+10     8.9161     6     5     0.6467
    7  6.3269e+10     8.9651     7     6     0.7407
    8  6.2387e+10     8.9953     8     7     0.8330
    9  6.0694e+10     9.0547     9     8     0.9238
   10  5.5376e+10     9.2549    10     9     1.0134
   11  5.4800e+10     9.2780    11    10     1.1018
   12  5.4115e+10     9.3057    12    11     1.1894
   13  5.3552e+10     9.3288    13    12     1.2761
   14  5.2867e+10     9.3573    14    13     1.3621
   15  5.2486e+10     9.3734    15    14     1.4474
   16  5.0750e+10     9.4483    16    15     1.5322
   17  5.0612e+10     9.4543    17    16     1.6165
   18  5.0344e+10     9.4662    18    17     1.7003
   19  5.0129e+10     9.4758    19    18     1.7838
   20  4.9992e+10     9.4819    20    19     1.8669
   21  4.9931e+10     9.4847    21    20     1.9496
   22  4.3404e+10     9.8021    22    21     2.0321
   23  4.2291e+10     9.8618    23    22     2.1143
   24  4.2232e+10     9.8650    24    23     2.1963
   25  3.9160e+10    10.0401    25    24     2.2781
   26  3.7359e+10    10.1504    26    25     2.3597
   27  3.5531e+10    10.2689    27    26     2.4411
   28  3.4483e+10    10.3400    28    27     2.5223
   29  3.4278e+10    10.3542    29    28     2.6034
   30  3.3533e+10    10.4067    30    29     2.6844
   31  3.3460e+10    10.4120    31    30     2.7652
   32  3.1559e+10    10.5527    32    31     2.8459
   33  3.1467e+10    10.5597    33    32     2.9266
   34  3.1423e+10    10.5632    34    33     3.0071
   35  3.1160e+10    10.5835    35    34     3.0876
   36  2.8442e+10    10.8063    36    35     3.1680
   37  2.8416e+10    10.8086    37    36     3.2483
   38  2.8116e+10    10.8347    38    37     3.3285
   39  1.9355e+10    11.7832    39    38     3.4087
   40  1.9295e+10    11.7914    40    39     3.4889
   41  1.9260e+10    11.7962    41    40     3.5689
   42  1.9152e+10    11.8109    42    41     3.6490
   43  1.8925e+10    11.8422    43    42     3.7290
   44  1.8772e+10    11.8635    44    43     3.8089
   45  9.0587e+09    13.8931    45    44     3.8889
   46  9.0488e+09    13.8963    46    45     3.9688
   47  9.0181e+09    13.9063    47    46     4.0486
   48  8.8964e+09    13.9464    48    47     4.1285
   49  8.8441e+09    13.9638    49    48     4.2083
   50  8.8347e+09    13.9669    50    49     4.2881
   51  8.8306e+09    13.9683    51    50     4.3678
   52  8.8150e+09    13.9735    52    51     4.4476
   53  8.6944e+09    14.0143    53    52     4.5273
   54  8.3117e+09    14.1481    54    53     4.6070
   55  8.1933e+09    14.1910    55    54     4.6867
   56  8.1695e+09    14.1997    56    55     4.7664
   57  8.1062e+09    14.2230    57    56     4.8460
   58  7.8950e+09    14.3022    58    57     4.9257
   59  7.8176e+09    14.3318    59    58     5.0053
   60  7.6168e+09    14.4103    60    59     5.0849
   61  3.5307e+09    16.8700    61    60     5.1646
   62  3.1273e+09    17.2836    62    61     5.2442
   63  3.1240e+09    17.2872    63    62     5.3238
   64  3.0625e+09    17.3557    64    63     5.4033
   65  2.6505e+09    17.8591    65    64     5.4829
   66  2.6350e+09    17.8797    66    65     5.5625
   67  2.6329e+09    17.8826    67    66     5.6421
   68  2.5994e+09    17.9277    68    67     5.7216
   69  2.5953e+09    17.9333    69    68     5.8012
   70  2.5311e+09    18.0218    70    69     5.8807
   71  2.5275e+09    18.0268    71    70     5.9602
   72  2.5268e+09    18.0279    72    71     6.0398
   73  2.4506e+09    18.1365    73    72     6.1193
   74  2.4137e+09    18.1906    74    73     6.1988
   75  2.4128e+09    18.1920    75    74     6.2783
   76  2.3437e+09    18.2956    76    75     6.3579
   77  2.2510e+09    18.4406    77    76     6.4374
   78  2.2139e+09    18.5004    78    77     6.5169
   79  2.2046e+09    18.5157    79    78     6.5964
   80  1.5210e+09    19.8901    80    79     6.6759
   81  1.5192e+09    19.8944    81    80     6.7554
   82  1.2392e+09    20.6788    82    81     6.8349
   83  1.2295e+09    20.7094    83    82     6.9143
   84  1.2293e+09    20.7100    84    83     6.9938
   85  1.2156e+09    20.7538    85    84     7.0733
   86  1.1602e+09    20.9367    86    85     7.1528
   87  1.0948e+09    21.1661    87    86     7.2323
   88  1.0936e+09    21.1704    88    87     7.3117
   89  1.0805e+09    21.2182    89    88     7.3912
   90  1.0796e+09    21.2217    90    89     7.4707
   91  1.0789e+09    21.2242    91    90     7.5502
   92  1.0766e+09    21.2325    92    91     7.6296
   93  1.0743e+09    21.2410    93    92     7.7091
   94  1.0739e+09    21.2427    94    93     7.7885
   95  1.0558e+09    21.3102    95    94     7.8680
   96  1.0436e+09    21.3565    96    95     7.9475
   97  1.0401e+09    21.3699    97    96     8.0269
   98  1.0369e+09    21.3822    98    97     8.1064
   99  1.0368e+09    21.3827    99    98     8.1858
  100  1.0250e+09    21.4283   100    99     8.2653
