#indx Mass S step-number desc_indx 
    0  1.0000e+11     8.0192     0    -1     0.0134
    1  6.7819e+10     8.8166     1     0     0.1326
    2  6.2824e+10     8.9803     2     1     0.2441
    3  6.2082e+10     9.0059     3     2     0.3500
    4  5.9987e+10     9.0802     4     3     0.4519
    5  5.2735e+10     9.3629     5     4     0.5506
    6  5.1491e+10     9.4160     6     5     0.6467
    7  5.0442e+10     9.4619     7     6     0.7407
    8  5.0103e+10     9.4770     8     7     0.8330
    9  4.9804e+10     9.4904     9     8     0.9238
   10  4.9533e+10     9.5026    10     9     1.0134
   11  4.9464e+10     9.5057    11    10     1.1018
   12  4.9439e+10     9.5068    12    11     1.1894
   13  4.7313e+10     9.6058    13    12     1.2761
   14  4.7185e+10     9.6119    14    13     1.3621
   15  4.6997e+10     9.6210    15    14     1.4474
   16  4.6959e+10     9.6228    16    15     1.5322
   17  4.5679e+10     9.6855    17    16     1.6165
   18  4.5462e+10     9.6963    18    17     1.7003
   19  4.5130e+10     9.7130    19    18     1.7838
   20  4.5024e+10     9.7184    20    19     1.8669
   21  4.4200e+10     9.7605    21    20     1.9496
   22  4.4075e+10     9.7670    22    21     2.0321
   23  4.3576e+10     9.7930    23    22     2.1143
   24  3.0570e+10    10.6299    24    23     2.1963
   25  3.0351e+10    10.6474    25    24     2.2781
   26  2.9973e+10    10.6780    26    25     2.3597
   27  2.9906e+10    10.6834    27    26     2.4411
   28  2.9870e+10    10.6863    28    27     2.5223
   29  2.9595e+10    10.7089    29    28     2.6034
   30  2.9471e+10    10.7192    30    29     2.6844
   31  2.8289e+10    10.8196    31    30     2.7652
   32  2.7740e+10    10.8680    32    31     2.8459
   33  2.7458e+10    10.8932    33    32     2.9266
   34  2.6485e+10    10.9827    34    33     3.0071
   35  2.2600e+10    11.3826    35    34     3.0876
   36  2.2447e+10    11.3999    36    35     3.1680
   37  2.1472e+10    11.5138    37    36     3.2483
   38  2.1440e+10    11.5176    38    37     3.3285
   39  2.1266e+10    11.5386    39    38     3.4087
   40  2.1035e+10    11.5668    40    39     3.4889
   41  2.0876e+10    11.5865    41    40     3.5689
   42  2.0815e+10    11.5940    42    41     3.6490
   43  2.0715e+10    11.6065    43    42     3.7290
   44  2.0141e+10    11.6794    44    43     3.8089
   45  1.9562e+10    11.7555    45    44     3.8889
   46  1.9502e+10    11.7634    46    45     3.9688
   47  1.7908e+10    11.9879    47    46     4.0486
   48  1.7219e+10    12.0922    48    47     4.1285
   49  1.6953e+10    12.1337    49    48     4.2083
   50  1.6911e+10    12.1404    50    49     4.2881
   51  1.3818e+10    12.6890    51    50     4.3678
   52  1.3617e+10    12.7297    52    51     4.4476
   53  1.3537e+10    12.7459    53    52     4.5273
   54  1.3252e+10    12.8048    54    53     4.6070
   55  1.3161e+10    12.8241    55    54     4.6867
   56  1.3149e+10    12.8266    56    55     4.7664
   57  1.2974e+10    12.8638    57    56     4.8460
   58  1.2681e+10    12.9276    58    57     4.9257
   59  1.2634e+10    12.9380    59    58     5.0053
   60  1.2026e+10    13.0765    60    59     5.0849
   61  1.1980e+10    13.0873    61    60     5.1646
   62  1.1980e+10    13.0874    62    61     5.2442
   63  1.1723e+10    13.1486    63    62     5.3238
   64  1.1620e+10    13.1737    64    63     5.4033
   65  5.0297e+09    15.7037    65    64     5.4829
   66  5.0292e+09    15.7040    66    65     5.5625
   67  5.0165e+09    15.7122    67    66     5.6421
   68  4.9656e+09    15.7449    68    67     5.7216
   69  4.9613e+09    15.7477    69    68     5.8012
   70  4.9517e+09    15.7540    70    69     5.8807
   71  4.9147e+09    15.7782    71    70     5.9602
   72  4.8954e+09    15.7908    72    71     6.0398
   73  4.8889e+09    15.7951    73    72     6.1193
   74  4.8597e+09    15.8144    74    73     6.1988
   75  4.8242e+09    15.8381    75    74     6.2783
   76  4.7811e+09    15.8672    76    75     6.3579
   77  4.7309e+09    15.9013    77    76     6.4374
   78  4.7272e+09    15.9039    78    77     6.5169
   79  4.6840e+09    15.9336    79    78     6.5964
   80  4.5907e+09    15.9991    80    79     6.6759
   81  4.2293e+09    16.2676    81    80     6.7554
   82  4.2079e+09    16.2843    82    81     6.8349
   83  3.9674e+09    16.4791    83    82     6.9143
   84  3.9547e+09    16.4898    84    83     6.9938
   85  3.1244e+09    17.2868    85    84     7.0733
   86  2.9833e+09    17.4463    86    85     7.1528
   87  2.9718e+09    17.4596    87    86     7.2323
   88  2.9633e+09    17.4696    88    87     7.3117
   89  2.8137e+09    17.6497    89    88     7.3912
   90  2.5276e+09    18.0267    90    89     7.4707
   91  2.4957e+09    18.0718    91    90     7.5502
   92  2.4648e+09    18.1160    92    91     7.6296
   93  2.2917e+09    18.3762    93    92     7.7091
   94  2.1921e+09    18.5361    94    93     7.7885
   95  2.1896e+09    18.5403    95    94     7.8680
   96  2.1123e+09    18.6706    96    95     7.9475
   97  2.0688e+09    18.7462    97    96     8.0269
   98  2.0565e+09    18.7679    98    97     8.1064
   99  2.0494e+09    18.7805    99    98     8.1858
  100  2.0453e+09    18.7879   100    99     8.2653
