#indx Mass S step-number desc_indx 
    0  1.0000e+11     8.0192     0    -1     0.0134
    1  9.9968e+10     8.0198     1     0     0.1326
    2  9.8244e+10     8.0544     2     1     0.2441
    3  7.7081e+10     8.5477     3     2     0.3500
    4  7.6462e+10     8.5645     4     3     0.4519
    5  7.3699e+10     8.6413     5     4     0.5506
    6  7.0940e+10     8.7214     6     5     0.6467
    7  6.5943e+10     8.8764     7     6     0.7407
    8  4.8659e+10     9.5426     8     7     0.8330
    9  4.8577e+10     9.5464     9     8     0.9238
   10  4.2038e+10     9.8757    10     9     1.0134
   11  4.1596e+10     9.9000    11    10     1.1018
   12  4.1521e+10     9.9042    12    11     1.1894
   13  4.0445e+10     9.9650    13    12     1.2761
   14  4.0114e+10     9.9841    14    13     1.3621
   15  3.9763e+10    10.0046    15    14     1.4474
   16  3.5707e+10    10.2572    16    15     1.5322
   17  3.5641e+10    10.2615    17    16     1.6165
   18  3.2026e+10    10.5173    18    17     1.7003
   19  3.1907e+10    10.5263    19    18     1.7838
   20  2.6365e+10    10.9940    20    19     1.8669
   21  2.6083e+10    11.0208    21    20     1.9496
   22  2.5503e+10    11.0770    22    21     2.0321
   23  2.5411e+10    11.0861    23    22     2.1143
   24  2.4925e+10    11.1345    24    23     2.1963
   25  2.4853e+10    11.1418    25    24     2.2781
   26  2.4467e+10    11.1812    26    25     2.3597
   27  2.4258e+10    11.2028    27    26     2.4411
   28  2.1998e+10    11.4516    28    27     2.5223
   29  2.1951e+10    11.4571    29    28     2.6034
   30  2.1696e+10    11.4871    30    29     2.6844
   31  2.0436e+10    11.6416    31    30     2.7652
   32  1.9237e+10    11.7993    32    31     2.8459
   33  1.9224e+10    11.8010    33    32     2.9266
   34  1.7891e+10    11.9904    34    33     3.0071
   35  1.7567e+10    12.0388    35    34     3.0876
   36  1.7499e+10    12.0492    36    35     3.1680
   37  1.7319e+10    12.0767    37    36     3.2483
   38  1.7295e+10    12.0804    38    37     3.3285
   39  1.7154e+10    12.1022    39    38     3.4087
   40  1.4372e+10    12.5809    40    39     3.4889
   41  1.4302e+10    12.5944    41    40     3.5689
   42  5.1017e+09    15.6581    42    41     3.6490
   43  5.0929e+09    15.6637    43    42     3.7290
   44  4.9585e+09    15.7496    44    43     3.8089
   45  4.8147e+09    15.8445    45    44     3.8889
   46  4.5685e+09    16.0148    46    45     3.9688
   47  4.4814e+09    16.0776    47    46     4.0486
   48  4.4715e+09    16.0849    48    47     4.1285
   49  3.7351e+09    16.6805    49    48     4.2083
   50  3.7142e+09    16.6994    50    49     4.2881
   51  3.2129e+09    17.1910    51    50     4.3678
   52  2.1812e+09    18.5541    52    51     4.4476
   53  2.1713e+09    18.5706    53    52     4.5273
   54  2.1679e+09    18.5764    54    53     4.6070
   55  1.9978e+09    18.8737    55    54     4.6867
   56  1.6986e+09    19.4739    56    55     4.7664
   57  1.6754e+09    19.5253    57    56     4.8460
   58  1.6700e+09    19.5375    58    57     4.9257
   59  1.6585e+09    19.5633    59    58     5.0053
   60  1.6312e+09    19.6257    60    59     5.0849
   61  1.6289e+09    19.6312    61    60     5.1646
   62  1.6210e+09    19.6494    62    61     5.2442
   63  1.5479e+09    19.8236    63    62     5.3238
   64  1.5327e+09    19.8609    64    63     5.4033
   65  1.4883e+09    19.9726    65    64     5.4829
   66  1.4849e+09    19.9815    66    65     5.5625
   67  1.4819e+09    19.9890    67    66     5.6421
   68  1.4662e+09    20.0297    68    67     5.7216
   69  1.4451e+09    20.0849    69    68     5.8012
   70  1.2713e+09    20.5792    70    69     5.8807
   71  1.2181e+09    20.7458    71    70     5.9602
   72  1.2131e+09    20.7620    72    71     6.0398
   73  1.2084e+09    20.7772    73    72     6.1193
   74  1.1804e+09    20.8691    74    73     6.1988
   75  1.1003e+09    21.1462    75    74     6.2783
   76  1.0976e+09    21.1561    76    75     6.3579
   77  1.0589e+09    21.2987    77    76     6.4374
   78  1.0540e+09    21.3172    78    77     6.5169
   79  1.0534e+09    21.3193    79    78     6.5964
   80  1.0363e+09    21.3848    80    79     6.6759
   81  1.0328e+09    21.3983    81    80     6.7554
   82  1.0158e+09    21.4646    82    81     6.8349
   83  9.7195e+08    21.6418    83    82     6.9143
   84  9.3921e+08    21.7801    84    83     6.9938
   85  9.2374e+08    21.8473    85    84     7.0733
   86  9.1188e+08    21.8998    86    85     7.1528
   87  9.1126e+08    21.9025    87    86     7.2323
   88  9.1100e+08    21.9037    88    87     7.3117
   89  8.9959e+08    21.9550    89    88     7.3912
   90  8.6388e+08    22.1202    90    89     7.4707
   91  8.4738e+08    22.1992    91    90     7.5502
   92  7.4573e+08    22.7274    92    91     7.6296
   93  7.4318e+08    22.7417    93    92     7.7091
   94  7.3472e+08    22.7895    94    93     7.7885
   95  7.3397e+08    22.7937    95    94     7.8680
   96  7.1488e+08    22.9040    96    95     7.9475
   97  7.0076e+08    22.9877    97    96     8.0269
   98  6.9083e+08    23.0477    98    97     8.1064
   99  6.8974e+08    23.0543    99    98     8.1858
  100  6.8185e+08    23.1028   100    99     8.2653
