#indx Mass S step-number desc_indx 
    0  1.0000e+11     8.0192     0    -1     0.0134
    1  9.9853e+10     8.0221     1     0     0.1326
    2  9.9827e+10     8.0226     2     1     0.2441
    3  9.9750e+10     8.0241     3     2     0.3500
    4  9.8807e+10     8.0430     4     3     0.4519
    5  9.6230e+10     8.0957     5     4     0.5506
    6  9.4708e+10     8.1275     6     5     0.6467
    7  8.7979e+10     8.2761     7     6     0.7407
    8  8.7853e+10     8.2791     8     7     0.8330
    9  8.5867e+10     8.3256     9     8     0.9238
   10  8.5371e+10     8.3374    10     9     1.0134
   11  7.9471e+10     8.4844    11    10     1.1018
   12  5.3429e+10     9.3339    12    11     1.1894
   13  4.6403e+10     9.6498    13    12     1.2761
   14  4.5674e+10     9.6857    14    13     1.3621
   15  4.5018e+10     9.7186    15    14     1.4474
   16  4.4890e+10     9.7252    16    15     1.5322
   17  4.3480e+10     9.7981    17    16     1.6165
   18  4.3250e+10     9.8103    18    17     1.7003
   19  4.3034e+10     9.8218    19    18     1.7838
   20  4.2950e+10     9.8263    20    19     1.8669
   21  4.1233e+10     9.9203    21    20     1.9496
   22  4.1077e+10     9.9291    22    21     2.0321
   23  4.0938e+10     9.9370    23    22     2.1143
   24  4.0284e+10     9.9743    24    23     2.1963
   25  4.0218e+10     9.9781    25    24     2.2781
   26  3.7078e+10    10.1682    26    25     2.3597
   27  3.7007e+10    10.1727    27    26     2.4411
   28  3.6863e+10    10.1819    28    27     2.5223
   29  3.6206e+10    10.2243    29    28     2.6034
   30  3.5889e+10    10.2451    30    29     2.6844
   31  3.5136e+10    10.2954    31    30     2.7652
   32  3.2269e+10    10.4990    32    31     2.8459
   33  3.1616e+10    10.5484    33    32     2.9266
   34  3.1167e+10    10.5830    34    33     3.0071
   35  3.1009e+10    10.5953    35    34     3.0876
   36  3.0378e+10    10.6453    36    35     3.1680
   37  2.5446e+10    11.0827    37    36     3.2483
   38  2.4165e+10    11.2126    38    37     3.3285
   39  2.3824e+10    11.2485    39    38     3.4087
   40  2.2581e+10    11.3847    40    39     3.4889
   41  2.2494e+10    11.3945    41    40     3.5689
   42  2.2425e+10    11.4024    42    41     3.6490
   43  2.2388e+10    11.4066    43    42     3.7290
   44  2.2344e+10    11.4116    44    43     3.8089
   45  2.2326e+10    11.4138    45    44     3.8889
   46  2.0978e+10    11.5739    46    45     3.9688
   47  2.0959e+10    11.5762    47    46     4.0486
   48  2.0760e+10    11.6008    48    47     4.1285
   49  2.0583e+10    11.6230    49    48     4.2083
   50  2.0315e+10    11.6570    50    49     4.2881
   51  1.8913e+10    11.8439    51    50     4.3678
   52  1.8732e+10    11.8691    52    51     4.4476
   53  1.7733e+10    12.0140    53    52     4.5273
   54  1.7644e+10    12.0273    54    53     4.6070
   55  1.7327e+10    12.0755    55    54     4.6867
   56  1.7276e+10    12.0833    56    55     4.7664
   57  1.6799e+10    12.1582    57    56     4.8460
   58  1.6727e+10    12.1697    58    57     4.9257
   59  1.6366e+10    12.2282    59    58     5.0053
   60  1.6006e+10    12.2881    60    59     5.0849
   61  1.5778e+10    12.3267    61    60     5.1646
   62  1.3723e+10    12.7081    62    61     5.2442
   63  1.3462e+10    12.7612    63    62     5.3238
   64  1.3180e+10    12.8201    64    63     5.4033
   65  1.3125e+10    12.8316    65    64     5.4829
   66  1.3086e+10    12.8400    66    65     5.5625
   67  1.3005e+10    12.8571    67    66     5.6421
   68  1.2449e+10    12.9792    68    67     5.7216
   69  1.2339e+10    13.0042    69    68     5.8012
   70  1.2254e+10    13.0238    70    69     5.8807
   71  1.2230e+10    13.0292    71    70     5.9602
   72  1.1804e+10    13.1293    72    71     6.0398
   73  1.1619e+10    13.1738    73    72     6.1193
   74  1.1133e+10    13.2955    74    73     6.1988
   75  1.0525e+10    13.4565    75    74     6.2783
   76  1.0337e+10    13.5083    76    75     6.3579
   77  1.0303e+10    13.5178    77    76     6.4374
   78  1.0057e+10    13.5877    78    77     6.5169
   79  1.0041e+10    13.5924    79    78     6.5964
   80  9.9579e+09    13.6164    80    79     6.6759
   81  9.9440e+09    13.6205    81    80     6.7554
   82  9.7067e+09    13.6907    82    81     6.8349
   83  9.5183e+09    13.7479    83    82     6.9143
   84  8.8750e+09    13.9535    84    83     6.9938
   85  8.8732e+09    13.9541    85    84     7.0733
   86  8.8712e+09    13.9548    86    85     7.1528
   87  8.8256e+09    13.9700    87    86     7.2323
   88  8.7624e+09    13.9913    88    87     7.3117
   89  8.7378e+09    13.9996    89    88     7.3912
   90  3.0797e+09    17.3364    90    89     7.4707
   91  3.0702e+09    17.3471    91    90     7.5502
   92  3.0583e+09    17.3605    92    91     7.6296
   93  3.0373e+09    17.3842    93    92     7.7091
   94  3.0102e+09    17.4152    94    93     7.7885
   95  2.9995e+09    17.4275    95    94     7.8680
   96  2.9230e+09    17.5170    96    95     7.9475
   97  2.9097e+09    17.5329    97    96     8.0269
   98  2.8661e+09    17.5854    98    97     8.1064
   99  2.8438e+09    17.6126    99    98     8.1858
  100  2.7638e+09    17.7122   100    99     8.2653
