#indx Mass S step-number desc_indx 
    0  1.0000e+11     8.0192     0    -1     0.0134
    1  9.8716e+10     8.0448     1     0     0.1326
    2  9.8300e+10     8.0532     2     1     0.2441
    3  9.6636e+10     8.0873     3     2     0.3500
    4  9.4492e+10     8.1321     4     3     0.4519
    5  8.2984e+10     8.3954     5     4     0.5506
    6  7.9792e+10     8.4761     6     5     0.6467
    7  7.9086e+10     8.4945     7     6     0.7407
    8  7.8442e+10     8.5114     8     7     0.8330
    9  7.7881e+10     8.5263     9     8     0.9238
   10  7.7798e+10     8.5285    10     9     1.0134
   11  7.7492e+10     8.5367    11    10     1.1018
   12  7.5835e+10     8.5816    12    11     1.1894
   13  6.8328e+10     8.8008    13    12     1.2761
   14  6.7747e+10     8.8189    14    13     1.3621
   15  6.7692e+10     8.8206    15    14     1.4474
   16  6.6964e+10     8.8437    16    15     1.5322
   17  6.1490e+10     9.0266    17    16     1.6165
   18  5.7970e+10     9.1546    18    17     1.7003
   19  5.7881e+10     9.1579    19    18     1.7838
   20  5.5398e+10     9.2540    20    19     1.8669
   21  5.4764e+10     9.2794    21    20     1.9496
   22  5.3833e+10     9.3172    22    21     2.0321
   23  5.3716e+10     9.3221    23    22     2.1143
   24  5.3245e+10     9.3415    24    23     2.1963
   25  5.1953e+10     9.3961    25    24     2.2781
   26  4.3560e+10     9.7939    26    25     2.3597
   27  4.3449e+10     9.7998    27    26     2.4411
   28  4.3285e+10     9.8084    28    27     2.5223
   29  4.0357e+10     9.9701    29    28     2.6034
   30  4.0095e+10     9.9852    30    29     2.6844
   31  3.8125e+10    10.1028    31    30     2.7652
   32  3.7890e+10    10.1172    32    31     2.8459
   33  3.7170e+10    10.1623    33    32     2.9266
   34  3.0862e+10    10.6068    34    33     3.0071
   35  2.6283e+10    11.0018    35    34     3.0876
   36  2.5924e+10    11.0360    36    35     3.1680
   37  2.3644e+10    11.2677    37    36     3.2483
   38  2.2950e+10    11.3433    38    37     3.3285
   39  2.2918e+10    11.3469    39    38     3.4087
   40  2.2192e+10    11.4291    40    39     3.4889
   41  2.1879e+10    11.4656    41    40     3.5689
   42  2.1784e+10    11.4767    42    41     3.6490
   43  2.1195e+10    11.5473    43    42     3.7290
   44  2.0962e+10    11.5758    44    43     3.8089
   45  2.0888e+10    11.5850    45    44     3.8889
   46  2.0417e+10    11.6440    46    45     3.9688
   47  1.6106e+10    12.2712    47    46     4.0486
   48  1.5831e+10    12.3177    48    47     4.1285
   49  1.5819e+10    12.3197    49    48     4.2083
   50  1.5703e+10    12.3396    50    49     4.2881
   51  1.5545e+10    12.3670    51    50     4.3678
   52  1.5530e+10    12.3696    52    51     4.4476
   53  1.5509e+10    12.3734    53    52     4.5273
   54  1.5160e+10    12.4350    54    53     4.6070
   55  1.4540e+10    12.5491    55    54     4.6867
   56  1.4416e+10    12.5726    56    55     4.7664
   57  1.4349e+10    12.5852    57    56     4.8460
   58  1.4121e+10    12.6293    58    57     4.9257
   59  1.3817e+10    12.6893    59    58     5.0053
   60  1.3578e+10    12.7376    60    59     5.0849
   61  1.3392e+10    12.7757    61    60     5.1646
   62  1.3384e+10    12.7774    62    61     5.2442
   63  1.2900e+10    12.8798    63    62     5.3238
   64  1.2846e+10    12.8915    64    63     5.4033
   65  1.2603e+10    12.9450    65    64     5.4829
   66  1.1456e+10    13.2139    66    65     5.5625
   67  1.1442e+10    13.2175    67    66     5.6421
   68  8.0628e+09    14.2390    68    67     5.7216
   69  3.8471e+09    16.5817    69    68     5.8012
   70  3.8281e+09    16.5982    70    69     5.8807
   71  3.7729e+09    16.6469    71    70     5.9602
   72  3.6444e+09    16.7631    72    71     6.0398
   73  3.5467e+09    16.8548    73    72     6.1193
   74  3.4794e+09    16.9195    74    73     6.1988
   75  3.4790e+09    16.9200    75    74     6.2783
   76  3.4521e+09    16.9462    76    75     6.3579
   77  3.3985e+09    16.9994    77    76     6.4374
   78  3.1918e+09    17.2135    78    77     6.5169
   79  2.9669e+09    17.4654    79    78     6.5964
   80  2.9202e+09    17.5204    80    79     6.6759
   81  2.9196e+09    17.5210    81    80     6.7554
   82  2.9056e+09    17.5378    82    81     6.8349
   83  2.8157e+09    17.6472    83    82     6.9143
   84  2.7908e+09    17.6783    84    83     6.9938
   85  2.6518e+09    17.8574    85    84     7.0733
   86  2.6445e+09    17.8671    86    85     7.1528
   87  2.6379e+09    17.8759    87    86     7.2323
   88  2.6257e+09    17.8922    88    87     7.3117
   89  2.6075e+09    17.9167    89    88     7.3912
   90  2.6047e+09    17.9205    90    89     7.4707
   91  2.5940e+09    17.9350    91    90     7.5502
   92  2.5653e+09    17.9743    92    91     7.6296
   93  2.5529e+09    17.9915    93    92     7.7091
   94  2.3471e+09    18.2906    94    93     7.7885
   95  2.2004e+09    18.5225    95    94     7.8680
   96  2.1324e+09    18.6361    96    95     7.9475
   97  2.0794e+09    18.7276    97    96     8.0269
   98  2.0642e+09    18.7543    98    97     8.1064
   99  2.0556e+09    18.7695    99    98     8.1858
  100  1.9877e+09    18.8921   100    99     8.2653
