#indx Mass S step-number desc_indx 
    0  1.0000e+11     8.0192     0    -1     0.0134
    1  9.7649e+10     8.0664     1     0     0.1326
    2  9.7291e+10     8.0738     2     1     0.2441
    3  9.2619e+10     8.1723     3     2     0.3500
    4  9.1877e+10     8.1885     4     3     0.4519
    5  8.8127e+10     8.2727     5     4     0.5506
    6  8.2949e+10     8.3963     6     5     0.6467
    7  7.9826e+10     8.4752     7     6     0.7407
    8  7.8837e+10     8.5010     8     7     0.8330
    9  7.7692e+10     8.5313     9     8     0.9238
   10  7.7369e+10     8.5400    10     9     1.0134
   11  7.5046e+10     8.6034    11    10     1.1018
   12  7.2987e+10     8.6616    12    11     1.1894
   13  7.0423e+10     8.7369    13    12     1.2761
   14  7.0309e+10     8.7403    14    13     1.3621
   15  6.9929e+10     8.7517    15    14     1.4474
   16  6.9501e+10     8.7647    16    15     1.5322
   17  6.9398e+10     8.7679    17    16     1.6165
   18  6.9011e+10     8.7797    18    17     1.7003
   19  6.8955e+10     8.7814    19    18     1.7838
   20  6.2706e+10     8.9843    20    19     1.8669
   21  6.1416e+10     9.0292    21    20     1.9496
   22  5.9114e+10     9.1120    22    21     2.0321
   23  5.7858e+10     9.1588    23    22     2.1143
   24  5.4824e+10     9.2770    24    23     2.1963
   25  5.4707e+10     9.2817    25    24     2.2781
   26  5.4169e+10     9.3035    26    25     2.3597
   27  5.3015e+10     9.3511    27    26     2.4411
   28  3.2046e+10    10.5158    28    27     2.5223
   29  3.0618e+10    10.6261    29    28     2.6034
   30  2.8784e+10    10.7769    30    29     2.6844
   31  1.8181e+10    11.9478    31    30     2.7652
   32  1.7921e+10    11.9859    32    31     2.8459
   33  1.7079e+10    12.1139    33    32     2.9266
   34  1.6762e+10    12.1640    34    33     3.0071
   35  1.6631e+10    12.1850    35    34     3.0876
   36  1.6245e+10    12.2481    36    35     3.1680
   37  1.5660e+10    12.3470    37    36     3.2483
   38  1.5586e+10    12.3598    38    37     3.3285
   39  1.5562e+10    12.3641    39    38     3.4087
   40  1.4635e+10    12.5312    40    39     3.4889
   41  1.4333e+10    12.5884    41    40     3.5689
   42  1.0760e+10    13.3929    42    41     3.6490
   43  1.0676e+10    13.4154    43    42     3.7290
   44  1.0038e+10    13.5933    44    43     3.8089
   45  1.0022e+10    13.5978    45    44     3.8889
   46  9.9415e+09    13.6212    46    45     3.9688
   47  9.7414e+09    13.6803    47    46     4.0486
   48  8.8692e+09    13.9554    48    47     4.1285
   49  8.8191e+09    13.9722    49    48     4.2083
   50  8.7045e+09    14.0109    50    49     4.2881
   51  8.3070e+09    14.1498    51    50     4.3678
   52  8.2000e+09    14.1885    52    51     4.4476
   53  8.1666e+09    14.2007    53    52     4.5273
   54  5.1831e+09    15.6074    54    53     4.6070
   55  5.0347e+09    15.7005    55    54     4.6867
   56  4.9409e+09    15.7610    56    55     4.7664
   57  4.8376e+09    15.8291    57    56     4.8460
   58  4.8253e+09    15.8374    58    57     4.9257
   59  4.7411e+09    15.8943    59    58     5.0053
   60  4.6134e+09    15.9830    60    59     5.0849
   61  4.2210e+09    16.2740    61    60     5.1646
   62  4.1650e+09    16.3181    62    61     5.2442
   63  3.3835e+09    17.0144    63    62     5.3238
   64  3.3492e+09    17.0491    64    63     5.4033
   65  3.3245e+09    17.0743    65    64     5.4829
   66  3.1894e+09    17.2161    66    65     5.5625
   67  3.1362e+09    17.2739    67    66     5.6421
   68  3.1047e+09    17.3086    68    67     5.7216
   69  3.0975e+09    17.3165    69    68     5.8012
   70  2.8904e+09    17.5560    70    69     5.8807
   71  2.2717e+09    18.4076    71    70     5.9602
   72  2.2276e+09    18.4782    72    71     6.0398
   73  2.1779e+09    18.5596    73    72     6.1193
   74  2.1772e+09    18.5608    74    73     6.1988
   75  2.1568e+09    18.5949    75    74     6.2783
   76  2.1554e+09    18.5973    76    75     6.3579
   77  2.1243e+09    18.6500    77    76     6.4374
   78  2.0642e+09    18.7543    78    77     6.5169
   79  2.0628e+09    18.7568    79    78     6.5964
   80  2.0609e+09    18.7601    80    79     6.6759
   81  2.0356e+09    18.8051    81    80     6.7554
   82  2.0013e+09    18.8673    82    81     6.8349
   83  1.9402e+09    18.9808    83    82     6.9143
   84  1.9328e+09    18.9949    84    83     6.9938
   85  1.9088e+09    19.0409    85    84     7.0733
   86  1.8494e+09    19.1575    86    85     7.1528
   87  1.8161e+09    19.2249    87    86     7.2323
   88  1.8146e+09    19.2279    88    87     7.3117
   89  1.8060e+09    19.2455    89    88     7.3912
   90  1.8028e+09    19.2521    90    89     7.4707
   91  1.7339e+09    19.3970    91    90     7.5502
   92  1.7322e+09    19.4007    92    91     7.6296
   93  1.7197e+09    19.4278    93    92     7.7091
   94  1.6969e+09    19.4775    94    93     7.7885
   95  1.6800e+09    19.5151    95    94     7.8680
   96  1.6770e+09    19.5219    96    95     7.9475
   97  1.6740e+09    19.5285    97    96     8.0269
   98  1.6593e+09    19.5617    98    97     8.1064
   99  1.5922e+09    19.7169    99    98     8.1858
  100  1.5665e+09    19.7784   100    99     8.2653
