#indx Mass S step-number desc_indx 
    0  1.0000e+11     8.0192     0    -1     0.0134
    1  9.9604e+10     8.0270     1     0     0.1326
    2  4.3676e+10     9.7878     2     1     0.2441
    3  4.3650e+10     9.7892     3     2     0.3500
    4  4.3602e+10     9.7917     4     3     0.4519
    5  4.3544e+10     9.7948     5     4     0.5506
    6  4.3123e+10     9.8170     6     5     0.6467
    7  4.3105e+10     9.8180     7     6     0.7407
    8  4.3073e+10     9.8197     8     7     0.8330
    9  4.2729e+10     9.8381     9     8     0.9238
   10  3.8779e+10    10.0629    10     9     1.0134
   11  3.8165e+10    10.1003    11    10     1.1018
   12  3.7950e+10    10.1135    12    11     1.1894
   13  3.7577e+10    10.1367    13    12     1.2761
   14  3.5864e+10    10.2467    14    13     1.3621
   15  3.4029e+10    10.3717    15    14     1.4474
   16  3.3336e+10    10.4209    16    15     1.5322
   17  3.3279e+10    10.4250    17    16     1.6165
   18  3.2954e+10    10.4485    18    17     1.7003
   19  3.2604e+10    10.4741    19    18     1.7838
   20  3.2139e+10    10.5088    20    19     1.8669
   21  2.8822e+10    10.7737    21    20     1.9496
   22  2.7058e+10    10.9296    22    21     2.0321
   23  2.6701e+10    10.9625    23    22     2.1143
   24  2.5939e+10    11.0346    24    23     2.1963
   25  2.5857e+10    11.0425    25    24     2.2781
   26  2.5828e+10    11.0453    26    25     2.3597
   27  2.3529e+10    11.2800    27    26     2.4411
   28  2.2166e+10    11.4322    28    27     2.5223
   29  2.1950e+10    11.4573    29    28     2.6034
   30  2.1097e+10    11.5593    30    29     2.6844
   31  2.0996e+10    11.5716    31    30     2.7652
   32  2.0797e+10    11.5963    32    31     2.8459
   33  2.0661e+10    11.6133    33    32     2.9266
   34  2.0621e+10    11.6183    34    33     3.0071
   35  2.0460e+10    11.6386    35    34     3.0876
   36  2.0244e+10    11.6662    36    35     3.1680
   37  1.9715e+10    11.7351    37    36     3.2483
   38  1.9561e+10    11.7555    38    37     3.3285
   39  1.9507e+10    11.7627    39    38     3.4087
   40  1.9189e+10    11.8058    40    39     3.4889
   41  1.8984e+10    11.8340    41    40     3.5689
   42  1.8066e+10    11.9647    42    41     3.6490
   43  1.7855e+10    11.9957    43    42     3.7290
   44  1.7252e+10    12.0871    44    43     3.8089
   45  1.7099e+10    12.1109    45    44     3.8889
   46  1.6721e+10    12.1706    46    45     3.9688
   47  1.6661e+10    12.1802    47    46     4.0486
   48  1.5186e+10    12.4305    48    47     4.1285
   49  1.5136e+10    12.4394    49    48     4.2083
   50  1.4214e+10    12.6113    50    49     4.2881
   51  1.4073e+10    12.6387    51    50     4.3678
   52  1.3712e+10    12.7104    52    51     4.4476
   53  1.3646e+10    12.7237    53    52     4.5273
   54  1.2692e+10    12.9251    54    53     4.6070
   55  1.2643e+10    12.9359    55    54     4.6867
   56  1.2589e+10    12.9480    56    55     4.7664
   57  1.2383e+10    12.9943    57    56     4.8460
   58  1.1806e+10    13.1288    58    57     4.9257
   59  1.0939e+10    13.3456    59    58     5.0053
   60  1.0907e+10    13.3541    60    59     5.0849
   61  1.0814e+10    13.3785    61    60     5.1646
   62  1.0790e+10    13.3848    62    61     5.2442
   63  1.0668e+10    13.4175    63    62     5.3238
   64  1.0655e+10    13.4209    64    63     5.4033
   65  1.0270e+10    13.5272    65    64     5.4829
   66  1.0254e+10    13.5316    66    65     5.5625
   67  9.9939e+09    13.6059    67    66     5.6421
   68  9.9597e+09    13.6159    68    67     5.7216
   69  9.9545e+09    13.6174    69    68     5.8012
   70  9.8952e+09    13.6348    70    69     5.8807
   71  9.8857e+09    13.6376    71    70     5.9602
   72  9.8012e+09    13.6625    72    71     6.0398
   73  9.7300e+09    13.6837    73    72     6.1193
   74  9.3928e+09    13.7867    74    73     6.1988
   75  9.3126e+09    13.8119    75    74     6.2783
   76  8.8569e+09    13.9595    76    75     6.3579
   77  8.8140e+09    13.9739    77    76     6.4374
   78  8.7570e+09    13.9931    78    77     6.5169
   79  8.7232e+09    14.0045    79    78     6.5964
   80  8.7153e+09    14.0072    80    79     6.6759
   81  8.5197e+09    14.0745    81    80     6.7554
   82  8.3818e+09    14.1231    82    81     6.8349
   83  8.0417e+09    14.2469    83    82     6.9143
   84  7.9762e+09    14.2714    84    83     6.9938
   85  7.9155e+09    14.2944    85    84     7.0733
   86  7.8891e+09    14.3044    86    85     7.1528
   87  7.8277e+09    14.3279    87    86     7.2323
   88  7.8242e+09    14.3292    88    87     7.3117
   89  7.5891e+09    14.4213    89    88     7.3912
   90  4.0110e+09    16.4428    90    89     7.4707
   91  3.9905e+09    16.4598    91    90     7.5502
   92  3.9818e+09    16.4671    92    91     7.6296
   93  3.7342e+09    16.6814    93    92     7.7091
   94  3.7262e+09    16.6886    94    93     7.7885
   95  3.6685e+09    16.7409    95    94     7.8680
   96  3.6517e+09    16.7564    96    95     7.9475
   97  3.6397e+09    16.7675    97    96     8.0269
   98  3.6341e+09    16.7727    98    97     8.1064
   99  3.5472e+09    16.8543    99    98     8.1858
  100  3.2944e+09    17.1053   100    99     8.2653
