#indx Mass S step-number desc_indx 
    0  1.0000e+11     8.0192     0    -1     0.0134
    1  9.7413e+10     8.0713     1     0     0.1326
    2  8.9959e+10     8.2311     2     1     0.2441
    3  8.2142e+10     8.4163     3     2     0.3500
    4  8.1537e+10     8.4315     4     3     0.4519
    5  7.9464e+10     8.4846     5     4     0.5506
    6  7.8956e+10     8.4979     6     5     0.6467
    7  7.8235e+10     8.5169     7     6     0.7407
    8  2.4205e+10    11.2083     8     7     0.8330
    9  2.3115e+10    11.3251     9     8     0.9238
   10  2.3002e+10    11.3376    10     9     1.0134
   11  2.2526e+10    11.3910    11    10     1.1018
   12  2.2337e+10    11.4125    12    11     1.1894
   13  1.9326e+10    11.7871    13    12     1.2761
   14  1.9175e+10    11.8077    14    13     1.3621
   15  1.8653e+10    11.8802    15    14     1.4474
   16  1.8618e+10    11.8852    16    15     1.5322
   17  1.6526e+10    12.2021    17    16     1.6165
   18  1.6417e+10    12.2197    18    17     1.7003
   19  1.6200e+10    12.2556    19    18     1.7838
   20  1.5933e+10    12.3003    20    19     1.8669
   21  1.5920e+10    12.3026    21    20     1.9496
   22  1.5725e+10    12.3358    22    21     2.0321
   23  1.4802e+10    12.5002    23    22     2.1143
   24  1.4772e+10    12.5058    24    23     2.1963
   25  1.4180e+10    12.6179    25    24     2.2781
   26  1.3970e+10    12.6589    26    25     2.3597
   27  1.3608e+10    12.7315    27    26     2.4411
   28  1.0762e+10    13.3924    28    27     2.5223
   29  1.0643e+10    13.4244    29    28     2.6034
   30  1.0480e+10    13.4687    30    29     2.6844
   31  1.0071e+10    13.5838    31    30     2.7652
   32  9.6742e+09    13.7005    32    31     2.8459
   33  9.6692e+09    13.7020    33    32     2.9266
   34  9.6577e+09    13.7055    34    33     3.0071
   35  8.5947e+09    14.0485    35    34     3.0876
   36  8.4897e+09    14.0850    36    35     3.1680
   37  8.3134e+09    14.1475    37    36     3.2483
   38  8.2950e+09    14.1541    38    37     3.3285
   39  8.2453e+09    14.1721    39    38     3.4087
   40  8.2049e+09    14.1867    40    39     3.4889
   41  7.9484e+09    14.2819    41    40     3.5689
   42  7.9358e+09    14.2867    42    41     3.6490
   43  7.9104e+09    14.2963    43    42     3.7290
   44  6.7724e+09    14.7685    44    43     3.8089
   45  4.7741e+09    15.8719    45    44     3.8889
   46  4.7486e+09    15.8892    46    45     3.9688
   47  4.6970e+09    15.9246    47    46     4.0486
   48  4.4957e+09    16.0673    48    47     4.1285
   49  4.4913e+09    16.0705    49    48     4.2083
   50  4.0387e+09    16.4200    50    49     4.2881
   51  3.9426e+09    16.5000    51    50     4.3678
   52  3.7693e+09    16.6500    52    51     4.4476
   53  3.7565e+09    16.6614    53    52     4.5273
   54  3.7410e+09    16.6752    54    53     4.6070
   55  3.7367e+09    16.6791    55    54     4.6867
   56  3.1821e+09    17.2240    56    55     4.7664
   57  3.1754e+09    17.2313    57    56     4.8460
   58  3.1612e+09    17.2467    58    57     4.9257
   59  3.1434e+09    17.2660    59    58     5.0053
   60  2.9734e+09    17.4578    60    59     5.0849
   61  2.9102e+09    17.5323    61    60     5.1646
   62  2.9038e+09    17.5400    62    61     5.2442
   63  2.8074e+09    17.6575    63    62     5.3238
   64  2.8073e+09    17.6576    64    63     5.4033
   65  2.7058e+09    17.7865    65    64     5.4829
   66  2.7054e+09    17.7870    66    65     5.5625
   67  2.6791e+09    17.8214    67    66     5.6421
   68  2.6609e+09    17.8454    68    67     5.7216
   69  2.5104e+09    18.0510    69    68     5.8012
   70  2.5084e+09    18.0538    70    69     5.8807
   71  2.5033e+09    18.0609    71    70     5.9602
   72  2.4838e+09    18.0887    72    71     6.0398
   73  2.3934e+09    18.2207    73    72     6.1193
   74  2.3913e+09    18.2239    74    73     6.1988
   75  2.2119e+09    18.5037    75    74     6.2783
   76  2.1798e+09    18.5566    76    75     6.3579
   77  8.5565e+08    22.1594    77    76     6.4374
   78  8.2172e+08    22.3255    78    77     6.5169
   79  7.1655e+08    22.8943    79    78     6.5964
   80  5.7030e+08    23.8645    80    79     6.6759
   81  5.6500e+08    23.9048    81    80     6.7554
   82  5.6066e+08    23.9381    82    81     6.8349
   83  5.6048e+08    23.9396    83    82     6.9143
   84  5.5650e+08    23.9703    84    83     6.9938
   85  4.2443e+08    25.1622    85    84     7.0733
   86  4.2003e+08    25.2088    86    85     7.1528
   87  4.1965e+08    25.2128    87    86     7.2323
   88  4.1891e+08    25.2207    88    87     7.3117
   89  4.0262e+08    25.3989    89    88     7.3912
   90  4.0032e+08    25.4247    90    89     7.4707
   91  3.8931e+08    25.5506    91    90     7.5502
   92  3.7684e+08    25.6981    92    91     7.6296
   93  3.7662e+08    25.7007    93    92     7.7091
   94  3.7640e+08    25.7033    94    93     7.7885
   95  3.7530e+08    25.7166    95    94     7.8680
   96  3.1057e+08    26.5864    96    95     7.9475
   97  2.8636e+08    26.9653    97    96     8.0269
   98  2.8566e+08    26.9768    98    97     8.1064
   99  2.8382e+08    27.0072    99    98     8.1858
  100  2.7673e+08    27.1261   100    99     8.2653
