#indx Mass S step-number desc_indx 
    0  1.0000e+11     8.0192     0    -1     0.0134
    1  9.9373e+10     8.0316     1     0     0.1326
    2  9.2366e+10     8.1778     2     1     0.2441
    3  7.9962e+10     8.4717     3     2     0.3500
    4  7.9627e+10     8.4804     4     3     0.4519
    5  7.8874e+10     8.5000     5     4     0.5506
    6  7.8662e+10     8.5056     6     5     0.6467
    7  7.5005e+10     8.6046     7     6     0.7407
    8  7.4874e+10     8.6082     8     7     0.8330
    9  6.6277e+10     8.8656     9     8     0.9238
   10  6.6243e+10     8.8667    10     9     1.0134
   11  6.5144e+10     8.9025    11    10     1.1018
   12  6.3861e+10     8.9451    12    11     1.1894
   13  6.2173e+10     9.0027    13    12     1.2761
   14  6.0556e+10     9.0597    14    13     1.3621
   15  5.2009e+10     9.3937    15    14     1.4474
   16  5.1870e+10     9.3996    16    15     1.5322
   17  4.5287e+10     9.7051    17    16     1.6165
   18  3.3135e+10    10.4354    18    17     1.7003
   19  3.2267e+10    10.4992    19    18     1.7838
   20  3.0533e+10    10.6329    20    19     1.8669
   21  2.1786e+10    11.4765    21    20     1.9496
   22  2.1730e+10    11.4831    22    21     2.0321
   23  2.0989e+10    11.5725    23    22     2.1143
   24  2.0291e+10    11.6601    24    23     2.1963
   25  2.0251e+10    11.6652    25    24     2.2781
   26  1.9959e+10    11.7029    26    25     2.3597
   27  1.9335e+10    11.7860    27    26     2.4411
   28  1.8909e+10    11.8443    28    27     2.5223
   29  1.5357e+10    12.4001    29    28     2.6034
   30  1.4929e+10    12.4769    30    29     2.6844
   31  1.4768e+10    12.5064    31    30     2.7652
   32  1.4547e+10    12.5477    32    31     2.8459
   33  1.4036e+10    12.6460    33    32     2.9266
   34  1.3458e+10    12.7621    34    33     3.0071
   35  1.2450e+10    12.9790    35    34     3.0876
   36  1.2363e+10    12.9988    36    35     3.1680
   37  1.2343e+10    13.0034    37    36     3.2483
   38  1.2308e+10    13.0114    38    37     3.3285
   39  1.2290e+10    13.0154    39    38     3.4087
   40  1.2280e+10    13.0177    40    39     3.4889
   41  1.1027e+10    13.3228    41    40     3.5689
   42  9.9651e+09    13.6143    42    41     3.6490
   43  9.2216e+09    13.8407    43    42     3.7290
   44  7.1324e+09    14.6098    44    43     3.8089
   45  2.0539e+09    18.7725    45    44     3.8889
   46  2.0420e+09    18.7937    46    45     3.9688
   47  1.8223e+09    19.2122    47    46     4.0486
   48  1.8200e+09    19.2169    48    47     4.1285
   49  1.8156e+09    19.2258    49    48     4.2083
   50  1.3896e+09    20.2352    50    49     4.2881
   51  1.3545e+09    20.3336    51    50     4.3678
   52  1.3049e+09    20.4780    52    51     4.4476
   53  1.2726e+09    20.5751    53    52     4.5273
   54  1.1440e+09    20.9922    54    53     4.6070
   55  1.1179e+09    21.0834    55    54     4.6867
   56  1.1139e+09    21.0976    56    55     4.7664
   57  1.1128e+09    21.1015    57    56     4.8460
   58  1.1124e+09    21.1030    58    57     4.9257
   59  1.1087e+09    21.1161    59    58     5.0053
   60  1.1068e+09    21.1228    60    59     5.0849
   61  1.1061e+09    21.1253    61    60     5.1646
   62  1.0780e+09    21.2276    62    61     5.2442
   63  1.0739e+09    21.2424    63    62     5.3238
   64  9.7720e+08    21.6201    64    63     5.4033
   65  8.6586e+08    22.1108    65    64     5.4829
   66  8.6150e+08    22.1315    66    65     5.5625
   67  7.9415e+08    22.4663    67    66     5.6421
   68  7.7419e+08    22.5717    68    67     5.7216
   69  7.5800e+08    22.6595    69    68     5.8012
   70  7.0284e+08    22.9752    70    69     5.8807
   71  6.8435e+08    23.0874    71    70     5.9602
   72  6.8205e+08    23.1016    72    71     6.0398
   73  6.2188e+08    23.4933    73    72     6.1193
   74  6.1799e+08    23.5200    74    73     6.1988
   75  6.1396e+08    23.5480    75    74     6.2783
   76  6.1302e+08    23.5545    76    75     6.3579
   77  6.1128e+08    23.5666    77    76     6.4374
   78  6.0570e+08    23.6058    78    77     6.5169
   79  6.0337e+08    23.6223    79    78     6.5964
   80  6.0314e+08    23.6239    80    79     6.6759
   81  6.0255e+08    23.6282    81    80     6.7554
   82  6.0252e+08    23.6284    82    81     6.8349
   83  6.0222e+08    23.6305    83    82     6.9143
   84  5.9795e+08    23.6611    84    83     6.9938
   85  5.9287e+08    23.6976    85    84     7.0733
   86  5.6451e+08    23.9086    86    85     7.1528
   87  5.5394e+08    23.9903    87    86     7.2323
   88  5.5161e+08    24.0086    88    87     7.3117
   89  5.4719e+08    24.0434    89    88     7.3912
   90  5.0538e+08    24.3896    90    89     7.4707
   91  5.0482e+08    24.3945    91    90     7.5502
   92  5.0121e+08    24.4259    92    91     7.6296
   93  5.0014e+08    24.4353    93    92     7.7091
   94  3.6501e+08    25.8431    94    93     7.7885
   95  3.6170e+08    25.8846    95    94     7.8680
   96  3.6007e+08    25.9053    96    95     7.9475
   97  3.5337e+08    25.9910    97    96     8.0269
   98  3.2987e+08    26.3072    98    97     8.1064
   99  3.2960e+08    26.3110    99    98     8.1858
  100  3.2776e+08    26.3368   100    99     8.2653
