#indx Mass S step-number desc_indx 
    0  1.0000e+11     8.0192     0    -1     0.0134
    1  9.9496e+10     8.0292     1     0     0.1326
    2  9.8081e+10     8.0577     2     1     0.2441
    3  9.5652e+10     8.1077     3     2     0.3500
    4  7.5899e+10     8.5799     4     3     0.4519
    5  7.4877e+10     8.6081     5     4     0.5506
    6  7.1216e+10     8.7133     6     5     0.6467
    7  7.0686e+10     8.7290     7     6     0.7407
    8  6.9004e+10     8.7799     8     7     0.8330
    9  6.3938e+10     8.9425     9     8     0.9238
   10  5.6865e+10     9.1967    10     9     1.0134
   11  4.6855e+10     9.6278    11    10     1.1018
   12  4.6767e+10     9.6321    12    11     1.1894
   13  4.5935e+10     9.6728    13    12     1.2761
   14  4.2215e+10     9.8660    14    13     1.3621
   15  4.2119e+10     9.8712    15    14     1.4474
   16  4.0034e+10     9.9887    16    15     1.5322
   17  3.7495e+10    10.1419    17    16     1.6165
   18  3.7328e+10    10.1524    18    17     1.7003
   19  3.6324e+10    10.2166    19    18     1.7838
   20  3.5529e+10    10.2690    20    19     1.8669
   21  3.5104e+10    10.2976    21    20     1.9496
   22  3.4774e+10    10.3200    22    21     2.0321
   23  3.4436e+10    10.3433    23    22     2.1143
   24  3.3198e+10    10.4308    24    23     2.1963
   25  3.3184e+10    10.4318    25    24     2.2781
   26  3.2404e+10    10.4890    26    25     2.3597
   27  3.1969e+10    10.5216    27    26     2.4411
   28  3.1934e+10    10.5241    28    27     2.5223
   29  3.1154e+10    10.5840    29    28     2.6034
   30  3.0378e+10    10.6452    30    29     2.6844
   31  2.7700e+10    10.8715    31    30     2.7652
   32  2.6326e+10    10.9977    32    31     2.8459
   33  2.6021e+10    11.0267    33    32     2.9266
   34  2.5874e+10    11.0409    34    33     3.0071
   35  2.4758e+10    11.1514    35    34     3.0876
   36  2.4410e+10    11.1870    36    35     3.1680
   37  2.2096e+10    11.4402    37    36     3.2483
   38  2.2038e+10    11.4469    38    37     3.3285
   39  2.0840e+10    11.5909    39    38     3.4087
   40  2.0810e+10    11.5946    40    39     3.4889
   41  2.0113e+10    11.6829    41    40     3.5689
   42  2.0027e+10    11.6942    42    41     3.6490
   43  1.9540e+10    11.7584    43    42     3.7290
   44  1.9280e+10    11.7934    44    43     3.8089
   45  1.9214e+10    11.8024    45    44     3.8889
   46  1.8259e+10    11.9365    46    45     3.9688
   47  1.7997e+10    11.9747    47    46     4.0486
   48  1.7939e+10    11.9833    48    47     4.1285
   49  1.7852e+10    11.9961    49    48     4.2083
   50  1.7605e+10    12.0332    50    49     4.2881
   51  1.2944e+10    12.8703    51    50     4.3678
   52  1.2941e+10    12.8709    52    51     4.4476
   53  1.2931e+10    12.8732    53    52     4.5273
   54  1.2882e+10    12.8837    54    53     4.6070
   55  1.2663e+10    12.9315    55    54     4.6867
   56  1.2420e+10    12.9859    56    55     4.7664
   57  6.1960e+09    15.0438    57    56     4.8460
   58  4.5646e+09    16.0176    58    57     4.9257
   59  3.7041e+09    16.7085    59    58     5.0053
   60  3.5419e+09    16.8593    60    59     5.0849
   61  9.9875e+08    21.5324    61    60     5.1646
   62  9.8924e+08    21.5708    62    61     5.2442
   63  9.7844e+08    21.6150    63    62     5.3238
   64  7.8478e+08    22.5154    64    63     5.4033
   65  7.7305e+08    22.5778    65    64     5.4829
   66  7.5738e+08    22.6629    66    65     5.5625
   67  7.4808e+08    22.7143    67    66     5.6421
   68  6.9322e+08    23.0332    68    67     5.7216
   69  5.6450e+08    23.9086    69    68     5.8012
   70  5.1788e+08    24.2829    70    69     5.8807
   71  5.1713e+08    24.2891    71    70     5.9602
   72  5.1709e+08    24.2896    72    71     6.0398
   73  4.2485e+08    25.1578    73    72     6.1193
   74  4.2408e+08    25.1659    74    73     6.1988
   75  4.2261e+08    25.1814    75    74     6.2783
   76  4.1901e+08    25.2197    76    75     6.3579
   77  4.1819e+08    25.2284    77    76     6.4374
   78  4.1651e+08    25.2465    78    77     6.5169
   79  3.9898e+08    25.4398    79    78     6.5964
   80  3.9760e+08    25.4554    80    79     6.6759
   81  3.9722e+08    25.4597    81    80     6.7554
   82  3.9281e+08    25.5101    82    81     6.8349
   83  3.2130e+08    26.4288    83    82     6.9143
   84  3.0465e+08    26.6759    84    83     6.9938
   85  2.8240e+08    27.0306    85    84     7.0733
   86  2.8042e+08    27.0637    86    85     7.1528
   87  2.8035e+08    27.0650    87    86     7.2323
   88  2.8018e+08    27.0678    88    87     7.3117
   89  2.7838e+08    27.0982    89    88     7.3912
   90  2.7658e+08    27.1287    90    89     7.4707
   91  2.6990e+08    27.2441    91    90     7.5502
   92  2.5905e+08    27.4384    92    91     7.6296
   93  2.5887e+08    27.4418    93    92     7.7091
   94  2.5084e+08    27.5915    94    93     7.7885
   95  2.4999e+08    27.6078    95    94     7.8680
   96  2.4923e+08    27.6222    96    95     7.9475
   97  2.4855e+08    27.6353    97    96     8.0269
   98  2.4846e+08    27.6370    98    97     8.1064
   99  2.4056e+08    27.7915    99    98     8.1858
  100  2.3772e+08    27.8486   100    99     8.2653
