#indx Mass S step-number desc_indx 
    0  1.0000e+11     8.0192     0    -1     0.0134
    1  9.2198e+10     8.1815     1     0     0.1326
    2  7.0527e+10     8.7338     2     1     0.2441
    3  6.2199e+10     9.0018     3     2     0.3500
    4  6.2060e+10     9.0066     4     3     0.4519
    5  5.9693e+10     9.0908     5     4     0.5506
    6  5.9611e+10     9.0938     6     5     0.6467
    7  5.9118e+10     9.1118     7     6     0.7407
    8  5.8489e+10     9.1351     8     7     0.8330
    9  5.6596e+10     9.2071     9     8     0.9238
   10  5.4819e+10     9.2772    10     9     1.0134
   11  5.4535e+10     9.2886    11    10     1.1018
   12  5.2307e+10     9.3810    12    11     1.1894
   13  5.2152e+10     9.3876    13    12     1.2761
   14  5.1799e+10     9.4027    14    13     1.3621
   15  5.1005e+10     9.4371    15    14     1.4474
   16  4.9704e+10     9.4949    16    15     1.5322
   17  4.9101e+10     9.5222    17    16     1.6165
   18  4.7851e+10     9.5803    18    17     1.7003
   19  4.7439e+10     9.5998    19    18     1.7838
   20  4.7349e+10     9.6041    20    19     1.8669
   21  4.7323e+10     9.6053    21    20     1.9496
   22  3.7557e+10    10.1380    22    21     2.0321
   23  3.4178e+10    10.3612    23    22     2.1143
   24  3.3578e+10    10.4035    24    23     2.1963
   25  3.1599e+10    10.5497    25    24     2.2781
   26  3.0293e+10    10.6521    26    25     2.3597
   27  3.0125e+10    10.6656    27    26     2.4411
   28  2.9905e+10    10.6835    28    27     2.5223
   29  2.9837e+10    10.6890    29    28     2.6034
   30  2.9711e+10    10.6994    30    29     2.6844
   31  2.7813e+10    10.8614    31    30     2.7652
   32  2.7707e+10    10.8709    32    31     2.8459
   33  2.7570e+10    10.8831    33    32     2.9266
   34  2.7534e+10    10.8863    34    33     3.0071
   35  2.7420e+10    10.8966    35    34     3.0876
   36  2.4489e+10    11.1790    36    35     3.1680
   37  2.3974e+10    11.2325    37    36     3.2483
   38  2.3443e+10    11.2893    38    37     3.3285
   39  1.9519e+10    11.7611    39    38     3.4087
   40  1.8805e+10    11.8589    40    39     3.4889
   41  1.7135e+10    12.1052    41    40     3.5689
   42  1.6963e+10    12.1321    42    41     3.6490
   43  1.5449e+10    12.3839    43    42     3.7290
   44  1.5414e+10    12.3900    44    43     3.8089
   45  1.4653e+10    12.5278    45    44     3.8889
   46  1.4472e+10    12.5619    46    45     3.9688
   47  1.4415e+10    12.5727    47    46     4.0486
   48  1.4363e+10    12.5826    48    47     4.1285
   49  1.4014e+10    12.6503    49    48     4.2083
   50  1.4004e+10    12.6521    50    49     4.2881
   51  1.3962e+10    12.6604    51    50     4.3678
   52  1.3759e+10    12.7009    52    51     4.4476
   53  1.3748e+10    12.7031    53    52     4.5273
   54  1.3151e+10    12.8261    54    53     4.6070
   55  1.2287e+10    13.0161    55    54     4.6867
   56  1.2268e+10    13.0205    56    55     4.7664
   57  8.4212e+09    14.1091    57    56     4.8460
   58  8.4092e+09    14.1134    58    57     4.9257
   59  7.7903e+09    14.3423    59    58     5.0053
   60  6.2683e+09    15.0077    60    59     5.0849
   61  5.6366e+09    15.3407    61    60     5.1646
   62  4.9372e+09    15.7635    62    61     5.2442
   63  4.8728e+09    15.8058    63    62     5.3238
   64  3.1488e+09    17.2600    64    63     5.4033
   65  3.0461e+09    17.3743    65    64     5.4829
   66  3.0254e+09    17.3978    66    65     5.5625
   67  2.9854e+09    17.4438    67    66     5.6421
   68  2.9397e+09    17.4973    68    67     5.7216
   69  2.9257e+09    17.5138    69    68     5.8012
   70  2.8448e+09    17.6114    70    69     5.8807
   71  2.8070e+09    17.6580    71    70     5.9602
   72  2.6418e+09    17.8706    72    71     6.0398
   73  2.6081e+09    17.9159    73    72     6.1193
   74  2.5874e+09    17.9440    74    73     6.1988
   75  2.5233e+09    18.0328    75    74     6.2783
   76  2.5182e+09    18.0399    76    75     6.3579
   77  2.4902e+09    18.0796    77    76     6.4374
   78  2.4735e+09    18.1035    78    77     6.5169
   79  2.4647e+09    18.1162    79    78     6.5964
   80  2.4618e+09    18.1204    80    79     6.6759
   81  2.4434e+09    18.1470    81    80     6.7554
   82  2.4359e+09    18.1579    82    81     6.8349
   83  2.3788e+09    18.2425    83    82     6.9143
   84  2.3416e+09    18.2989    84    83     6.9938
   85  2.3414e+09    18.2992    85    84     7.0733
   86  2.3398e+09    18.3017    86    85     7.1528
   87  1.9405e+09    18.9803    87    86     7.2323
   88  1.9110e+09    19.0366    88    87     7.3117
   89  1.7652e+09    19.3305    89    88     7.3912
   90  1.7611e+09    19.3391    90    89     7.4707
   91  1.6338e+09    19.6199    91    90     7.5502
   92  1.6310e+09    19.6263    92    91     7.6296
   93  1.3745e+09    20.2772    93    92     7.7091
   94  1.3470e+09    20.3551    94    93     7.7885
   95  1.3338e+09    20.3930    95    94     7.8680
   96  1.3285e+09    20.4085    96    95     7.9475
   97  1.3231e+09    20.4241    97    96     8.0269
   98  1.3224e+09    20.4264    98    97     8.1064
   99  1.3209e+09    20.4306    99    98     8.1858
  100  1.3168e+09    20.4427   100    99     8.2653
