#indx Mass S step-number desc_indx 
    0  1.0000e+11     8.0192     0    -1     0.0134
    1  9.9926e+10     8.0206     1     0     0.1326
    2  9.6894e+10     8.0819     2     1     0.2441
    3  9.6331e+10     8.0936     3     2     0.3500
    4  9.4963e+10     8.1222     4     3     0.4519
    5  9.4230e+10     8.1377     5     4     0.5506
    6  9.3860e+10     8.1456     6     5     0.6467
    7  9.3370e+10     8.1561     7     6     0.7407
    8  9.2591e+10     8.1729     8     7     0.8330
    9  9.2360e+10     8.1780     9     8     0.9238
   10  8.1416e+10     8.4346    10     9     1.0134
   11  8.1192e+10     8.4403    11    10     1.1018
   12  8.0951e+10     8.4464    12    11     1.1894
   13  7.9175e+10     8.4922    13    12     1.2761
   14  7.6473e+10     8.5642    14    13     1.3621
   15  7.6242e+10     8.5705    15    14     1.4474
   16  7.5154e+10     8.6004    16    15     1.5322
   17  7.4940e+10     8.6064    17    16     1.6165
   18  7.4776e+10     8.6109    18    17     1.7003
   19  7.4615e+10     8.6154    19    18     1.7838
   20  7.4292e+10     8.6245    20    19     1.8669
   21  7.1846e+10     8.6947    21    20     1.9496
   22  6.3579e+10     8.9546    22    21     2.0321
   23  6.2716e+10     8.9840    23    22     2.1143
   24  6.2617e+10     8.9874    24    23     2.1963
   25  6.0069e+10     9.0772    25    24     2.2781
   26  5.9864e+10     9.0846    26    25     2.3597
   27  5.8604e+10     9.1309    27    26     2.4411
   28  5.8371e+10     9.1396    28    27     2.5223
   29  5.6961e+10     9.1930    29    28     2.6034
   30  5.5965e+10     9.2317    30    29     2.6844
   31  5.5627e+10     9.2450    31    30     2.7652
   32  5.3544e+10     9.3292    32    31     2.8459
   33  5.3443e+10     9.3333    33    32     2.9266
   34  5.3145e+10     9.3457    34    33     3.0071
   35  5.1777e+10     9.4036    35    34     3.0876
   36  5.0966e+10     9.4388    36    35     3.1680
   37  5.0291e+10     9.4686    37    36     3.2483
   38  4.6772e+10     9.6318    38    37     3.3285
   39  4.4722e+10     9.7337    39    38     3.4087
   40  4.3741e+10     9.7844    40    39     3.4889
   41  4.3694e+10     9.7869    41    40     3.5689
   42  4.3432e+10     9.8007    42    41     3.6490
   43  4.2169e+10     9.8685    43    42     3.7290
   44  4.0597e+10     9.9563    44    43     3.8089
   45  3.9590e+10    10.0147    45    44     3.8889
   46  3.9279e+10    10.0330    46    45     3.9688
   47  3.8617e+10    10.0728    47    46     4.0486
   48  3.6440e+10    10.2091    48    47     4.1285
   49  3.6404e+10    10.2115    49    48     4.2083
   50  3.5885e+10    10.2453    50    49     4.2881
   51  2.9489e+10    10.7177    51    50     4.3678
   52  2.9025e+10    10.7565    52    51     4.4476
   53  2.6779e+10    10.9552    53    52     4.5273
   54  2.6074e+10    11.0217    54    53     4.6070
   55  2.5688e+10    11.0589    55    54     4.6867
   56  1.0250e+10    13.5328    56    55     4.7664
   57  9.6086e+09    13.7204    57    56     4.8460
   58  9.2119e+09    13.8438    58    57     4.9257
   59  8.9866e+09    13.9167    59    58     5.0053
   60  8.9364e+09    13.9331    60    59     5.0849
   61  8.8039e+09    13.9773    61    60     5.1646
   62  8.6630e+09    14.0251    62    61     5.2442
   63  8.5720e+09    14.0564    63    62     5.3238
   64  8.5418e+09    14.0669    64    63     5.4033
   65  7.2021e+09    14.5801    65    64     5.4829
   66  7.0669e+09    14.6380    66    65     5.5625
   67  6.7972e+09    14.7572    67    66     5.6421
   68  6.7188e+09    14.7929    68    67     5.7216
   69  6.6910e+09    14.8057    69    68     5.8012
   70  6.5022e+09    14.8941    70    69     5.8807
   71  6.4742e+09    14.9074    71    70     5.9602
   72  6.4547e+09    14.9168    72    71     6.0398
   73  6.3532e+09    14.9659    73    72     6.1193
   74  6.3491e+09    14.9679    74    73     6.1988
   75  6.3026e+09    14.9907    75    74     6.2783
   76  5.9752e+09    15.1572    76    75     6.3579
   77  5.9736e+09    15.1581    77    76     6.4374
   78  5.5459e+09    15.3921    78    77     6.5169
   79  5.4155e+09    15.4676    79    78     6.5964
   80  5.1724e+09    15.6140    80    79     6.6759
   81  4.5123e+09    16.0552    81    80     6.7554
   82  4.3653e+09    16.1635    82    81     6.8349
   83  4.1146e+09    16.3583    83    82     6.9143
   84  4.1031e+09    16.3676    84    83     6.9938
   85  3.9526e+09    16.4916    85    84     7.0733
   86  3.9369e+09    16.5048    86    85     7.1528
   87  3.8749e+09    16.5577    87    86     7.2323
   88  3.4728e+09    16.9260    88    87     7.3117
   89  2.5906e+09    17.9397    89    88     7.3912
   90  2.5343e+09    18.0173    90    89     7.4707
   91  2.3766e+09    18.2459    91    90     7.5502
   92  2.2929e+09    18.3742    92    91     7.6296
   93  2.2918e+09    18.3760    93    92     7.7091
   94  2.2894e+09    18.3798    94    93     7.7885
   95  2.2678e+09    18.4138    95    94     7.8680
   96  2.2145e+09    18.4995    96    95     7.9475
   97  2.1531e+09    18.6011    97    96     8.0269
   98  2.1168e+09    18.6628    98    97     8.1064
   99  2.1088e+09    18.6765    99    98     8.1858
  100  2.0058e+09    18.8590   100    99     8.2653
