#indx Mass S step-number desc_indx 
    0  1.0000e+11     8.0192     0    -1     0.0134
    1  9.8929e+10     8.0405     1     0     0.1326
    2  8.8783e+10     8.2577     2     1     0.2441
    3  8.8064e+10     8.2742     3     2     0.3500
    4  8.6313e+10     8.3150     4     3     0.4519
    5  8.3243e+10     8.3890     5     4     0.5506
    6  8.0654e+10     8.4540     6     5     0.6467
    7  7.9621e+10     8.4806     7     6     0.7407
    8  7.8085e+10     8.5209     8     7     0.8330
    9  5.9395e+10     9.1017     9     8     0.9238
   10  5.3233e+10     9.3421    10     9     1.0134
   11  5.3181e+10     9.3442    11    10     1.1018
   12  5.1061e+10     9.4346    12    11     1.1894
   13  4.6769e+10     9.6320    13    12     1.2761
   14  4.3100e+10     9.8182    14    13     1.3621
   15  4.0558e+10     9.9586    15    14     1.4474
   16  4.0395e+10     9.9679    16    15     1.5322
   17  3.7892e+10    10.1171    17    16     1.6165
   18  3.5980e+10    10.2391    18    17     1.7003
   19  3.4384e+10    10.3469    19    18     1.7838
   20  2.9569e+10    10.7111    20    19     1.8669
   21  2.9107e+10    10.7496    21    20     1.9496
   22  2.8757e+10    10.7793    22    21     2.0321
   23  2.8701e+10    10.7841    23    22     2.1143
   24  2.8638e+10    10.7895    24    23     2.1963
   25  2.6258e+10    11.0041    25    24     2.2781
   26  2.6172e+10    11.0123    26    25     2.3597
   27  2.6167e+10    11.0128    27    26     2.4411
   28  2.5121e+10    11.1148    28    27     2.5223
   29  2.3245e+10    11.3108    29    28     2.6034
   30  2.1086e+10    11.5606    30    29     2.6844
   31  2.1056e+10    11.5643    31    30     2.7652
   32  2.0288e+10    11.6604    32    31     2.8459
   33  2.0199e+10    11.6720    33    32     2.9266
   34  2.0078e+10    11.6875    34    33     3.0071
   35  1.9628e+10    11.7466    35    34     3.0876
   36  1.9364e+10    11.7820    36    35     3.1680
   37  1.9053e+10    11.8245    37    36     3.2483
   38  1.8790e+10    11.8610    38    37     3.3285
   39  1.8759e+10    11.8653    39    38     3.4087
   40  1.8749e+10    11.8667    40    39     3.4889
   41  1.8724e+10    11.8702    41    40     3.5689
   42  1.8527e+10    11.8981    42    41     3.6490
   43  1.8411e+10    11.9146    43    42     3.7290
   44  1.8331e+10    11.9261    44    43     3.8089
   45  1.8159e+10    11.9510    45    44     3.8889
   46  1.7736e+10    12.0134    46    45     3.9688
   47  1.7506e+10    12.0481    47    46     4.0486
   48  1.7258e+10    12.0861    48    47     4.1285
   49  1.7187e+10    12.0971    49    48     4.2083
   50  1.7087e+10    12.1127    50    49     4.2881
   51  1.3172e+10    12.8217    51    50     4.3678
   52  1.3042e+10    12.8494    52    51     4.4476
   53  1.2969e+10    12.8648    53    52     4.5273
   54  1.2899e+10    12.8800    54    53     4.6070
   55  1.2795e+10    12.9027    55    54     4.6867
   56  1.2794e+10    12.9028    56    55     4.7664
   57  1.2487e+10    12.9707    57    56     4.8460
   58  1.2462e+10    12.9764    58    57     4.9257
   59  1.2162e+10    13.0449    59    58     5.0053
   60  1.2162e+10    13.0449    60    59     5.0849
   61  1.2140e+10    13.0501    61    60     5.1646
   62  1.0004e+10    13.6030    62    61     5.2442
   63  9.9234e+09    13.6265    63    62     5.3238
   64  9.5511e+09    13.7379    64    63     5.4033
   65  9.5225e+09    13.7466    65    64     5.4829
   66  9.5029e+09    13.7527    66    65     5.5625
   67  9.4659e+09    13.7641    67    66     5.6421
   68  8.8970e+09    13.9462    68    67     5.7216
   69  8.7398e+09    13.9989    69    68     5.8012
   70  8.6474e+09    14.0304    70    69     5.8807
   71  8.5940e+09    14.0487    71    70     5.9602
   72  7.6881e+09    14.3821    72    71     6.0398
   73  7.3477e+09    14.5193    73    72     6.1193
   74  7.3370e+09    14.5237    74    73     6.1988
   75  6.6364e+09    14.8310    75    74     6.2783
   76  5.4472e+09    15.4490    76    75     6.3579
   77  5.4278e+09    15.4603    77    76     6.4374
   78  5.2682e+09    15.5554    78    77     6.5169
   79  5.2334e+09    15.5765    79    78     6.5964
   80  5.2271e+09    15.5804    80    79     6.6759
   81  5.1429e+09    15.6323    81    80     6.7554
   82  4.4572e+09    16.0954    82    81     6.8349
   83  4.4321e+09    16.1138    83    82     6.9143
   84  4.2957e+09    16.2163    84    83     6.9938
   85  4.2886e+09    16.2217    85    84     7.0733
   86  3.1546e+09    17.2538    86    85     7.1528
   87  3.0474e+09    17.3728    87    86     7.2323
   88  3.0182e+09    17.4060    88    87     7.3117
   89  2.3726e+09    18.2519    89    88     7.3912
   90  2.3365e+09    18.3068    90    89     7.4707
   91  2.3358e+09    18.3079    91    90     7.5502
   92  2.3029e+09    18.3586    92    91     7.6296
   93  2.2568e+09    18.4313    93    92     7.7091
   94  2.1995e+09    18.5240    94    93     7.7885
   95  2.1902e+09    18.5393    95    94     7.8680
   96  2.1812e+09    18.5541    96    95     7.9475
   97  2.0375e+09    18.8016    97    96     8.0269
   98  2.0244e+09    18.8253    98    97     8.1064
   99  1.9476e+09    18.9670    99    98     8.1858
  100  1.8879e+09    19.0814   100    99     8.2653
