#indx Mass S step-number desc_indx 
    0  1.0000e+11     8.0192     0    -1     0.0134
    1  9.7131e+10     8.0771     1     0     0.1326
    2  9.5124e+10     8.1188     2     1     0.2441
    3  9.4642e+10     8.1290     3     2     0.3500
    4  9.4246e+10     8.1373     4     3     0.4519
    5  9.1400e+10     8.1990     5     4     0.5506
    6  9.0819e+10     8.2118     6     5     0.6467
    7  8.8636e+10     8.2611     7     6     0.7407
    8  8.8393e+10     8.2666     8     7     0.8330
    9  8.8019e+10     8.2752     9     8     0.9238
   10  8.5837e+10     8.3263    10     9     1.0134
   11  8.2730e+10     8.4017    11    10     1.1018
   12  8.1128e+10     8.4419    12    11     1.1894
   13  7.9425e+10     8.4856    13    12     1.2761
   14  7.9185e+10     8.4919    14    13     1.3621
   15  7.5602e+10     8.5880    15    14     1.4474
   16  7.5292e+10     8.5966    16    15     1.5322
   17  7.4277e+10     8.6249    17    16     1.6165
   18  5.7609e+10     9.1682    18    17     1.7003
   19  5.7349e+10     9.1781    19    18     1.7838
   20  5.4702e+10     9.2819    20    19     1.8669
   21  5.0058e+10     9.4790    21    20     1.9496
   22  4.9447e+10     9.5065    22    21     2.0321
   23  4.9420e+10     9.5077    23    22     2.1143
   24  4.9387e+10     9.5092    24    23     2.1963
   25  4.9143e+10     9.5203    25    24     2.2781
   26  4.7681e+10     9.5883    26    25     2.3597
   27  4.6066e+10     9.6664    27    26     2.4411
   28  4.3698e+10     9.7867    28    27     2.5223
   29  4.1989e+10     9.8783    29    28     2.6034
   30  3.5775e+10    10.2526    30    29     2.6844
   31  3.4456e+10    10.3419    31    30     2.7652
   32  3.4221e+10    10.3582    32    31     2.8459
   33  2.5682e+10    11.0595    33    32     2.9266
   34  2.5577e+10    11.0697    34    33     3.0071
   35  2.5416e+10    11.0856    35    34     3.0876
   36  2.5315e+10    11.0956    36    35     3.1680
   37  2.1725e+10    11.4837    37    36     3.2483
   38  2.1345e+10    11.5291    38    37     3.3285
   39  2.1308e+10    11.5335    39    38     3.4087
   40  1.9411e+10    11.7757    40    39     3.4889
   41  1.9267e+10    11.7951    41    40     3.5689
   42  1.9248e+10    11.7978    42    41     3.6490
   43  1.8741e+10    11.8678    43    42     3.7290
   44  1.8537e+10    11.8967    44    43     3.8089
   45  1.6752e+10    12.1656    45    44     3.8889
   46  1.4805e+10    12.4996    46    45     3.9688
   47  1.4574e+10    12.5427    47    46     4.0486
   48  1.3465e+10    12.7606    48    47     4.1285
   49  1.3442e+10    12.7653    49    48     4.2083
   50  1.3314e+10    12.7918    50    49     4.2881
   51  1.3200e+10    12.8158    51    50     4.3678
   52  1.3123e+10    12.8321    52    51     4.4476
   53  1.3073e+10    12.8427    53    52     4.5273
   54  1.2780e+10    12.9059    54    53     4.6070
   55  1.2161e+10    13.0450    55    54     4.6867
   56  1.1848e+10    13.1187    56    55     4.7664
   57  1.1646e+10    13.1673    57    56     4.8460
   58  1.0882e+10    13.3605    58    57     4.9257
   59  1.0873e+10    13.3630    59    58     5.0053
   60  1.0774e+10    13.3893    60    59     5.0849
   61  1.0412e+10    13.4876    61    60     5.1646
   62  7.2766e+09    14.5488    62    61     5.2442
   63  5.6830e+09    15.3149    63    62     5.3238
   64  4.8704e+09    15.8073    64    63     5.4033
   65  4.7289e+09    15.9027    65    64     5.4829
   66  4.6734e+09    15.9410    66    65     5.5625
   67  4.6512e+09    15.9565    67    66     5.6421
   68  4.6391e+09    15.9650    68    67     5.7216
   69  3.1137e+09    17.2986    69    68     5.8012
   70  3.1125e+09    17.2999    70    69     5.8807
   71  3.0988e+09    17.3151    71    70     5.9602
   72  2.9282e+09    17.5109    72    71     6.0398
   73  2.9027e+09    17.5412    73    72     6.1193
   74  2.2136e+09    18.5010    74    73     6.1988
   75  2.2042e+09    18.5162    75    74     6.2783
   76  2.2039e+09    18.5168    76    75     6.3579
   77  2.1986e+09    18.5255    77    76     6.4374
   78  2.1915e+09    18.5371    78    77     6.5169
   79  2.0674e+09    18.7486    79    78     6.5964
   80  2.0449e+09    18.7886    80    79     6.6759
   81  2.0270e+09    18.8206    81    80     6.7554
   82  2.0169e+09    18.8388    82    81     6.8349
   83  1.8819e+09    19.0933    83    82     6.9143
   84  1.8780e+09    19.1008    84    83     6.9938
   85  1.8704e+09    19.1159    85    84     7.0733
   86  1.8648e+09    19.1269    86    85     7.1528
   87  1.8591e+09    19.1381    87    86     7.2323
   88  1.8126e+09    19.2320    88    87     7.3117
   89  1.8087e+09    19.2399    89    88     7.3912
   90  1.8085e+09    19.2404    90    89     7.4707
   91  1.1528e+09    20.9620    91    90     7.5502
   92  1.1313e+09    21.0361    92    91     7.6296
   93  1.1274e+09    21.0500    93    92     7.7091
   94  1.1197e+09    21.0770    94    93     7.7885
   95  1.1034e+09    21.1350    95    94     7.8680
   96  1.1024e+09    21.1388    96    95     7.9475
   97  1.0796e+09    21.2217    97    96     8.0269
   98  1.0776e+09    21.2289    98    97     8.1064
   99  1.0473e+09    21.3426    99    98     8.1858
  100  1.0471e+09    21.3432   100    99     8.2653
