#indx Mass S step-number desc_indx 
    0  1.0000e+11     8.0192     0    -1     0.0134
    1  9.4372e+10     8.1347     1     0     0.1326
    2  6.3312e+10     8.9636     2     1     0.2441
    3  6.3108e+10     8.9706     3     2     0.3500
    4  6.1903e+10     9.0121     4     3     0.4519
    5  6.1849e+10     9.0140     5     4     0.5506
    6  5.4855e+10     9.2758     6     5     0.6467
    7  5.4508e+10     9.2897     7     6     0.7407
    8  4.3871e+10     9.7776     8     7     0.8330
    9  4.3118e+10     9.8173     9     8     0.9238
   10  4.1355e+10     9.9135    10     9     1.0134
   11  3.7905e+10    10.1163    11    10     1.1018
   12  3.6863e+10    10.1819    12    11     1.1894
   13  3.6432e+10    10.2096    13    12     1.2761
   14  8.9363e+09    13.9332    14    13     1.3621
   15  8.1748e+09    14.1977    15    14     1.4474
   16  7.5655e+09    14.4307    16    15     1.5322
   17  7.4966e+09    14.4584    17    16     1.6165
   18  7.2940e+09    14.5416    18    17     1.7003
   19  7.2293e+09    14.5686    19    18     1.7838
   20  1.3439e+09    20.3640    20    19     1.8669
   21  1.1636e+09    20.9253    21    20     1.9496
   22  1.1552e+09    20.9539    22    21     2.0321
   23  1.1479e+09    20.9787    23    22     2.1143
   24  1.1454e+09    20.9873    24    23     2.1963
   25  1.1372e+09    21.0158    25    24     2.2781
   26  9.5311e+08    21.7207    26    25     2.3597
   27  9.5026e+08    21.7328    27    26     2.4411
   28  9.4743e+08    21.7448    28    27     2.5223
   29  8.4689e+08    22.2015    29    28     2.6034
   30  7.9043e+08    22.4857    30    29     2.6844
   31  7.9011e+08    22.4874    31    30     2.7652
   32  7.5109e+08    22.6976    32    31     2.8459
   33  7.4493e+08    22.7319    33    32     2.9266
   34  5.1491e+08    24.3080    34    33     3.0071
   35  5.1015e+08    24.3485    35    34     3.0876
   36  4.9337e+08    24.4951    36    35     3.1680
   37  4.9239e+08    24.5038    37    36     3.2483
   38  4.7595e+08    24.6533    38    37     3.3285
   39  4.7521e+08    24.6601    39    38     3.4087
   40  4.0384e+08    25.3853    40    39     3.4889
   41  4.0108e+08    25.4161    41    40     3.5689
   42  1.7178e+08    29.4371    42    41     3.6490
   43  1.6948e+08    29.5045    43    42     3.7290
   44  1.5238e+08    30.0384    44    43     3.8089
   45  1.5229e+08    30.0411    45    44     3.8889
   46  1.5186e+08    30.0556    46    45     3.9688
   47  1.5169e+08    30.0611    47    46     4.0486
   48  1.4919e+08    30.1454    48    47     4.1285
   49  1.4915e+08    30.1465    49    48     4.2083
   50  1.3641e+08    30.6012    50    49     4.2881
   51  1.3588e+08    30.6210    51    50     4.3678
   52  1.3574e+08    30.6264    52    51     4.4476
   53  1.1359e+08    31.5476    53    52     4.5273
   54  1.1154e+08    31.6426    54    53     4.6070
   55  1.1089e+08    31.6734    55    54     4.6867
   56  1.0908e+08    31.7598    56    55     4.7664
   57  1.0806e+08    31.8089    57    56     4.8460
   58  1.0629e+08    31.8955    58    57     4.9257
   59  1.0608e+08    31.9064    59    58     5.0053
   60  1.0547e+08    31.9364    60    59     5.0849
   61  1.0301e+08    32.0609    61    60     5.1646
   62  1.0288e+08    32.0679    62    61     5.2442
   63  1.0284e+08    32.0697    63    62     5.3238
   64  1.0280e+08    32.0719    64    63     5.4033
   65  1.0186e+08    32.1204    65    64     5.4829
   66  1.0152e+08    32.1379    66    65     5.5625
   67  1.0151e+08    32.1386    67    66     5.6421
   68  1.0141e+08    32.1438    68    67     5.7216
   69  1.0059e+08    32.1865    69    68     5.8012
   70  1.0048e+08    32.1925    70    69     5.8807
   71  1.0008e+08    32.2136    71    70     5.9602
