#indx Mass S step-number desc_indx 
    0  1.0000e+11     8.0192     0    -1     0.0134
    1  9.9397e+10     8.0312     1     0     0.1326
    2  9.8789e+10     8.0434     2     1     0.2441
    3  9.5683e+10     8.1071     3     2     0.3500
    4  9.5049e+10     8.1204     4     3     0.4519
    5  9.4132e+10     8.1398     5     4     0.5506
    6  7.8809e+10     8.5017     6     5     0.6467
    7  7.8493e+10     8.5101     7     6     0.7407
    8  7.7444e+10     8.5380     8     7     0.8330
    9  7.7352e+10     8.5404     9     8     0.9238
   10  7.4110e+10     8.6296    10     9     1.0134
   11  7.1620e+10     8.7013    11    10     1.1018
   12  7.1023e+10     8.7190    12    11     1.1894
   13  7.0223e+10     8.7429    13    12     1.2761
   14  6.9422e+10     8.7671    14    13     1.3621
   15  6.7166e+10     8.8372    15    14     1.4474
   16  6.4490e+10     8.9240    16    15     1.5322
   17  6.2525e+10     8.9906    17    16     1.6165
   18  6.1800e+10     9.0157    18    17     1.7003
   19  5.9854e+10     9.0850    19    18     1.7838
   20  5.9202e+10     9.1088    20    19     1.8669
   21  5.9084e+10     9.1131    21    20     1.9496
   22  5.8676e+10     9.1282    22    21     2.0321
   23  5.7146e+10     9.1859    23    22     2.1143
   24  5.6632e+10     9.2057    24    23     2.1963
   25  5.6016e+10     9.2297    25    24     2.2781
   26  4.1501e+10     9.9053    26    25     2.3597
   27  2.9192e+10    10.7425    27    26     2.4411
   28  2.7493e+10    10.8900    28    27     2.5223
   29  2.7326e+10    10.9051    29    28     2.6034
   30  2.6847e+10    10.9490    30    29     2.6844
   31  2.6686e+10    10.9639    31    30     2.7652
   32  2.6570e+10    10.9747    32    31     2.8459
   33  2.6396e+10    10.9911    33    32     2.9266
   34  2.6221e+10    11.0077    34    33     3.0071
   35  2.5340e+10    11.0931    35    34     3.0876
   36  2.5198e+10    11.1072    36    35     3.1680
   37  2.4851e+10    11.1420    37    36     3.2483
   38  2.4138e+10    11.2154    38    37     3.3285
   39  2.4114e+10    11.2178    39    38     3.4087
   40  1.5566e+10    12.3635    40    39     3.4889
   41  1.4607e+10    12.5365    41    40     3.5689
   42  1.4534e+10    12.5502    42    41     3.6490
   43  1.4404e+10    12.5749    43    42     3.7290
   44  1.4221e+10    12.6099    44    43     3.8089
   45  1.4164e+10    12.6209    45    44     3.8889
   46  1.2197e+10    13.0367    46    45     3.9688
   47  1.2167e+10    13.0438    47    46     4.0486
   48  1.2087e+10    13.0622    48    47     4.1285
   49  1.1597e+10    13.1793    49    48     4.2083
   50  1.1538e+10    13.1938    50    49     4.2881
   51  1.1356e+10    13.2390    51    50     4.3678
   52  1.1124e+10    13.2977    52    51     4.4476
   53  1.0952e+10    13.3422    53    52     4.5273
   54  1.0889e+10    13.3589    54    53     4.6070
   55  1.0267e+10    13.5280    55    54     4.6867
   56  1.0162e+10    13.5577    56    55     4.7664
   57  1.0131e+10    13.5665    57    56     4.8460
   58  9.8805e+09    13.6391    58    57     4.9257
   59  9.7039e+09    13.6915    59    58     5.0053
   60  9.4693e+09    13.7630    60    59     5.0849
   61  9.4616e+09    13.7654    61    60     5.1646
   62  9.4099e+09    13.7814    62    61     5.2442
   63  9.4050e+09    13.7829    63    62     5.3238
   64  7.2956e+09    14.5409    64    63     5.4033
   65  7.2413e+09    14.5636    65    64     5.4829
   66  7.1586e+09    14.5986    66    65     5.5625
   67  7.1489e+09    14.6027    67    66     5.6421
   68  2.4502e+09    18.1371    68    67     5.7216
   69  2.3787e+09    18.2427    69    68     5.8012
   70  2.2615e+09    18.4239    70    69     5.8807
   71  2.2578e+09    18.4298    71    70     5.9602
   72  2.2508e+09    18.4410    72    71     6.0398
   73  2.2278e+09    18.4780    73    72     6.1193
   74  2.2262e+09    18.4805    74    73     6.1988
   75  2.1210e+09    18.6555    75    74     6.2783
   76  2.0383e+09    18.8003    76    75     6.3579
   77  2.0228e+09    18.8281    77    76     6.4374
   78  1.8733e+09    19.1100    78    77     6.5169
   79  1.8709e+09    19.1148    79    78     6.5964
   80  1.8686e+09    19.1194    80    79     6.6759
   81  1.8679e+09    19.1208    81    80     6.7554
   82  1.5406e+09    19.8414    82    81     6.8349
   83  1.4952e+09    19.9550    83    82     6.9143
   84  1.4907e+09    19.9666    84    83     6.9938
   85  1.4900e+09    19.9682    85    84     7.0733
   86  1.4620e+09    20.0407    86    85     7.1528
   87  1.4609e+09    20.0435    87    86     7.2323
   88  1.4482e+09    20.0768    88    87     7.3117
   89  1.3813e+09    20.2582    89    88     7.3912
   90  1.3793e+09    20.2638    90    89     7.4707
   91  1.2998e+09    20.4931    91    90     7.5502
   92  1.2971e+09    20.5012    92    91     7.6296
   93  1.2934e+09    20.5121    93    92     7.7091
   94  1.2892e+09    20.5249    94    93     7.7885
   95  1.2830e+09    20.5435    95    94     7.8680
   96  1.2617e+09    20.6088    96    95     7.9475
   97  1.1905e+09    20.8355    97    96     8.0269
   98  1.1749e+09    20.8873    98    97     8.1064
   99  1.1742e+09    20.8896    99    98     8.1858
  100  1.1702e+09    20.9032   100    99     8.2653
