#indx Mass S step-number desc_indx 
    0  1.0000e+11     8.0192     0    -1     0.0134
    1  9.9685e+10     8.0254     1     0     0.1326
    2  9.9386e+10     8.0314     2     1     0.2441
    3  9.3182e+10     8.1601     3     2     0.3500
    4  8.2663e+10     8.4034     4     3     0.4519
    5  7.1738e+10     8.6979     5     4     0.5506
    6  7.1265e+10     8.7118     6     5     0.6467
    7  7.0084e+10     8.7471     7     6     0.7407
    8  6.9824e+10     8.7549     8     7     0.8330
    9  6.4591e+10     8.9207     9     8     0.9238
   10  6.4338e+10     8.9291    10     9     1.0134
   11  6.4139e+10     8.9357    11    10     1.1018
   12  6.3868e+10     8.9448    12    11     1.1894
   13  6.3781e+10     8.9478    13    12     1.2761
   14  6.3058e+10     8.9723    14    13     1.3621
   15  5.9512e+10     9.0974    15    14     1.4474
   16  5.7994e+10     9.1537    16    15     1.5322
   17  5.7251e+10     9.1819    17    16     1.6165
   18  5.2038e+10     9.3924    18    17     1.7003
   19  5.0664e+10     9.4521    19    18     1.7838
   20  4.9784e+10     9.4913    20    19     1.8669
   21  4.9495e+10     9.5043    21    20     1.9496
   22  4.7504e+10     9.5967    22    21     2.0321
   23  4.7211e+10     9.6107    23    22     2.1143
   24  4.6982e+10     9.6217    24    23     2.1963
   25  2.4826e+10    11.1446    25    24     2.2781
   26  2.1991e+10    11.4525    26    25     2.3597
   27  2.1967e+10    11.4553    27    26     2.4411
   28  1.6704e+10    12.1732    28    27     2.5223
   29  1.6529e+10    12.2015    29    28     2.6034
   30  1.6344e+10    12.2317    30    29     2.6844
   31  1.5824e+10    12.3189    31    30     2.7652
   32  1.5731e+10    12.3348    32    31     2.8459
   33  1.5216e+10    12.4251    33    32     2.9266
   34  1.4837e+10    12.4937    34    33     3.0071
   35  1.4710e+10    12.5172    35    34     3.0876
   36  1.3678e+10    12.7172    36    35     3.1680
   37  1.3593e+10    12.7345    37    36     3.2483
   38  1.3580e+10    12.7372    38    37     3.3285
   39  1.2005e+10    13.0815    39    38     3.4087
   40  1.1424e+10    13.2219    40    39     3.4889
   41  1.0932e+10    13.3474    41    40     3.5689
   42  1.0928e+10    13.3484    42    41     3.6490
   43  1.0696e+10    13.4101    43    42     3.7290
   44  8.9687e+09    13.9225    44    43     3.8089
   45  8.9615e+09    13.9249    45    44     3.8889
   46  8.9181e+09    13.9392    46    45     3.9688
   47  8.9052e+09    13.9435    47    46     4.0486
   48  7.9673e+09    14.2748    48    47     4.1285
   49  6.6598e+09    14.8201    49    48     4.2083
   50  6.6327e+09    14.8327    50    49     4.2881
   51  6.3746e+09    14.9555    51    50     4.3678
   52  6.3692e+09    14.9581    52    51     4.4476
   53  5.3363e+09    15.5144    53    52     4.5273
   54  4.5451e+09    16.0315    54    53     4.6070
   55  4.3193e+09    16.1983    55    54     4.6867
   56  4.2960e+09    16.2161    56    55     4.7664
   57  4.2366e+09    16.2619    57    56     4.8460
   58  3.2716e+09    17.1290    58    57     4.9257
   59  3.1207e+09    17.2909    59    58     5.0053
   60  3.0463e+09    17.3740    60    59     5.0849
   61  3.0412e+09    17.3798    61    60     5.1646
   62  2.9992e+09    17.4279    62    61     5.2442
   63  2.9951e+09    17.4326    63    62     5.3238
   64  2.9647e+09    17.4679    64    63     5.4033
   65  2.9630e+09    17.4700    65    64     5.4829
   66  2.7497e+09    17.7301    66    65     5.5625
   67  2.7425e+09    17.7393    67    66     5.6421
   68  2.6675e+09    17.8367    68    67     5.7216
   69  2.6436e+09    17.8682    69    68     5.8012
   70  2.2326e+09    18.4701    70    69     5.8807
   71  2.2056e+09    18.5141    71    70     5.9602
   72  1.9920e+09    18.8842    72    71     6.0398
   73  1.9349e+09    18.9910    73    72     6.1193
   74  1.8946e+09    19.0684    74    73     6.1988
   75  1.7756e+09    19.3086    75    74     6.2783
   76  1.7366e+09    19.3912    76    75     6.3579
   77  1.6999e+09    19.4710    77    76     6.4374
   78  1.6729e+09    19.5310    78    77     6.5169
   79  5.6585e+08    23.8983    79    78     6.5964
   80  5.6571e+08    23.8994    80    79     6.6759
   81  5.5815e+08    23.9576    81    80     6.7554
   82  5.5289e+08    23.9985    82    81     6.8349
   83  5.5143e+08    24.0099    83    82     6.9143
   84  5.4866e+08    24.0317    84    83     6.9938
   85  5.4693e+08    24.0454    85    84     7.0733
   86  5.4024e+08    24.0988    86    85     7.1528
   87  5.3973e+08    24.1029    87    86     7.2323
   88  5.3867e+08    24.1115    88    87     7.3117
   89  5.1860e+08    24.2768    89    88     7.3912
   90  5.1375e+08    24.3178    90    89     7.4707
   91  5.0469e+08    24.3956    91    90     7.5502
   92  5.0354e+08    24.4056    92    91     7.6296
   93  4.9197e+08    24.5076    93    92     7.7091
   94  3.1547e+08    26.5136    94    93     7.7885
   95  2.9224e+08    26.8700    95    94     7.8680
   96  2.9223e+08    26.8702    96    95     7.9475
   97  2.9212e+08    26.8720    97    96     8.0269
   98  2.8587e+08    26.9733    98    97     8.1064
   99  2.8527e+08    26.9831    99    98     8.1858
  100  2.8478e+08    26.9912   100    99     8.2653
