#indx Mass S step-number desc_indx 
    0  1.0000e+11     8.0192     0    -1     0.0134
    1  9.9424e+10     8.0306     1     0     0.1326
    2  9.1847e+10     8.1892     2     1     0.2441
    3  8.7315e+10     8.2915     3     2     0.3500
    4  8.3147e+10     8.3914     4     3     0.4519
    5  8.2676e+10     8.4030     5     4     0.5506
    6  8.2625e+10     8.4043     6     5     0.6467
    7  5.8530e+10     9.1336     7     6     0.7407
    8  5.4460e+10     9.2917     8     7     0.8330
    9  5.4227e+10     9.3011     9     8     0.9238
   10  5.2328e+10     9.3801    10     9     1.0134
   11  5.0677e+10     9.4515    11    10     1.1018
   12  4.7493e+10     9.5972    12    11     1.1894
   13  4.2319e+10     9.8603    13    12     1.2761
   14  4.1105e+10     9.9275    14    13     1.3621
   15  4.0951e+10     9.9362    15    14     1.4474
   16  4.0093e+10     9.9853    16    15     1.5322
   17  3.8899e+10    10.0558    17    16     1.6165
   18  3.8728e+10    10.0660    18    17     1.7003
   19  2.7639e+10    10.8769    19    18     1.7838
   20  2.6363e+10    10.9942    20    19     1.8669
   21  2.6326e+10    10.9976    21    20     1.9496
   22  2.6258e+10    11.0041    22    21     2.0321
   23  2.4088e+10    11.2206    23    22     2.1143
   24  2.4085e+10    11.2209    24    23     2.1963
   25  2.3222e+10    11.3134    25    24     2.2781
   26  2.3159e+10    11.3203    26    25     2.3597
   27  2.3021e+10    11.3355    27    26     2.4411
   28  2.2346e+10    11.4114    28    27     2.5223
   29  2.2189e+10    11.4295    29    28     2.6034
   30  2.0548e+10    11.6274    30    29     2.6844
   31  1.7418e+10    12.0616    31    30     2.7652
   32  1.7369e+10    12.0690    32    31     2.8459
   33  1.7315e+10    12.0773    33    32     2.9266
   34  1.6689e+10    12.1757    34    33     3.0071
   35  1.6505e+10    12.2054    35    34     3.0876
   36  1.5959e+10    12.2961    36    35     3.1680
   37  1.5945e+10    12.2983    37    36     3.2483
   38  1.1717e+10    13.1500    38    37     3.3285
   39  1.1333e+10    13.2447    39    38     3.4087
   40  1.0705e+10    13.4075    40    39     3.4889
   41  1.0682e+10    13.4137    41    40     3.5689
   42  9.8366e+09    13.6520    42    41     3.6490
   43  9.1250e+09    13.8716    43    42     3.7290
   44  9.1120e+09    13.8758    44    43     3.8089
   45  8.0738e+09    14.2350    45    44     3.8889
   46  7.1772e+09    14.5907    46    45     3.9688
   47  4.9910e+09    15.7285    47    46     4.0486
   48  4.8871e+09    15.7963    48    47     4.1285
   49  4.7247e+09    15.9056    49    48     4.2083
   50  4.7217e+09    15.9076    50    49     4.2881
   51  4.5375e+09    16.0371    51    50     4.3678
   52  4.5173e+09    16.0516    52    51     4.4476
   53  4.5004e+09    16.0638    53    52     4.5273
   54  4.4580e+09    16.0948    54    53     4.6070
   55  3.7791e+09    16.6413    55    54     4.6867
   56  3.7613e+09    16.6572    56    55     4.7664
   57  3.4743e+09    16.9245    57    56     4.8460
   58  3.0639e+09    17.3541    58    57     4.9257
   59  3.0530e+09    17.3664    59    58     5.0053
   60  3.0247e+09    17.3986    60    59     5.0849
   61  3.0209e+09    17.4030    61    60     5.1646
   62  2.8725e+09    17.5777    62    61     5.2442
   63  2.5512e+09    17.9938    63    62     5.3238
   64  2.4892e+09    18.0810    64    63     5.4033
   65  2.4684e+09    18.1108    65    64     5.4829
   66  2.2621e+09    18.4228    66    65     5.5625
   67  2.2592e+09    18.4275    67    66     5.6421
   68  2.2582e+09    18.4291    68    67     5.7216
   69  2.2131e+09    18.5018    69    68     5.8012
   70  2.1925e+09    18.5355    70    69     5.8807
   71  2.1742e+09    18.5659    71    70     5.9602
   72  2.0919e+09    18.7058    72    71     6.0398
   73  1.3050e+09    20.4776    73    72     6.1193
   74  1.2424e+09    20.6686    74    73     6.1988
   75  1.2400e+09    20.6761    75    74     6.2783
   76  1.2299e+09    20.7081    76    75     6.3579
   77  7.1128e+08    22.9252    77    76     6.4374
   78  7.1008e+08    22.9322    78    77     6.5169
   79  7.0840e+08    22.9421    79    78     6.5964
   80  6.8614e+08    23.0764    80    79     6.6759
   81  6.8029e+08    23.1125    81    80     6.7554
   82  6.7869e+08    23.1224    82    81     6.8349
   83  6.7843e+08    23.1240    83    82     6.9143
   84  6.7089e+08    23.1712    84    83     6.9938
   85  6.6530e+08    23.2066    85    84     7.0733
   86  6.6320e+08    23.2200    86    85     7.1528
   87  6.6293e+08    23.2216    87    86     7.2323
   88  6.6054e+08    23.2369    88    87     7.3117
   89  6.5818e+08    23.2521    89    88     7.3912
   90  6.4841e+08    23.3155    90    89     7.4707
   91  6.4741e+08    23.3221    91    90     7.5502
   92  6.3720e+08    23.3896    92    91     7.6296
   93  6.3649e+08    23.3943    93    92     7.7091
   94  6.3541e+08    23.4016    94    93     7.7885
   95  4.5845e+08    24.8189    95    94     7.8680
   96  4.5610e+08    24.8417    96    95     7.9475
   97  4.5415e+08    24.8607    97    96     8.0269
   98  4.4340e+08    24.9670    98    97     8.1064
   99  4.3422e+08    25.0602    99    98     8.1858
  100  4.3162e+08    25.0871   100    99     8.2653
