#indx Mass S step-number desc_indx 
    0  1.0000e+11     8.0192     0    -1     0.0134
    1  9.9726e+10     8.0246     1     0     0.1326
    2  9.9617e+10     8.0268     2     1     0.2441
    3  9.7845e+10     8.0625     3     2     0.3500
    4  9.7683e+10     8.0658     4     3     0.4519
    5  9.2200e+10     8.1814     5     4     0.5506
    6  9.1132e+10     8.2049     6     5     0.6467
    7  8.9246e+10     8.2472     7     6     0.7407
    8  8.7763e+10     8.2811     8     7     0.8330
    9  8.4455e+10     8.3594     9     8     0.9238
   10  3.9146e+10    10.0410    10     9     1.0134
   11  3.8630e+10    10.0720    11    10     1.1018
   12  3.8196e+10    10.0984    12    11     1.1894
   13  3.7935e+10    10.1144    13    12     1.2761
   14  3.4363e+10    10.3484    14    13     1.3621
   15  3.2038e+10    10.5163    15    14     1.4474
   16  3.1969e+10    10.5215    16    15     1.5322
   17  3.0079e+10    10.6693    17    16     1.6165
   18  2.9113e+10    10.7491    18    17     1.7003
   19  2.8862e+10    10.7703    19    18     1.7838
   20  2.7562e+10    10.8838    20    19     1.8669
   21  2.7513e+10    10.8882    21    20     1.9496
   22  2.6584e+10    10.9734    22    21     2.0321
   23  2.6302e+10    11.0000    23    22     2.1143
   24  2.5655e+10    11.0622    24    23     2.1963
   25  2.5135e+10    11.1135    25    24     2.2781
   26  2.4762e+10    11.1510    26    25     2.3597
   27  2.4513e+10    11.1765    27    26     2.4411
   28  2.4124e+10    11.2168    28    27     2.5223
   29  2.3988e+10    11.2311    29    28     2.6034
   30  2.2638e+10    11.3782    30    29     2.6844
   31  2.2622e+10    11.3801    31    30     2.7652
   32  2.2367e+10    11.4090    32    31     2.8459
   33  2.1150e+10    11.5527    33    32     2.9266
   34  2.1121e+10    11.5563    34    33     3.0071
   35  2.0838e+10    11.5911    35    34     3.0876
   36  2.0695e+10    11.6090    36    35     3.1680
   37  2.0568e+10    11.6249    37    36     3.2483
   38  2.0475e+10    11.6366    38    37     3.3285
   39  1.9826e+10    11.7204    39    38     3.4087
   40  1.8517e+10    11.8994    40    39     3.4889
   41  1.7598e+10    12.0342    41    40     3.5689
   42  1.7520e+10    12.0461    42    41     3.6490
   43  1.7357e+10    12.0709    43    42     3.7290
   44  1.6131e+10    12.2671    44    43     3.8089
   45  1.5911e+10    12.3042    45    44     3.8889
   46  1.5134e+10    12.4397    46    45     3.9688
   47  1.1694e+10    13.1558    47    46     4.0486
   48  9.9433e+09    13.6207    48    47     4.1285
   49  9.6140e+09    13.7187    49    48     4.2083
   50  9.4496e+09    13.7691    50    49     4.2881
   51  9.4140e+09    13.7801    51    50     4.3678
   52  9.3660e+09    13.7951    52    51     4.4476
   53  9.1890e+09    13.8511    53    52     4.5273
   54  9.1668e+09    13.8582    54    53     4.6070
   55  8.1206e+09    14.2177    55    54     4.6867
   56  8.0183e+09    14.2556    56    55     4.7664
   57  7.5500e+09    14.4369    57    56     4.8460
   58  7.3537e+09    14.5168    58    57     4.9257
   59  5.4788e+09    15.4306    59    58     5.0053
   60  4.0439e+09    16.4157    60    59     5.0849
   61  4.0337e+09    16.4241    61    60     5.1646
   62  3.9991e+09    16.4527    62    61     5.2442
   63  3.6615e+09    16.7474    63    62     5.3238
   64  3.5152e+09    16.8849    64    63     5.4033
   65  3.4652e+09    16.9334    65    64     5.4829
   66  3.4524e+09    16.9459    66    65     5.5625
   67  2.1112e+09    18.6723    67    66     5.6421
   68  2.1085e+09    18.6770    68    67     5.7216
   69  2.1070e+09    18.6797    69    68     5.8012
   70  2.0963e+09    18.6981    70    69     5.8807
   71  2.0940e+09    18.7022    71    70     5.9602
   72  2.0717e+09    18.7411    72    71     6.0398
   73  2.0204e+09    18.8325    73    72     6.1193
   74  2.0188e+09    18.8355    74    73     6.1988
   75  2.0154e+09    18.8415    75    74     6.2783
   76  2.0080e+09    18.8551    76    75     6.3579
   77  2.0053e+09    18.8600    77    76     6.4374
   78  1.9838e+09    18.8994    78    77     6.5169
   79  1.9613e+09    18.9412    79    78     6.5964
   80  1.7851e+09    19.2887    80    79     6.6759
   81  1.7079e+09    19.4535    81    80     6.7554
   82  1.6895e+09    19.4940    82    81     6.8349
   83  1.6892e+09    19.4946    83    82     6.9143
   84  1.5408e+09    19.8409    84    83     6.9938
   85  1.5344e+09    19.8567    85    84     7.0733
   86  1.5285e+09    19.8714    86    85     7.1528
   87  1.5025e+09    19.9367    87    86     7.2323
   88  1.4943e+09    19.9574    88    87     7.3117
   89  1.4810e+09    19.9913    89    88     7.3912
   90  1.4796e+09    19.9951    90    89     7.4707
   91  1.4401e+09    20.0983    91    90     7.5502
   92  1.4252e+09    20.1380    92    91     7.6296
   93  1.4020e+09    20.2010    93    92     7.7091
   94  1.3915e+09    20.2300    94    93     7.7885
   95  1.3864e+09    20.2439    95    94     7.8680
   96  1.3274e+09    20.4116    96    95     7.9475
   97  1.3220e+09    20.4275    97    96     8.0269
   98  1.3161e+09    20.4448    98    97     8.1064
   99  1.3144e+09    20.4499    99    98     8.1858
  100  1.2211e+09    20.7361   100    99     8.2653
