#indx Mass S step-number desc_indx 
    0  1.0000e+11     8.0192     0    -1     0.0134
    1  9.4348e+10     8.1352     1     0     0.1326
    2  9.1233e+10     8.2027     2     1     0.2441
    3  4.9910e+10     9.4856     3     2     0.3500
    4  4.4568e+10     9.7416     4     3     0.4519
    5  4.4169e+10     9.7621     5     4     0.5506
    6  4.3568e+10     9.7935     6     5     0.6467
    7  4.3129e+10     9.8167     7     6     0.7407
    8  4.2516e+10     9.8496     8     7     0.8330
    9  4.2269e+10     9.8630     9     8     0.9238
   10  4.0197e+10     9.9793    10     9     1.0134
   11  3.6604e+10    10.1985    11    10     1.1018
   12  3.6266e+10    10.2204    12    11     1.1894
   13  3.5824e+10    10.2494    13    12     1.2761
   14  3.5100e+10    10.2978    14    13     1.3621
   15  3.2767e+10    10.4622    15    14     1.4474
   16  3.2718e+10    10.4657    16    15     1.5322
   17  2.8293e+10    10.8192    17    16     1.6165
   18  2.8261e+10    10.8220    18    17     1.7003
   19  2.6352e+10    10.9952    19    18     1.7838
   20  2.6303e+10    10.9999    20    19     1.8669
   21  2.6173e+10    11.0122    21    20     1.9496
   22  2.5671e+10    11.0606    22    21     2.0321
   23  2.5640e+10    11.0636    23    22     2.1143
   24  2.5319e+10    11.0952    24    23     2.1963
   25  1.7014e+10    12.1242    25    24     2.2781
   26  1.6991e+10    12.1278    26    25     2.3597
   27  1.6881e+10    12.1451    27    26     2.4411
   28  1.6543e+10    12.1993    28    27     2.5223
   29  1.6407e+10    12.2215    29    28     2.6034
   30  1.6248e+10    12.2476    30    29     2.6844
   31  1.6217e+10    12.2527    31    30     2.7652
   32  1.6173e+10    12.2600    32    31     2.8459
   33  1.5225e+10    12.4235    33    32     2.9266
   34  1.4672e+10    12.5242    34    33     3.0071
   35  1.4585e+10    12.5407    35    34     3.0876
   36  1.4553e+10    12.5466    36    35     3.1680
   37  1.4424e+10    12.5710    37    36     3.2483
   38  1.4082e+10    12.6370    38    37     3.3285
   39  1.3908e+10    12.6712    39    38     3.4087
   40  1.3896e+10    12.6735    40    39     3.4889
   41  1.3528e+10    12.7476    41    40     3.5689
   42  9.4113e+09    13.7810    42    41     3.6490
   43  8.5054e+09    14.0795    43    42     3.7290
   44  7.7090e+09    14.3739    44    43     3.8089
   45  7.3370e+09    14.5237    45    44     3.8889
   46  7.2774e+09    14.5485    46    45     3.9688
   47  7.2720e+09    14.5507    47    46     4.0486
   48  6.8136e+09    14.7498    48    47     4.1285
   49  6.7943e+09    14.7585    49    48     4.2083
   50  6.7212e+09    14.7918    50    49     4.2881
   51  6.0460e+09    15.1204    51    50     4.3678
   52  6.0376e+09    15.1247    52    51     4.4476
   53  5.9658e+09    15.1621    53    52     4.5273
   54  5.1287e+09    15.6412    54    53     4.6070
   55  4.7623e+09    15.8799    55    54     4.6867
   56  4.7510e+09    15.8876    56    55     4.7664
   57  4.6997e+09    15.9228    57    56     4.8460
   58  4.6794e+09    15.9368    58    57     4.9257
   59  4.5213e+09    16.0487    59    58     5.0053
   60  4.5161e+09    16.0524    60    59     5.0849
   61  4.4258e+09    16.1185    61    60     5.1646
   62  4.4246e+09    16.1193    62    61     5.2442
   63  4.4169e+09    16.1250    63    62     5.3238
   64  3.6499e+09    16.7580    64    63     5.4033
   65  3.6081e+09    16.7968    65    64     5.4829
   66  3.6038e+09    16.8008    66    65     5.5625
   67  3.5975e+09    16.8068    67    66     5.6421
   68  3.5902e+09    16.8136    68    67     5.7216
   69  3.5165e+09    16.8836    69    68     5.8012
   70  3.3964e+09    17.0015    70    69     5.8807
   71  3.3652e+09    17.0328    71    70     5.9602
   72  3.3115e+09    17.0876    72    71     6.0398
   73  3.2975e+09    17.1021    73    72     6.1193
   74  3.1847e+09    17.2212    74    73     6.1988
   75  3.1740e+09    17.2328    75    74     6.2783
   76  3.1630e+09    17.2447    76    75     6.3579
   77  3.1474e+09    17.2616    77    76     6.4374
   78  3.1125e+09    17.3000    78    77     6.5169
   79  3.0573e+09    17.3616    79    78     6.5964
   80  3.0089e+09    17.4167    80    79     6.6759
   81  3.0073e+09    17.4186    81    80     6.7554
   82  2.9981e+09    17.4291    82    81     6.8349
   83  2.9578e+09    17.4760    83    82     6.9143
   84  2.6560e+09    17.8518    84    83     6.9938
   85  2.5626e+09    17.9781    85    84     7.0733
   86  2.2778e+09    18.3981    86    85     7.1528
   87  2.2774e+09    18.3986    87    86     7.2323
   88  2.2758e+09    18.4012    88    87     7.3117
   89  1.8802e+09    19.0966    89    88     7.3912
   90  1.8717e+09    19.1132    90    89     7.4707
   91  1.8617e+09    19.1331    91    90     7.5502
   92  1.8358e+09    19.1848    92    91     7.6296
   93  1.7749e+09    19.3101    93    92     7.7091
   94  1.7309e+09    19.4035    94    93     7.7885
   95  1.6485e+09    19.5860    95    94     7.8680
   96  1.6162e+09    19.6605    96    95     7.9475
   97  1.5969e+09    19.7058    97    96     8.0269
   98  1.5727e+09    19.7633    98    97     8.1064
   99  1.5517e+09    19.8143    99    98     8.1858
  100  1.5211e+09    19.8899   100    99     8.2653
