#indx Mass S step-number desc_indx 
    0  1.0000e+11     8.0192     0    -1     0.0134
    1  9.9081e+10     8.0375     1     0     0.1326
    2  9.7364e+10     8.0723     2     1     0.2441
    3  8.8403e+10     8.2664     3     2     0.3500
    4  6.6257e+10     8.8663     4     3     0.4519
    5  6.6060e+10     8.8726     5     4     0.5506
    6  6.4943e+10     8.9091     6     5     0.6467
    7  2.2878e+10    11.3514     7     6     0.7407
    8  2.2803e+10    11.3597     8     7     0.8330
    9  2.2586e+10    11.3841     9     8     0.9238
   10  2.2520e+10    11.3916    10     9     1.0134
   11  2.2346e+10    11.4115    11    10     1.1018
   12  2.2144e+10    11.4347    12    11     1.1894
   13  2.2092e+10    11.4407    13    12     1.2761
   14  2.2073e+10    11.4429    14    13     1.3621
   15  2.1959e+10    11.4562    15    14     1.4474
   16  2.1913e+10    11.4615    16    15     1.5322
   17  2.1669e+10    11.4903    17    16     1.6165
   18  2.0451e+10    11.6397    18    17     1.7003
   19  2.0308e+10    11.6580    19    18     1.7838
   20  2.0232e+10    11.6676    20    19     1.8669
   21  1.8821e+10    11.8566    21    20     1.9496
   22  1.8560e+10    11.8934    22    21     2.0321
   23  1.8083e+10    11.9621    23    22     2.1143
   24  1.8010e+10    11.9728    24    23     2.1963
   25  1.6354e+10    12.2301    25    24     2.2781
   26  1.6339e+10    12.2326    26    25     2.3597
   27  1.6207e+10    12.2544    27    26     2.4411
   28  1.6128e+10    12.2676    28    27     2.5223
   29  1.6014e+10    12.2866    29    28     2.6034
   30  1.5999e+10    12.2892    30    29     2.6844
   31  1.4574e+10    12.5427    31    30     2.7652
   32  1.4221e+10    12.6099    32    31     2.8459
   33  1.1929e+10    13.0995    33    32     2.9266
   34  1.1908e+10    13.1043    34    33     3.0071
   35  1.1475e+10    13.2092    35    34     3.0876
   36  1.1454e+10    13.2145    36    35     3.1680
   37  1.1444e+10    13.2169    37    36     3.2483
   38  1.1140e+10    13.2937    38    37     3.3285
   39  9.5078e+09    13.7511    39    38     3.4087
   40  9.3277e+09    13.8071    40    39     3.4889
   41  8.9644e+09    13.9239    41    40     3.5689
   42  8.6399e+09    14.0330    42    41     3.6490
   43  8.6104e+09    14.0431    43    42     3.7290
   44  8.5048e+09    14.0797    44    43     3.8089
   45  7.8156e+09    14.3326    45    44     3.8889
   46  7.6432e+09    14.3998    46    45     3.9688
   47  6.7084e+09    14.7977    47    46     4.0486
   48  6.6474e+09    14.8258    48    47     4.1285
   49  5.7538e+09    15.2758    49    48     4.2083
   50  5.6381e+09    15.3399    50    49     4.2881
   51  5.6365e+09    15.3408    51    50     4.3678
   52  5.3170e+09    15.5260    52    51     4.4476
   53  4.9847e+09    15.7326    53    52     4.5273
   54  4.9704e+09    15.7419    54    53     4.6070
   55  4.9121e+09    15.7799    55    54     4.6867
   56  4.7256e+09    15.9049    56    55     4.7664
   57  4.7209e+09    15.9082    57    56     4.8460
   58  4.2146e+09    16.2790    58    57     4.9257
   59  4.2104e+09    16.2823    59    58     5.0053
   60  4.2090e+09    16.2834    60    59     5.0849
   61  3.9273e+09    16.5129    61    60     5.1646
   62  3.8914e+09    16.5435    62    61     5.2442
   63  3.8341e+09    16.5930    63    62     5.3238
   64  3.5368e+09    16.8642    64    63     5.4033
   65  3.5120e+09    16.8880    65    64     5.4829
   66  3.4939e+09    16.9054    66    65     5.5625
   67  3.4929e+09    16.9064    67    66     5.6421
   68  3.3736e+09    17.0244    68    67     5.7216
   69  3.3537e+09    17.0445    69    68     5.8012
   70  3.2662e+09    17.1347    70    69     5.8807
   71  2.9177e+09    17.5234    71    70     5.9602
   72  2.9147e+09    17.5269    72    71     6.0398
   73  2.9123e+09    17.5298    73    72     6.1193
   74  2.8434e+09    17.6130    74    73     6.1988
   75  2.8190e+09    17.6431    75    74     6.2783
   76  2.7575e+09    17.7203    76    75     6.3579
   77  2.7207e+09    17.7673    77    76     6.4374
   78  2.7030e+09    17.7902    78    77     6.5169
   79  2.2381e+09    18.4613    79    78     6.5964
   80  2.2156e+09    18.4977    80    79     6.6759
   81  2.1901e+09    18.5394    81    80     6.7554
   82  2.0604e+09    18.7611    82    81     6.8349
   83  2.0289e+09    18.8171    83    82     6.9143
   84  1.1955e+09    20.8192    84    83     6.9938
   85  1.1610e+09    20.9341    85    84     7.0733
   86  1.1357e+09    21.0211    86    85     7.1528
   87  1.1348e+09    21.0242    87    86     7.2323
   88  1.1320e+09    21.0339    88    87     7.3117
   89  1.1264e+09    21.0535    89    88     7.3912
   90  1.1091e+09    21.1146    90    89     7.4707
   91  1.1088e+09    21.1158    91    90     7.5502
   92  1.0716e+09    21.2509    92    91     7.6296
   93  1.0696e+09    21.2587    93    92     7.7091
   94  1.0693e+09    21.2595    94    93     7.7885
   95  1.0677e+09    21.2656    95    94     7.8680
   96  1.0538e+09    21.3179    96    95     7.9475
   97  1.0118e+09    21.4803    97    96     8.0269
   98  9.3466e+08    21.7998    98    97     8.1064
   99  9.3385e+08    21.8033    99    98     8.1858
  100  5.8656e+08    23.7435   100    99     8.2653
