#indx Mass S step-number desc_indx 
    0  1.0000e+11     8.0192     0    -1     0.0134
    1  9.6412e+10     8.0919     1     0     0.1326
    2  9.4871e+10     8.1241     2     1     0.2441
    3  9.4255e+10     8.1372     3     2     0.3500
    4  9.4031e+10     8.1419     4     3     0.4519
    5  6.6955e+10     8.8439     5     4     0.5506
    6  6.5522e+10     8.8901     6     5     0.6467
    7  6.1498e+10     9.0263     7     6     0.7407
    8  5.7941e+10     9.1557     8     7     0.8330
    9  5.6159e+10     9.2241     9     8     0.9238
   10  5.5462e+10     9.2515    10     9     1.0134
   11  5.4479e+10     9.2909    11    10     1.1018
   12  5.3665e+10     9.3242    12    11     1.1894
   13  5.3168e+10     9.3448    13    12     1.2761
   14  5.2064e+10     9.3913    14    13     1.3621
   15  5.0692e+10     9.4508    15    14     1.4474
   16  5.0547e+10     9.4573    16    15     1.5322
   17  4.7453e+10     9.5991    17    16     1.6165
   18  4.4724e+10     9.7336    18    17     1.7003
   19  4.2520e+10     9.8494    19    18     1.7838
   20  4.2463e+10     9.8525    20    19     1.8669
   21  4.2350e+10     9.8586    21    20     1.9496
   22  3.4533e+10    10.3366    22    21     2.0321
   23  3.4065e+10    10.3691    23    22     2.1143
   24  3.2129e+10    10.5095    24    23     2.1963
   25  3.0994e+10    10.5965    25    24     2.2781
   26  3.0792e+10    10.6123    26    25     2.3597
   27  3.0471e+10    10.6378    27    26     2.4411
   28  2.9408e+10    10.7244    28    27     2.5223
   29  2.9300e+10    10.7334    29    28     2.6034
   30  2.7399e+10    10.8985    30    29     2.6844
   31  2.7149e+10    10.9212    31    30     2.7652
   32  2.4212e+10    11.2076    32    31     2.8459
   33  2.4103e+10    11.2190    33    32     2.9266
   34  2.3787e+10    11.2524    34    33     3.0071
   35  2.2294e+10    11.4174    35    34     3.0876
   36  2.1431e+10    11.5187    36    35     3.1680
   37  2.1350e+10    11.5285    37    36     3.2483
   38  2.1283e+10    11.5366    38    37     3.3285
   39  2.1226e+10    11.5435    39    38     3.4087
   40  2.1002e+10    11.5708    40    39     3.4889
   41  2.0595e+10    11.6215    41    40     3.5689
   42  1.9212e+10    11.8026    42    41     3.6490
   43  1.8617e+10    11.8852    43    42     3.7290
   44  1.7161e+10    12.1011    44    43     3.8089
   45  1.7134e+10    12.1053    45    44     3.8889
   46  1.7077e+10    12.1143    46    45     3.9688
   47  1.6423e+10    12.2189    47    46     4.0486
   48  6.5870e+09    14.8540    48    47     4.1285
   49  6.5709e+09    14.8616    49    48     4.2083
   50  6.5699e+09    14.8621    50    49     4.2881
   51  6.4219e+09    14.9326    51    50     4.3678
   52  6.4044e+09    14.9410    52    51     4.4476
   53  6.3350e+09    14.9748    53    52     4.5273
   54  6.2673e+09    15.0082    54    53     4.6070
   55  5.7951e+09    15.2533    55    54     4.6867
   56  5.5466e+09    15.3916    56    55     4.7664
   57  5.1239e+09    15.6442    57    56     4.8460
   58  4.9364e+09    15.7640    58    57     4.9257
   59  4.8976e+09    15.7894    59    58     5.0053
   60  4.8605e+09    15.8139    60    59     5.0849
   61  3.4485e+09    16.9498    61    60     5.1646
   62  3.2805e+09    17.1198    62    61     5.2442
   63  3.2727e+09    17.1278    63    62     5.3238
   64  3.1075e+09    17.3055    64    63     5.4033
   65  1.2003e+09    20.8033    65    64     5.4829
   66  8.8287e+08    22.0314    66    65     5.5625
   67  8.7537e+08    22.0662    67    66     5.6421
   68  8.5736e+08    22.1512    68    67     5.7216
   69  8.5602e+08    22.1576    69    68     5.8012
   70  8.4596e+08    22.2060    70    69     5.8807
   71  8.3877e+08    22.2411    71    70     5.9602
   72  8.2871e+08    22.2906    72    71     6.0398
   73  8.1603e+08    22.3541    73    72     6.1193
   74  7.9049e+08    22.4854    74    73     6.1988
   75  7.8686e+08    22.5044    75    74     6.2783
   76  7.8160e+08    22.5322    76    75     6.3579
   77  7.8051e+08    22.5380    77    76     6.4374
   78  7.7211e+08    22.5829    78    77     6.5169
   79  7.6989e+08    22.5948    79    78     6.5964
   80  7.6769e+08    22.6067    80    79     6.6759
   81  5.4671e+08    24.0472    81    80     6.7554
   82  5.4551e+08    24.0567    82    81     6.8349
   83  5.1451e+08    24.3114    83    82     6.9143
   84  5.1393e+08    24.3163    84    83     6.9938
   85  4.9200e+08    24.5073    85    84     7.0733
   86  4.8538e+08    24.5668    86    85     7.1528
   87  4.8190e+08    24.5985    87    86     7.2323
   88  4.7995e+08    24.6164    88    87     7.3117
   89  4.7980e+08    24.6177    89    88     7.3912
   90  4.7216e+08    24.6885    90    89     7.4707
   91  4.6382e+08    24.7673    91    90     7.5502
   92  4.6287e+08    24.7764    92    91     7.6296
   93  4.2720e+08    25.1330    93    92     7.7091
   94  4.2718e+08    25.1333    94    93     7.7885
   95  4.2436e+08    25.1629    95    94     7.8680
   96  4.2314e+08    25.1758    96    95     7.9475
   97  4.0118e+08    25.4151    97    96     8.0269
   98  3.9634e+08    25.4697    98    97     8.1064
   99  3.9592e+08    25.4745    99    98     8.1858
  100  3.9554e+08    25.4789   100    99     8.2653
