#indx Mass S step-number desc_indx 
    0  1.0000e+11     8.0192     0    -1     0.0134
    1  9.8904e+10     8.0410     1     0     0.1326
    2  9.8809e+10     8.0430     2     1     0.2441
    3  9.8188e+10     8.0555     3     2     0.3500
    4  9.2754e+10     8.1694     4     3     0.4519
    5  8.9114e+10     8.2502     5     4     0.5506
    6  3.0387e+10    10.6446     6     5     0.6467
    7  2.9440e+10    10.7218     7     6     0.7407
    8  2.9400e+10    10.7251     8     7     0.8330
    9  2.9314e+10    10.7323     9     8     0.9238
   10  2.9089e+10    10.7511    10     9     1.0134
   11  2.8687e+10    10.7852    11    10     1.1018
   12  2.3965e+10    11.2335    12    11     1.1894
   13  2.3055e+10    11.3317    13    12     1.2761
   14  2.2355e+10    11.4104    14    13     1.3621
   15  2.1607e+10    11.4976    15    14     1.4474
   16  1.6970e+10    12.1311    16    15     1.5322
   17  1.6322e+10    12.2354    17    16     1.6165
   18  1.6147e+10    12.2643    18    17     1.7003
   19  1.5821e+10    12.3194    19    18     1.7838
   20  1.5392e+10    12.3938    20    19     1.8669
   21  1.5326e+10    12.4054    21    20     1.9496
   22  1.5265e+10    12.4163    22    21     2.0321
   23  1.5262e+10    12.4169    23    22     2.1143
   24  1.5228e+10    12.4229    24    23     2.1963
   25  1.4185e+10    12.6169    25    24     2.2781
   26  1.4029e+10    12.6472    26    25     2.3597
   27  1.3581e+10    12.7368    27    26     2.4411
   28  1.3037e+10    12.8503    28    27     2.5223
   29  1.1980e+10    13.0874    29    28     2.6034
   30  1.1366e+10    13.2364    30    29     2.6844
   31  1.1335e+10    13.2441    31    30     2.7652
   32  1.1235e+10    13.2694    32    31     2.8459
   33  1.1112e+10    13.3007    33    32     2.9266
   34  1.1084e+10    13.3081    34    33     3.0071
   35  1.1004e+10    13.3287    35    34     3.0876
   36  1.0923e+10    13.3499    36    35     3.1680
   37  1.0920e+10    13.3507    37    36     3.2483
   38  1.0478e+10    13.4693    38    37     3.3285
   39  1.0473e+10    13.4706    39    38     3.4087
   40  1.0435e+10    13.4811    40    39     3.4889
   41  1.0386e+10    13.4945    41    40     3.5689
   42  1.0352e+10    13.5041    42    41     3.6490
   43  1.0309e+10    13.5162    43    42     3.7290
   44  9.9757e+09    13.6112    44    43     3.8089
   45  9.9297e+09    13.6247    45    44     3.8889
   46  9.6650e+09    13.7033    46    45     3.9688
   47  9.3747e+09    13.7924    47    46     4.0486
   48  8.8712e+09    13.9548    48    47     4.1285
   49  8.8584e+09    13.9590    49    48     4.2083
   50  8.7216e+09    14.0051    50    49     4.2881
   51  8.5479e+09    14.0647    51    50     4.3678
   52  8.4088e+09    14.1135    52    51     4.4476
   53  5.1824e+09    15.6078    53    52     4.5273
   54  4.7658e+09    15.8775    54    53     4.6070
   55  4.6460e+09    15.9601    55    54     4.6867
   56  4.6184e+09    15.9795    56    55     4.7664
   57  2.8520e+09    17.6026    57    56     4.8460
   58  2.8026e+09    17.6634    58    57     4.9257
   59  2.7997e+09    17.6671    59    58     5.0053
   60  1.8643e+09    19.1278    60    59     5.0849
   61  1.8486e+09    19.1591    61    60     5.1646
   62  1.7255e+09    19.4152    62    61     5.2442
   63  1.7074e+09    19.4545    63    62     5.3238
   64  1.6880e+09    19.4974    64    63     5.4033
   65  1.6828e+09    19.5089    65    64     5.4829
   66  1.6814e+09    19.5121    66    65     5.5625
   67  1.6734e+09    19.5299    67    66     5.6421
   68  1.6389e+09    19.6080    68    67     5.7216
   69  1.6341e+09    19.6190    69    68     5.8012
   70  1.5520e+09    19.8136    70    69     5.8807
   71  1.5184e+09    19.8965    71    70     5.9602
   72  1.5130e+09    19.9101    72    71     6.0398
   73  1.5052e+09    19.9296    73    72     6.1193
   74  1.5005e+09    19.9415    74    73     6.1988
   75  1.4960e+09    19.9532    75    74     6.2783
   76  1.4744e+09    20.0085    76    75     6.3579
   77  1.4731e+09    20.0117    77    76     6.4374
   78  1.4076e+09    20.1858    78    77     6.5169
   79  1.3743e+09    20.2777    79    78     6.5964
   80  1.3729e+09    20.2817    80    79     6.6759
   81  1.3725e+09    20.2827    81    80     6.7554
   82  1.3699e+09    20.2900    82    81     6.8349
   83  1.3574e+09    20.3255    83    82     6.9143
   84  1.3354e+09    20.3884    84    83     6.9938
   85  1.3217e+09    20.4282    85    84     7.0733
   86  1.3213e+09    20.4295    86    85     7.1528
   87  1.2843e+09    20.5394    87    86     7.2323
   88  1.2792e+09    20.5550    88    87     7.3117
   89  1.2739e+09    20.5710    89    88     7.3912
   90  1.2432e+09    20.6661    90    89     7.4707
   91  1.1397e+09    21.0070    91    90     7.5502
   92  1.1380e+09    21.0131    92    91     7.6296
   93  1.0804e+09    21.2186    93    92     7.7091
   94  1.0798e+09    21.2207    94    93     7.7885
   95  1.0396e+09    21.3717    95    94     7.8680
   96  9.3904e+08    21.7809    96    95     7.9475
   97  8.6010e+08    22.1381    97    96     8.0269
   98  8.3769e+08    22.2463    98    97     8.1064
   99  8.3753e+08    22.2472    99    98     8.1858
  100  7.9911e+08    22.4406   100    99     8.2653
