#indx Mass S step-number desc_indx 
    0  1.0000e+11     8.0192     0    -1     0.0134
    1  9.5654e+10     8.1076     1     0     0.1326
    2  9.4775e+10     8.1261     2     1     0.2441
    3  6.0824e+10     9.0501     3     2     0.3500
    4  6.0783e+10     9.0516     4     3     0.4519
    5  6.0083e+10     9.0767     5     4     0.5506
    6  5.9830e+10     9.0859     6     5     0.6467
    7  5.9745e+10     9.0889     7     6     0.7407
    8  5.9061e+10     9.1140     8     7     0.8330
    9  5.8495e+10     9.1349     9     8     0.9238
   10  5.8172e+10     9.1470    10     9     1.0134
   11  5.8064e+10     9.1511    11    10     1.1018
   12  5.8051e+10     9.1516    12    11     1.1894
   13  5.6620e+10     9.2061    13    12     1.2761
   14  5.5889e+10     9.2346    14    13     1.3621
   15  5.5622e+10     9.2452    15    14     1.4474
   16  5.4903e+10     9.2738    16    15     1.5322
   17  5.4011e+10     9.3099    17    16     1.6165
   18  5.0717e+10     9.4497    18    17     1.7003
   19  4.9540e+10     9.5023    19    18     1.7838
   20  4.9279e+10     9.5141    20    19     1.8669
   21  3.0757e+10    10.6151    21    20     1.9496
   22  3.0624e+10    10.6256    22    21     2.0321
   23  2.9855e+10    10.6876    23    22     2.1143
   24  2.9744e+10    10.6966    24    23     2.1963
   25  2.9524e+10    10.7148    25    24     2.2781
   26  2.9424e+10    10.7231    26    25     2.3597
   27  2.9312e+10    10.7325    27    26     2.4411
   28  2.7199e+10    10.9166    28    27     2.5223
   29  2.6998e+10    10.9350    29    28     2.6034
   30  2.6246e+10    11.0053    30    29     2.6844
   31  2.4056e+10    11.2240    31    30     2.7652
   32  2.3795e+10    11.2515    32    31     2.8459
   33  2.3515e+10    11.2815    33    32     2.9266
   34  2.2568e+10    11.3862    34    33     3.0071
   35  2.2436e+10    11.4012    35    34     3.0876
   36  1.8514e+10    11.9000    36    35     3.1680
   37  1.8403e+10    11.9158    37    36     3.2483
   38  1.5965e+10    12.2950    38    37     3.3285
   39  1.5004e+10    12.4633    39    38     3.4087
   40  1.4944e+10    12.4742    40    39     3.4889
   41  1.4395e+10    12.5766    41    40     3.5689
   42  1.4370e+10    12.5813    42    41     3.6490
   43  1.4290e+10    12.5966    43    42     3.7290
   44  1.4285e+10    12.5975    44    43     3.8089
   45  1.4150e+10    12.6238    45    44     3.8889
   46  1.2575e+10    12.9512    46    45     3.9688
   47  1.2569e+10    12.9525    47    46     4.0486
   48  1.2487e+10    12.9708    48    47     4.1285
   49  1.2446e+10    12.9799    49    48     4.2083
   50  1.2227e+10    13.0299    50    49     4.2881
   51  1.0750e+10    13.3956    51    50     4.3678
   52  1.0075e+10    13.5824    52    51     4.4476
   53  9.9772e+09    13.6108    53    52     4.5273
   54  9.9208e+09    13.6273    54    53     4.6070
   55  9.2381e+09    13.8354    55    54     4.6867
   56  1.2144e+09    20.7578    56    55     4.7664
   57  1.1931e+09    20.8269    57    56     4.8460
   58  1.1862e+09    20.8497    58    57     4.9257
   59  3.6877e+08    25.7964    59    58     5.0053
   60  3.6350e+08    25.8620    60    59     5.0849
   61  3.5418e+08    25.9806    61    60     5.1646
   62  3.4153e+08    26.1473    62    61     5.2442
   63  3.4100e+08    26.1544    63    62     5.3238
   64  3.3220e+08    26.2748    64    63     5.4033
   65  3.2184e+08    26.4211    65    64     5.4829
   66  3.1866e+08    26.4670    66    65     5.5625
   67  3.1865e+08    26.4672    67    66     5.6421
   68  3.1848e+08    26.4697    68    67     5.7216
   69  3.1226e+08    26.5611    69    68     5.8012
   70  3.1035e+08    26.5896    70    69     5.8807
   71  3.1026e+08    26.5910    71    70     5.9602
   72  3.0931e+08    26.6053    72    71     6.0398
   73  3.0277e+08    26.7047    73    72     6.1193
   74  3.0267e+08    26.7062    74    73     6.1988
   75  3.0102e+08    26.7317    75    74     6.2783
   76  3.0009e+08    26.7461    76    75     6.3579
   77  2.9521e+08    26.8227    77    76     6.4374
   78  2.7040e+08    27.2353    78    77     6.5169
   79  2.5395e+08    27.5330    79    78     6.5964
   80  2.4832e+08    27.6397    80    79     6.6759
   81  2.4793e+08    27.6472    81    80     6.7554
   82  2.4756e+08    27.6543    82    81     6.8349
   83  2.4268e+08    27.7495    83    82     6.9143
   84  2.4243e+08    27.7546    84    83     6.9938
   85  2.2764e+08    28.0569    85    84     7.0733
   86  2.2509e+08    28.1113    86    85     7.1528
   87  2.2261e+08    28.1648    87    86     7.2323
   88  2.2228e+08    28.1720    88    87     7.3117
   89  2.2086e+08    28.2029    89    88     7.3912
   90  2.2070e+08    28.2064    90    89     7.4707
   91  2.1974e+08    28.2275    91    90     7.5502
   92  2.1948e+08    28.2332    92    91     7.6296
   93  2.1937e+08    28.2357    93    92     7.7091
   94  2.1028e+08    28.4410    94    93     7.7885
   95  2.0585e+08    28.5448    95    94     7.8680
   96  2.0575e+08    28.5472    96    95     7.9475
   97  2.0543e+08    28.5549    97    96     8.0269
   98  2.0506e+08    28.5637    98    97     8.1064
   99  2.0438e+08    28.5800    99    98     8.1858
  100  1.9810e+08    28.7326   100    99     8.2653
