#indx Mass S step-number desc_indx 
    0  1.0000e+11     8.0192     0    -1     0.0134
    1  9.1611e+10     8.1944     1     0     0.1326
    2  8.8058e+10     8.2743     2     1     0.2441
    3  8.5006e+10     8.3461     3     2     0.3500
    4  8.3926e+10     8.3723     4     3     0.4519
    5  8.2157e+10     8.4160     5     4     0.5506
    6  7.6220e+10     8.5711     6     5     0.6467
    7  7.5721e+10     8.5848     7     6     0.7407
    8  7.4806e+10     8.6101     8     7     0.8330
    9  7.4703e+10     8.6130     9     8     0.9238
   10  7.1793e+10     8.6963    10     9     1.0134
   11  7.1255e+10     8.7121    11    10     1.1018
   12  6.8002e+10     8.8109    12    11     1.1894
   13  6.5885e+10     8.8783    13    12     1.2761
   14  6.4432e+10     8.9260    14    13     1.3621
   15  5.7547e+10     9.1706    15    14     1.4474
   16  5.7010e+10     9.1911    16    15     1.5322
   17  5.6838e+10     9.1977    17    16     1.6165
   18  5.6134e+10     9.2250    18    17     1.7003
   19  5.5992e+10     9.2306    19    18     1.7838
   20  5.4888e+10     9.2744    20    19     1.8669
   21  5.4737e+10     9.2805    21    20     1.9496
   22  5.3640e+10     9.3252    22    21     2.0321
   23  4.9400e+10     9.5086    23    22     2.1143
   24  4.8251e+10     9.5615    24    23     2.1963
   25  4.6485e+10     9.6458    25    24     2.2781
   26  4.5122e+10     9.7134    26    25     2.3597
   27  4.3902e+10     9.7760    27    26     2.4411
   28  4.3866e+10     9.7779    28    27     2.5223
   29  4.2694e+10     9.8400    29    28     2.6034
   30  4.2084e+10     9.8732    30    29     2.6844
   31  3.1872e+10    10.5289    31    30     2.7652
   32  3.0702e+10    10.6195    32    31     2.8459
   33  2.3693e+10    11.2625    33    32     2.9266
   34  2.3683e+10    11.2635    34    33     3.0071
   35  2.3375e+10    11.2967    35    34     3.0876
   36  2.2989e+10    11.3390    36    35     3.1680
   37  2.2272e+10    11.4199    37    36     3.2483
   38  2.2019e+10    11.4492    38    37     3.3285
   39  2.1890e+10    11.4642    39    38     3.4087
   40  2.1745e+10    11.4813    40    39     3.4889
   41  2.1678e+10    11.4892    41    40     3.5689
   42  2.1460e+10    11.5152    42    41     3.6490
   43  2.1407e+10    11.5216    43    42     3.7290
   44  2.1201e+10    11.5465    44    43     3.8089
   45  2.0383e+10    11.6484    45    44     3.8889
   46  2.0315e+10    11.6570    46    45     3.9688
   47  1.9710e+10    11.7357    47    46     4.0486
   48  1.9525e+10    11.7603    48    47     4.1285
   49  1.8786e+10    11.8615    49    48     4.2083
   50  1.8724e+10    11.8702    50    49     4.2881
   51  1.8629e+10    11.8836    51    50     4.3678
   52  1.8378e+10    11.9194    52    51     4.4476
   53  1.7954e+10    11.9810    53    52     4.5273
   54  1.3805e+10    12.6917    54    53     4.6070
   55  1.3404e+10    12.7732    55    54     4.6867
   56  1.2948e+10    12.8693    56    55     4.7664
   57  1.2907e+10    12.8782    57    56     4.8460
   58  1.2888e+10    12.8825    58    57     4.9257
   59  1.2797e+10    12.9022    59    58     5.0053
   60  1.2783e+10    12.9053    60    59     5.0849
   61  1.2755e+10    12.9114    61    60     5.1646
   62  1.1195e+10    13.2796    62    61     5.2442
   63  1.0854e+10    13.3680    63    62     5.3238
   64  8.8379e+09    13.9659    64    63     5.4033
   65  8.6752e+09    14.0209    65    64     5.4829
   66  8.5864e+09    14.0514    66    65     5.5625
   67  8.3437e+09    14.1367    67    66     5.6421
   68  8.0268e+09    14.2524    68    67     5.7216
   69  7.7841e+09    14.3447    69    68     5.8012
   70  7.7588e+09    14.3545    70    69     5.8807
   71  7.7273e+09    14.3668    71    70     5.9602
   72  7.7179e+09    14.3705    72    71     6.0398
   73  7.4975e+09    14.4580    73    72     6.1193
   74  7.3448e+09    14.5205    74    73     6.1988
   75  7.2963e+09    14.5406    75    74     6.2783
   76  5.6101e+09    15.3556    76    75     6.3579
   77  5.5354e+09    15.3981    77    76     6.4374
   78  5.2673e+09    15.5559    78    77     6.5169
   79  5.2275e+09    15.5801    79    78     6.5964
   80  4.5053e+09    16.0603    80    79     6.6759
   81  4.4520e+09    16.0992    81    80     6.7554
   82  4.2463e+09    16.2544    82    81     6.8349
   83  4.2197e+09    16.2751    83    82     6.9143
   84  4.1942e+09    16.2950    84    83     6.9938
   85  4.1720e+09    16.3126    85    84     7.0733
   86  4.1686e+09    16.3152    86    85     7.1528
   87  4.1290e+09    16.3468    87    86     7.2323
   88  3.7646e+09    16.6542    88    87     7.3117
   89  3.7544e+09    16.6633    89    88     7.3912
   90  3.7337e+09    16.6818    90    89     7.4707
   91  3.7115e+09    16.7018    91    90     7.5502
   92  3.5580e+09    16.8440    92    91     7.6296
   93  3.4868e+09    16.9123    93    92     7.7091
   94  3.3299e+09    17.0687    94    93     7.7885
   95  3.3238e+09    17.0750    95    94     7.8680
   96  3.1999e+09    17.2049    96    95     7.9475
   97  3.1958e+09    17.2093    97    96     8.0269
   98  3.1829e+09    17.2232    98    97     8.1064
   99  3.0059e+09    17.4202    99    98     8.1858
  100  2.9349e+09    17.5029   100    99     8.2653
