#indx Mass S step-number desc_indx 
    0  1.0000e+11     8.0192     0    -1     0.0134
    1  9.4008e+10     8.1424     1     0     0.1326
    2  9.3360e+10     8.1563     2     1     0.2441
    3  2.8925e+10    10.7650     3     2     0.3500
    4  2.7441e+10    10.8947     4     3     0.4519
    5  2.2089e+10    11.4410     5     4     0.5506
    6  2.2084e+10    11.4416     6     5     0.6467
    7  2.1766e+10    11.4789     7     6     0.7407
    8  2.1720e+10    11.4843     8     7     0.8330
    9  2.1698e+10    11.4869     9     8     0.9238
   10  2.1220e+10    11.5442    10     9     1.0134
   11  1.3452e+10    12.7633    11    10     1.1018
   12  1.3191e+10    12.8177    12    11     1.1894
   13  1.2759e+10    12.9106    13    12     1.2761
   14  1.0332e+10    13.5098    14    13     1.3621
   15  1.0313e+10    13.5150    15    14     1.4474
   16  1.0207e+10    13.5449    16    15     1.5322
   17  1.0197e+10    13.5476    17    16     1.6165
   18  1.0028e+10    13.5960    18    17     1.7003
   19  9.9829e+09    13.6092    19    18     1.7838
   20  9.8070e+09    13.6608    20    19     1.8669
   21  9.7773e+09    13.6696    21    20     1.9496
   22  9.6833e+09    13.6977    22    21     2.0321
   23  9.4507e+09    13.7688    23    22     2.1143
   24  9.4481e+09    13.7696    24    23     2.1963
   25  9.3975e+09    13.7853    25    24     2.2781
   26  9.0643e+09    13.8913    26    25     2.3597
   27  9.0566e+09    13.8938    27    26     2.4411
   28  7.9323e+09    14.2880    28    27     2.5223
   29  7.9170e+09    14.2938    29    28     2.6034
   30  7.8859e+09    14.3056    30    29     2.6844
   31  7.3960e+09    14.4994    31    30     2.7652
   32  7.3126e+09    14.5338    32    31     2.8459
   33  7.1344e+09    14.6090    33    32     2.9266
   34  7.1224e+09    14.6141    34    33     3.0071
   35  7.0119e+09    14.6619    35    34     3.0876
   36  6.9762e+09    14.6775    36    35     3.1680
   37  6.5820e+09    14.8564    37    36     3.2483
   38  6.5473e+09    14.8727    38    37     3.3285
   39  6.3061e+09    14.9890    39    38     3.4087
   40  6.3040e+09    14.9901    40    39     3.4889
   41  6.2158e+09    15.0339    41    40     3.5689
   42  6.1490e+09    15.0675    42    41     3.6490
   43  6.0279e+09    15.1297    43    42     3.7290
   44  6.0049e+09    15.1417    44    43     3.8089
   45  5.9581e+09    15.1662    45    44     3.8889
   46  5.9363e+09    15.1777    46    45     3.9688
   47  5.8851e+09    15.2049    47    46     4.0486
   48  5.7753e+09    15.2641    48    47     4.1285
   49  5.7595e+09    15.2727    49    48     4.2083
   50  5.6807e+09    15.3162    50    49     4.2881
   51  5.5803e+09    15.3725    51    50     4.3678
   52  5.5562e+09    15.3862    52    51     4.4476
   53  5.5476e+09    15.3911    53    52     4.5273
   54  4.0595e+09    16.4029    54    53     4.6070
   55  4.0107e+09    16.4430    55    54     4.6867
   56  3.7582e+09    16.6599    56    55     4.7664
   57  1.6757e+09    19.5247    57    56     4.8460
   58  1.6745e+09    19.5274    58    57     4.9257
   59  1.6696e+09    19.5385    59    58     5.0053
   60  1.6166e+09    19.6596    60    59     5.0849
   61  1.6159e+09    19.6611    61    60     5.1646
   62  1.3778e+09    20.2678    62    61     5.2442
   63  1.3390e+09    20.3781    63    62     5.3238
   64  1.3298e+09    20.4045    64    63     5.4033
   65  1.3195e+09    20.4346    65    64     5.4829
   66  1.3177e+09    20.4400    66    65     5.5625
   67  1.3090e+09    20.4658    67    66     5.6421
   68  1.3076e+09    20.4698    68    67     5.7216
   69  1.3073e+09    20.4708    69    68     5.8012
   70  1.3071e+09    20.4713    70    69     5.8807
   71  1.1224e+09    21.0674    71    70     5.9602
   72  1.1110e+09    21.1077    72    71     6.0398
   73  1.0976e+09    21.1559    73    72     6.1193
   74  1.0801e+09    21.2198    74    73     6.1988
   75  1.0780e+09    21.2273    75    74     6.2783
   76  9.2298e+08    21.8507    76    75     6.3579
   77  9.1580e+08    21.8824    77    76     6.4374
   78  9.0384e+08    21.9358    78    77     6.5169
   79  8.7873e+08    22.0506    79    78     6.5964
   80  8.7719e+08    22.0577    80    79     6.6759
   81  8.7324e+08    22.0762    81    80     6.7554
   82  8.5996e+08    22.1388    82    81     6.8349
   83  8.5585e+08    22.1584    83    82     6.9143
   84  8.5307e+08    22.1717    84    83     6.9938
   85  8.2815e+08    22.2934    85    84     7.0733
   86  8.2277e+08    22.3202    86    85     7.1528
   87  8.2175e+08    22.3253    87    86     7.2323
   88  7.5733e+08    22.6632    88    87     7.3117
   89  5.3297e+08    24.1578    89    88     7.3912
   90  5.3257e+08    24.1610    90    89     7.4707
   91  5.3041e+08    24.1787    91    90     7.5502
   92  5.0915e+08    24.3571    92    91     7.6296
   93  5.0303e+08    24.4100    93    92     7.7091
   94  4.4516e+08    24.9494    94    93     7.7885
