#indx Mass S step-number desc_indx 
    0  1.0000e+11     8.0192     0    -1     0.0134
    1  9.9108e+10     8.0370     1     0     0.1326
    2  9.8575e+10     8.0477     2     1     0.2441
    3  9.7891e+10     8.0615     3     2     0.3500
    4  9.7662e+10     8.0662     4     3     0.4519
    5  9.0888e+10     8.2103     5     4     0.5506
    6  8.9239e+10     8.2474     6     5     0.6467
    7  8.8662e+10     8.2605     7     6     0.7407
    8  8.7925e+10     8.2774     8     7     0.8330
    9  8.7623e+10     8.2844     9     8     0.9238
   10  8.3758e+10     8.3764    10     9     1.0134
   11  8.3595e+10     8.3804    11    10     1.1018
   12  8.1876e+10     8.4230    12    11     1.1894
   13  7.9142e+10     8.4930    13    12     1.2761
   14  6.8823e+10     8.7855    14    13     1.3621
   15  6.5844e+10     8.8796    15    14     1.4474
   16  6.3911e+10     8.9434    16    15     1.5322
   17  6.2817e+10     8.9805    17    16     1.6165
   18  5.9786e+10     9.0875    18    17     1.7003
   19  5.8830e+10     9.1225    19    18     1.7838
   20  5.2369e+10     9.3784    20    19     1.8669
   21  5.2134e+10     9.3883    21    20     1.9496
   22  5.1632e+10     9.4099    22    21     2.0321
   23  4.9790e+10     9.4910    23    22     2.1143
   24  2.7106e+10    10.9251    24    23     2.1963
   25  2.6734e+10    10.9594    25    24     2.2781
   26  2.4717e+10    11.1556    26    25     2.3597
   27  2.2549e+10    11.3884    27    26     2.4411
   28  2.1971e+10    11.4548    28    27     2.5223
   29  2.1617e+10    11.4965    29    28     2.6034
   30  2.1482e+10    11.5126    30    29     2.6844
   31  2.1450e+10    11.5164    31    30     2.7652
   32  2.0959e+10    11.5761    32    31     2.8459
   33  2.0542e+10    11.6281    33    32     2.9266
   34  1.9979e+10    11.7004    34    33     3.0071
   35  1.9521e+10    11.7609    35    34     3.0876
   36  1.9462e+10    11.7688    36    35     3.1680
   37  1.8397e+10    11.9166    37    36     3.2483
   38  1.7889e+10    11.9907    38    37     3.3285
   39  1.7238e+10    12.0892    39    38     3.4087
   40  1.6983e+10    12.1290    40    39     3.4889
   41  1.5113e+10    12.4435    41    40     3.5689
   42  1.5083e+10    12.4490    42    41     3.6490
   43  1.4877e+10    12.4864    43    42     3.7290
   44  1.4644e+10    12.5295    44    43     3.8089
   45  1.1472e+10    13.2099    45    44     3.8889
   46  1.1277e+10    13.2587    46    45     3.9688
   47  1.1250e+10    13.2656    47    46     4.0486
   48  1.1223e+10    13.2724    48    47     4.1285
   49  1.1040e+10    13.3195    49    48     4.2083
   50  1.0998e+10    13.3303    50    49     4.2881
   51  1.0995e+10    13.3310    51    50     4.3678
   52  1.0950e+10    13.3428    52    51     4.4476
   53  1.0852e+10    13.3685    53    52     4.5273
   54  1.0739e+10    13.3984    54    53     4.6070
   55  1.0682e+10    13.4137    55    54     4.6867
   56  1.0668e+10    13.4176    56    55     4.7664
   57  1.0063e+10    13.5859    57    56     4.8460
   58  9.5291e+09    13.7446    58    57     4.9257
   59  9.4388e+09    13.7724    59    58     5.0053
   60  8.6524e+09    14.0287    60    59     5.0849
   61  8.6244e+09    14.0383    61    60     5.1646
   62  8.4858e+09    14.0864    62    61     5.2442
   63  8.4418e+09    14.1019    63    62     5.3238
   64  7.8025e+09    14.3376    64    63     5.4033
   65  7.7371e+09    14.3630    65    64     5.4829
   66  7.7248e+09    14.3677    66    65     5.5625
   67  7.5993e+09    14.4172    67    66     5.6421
   68  7.5688e+09    14.4294    68    67     5.7216
   69  7.5002e+09    14.4569    69    68     5.8012
   70  6.9629e+09    14.6833    70    69     5.8807
   71  6.9305e+09    14.6976    71    70     5.9602
   72  6.8113e+09    14.7509    72    71     6.0398
   73  6.7533e+09    14.7772    73    72     6.1193
   74  6.4075e+09    14.9395    74    73     6.1988
   75  6.4048e+09    14.9408    75    74     6.2783
   76  6.3960e+09    14.9451    76    75     6.3579
   77  6.3537e+09    14.9657    77    76     6.4374
   78  6.3416e+09    14.9716    78    77     6.5169
   79  6.1473e+09    15.0684    79    78     6.5964
   80  5.9282e+09    15.1820    80    79     6.6759
   81  5.9068e+09    15.1933    81    80     6.7554
   82  4.8970e+09    15.7897    82    81     6.8349
   83  4.8919e+09    15.7931    83    82     6.9143
   84  4.7852e+09    15.8644    84    83     6.9938
   85  4.6706e+09    15.9429    85    84     7.0733
   86  4.4926e+09    16.0695    86    85     7.1528
   87  3.9144e+09    16.5239    87    86     7.2323
   88  3.8652e+09    16.5660    88    87     7.3117
   89  3.7023e+09    16.7101    89    88     7.3912
   90  3.7002e+09    16.7121    90    89     7.4707
   91  3.4475e+09    16.9507    91    90     7.5502
   92  3.4410e+09    16.9572    92    91     7.6296
   93  3.4158e+09    16.9821    93    92     7.7091
   94  3.3685e+09    17.0296    94    93     7.7885
   95  2.9177e+09    17.5234    95    94     7.8680
   96  2.9013e+09    17.5429    96    95     7.9475
   97  2.7274e+09    17.7587    97    96     8.0269
   98  2.7178e+09    17.7710    98    97     8.1064
   99  2.6025e+09    17.9235    99    98     8.1858
  100  2.4208e+09    18.1800   100    99     8.2653
