#indx Mass S step-number desc_indx 
    0  1.0000e+11     8.0192     0    -1     0.0134
    1  9.5293e+10     8.1152     1     0     0.1326
    2  9.3905e+10     8.1446     2     1     0.2441
    3  9.1296e+10     8.2013     3     2     0.3500
    4  8.9919e+10     8.2320     4     3     0.4519
    5  7.5677e+10     8.5859     5     4     0.5506
    6  7.2391e+10     8.6788     6     5     0.6467
    7  7.1502e+10     8.7048     7     6     0.7407
    8  6.6352e+10     8.8632     8     7     0.8330
    9  5.0623e+10     9.4539     9     8     0.9238
   10  4.8386e+10     9.5552    10     9     1.0134
   11  4.7645e+10     9.5900    11    10     1.1018
   12  4.7596e+10     9.5923    12    11     1.1894
   13  4.7522e+10     9.5959    13    12     1.2761
   14  4.7201e+10     9.6112    14    13     1.3621
   15  4.5165e+10     9.7112    15    14     1.4474
   16  4.5103e+10     9.7143    16    15     1.5322
   17  4.4571e+10     9.7415    17    16     1.6165
   18  4.4374e+10     9.7515    18    17     1.7003
   19  4.0746e+10     9.9478    19    18     1.7838
   20  3.5931e+10    10.2423    20    19     1.8669
   21  3.2938e+10    10.4497    21    20     1.9496
   22  3.2348e+10    10.4931    22    21     2.0321
   23  2.9612e+10    10.7075    23    22     2.1143
   24  2.8592e+10    10.7934    24    23     2.1963
   25  2.1462e+10    11.5150    25    24     2.2781
   26  1.7340e+10    12.0735    26    25     2.3597
   27  1.7283e+10    12.0823    27    26     2.4411
   28  1.5962e+10    12.2954    28    27     2.5223
   29  1.5742e+10    12.3329    29    28     2.6034
   30  1.5549e+10    12.3664    30    29     2.6844
   31  1.5192e+10    12.4295    31    30     2.7652
   32  1.4878e+10    12.4863    32    31     2.8459
   33  1.4012e+10    12.6506    33    32     2.9266
   34  1.2631e+10    12.9387    34    33     3.0071
   35  1.2626e+10    12.9398    35    34     3.0876
   36  1.2122e+10    13.0542    36    35     3.1680
   37  1.2110e+10    13.0569    37    36     3.2483
   38  1.2088e+10    13.0620    38    37     3.3285
   39  1.1606e+10    13.1770    39    38     3.4087
   40  1.1573e+10    13.1851    40    39     3.4889
   41  1.1558e+10    13.1888    41    40     3.5689
   42  1.1391e+10    13.2300    42    41     3.6490
   43  1.1216e+10    13.2742    43    42     3.7290
   44  1.1110e+10    13.3012    44    43     3.8089
   45  9.2139e+09    13.8431    45    44     3.8889
   46  9.0439e+09    13.8979    46    45     3.9688
   47  8.9415e+09    13.9315    47    46     4.0486
   48  8.9130e+09    13.9409    48    47     4.1285
   49  8.8819e+09    13.9512    49    48     4.2083
   50  8.6385e+09    14.0334    50    49     4.2881
   51  8.6202e+09    14.0397    51    50     4.3678
   52  8.1922e+09    14.1914    52    51     4.4476
   53  8.1539e+09    14.2054    53    52     4.5273
   54  8.0388e+09    14.2480    54    53     4.6070
   55  7.5872e+09    14.4220    55    54     4.6867
   56  7.3924e+09    14.5008    56    55     4.7664
   57  7.3807e+09    14.5057    57    56     4.8460
   58  7.3303e+09    14.5265    58    57     4.9257
   59  4.7269e+09    15.9041    59    58     5.0053
   60  4.6677e+09    15.9450    60    59     5.0849
   61  4.3022e+09    16.2113    61    60     5.1646
   62  4.1823e+09    16.3045    62    61     5.2442
   63  3.9846e+09    16.4647    63    62     5.3238
   64  3.9672e+09    16.4793    64    63     5.4033
   65  3.9621e+09    16.4836    65    64     5.4829
   66  3.8902e+09    16.5445    66    65     5.5625
   67  3.8560e+09    16.5740    67    66     5.6421
   68  3.6350e+09    16.7718    68    67     5.7216
   69  3.6281e+09    16.7782    69    68     5.8012
   70  3.5369e+09    16.8641    70    69     5.8807
   71  3.5354e+09    16.8655    71    70     5.9602
   72  3.5339e+09    16.8670    72    71     6.0398
   73  3.5203e+09    16.8800    73    72     6.1193
   74  3.3336e+09    17.0649    74    73     6.1988
   75  3.3121e+09    17.0870    75    74     6.2783
   76  3.3082e+09    17.0911    76    75     6.3579
   77  3.3032e+09    17.0962    77    76     6.4374
   78  3.3022e+09    17.0972    78    77     6.5169
   79  3.2779e+09    17.1225    79    78     6.5964
   80  3.2597e+09    17.1415    80    79     6.6759
   81  3.2418e+09    17.1603    81    80     6.7554
   82  3.2313e+09    17.1714    82    81     6.8349
   83  3.2303e+09    17.1725    83    82     6.9143
   84  3.1737e+09    17.2330    84    83     6.9938
   85  3.1538e+09    17.2547    85    84     7.0733
   86  3.1455e+09    17.2637    86    85     7.1528
   87  3.0751e+09    17.3416    87    86     7.2323
   88  3.0714e+09    17.3458    88    87     7.3117
   89  2.0381e+09    18.8006    89    88     7.3912
   90  1.8123e+09    19.2325    90    89     7.4707
   91  9.4219e+08    21.7673    91    90     7.5502
   92  9.3154e+08    21.8133    92    91     7.6296
   93  9.2891e+08    21.8247    93    92     7.7091
   94  9.1897e+08    21.8683    94    93     7.7885
   95  9.1711e+08    21.8766    95    94     7.8680
   96  8.1040e+08    22.3827    96    95     7.9475
   97  8.0765e+08    22.3967    97    96     8.0269
   98  7.8317e+08    22.5239    98    97     8.1064
   99  7.7714e+08    22.5560    99    98     8.1858
  100  6.8642e+08    23.0747   100    99     8.2653
