#indx Mass S step-number desc_indx 
    0  1.0000e+11     8.0192     0    -1     0.0134
    1  9.9351e+10     8.0321     1     0     0.1326
    2  8.7327e+10     8.2913     2     1     0.2441
    3  7.7735e+10     8.5302     3     2     0.3500
    4  7.6394e+10     8.5663     4     3     0.4519
    5  7.5887e+10     8.5802     5     4     0.5506
    6  7.3919e+10     8.6350     6     5     0.6467
    7  7.1292e+10     8.7110     7     6     0.7407
    8  5.3456e+10     9.3328     8     7     0.8330
    9  4.6105e+10     9.6644     9     8     0.9238
   10  4.4858e+10     9.7268    10     9     1.0134
   11  4.3516e+10     9.7963    11    10     1.1018
   12  4.3191e+10     9.8134    12    11     1.1894
   13  3.6370e+10    10.2137    13    12     1.2761
   14  3.5860e+10    10.2470    14    13     1.3621
   15  3.5785e+10    10.2520    15    14     1.4474
   16  3.4189e+10    10.3605    16    15     1.5322
   17  3.4086e+10    10.3677    17    16     1.6165
   18  3.3669e+10    10.3970    18    17     1.7003
   19  3.0544e+10    10.6320    19    18     1.7838
   20  3.0472e+10    10.6377    20    19     1.8669
   21  2.7724e+10    10.8693    21    20     1.9496
   22  2.4725e+10    11.1548    22    21     2.0321
   23  2.4459e+10    11.1820    23    22     2.1143
   24  2.1613e+10    11.4969    24    23     2.1963
   25  2.1455e+10    11.5159    25    24     2.2781
   26  2.1369e+10    11.5261    26    25     2.3597
   27  1.9404e+10    11.7767    27    26     2.4411
   28  1.9056e+10    11.8240    28    27     2.5223
   29  1.8972e+10    11.8356    29    28     2.6034
   30  1.8536e+10    11.8968    30    29     2.6844
   31  1.8505e+10    11.9012    31    30     2.7652
   32  1.7582e+10    12.0366    32    31     2.8459
   33  1.7226e+10    12.0910    33    32     2.9266
   34  1.6585e+10    12.1925    34    33     3.0071
   35  1.5192e+10    12.4294    35    34     3.0876
   36  1.3791e+10    12.6945    36    35     3.1680
   37  1.3428e+10    12.7683    37    36     3.2483
   38  1.3277e+10    12.7997    38    37     3.3285
   39  1.3158e+10    12.8246    39    38     3.4087
   40  1.3049e+10    12.8477    40    39     3.4889
   41  1.3023e+10    12.8534    41    40     3.5689
   42  1.2919e+10    12.8757    42    41     3.6490
   43  1.2867e+10    12.8870    43    42     3.7290
   44  1.2761e+10    12.9101    44    43     3.8089
   45  1.2405e+10    12.9892    45    44     3.8889
   46  1.2295e+10    13.0143    46    45     3.9688
   47  1.2164e+10    13.0443    47    46     4.0486
   48  1.2107e+10    13.0577    48    47     4.1285
   49  1.1564e+10    13.1873    49    48     4.2083
   50  1.1560e+10    13.1883    50    49     4.2881
   51  1.0616e+10    13.4315    51    50     4.3678
   52  1.0561e+10    13.4464    52    51     4.4476
   53  1.0496e+10    13.4643    53    52     4.5273
   54  1.0460e+10    13.4741    54    53     4.6070
   55  1.0404e+10    13.4897    55    54     4.6867
   56  1.0354e+10    13.5035    56    55     4.7664
   57  1.0121e+10    13.5692    57    56     4.8460
   58  9.9778e+09    13.6106    58    57     4.9257
   59  9.8680e+09    13.6428    59    58     5.0053
   60  9.8021e+09    13.6623    60    59     5.0849
   61  9.2345e+09    13.8366    61    60     5.1646
   62  9.1827e+09    13.8531    62    61     5.2442
   63  9.1661e+09    13.8584    63    62     5.3238
   64  9.1573e+09    13.8612    64    63     5.4033
   65  9.1547e+09    13.8621    65    64     5.4829
   66  8.7025e+09    14.0115    66    65     5.5625
   67  8.6349e+09    14.0347    67    66     5.6421
   68  8.6040e+09    14.0453    68    67     5.7216
   69  8.2574e+09    14.1677    69    68     5.8012
   70  8.2534e+09    14.1691    70    69     5.8807
   71  8.2392e+09    14.1743    71    70     5.9602
   72  7.9726e+09    14.2728    72    71     6.0398
   73  7.9154e+09    14.2944    73    72     6.1193
   74  7.1097e+09    14.6195    74    73     6.1988
   75  7.0303e+09    14.6539    75    74     6.2783
   76  7.0255e+09    14.6560    76    75     6.3579
   77  6.8975e+09    14.7123    77    76     6.4374
   78  6.8717e+09    14.7238    78    77     6.5169
   79  5.2936e+09    15.5401    79    78     6.5964
   80  5.2621e+09    15.5591    80    79     6.6759
   81  5.2583e+09    15.5614    81    80     6.7554
   82  5.1128e+09    15.6511    82    81     6.8349
   83  5.0798e+09    15.6719    83    82     6.9143
   84  5.0201e+09    15.7099    84    83     6.9938
   85  4.5167e+09    16.0520    85    84     7.0733
   86  4.2490e+09    16.2523    86    85     7.1528
   87  4.1310e+09    16.3452    87    86     7.2323
   88  4.1096e+09    16.3623    88    87     7.3117
   89  3.2552e+09    17.1462    89    88     7.3912
   90  3.2321e+09    17.1705    90    89     7.4707
   91  2.7215e+09    17.7662    91    90     7.5502
   92  2.7085e+09    17.7831    92    91     7.6296
   93  2.6375e+09    17.8764    93    92     7.7091
   94  2.5979e+09    17.9297    94    93     7.7885
   95  2.5682e+09    17.9703    95    94     7.8680
   96  2.5423e+09    18.0062    96    95     7.9475
   97  2.5159e+09    18.0432    97    96     8.0269
   98  2.4861e+09    18.0855    98    97     8.1064
   99  2.4670e+09    18.1128    99    98     8.1858
  100  2.2554e+09    18.4335   100    99     8.2653
