#indx Mass S step-number desc_indx 
    0  1.0000e+11     8.0192     0    -1     0.0134
    1  9.6030e+10     8.0998     1     0     0.1326
    2  9.1133e+10     8.2049     2     1     0.2441
    3  9.0472e+10     8.2196     3     2     0.3500
    4  9.0340e+10     8.2225     4     3     0.4519
    5  8.2649e+10     8.4037     5     4     0.5506
    6  8.0327e+10     8.4623     6     5     0.6467
    7  5.8416e+10     9.1379     7     6     0.7407
    8  5.1024e+10     9.4363     8     7     0.8330
    9  4.9022e+10     9.5259     9     8     0.9238
   10  4.8229e+10     9.5626    10     9     1.0134
   11  4.3067e+10     9.8200    11    10     1.1018
   12  4.0864e+10     9.9411    12    11     1.1894
   13  4.0511e+10     9.9612    13    12     1.2761
   14  2.8544e+10    10.7976    14    13     1.3621
   15  2.6212e+10    11.0085    15    14     1.4474
   16  2.4986e+10    11.1283    16    15     1.5322
   17  2.4656e+10    11.1618    17    16     1.6165
   18  2.4538e+10    11.1739    18    17     1.7003
   19  2.3640e+10    11.2681    19    18     1.7838
   20  2.3515e+10    11.2815    20    19     1.8669
   21  2.3485e+10    11.2848    21    20     1.9496
   22  2.3053e+10    11.3319    22    21     2.0321
   23  2.1807e+10    11.4740    23    22     2.1143
   24  2.1476e+10    11.5133    24    23     2.1963
   25  2.0499e+10    11.6336    25    24     2.2781
   26  2.0354e+10    11.6520    26    25     2.3597
   27  1.9027e+10    11.8280    27    26     2.4411
   28  1.7071e+10    12.1152    28    27     2.5223
   29  1.7063e+10    12.1164    29    28     2.6034
   30  1.6762e+10    12.1640    30    29     2.6844
   31  1.6737e+10    12.1679    31    30     2.7652
   32  1.6010e+10    12.2874    32    31     2.8459
   33  1.5877e+10    12.3098    33    32     2.9266
   34  1.5696e+10    12.3409    34    33     3.0071
   35  1.5681e+10    12.3434    35    34     3.0876
   36  1.4809e+10    12.4989    36    35     3.1680
   37  1.4695e+10    12.5200    37    36     3.2483
   38  1.4330e+10    12.5888    38    37     3.3285
   39  1.4102e+10    12.6329    39    38     3.4087
   40  1.3636e+10    12.7258    40    39     3.4889
   41  1.2749e+10    12.9128    41    40     3.5689
   42  1.2729e+10    12.9171    42    41     3.6490
   43  1.2649e+10    12.9348    43    42     3.7290
   44  1.2222e+10    13.0311    44    43     3.8089
   45  1.2077e+10    13.0647    45    44     3.8889
   46  1.1859e+10    13.1161    46    45     3.9688
   47  1.1771e+10    13.1371    47    46     4.0486
   48  1.1723e+10    13.1486    48    47     4.1285
   49  1.0935e+10    13.3467    49    48     4.2083
   50  1.0665e+10    13.4183    50    49     4.2881
   51  1.0527e+10    13.4557    51    50     4.3678
   52  1.0398e+10    13.4913    52    51     4.4476
   53  1.0333e+10    13.5095    53    52     4.5273
   54  1.0296e+10    13.5198    54    53     4.6070
   55  9.9883e+09    13.6076    55    54     4.6867
   56  9.9063e+09    13.6315    56    55     4.7664
   57  6.3810e+09    14.9524    57    56     4.8460
   58  6.2442e+09    15.0197    58    57     4.9257
   59  6.2322e+09    15.0257    59    58     5.0053
   60  6.2194e+09    15.0321    60    59     5.0849
   61  6.1107e+09    15.0871    61    60     5.1646
   62  5.9604e+09    15.1650    62    61     5.2442
   63  5.9585e+09    15.1660    63    62     5.3238
   64  5.8996e+09    15.1971    64    63     5.4033
   65  5.8389e+09    15.2296    65    64     5.4829
   66  5.8328e+09    15.2329    66    65     5.5625
   67  3.4589e+09    16.9395    67    66     5.6421
   68  3.4549e+09    16.9435    68    67     5.7216
   69  3.2070e+09    17.1972    69    68     5.8012
   70  3.0148e+09    17.4099    70    69     5.8807
   71  2.9491e+09    17.4862    71    70     5.9602
   72  2.9384e+09    17.4989    72    71     6.0398
   73  2.9323e+09    17.5060    73    72     6.1193
   74  2.9024e+09    17.5416    74    73     6.1988
   75  2.7712e+09    17.7029    75    74     6.2783
   76  2.6957e+09    17.7997    76    75     6.3579
   77  2.4240e+09    18.1754    77    76     6.4374
   78  2.3383e+09    18.3039    78    77     6.5169
   79  2.3355e+09    18.3082    79    78     6.5964
   80  2.3325e+09    18.3129    80    79     6.6759
   81  2.3216e+09    18.3296    81    80     6.7554
   82  2.2241e+09    18.4839    82    81     6.8349
   83  2.2163e+09    18.4965    83    82     6.9143
   84  2.1666e+09    18.5785    84    83     6.9938
   85  2.1420e+09    18.6198    85    84     7.0733
   86  2.1418e+09    18.6202    86    85     7.1528
   87  2.1117e+09    18.6715    87    86     7.2323
   88  2.1074e+09    18.6789    88    87     7.3117
   89  2.0450e+09    18.7883    89    88     7.3912
   90  1.9967e+09    18.8757    90    89     7.4707
   91  1.9924e+09    18.8836    91    90     7.5502
   92  1.9916e+09    18.8851    92    91     7.6296
   93  1.9642e+09    18.9358    93    92     7.7091
   94  1.8918e+09    19.0738    94    93     7.7885
   95  1.8654e+09    19.1257    95    94     7.8680
   96  1.8617e+09    19.1331    96    95     7.9475
   97  1.8456e+09    19.1651    97    96     8.0269
   98  1.8389e+09    19.1787    98    97     8.1064
   99  1.8314e+09    19.1937    99    98     8.1858
  100  1.7434e+09    19.3766   100    99     8.2653
