#indx Mass S step-number desc_indx 
    0  1.0000e+11     8.0192     0    -1     0.0134
    1  9.9182e+10     8.0355     1     0     0.1326
    2  9.7821e+10     8.0629     2     1     0.2441
    3  9.7272e+10     8.0742     3     2     0.3500
    4  9.4272e+10     8.1368     4     3     0.4519
    5  9.4091e+10     8.1407     5     4     0.5506
    6  9.3665e+10     8.1497     6     5     0.6467
    7  7.4862e+10     8.6085     7     6     0.7407
    8  7.4774e+10     8.6110     8     7     0.8330
    9  7.4727e+10     8.6123     9     8     0.9238
   10  6.6209e+10     8.8678    10     9     1.0134
   11  6.1434e+10     9.0285    11    10     1.1018
   12  6.1384e+10     9.0303    12    11     1.1894
   13  4.9409e+10     9.5082    13    12     1.2761
   14  4.4921e+10     9.7236    14    13     1.3621
   15  4.4662e+10     9.7368    15    14     1.4474
   16  4.4524e+10     9.7438    16    15     1.5322
   17  4.2504e+10     9.8503    17    16     1.6165
   18  4.2415e+10     9.8551    18    17     1.7003
   19  3.8760e+10    10.0641    19    18     1.7838
   20  3.7042e+10    10.1704    20    19     1.8669
   21  3.6758e+10    10.1886    21    20     1.9496
   22  3.6316e+10    10.2172    22    21     2.0321
   23  3.5962e+10    10.2403    23    22     2.1143
   24  3.5620e+10    10.2629    24    23     2.1963
   25  3.5565e+10    10.2666    25    24     2.2781
   26  3.4202e+10    10.3596    26    25     2.3597
   27  1.9713e+10    11.7353    27    26     2.4411
   28  1.9344e+10    11.7848    28    27     2.5223
   29  1.9063e+10    11.8231    29    28     2.6034
   30  1.8874e+10    11.8492    30    29     2.6844
   31  1.8746e+10    11.8671    31    30     2.7652
   32  1.8725e+10    11.8701    32    31     2.8459
   33  1.8608e+10    11.8866    33    32     2.9266
   34  1.8319e+10    11.9279    34    33     3.0071
   35  1.8268e+10    11.9352    35    34     3.0876
   36  1.5299e+10    12.4103    36    35     3.1680
   37  1.5210e+10    12.4262    37    36     3.2483
   38  1.5108e+10    12.4444    38    37     3.3285
   39  1.4983e+10    12.4671    39    38     3.4087
   40  1.4339e+10    12.5873    40    39     3.4889
   41  1.4237e+10    12.6068    41    40     3.5689
   42  1.4202e+10    12.6136    42    41     3.6490
   43  1.4026e+10    12.6478    43    42     3.7290
   44  1.4026e+10    12.6480    44    43     3.8089
   45  1.3371e+10    12.7799    45    44     3.8889
   46  1.0688e+10    13.4122    46    45     3.9688
   47  1.0647e+10    13.4231    47    46     4.0486
   48  9.7524e+09    13.6770    48    47     4.1285
   49  9.6171e+09    13.7178    49    48     4.2083
   50  9.3913e+09    13.7872    50    49     4.2881
   51  9.2933e+09    13.8180    51    50     4.3678
   52  9.2848e+09    13.8206    52    51     4.4476
   53  7.0951e+09    14.6258    53    52     4.5273
   54  5.4901e+09    15.4241    54    53     4.6070
   55  5.4617e+09    15.4406    55    54     4.6867
   56  5.2749e+09    15.5513    56    55     4.7664
   57  5.2602e+09    15.5602    57    56     4.8460
   58  4.3046e+09    16.2096    58    57     4.9257
   59  4.1640e+09    16.3189    59    58     5.0053
   60  3.9830e+09    16.4661    60    59     5.0849
   61  3.9806e+09    16.4681    61    60     5.1646
   62  3.9077e+09    16.5296    62    61     5.2442
   63  3.8441e+09    16.5843    63    62     5.3238
   64  3.8436e+09    16.5848    64    63     5.4033
   65  3.6660e+09    16.7432    65    64     5.4829
   66  3.6617e+09    16.7472    66    65     5.5625
   67  3.6206e+09    16.7852    67    66     5.6421
   68  3.6168e+09    16.7887    68    67     5.7216
   69  3.6145e+09    16.7909    69    68     5.8012
   70  3.5954e+09    16.8087    70    69     5.8807
   71  3.4073e+09    16.9905    71    70     5.9602
   72  3.3918e+09    17.0061    72    71     6.0398
   73  2.8091e+09    17.6554    73    72     6.1193
   74  2.7431e+09    17.7385    74    73     6.1988
   75  2.7413e+09    17.7408    75    74     6.2783
   76  1.5707e+09    19.7682    76    75     6.3579
   77  1.5635e+09    19.7855    77    76     6.4374
   78  1.5365e+09    19.8516    78    77     6.5169
   79  1.5282e+09    19.8721    79    78     6.5964
   80  1.1937e+09    20.8250    80    79     6.6759
   81  1.1876e+09    20.8451    81    80     6.7554
   82  1.1681e+09    20.9102    82    81     6.8349
   83  1.1649e+09    20.9209    83    82     6.9143
   84  1.1466e+09    20.9832    84    83     6.9938
   85  1.1428e+09    20.9963    85    84     7.0733
   86  1.0652e+09    21.2750    86    85     7.1528
   87  1.0355e+09    21.3876    87    86     7.2323
   88  1.0246e+09    21.4300    88    87     7.3117
   89  1.0021e+09    21.5192    89    88     7.3912
   90  9.8983e+08    21.5684    90    89     7.4707
   91  9.6097e+08    21.6876    91    90     7.5502
   92  9.5861e+08    21.6975    92    91     7.6296
   93  9.5851e+08    21.6979    93    92     7.7091
   94  7.2438e+08    22.8487    94    93     7.7885
   95  6.9226e+08    23.0390    95    94     7.8680
   96  6.2194e+08    23.4928    96    95     7.9475
   97  6.1512e+08    23.5399    97    96     8.0269
   98  6.0818e+08    23.5884    98    97     8.1064
   99  5.7492e+08    23.8298    99    98     8.1858
  100  5.7146e+08    23.8558   100    99     8.2653
