#indx Mass S step-number desc_indx 
    0  1.0000e+11     8.0192     0    -1     0.0134
    1  9.7522e+10     8.0691     1     0     0.1326
    2  8.9091e+10     8.2507     2     1     0.2441
    3  8.8919e+10     8.2546     3     2     0.3500
    4  7.0844e+10     8.7243     4     3     0.4519
    5  6.4719e+10     8.9165     5     4     0.5506
    6  6.4693e+10     8.9173     6     5     0.6467
    7  6.2536e+10     8.9902     7     6     0.7407
    8  6.2278e+10     8.9991     8     7     0.8330
    9  6.0369e+10     9.0664     9     8     0.9238
   10  5.8998e+10     9.1163    10     9     1.0134
   11  5.8352e+10     9.1403    11    10     1.1018
   12  5.7954e+10     9.1552    12    11     1.1894
   13  5.6348e+10     9.2167    13    12     1.2761
   14  5.6017e+10     9.2296    14    13     1.3621
   15  5.5688e+10     9.2426    15    14     1.4474
   16  5.5569e+10     9.2473    16    15     1.5322
   17  5.5154e+10     9.2638    17    16     1.6165
   18  5.4649e+10     9.2840    18    17     1.7003
   19  5.4585e+10     9.2866    19    18     1.7838
   20  5.3872e+10     9.3156    20    19     1.8669
   21  5.2371e+10     9.3783    21    20     1.9496
   22  5.2215e+10     9.3849    22    21     2.0321
   23  4.6070e+10     9.6661    23    22     2.1143
   24  4.3841e+10     9.7792    24    23     2.1963
   25  4.2550e+10     9.8478    25    24     2.2781
   26  3.5063e+10    10.3004    26    25     2.3597
   27  3.3241e+10    10.4277    27    26     2.4411
   28  3.2729e+10    10.4649    28    27     2.5223
   29  3.2491e+10    10.4825    29    28     2.6034
   30  3.2307e+10    10.4962    30    29     2.6844
   31  3.2229e+10    10.5020    31    30     2.7652
   32  3.2121e+10    10.5101    32    31     2.8459
   33  3.1916e+10    10.5255    33    32     2.9266
   34  3.1085e+10    10.5894    34    33     3.0071
   35  3.0696e+10    10.6199    35    34     3.0876
   36  2.6669e+10    10.9655    36    35     3.1680
   37  2.6298e+10    11.0004    37    36     3.2483
   38  2.5751e+10    11.0528    38    37     3.3285
   39  2.5620e+10    11.0655    39    38     3.4087
   40  2.5264e+10    11.1006    40    39     3.4889
   41  1.4384e+10    12.5786    41    40     3.5689
   42  1.3448e+10    12.7642    42    41     3.6490
   43  1.3309e+10    12.7930    43    42     3.7290
   44  1.2983e+10    12.8619    44    43     3.8089
   45  1.2222e+10    13.0309    45    44     3.8889
   46  7.7081e+09    14.3743    46    45     3.9688
   47  7.6653e+09    14.3911    47    46     4.0486
   48  7.6498e+09    14.3972    48    47     4.1285
   49  7.5320e+09    14.4441    49    48     4.2083
   50  7.4258e+09    14.4872    50    49     4.2881
   51  7.3266e+09    14.5280    51    50     4.3678
   52  6.9461e+09    14.6907    52    51     4.4476
   53  6.9389e+09    14.6939    53    52     4.5273
   54  6.8624e+09    14.7279    54    53     4.6070
   55  6.8615e+09    14.7283    55    54     4.6867
   56  6.8589e+09    14.7295    56    55     4.7664
   57  6.8429e+09    14.7367    57    56     4.8460
   58  6.5939e+09    14.8508    58    57     4.9257
   59  6.5927e+09    14.8513    59    58     5.0053
   60  6.3260e+09    14.9792    60    59     5.0849
   61  5.4558e+09    15.4440    61    60     5.1646
   62  5.2314e+09    15.5777    62    61     5.2442
   63  4.8815e+09    15.8000    63    62     5.3238
   64  4.8305e+09    15.8339    64    63     5.4033
   65  4.8065e+09    15.8500    65    64     5.4829
   66  4.5399e+09    16.0353    66    65     5.5625
   67  4.5332e+09    16.0401    67    66     5.6421
   68  4.5069e+09    16.0591    68    67     5.7216
   69  4.3805e+09    16.1521    69    68     5.8012
   70  4.1284e+09    16.3472    70    69     5.8807
   71  4.1082e+09    16.3634    71    70     5.9602
   72  3.9355e+09    16.5059    72    71     6.0398
   73  3.9042e+09    16.5326    73    72     6.1193
   74  3.8177e+09    16.6073    74    73     6.1988
   75  3.6935e+09    16.7181    75    74     6.2783
   76  3.6070e+09    16.7978    76    75     6.3579
   77  3.6001e+09    16.8043    77    76     6.4374
   78  3.5974e+09    16.8069    78    77     6.5169
   79  3.5392e+09    16.8619    79    78     6.5964
   80  3.5356e+09    16.8654    80    79     6.6759
   81  3.5195e+09    16.8808    81    80     6.7554
   82  3.2927e+09    17.1071    82    81     6.8349
   83  3.2724e+09    17.1282    83    82     6.9143
   84  3.2664e+09    17.1344    84    83     6.9938
   85  3.2371e+09    17.1653    85    84     7.0733
   86  3.1863e+09    17.2195    86    85     7.1528
   87  3.1813e+09    17.2249    87    86     7.2323
   88  3.1396e+09    17.2702    88    87     7.3117
   89  3.1227e+09    17.2887    89    88     7.3912
   90  3.0077e+09    17.4181    90    89     7.4707
   91  2.9954e+09    17.4323    91    90     7.5502
   92  2.9948e+09    17.4329    92    91     7.6296
   93  2.9681e+09    17.4640    93    92     7.7091
   94  2.8412e+09    17.6158    94    93     7.7885
   95  2.6965e+09    17.7986    95    94     7.8680
   96  2.6734e+09    17.8288    96    95     7.9475
   97  2.4214e+09    18.1793    97    96     8.0269
   98  2.3946e+09    18.2189    98    97     8.1064
   99  2.3922e+09    18.2225    99    98     8.1858
  100  2.3881e+09    18.2287   100    99     8.2653
