#indx Mass S step-number desc_indx 
    0  1.0000e+13     2.0577     0    -1     0.0134
    1  9.9132e+12     2.0640     1     0     0.1326
    2  9.8898e+12     2.0657     2     1     0.2441
    3  8.8134e+12     2.1513     3     2     0.3500
    4  8.0449e+12     2.2208     4     3     0.4519
    5  5.3527e+12     2.5523     5     4     0.5506
    6  5.3251e+12     2.5567     6     5     0.6467
    7  5.0511e+12     2.6023     7     6     0.7407
    8  4.9079e+12     2.6274     8     7     0.8330
    9  4.8963e+12     2.6295     9     8     0.9238
   10  4.7445e+12     2.6572    10     9     1.0134
   11  4.7067e+12     2.6643    11    10     1.1018
   12  4.6815e+12     2.6690    12    11     1.1894
   13  4.5400e+12     2.6963    13    12     1.2761
   14  4.3610e+12     2.7323    14    13     1.3621
   15  4.2343e+12     2.7590    15    14     1.4474
   16  4.2217e+12     2.7617    16    15     1.5322
   17  4.0788e+12     2.7931    17    16     1.6165
   18  3.8519e+12     2.8459    18    17     1.7003
   19  3.5313e+12     2.9275    19    18     1.7838
   20  3.4941e+12     2.9375    20    19     1.8669
   21  3.4812e+12     2.9411    21    20     1.9496
   22  3.4243e+12     2.9568    22    21     2.0321
   23  2.9481e+12     3.1024    23    22     2.1143
   24  2.9061e+12     3.1167    24    23     2.1963
   25  2.8671e+12     3.1301    25    24     2.2781
   26  2.6711e+12     3.2013    26    25     2.3597
   27  2.5386e+12     3.2532    27    26     2.4411
   28  2.5225e+12     3.2597    28    27     2.5223
   29  2.4930e+12     3.2718    29    28     2.6034
   30  1.9145e+12     3.5522    30    29     2.6844
   31  1.8799e+12     3.5722    31    30     2.7652
   32  1.8703e+12     3.5779    32    31     2.8459
   33  1.6504e+12     3.7175    33    32     2.9266
   34  1.5564e+12     3.7843    34    33     3.0071
   35  1.4361e+12     3.8774    35    34     3.0876
   36  1.4055e+12     3.9026    36    35     3.1680
   37  1.3606e+12     3.9409    37    36     3.2483
   38  1.2116e+12     4.0796    38    37     3.3285
   39  1.2077e+12     4.0836    39    38     3.4087
   40  1.1973e+12     4.0941    40    39     3.4889
   41  1.1805e+12     4.1113    41    40     3.5689
   42  1.1223e+12     4.1732    42    41     3.6490
   43  1.0594e+12     4.2448    43    42     3.7290
   44  1.0412e+12     4.2664    44    43     3.8089
   45  1.0398e+12     4.2681    45    44     3.8889
   46  8.4273e+11     4.5374    46    45     3.9688
   47  8.2970e+11     4.5579    47    46     4.0486
   48  7.8499e+11     4.6312    48    47     4.1285
   49  7.8443e+11     4.6321    49    48     4.2083
   50  7.7628e+11     4.6460    50    49     4.2881
   51  4.6292e+11     5.3737    51    50     4.3678
   52  4.4627e+11     5.4282    52    51     4.4476
   53  4.3842e+11     5.4548    53    52     4.5273
   54  4.1049e+11     5.5542    54    53     4.6070
   55  4.0912e+11     5.5592    55    54     4.6867
   56  4.0443e+11     5.5768    56    55     4.7664
   57  3.5730e+11     5.7680    57    56     4.8460
   58  3.2292e+11     5.9275    58    57     4.9257
   59  3.0661e+11     6.0106    59    58     5.0053
   60  3.0284e+11     6.0305    60    59     5.0849
   61  3.0194e+11     6.0353    61    60     5.1646
   62  3.0017e+11     6.0448    62    61     5.2442
   63  2.7703e+11     6.1754    63    62     5.3238
   64  2.7311e+11     6.1989    64    63     5.4033
   65  2.7076e+11     6.2131    65    64     5.4829
   66  2.6216e+11     6.2665    66    65     5.5625
   67  2.5670e+11     6.3015    67    66     5.6421
   68  2.4209e+11     6.3996    68    67     5.7216
   69  2.3526e+11     6.4479    69    68     5.8012
   70  2.3320e+11     6.4629    70    69     5.8807
   71  2.0890e+11     6.6516    71    70     5.9602
   72  2.0292e+11     6.7020    72    71     6.0398
   73  1.9035e+11     6.8141    73    72     6.1193
   74  1.8416e+11     6.8725    74    73     6.1988
   75  1.6332e+11     7.0879    75    74     6.2783
   76  1.6191e+11     7.1037    76    75     6.3579
   77  1.6051e+11     7.1195    77    76     6.4374
   78  1.5555e+11     7.1768    78    77     6.5169
   79  1.4897e+11     7.2563    79    78     6.5964
   80  1.4825e+11     7.2652    80    79     6.6759
   81  1.4364e+11     7.3237    81    80     6.7554
   82  1.4273e+11     7.3355    82    81     6.8349
   83  1.4217e+11     7.3428    83    82     6.9143
   84  1.2133e+11     7.6423    84    83     6.9938
   85  1.1553e+11     7.7364    85    84     7.0733
   86  1.1548e+11     7.7373    86    85     7.1528
   87  1.1531e+11     7.7401    87    86     7.2323
   88  1.1430e+11     7.7572    88    87     7.3117
   89  1.1186e+11     7.7990    89    88     7.3912
   90  1.1135e+11     7.8080    90    89     7.4707
   91  1.0829e+11     7.8623    91    90     7.5502
   92  1.0659e+11     7.8932    92    91     7.6296
   93  9.1306e+10     8.2011    93    92     7.7091
   94  9.0943e+10     8.2091    94    93     7.7885
   95  9.0596e+10     8.2168    95    94     7.8680
   96  8.8893e+10     8.2552    96    95     7.9475
   97  8.4192e+10     8.3658    97    96     8.0269
   98  8.4012e+10     8.3702    98    97     8.1064
   99  8.2872e+10     8.3982    99    98     8.1858
  100  8.2755e+10     8.4011   100    99     8.2653
