#indx Mass S step-number desc_indx 
    0  1.0000e+13     2.0577     0    -1     0.0134
    1  9.3817e+12     2.1046     1     0     0.1326
    2  8.7758e+12     2.1545     2     1     0.2441
    3  7.2003e+12     2.3077     3     2     0.3500
    4  6.5090e+12     2.3889     4     3     0.4519
    5  6.2194e+12     2.4262     5     4     0.5506
    6  4.3806e+12     2.7283     6     5     0.6467
    7  4.3732e+12     2.7298     7     6     0.7407
    8  4.3182e+12     2.7412     8     7     0.8330
    9  4.1122e+12     2.7857     9     8     0.9238
   10  3.3861e+12     2.9675    10     9     1.0134
   11  3.2695e+12     3.0012    11    10     1.1018
   12  3.2112e+12     3.0186    12    11     1.1894
   13  3.1895e+12     3.0252    13    12     1.2761
   14  3.1572e+12     3.0351    14    13     1.3621
   15  2.9812e+12     3.0914    15    14     1.4474
   16  2.9145e+12     3.1138    16    15     1.5322
   17  2.8944e+12     3.1207    17    16     1.6165
   18  2.7862e+12     3.1587    18    17     1.7003
   19  2.6757e+12     3.1995    19    18     1.7838
   20  2.5729e+12     3.2394    20    19     1.8669
   21  2.4176e+12     3.3035    21    20     1.9496
   22  2.2850e+12     3.3624    22    21     2.0321
   23  2.2713e+12     3.3688    23    22     2.1143
   24  2.2418e+12     3.3826    24    23     2.1963
   25  2.1588e+12     3.4226    25    24     2.2781
   26  1.9174e+12     3.5505    26    25     2.3597
   27  1.8792e+12     3.5726    27    26     2.4411
   28  1.8264e+12     3.6041    28    27     2.5223
   29  1.1474e+12     4.1460    29    28     2.6034
   30  8.4534e+11     4.5334    30    29     2.6844
   31  8.3073e+11     4.5563    31    30     2.7652
   32  8.2835e+11     4.5601    32    31     2.8459
   33  7.6761e+11     4.6610    33    32     2.9266
   34  6.9407e+11     4.7971    34    33     3.0071
   35  6.8539e+11     4.8143    35    34     3.0876
   36  6.7897e+11     4.8272    36    35     3.1680
   37  6.0132e+11     4.9959    37    36     3.2483
   38  6.0020e+11     4.9985    38    37     3.3285
   39  5.9699e+11     5.0060    39    38     3.4087
   40  5.5236e+11     5.1163    40    39     3.4889
   41  5.3694e+11     5.1570    41    40     3.5689
   42  5.2632e+11     5.1858    42    41     3.6490
   43  5.0166e+11     5.2554    43    42     3.7290
   44  5.0154e+11     5.2558    44    43     3.8089
   45  4.9601e+11     5.2720    45    44     3.8889
   46  4.4757e+11     5.4239    46    45     3.9688
   47  4.4536e+11     5.4313    47    46     4.0486
   48  4.3563e+11     5.4644    48    47     4.1285
   49  4.0163e+11     5.5874    49    48     4.2083
   50  3.6156e+11     5.7495    50    49     4.2881
   51  2.7786e+11     6.1705    51    50     4.3678
   52  2.7493e+11     6.1879    52    51     4.4476
   53  2.6210e+11     6.2669    53    52     4.5273
   54  2.5780e+11     6.2944    54    53     4.6070
   55  2.5077e+11     6.3405    55    54     4.6867
   56  2.4224e+11     6.3986    56    55     4.7664
   57  2.4054e+11     6.4105    57    56     4.8460
   58  2.2454e+11     6.5273    58    57     4.9257
   59  2.1305e+11     6.6175    59    58     5.0053
   60  2.1143e+11     6.6307    60    59     5.0849
   61  2.0276e+11     6.7034    61    60     5.1646
   62  2.0246e+11     6.7059    62    61     5.2442
   63  1.9093e+11     6.8087    63    62     5.3238
   64  1.8914e+11     6.8253    64    63     5.4033
   65  1.8882e+11     6.8283    65    64     5.4829
   66  1.8129e+11     6.9004    66    65     5.5625
   67  1.4045e+11     7.3655    67    66     5.6421
   68  1.4001e+11     7.3713    68    67     5.7216
   69  1.3177e+11     7.4852    69    68     5.8012
   70  1.3170e+11     7.4862    70    69     5.8807
   71  1.1826e+11     7.6914    71    70     5.9602
   72  1.1536e+11     7.7393    72    71     6.0398
   73  1.1406e+11     7.7612    73    72     6.1193
   74  1.1367e+11     7.7679    74    73     6.1988
   75  1.1270e+11     7.7845    75    74     6.2783
   76  1.1079e+11     7.8177    76    75     6.3579
   77  1.0920e+11     7.8459    77    76     6.4374
   78  1.0906e+11     7.8484    78    77     6.5169
   79  1.0892e+11     7.8510    79    78     6.5964
   80  9.7379e+10     8.0720    80    79     6.6759
   81  8.9387e+10     8.2440    81    80     6.7554
   82  8.7584e+10     8.2853    82    81     6.8349
   83  8.7143e+10     8.2956    83    82     6.9143
   84  8.4298e+10     8.3632    84    83     6.9938
   85  8.4232e+10     8.3649    85    84     7.0733
   86  8.1520e+10     8.4320    86    85     7.1528
   87  8.0471e+10     8.4586    87    86     7.2323
   88  7.7135e+10     8.5463    88    87     7.3117
   89  7.6619e+10     8.5602    89    88     7.3912
   90  6.6053e+10     8.8728    90    89     7.4707
   91  6.5589e+10     8.8879    91    90     7.5502
   92  6.5032e+10     8.9061    92    91     7.6296
   93  5.7140e+10     9.1861    93    92     7.7091
   94  5.6177e+10     9.2234    94    93     7.7885
   95  5.1821e+10     9.4017    95    94     7.8680
   96  5.0912e+10     9.4411    96    95     7.9475
   97  5.0726e+10     9.4493    97    96     8.0269
   98  5.0074e+10     9.4783    98    97     8.1064
   99  4.9319e+10     9.5123    99    98     8.1858
  100  3.6034e+10    10.2355   100    99     8.2653
