#indx Mass S step-number desc_indx 
    0  1.0000e+13     2.0577     0    -1     0.0134
    1  8.5648e+12     2.1729     1     0     0.1326
    2  8.0406e+12     2.2213     2     1     0.2441
    3  5.9993e+12     2.4560     3     2     0.3500
    4  5.4052e+12     2.5440     4     3     0.4519
    5  4.0950e+12     2.7895     5     4     0.5506
    6  3.9815e+12     2.8153     6     5     0.6467
    7  3.8198e+12     2.8537     7     6     0.7407
    8  3.2415e+12     3.0095     8     7     0.8330
    9  3.1308e+12     3.0433     9     8     0.9238
   10  3.0805e+12     3.0591    10     9     1.0134
   11  2.9008e+12     3.1185    11    10     1.1018
   12  2.8277e+12     3.1439    12    11     1.1894
   13  2.6284e+12     3.2176    13    12     1.2761
   14  2.4802e+12     3.2771    14    13     1.3621
   15  2.4335e+12     3.2967    15    14     1.4474
   16  2.1018e+12     3.4511    16    15     1.5322
   17  2.0665e+12     3.4693    17    16     1.6165
   18  2.0291e+12     3.4890    18    17     1.7003
   19  1.9723e+12     3.5198    19    18     1.7838
   20  1.8447e+12     3.5931    20    19     1.8669
   21  1.8294e+12     3.6023    21    20     1.9496
   22  1.3362e+12     3.9622    22    21     2.0321
   23  1.2844e+12     4.0093    23    22     2.1143
   24  1.2505e+12     4.0414    24    23     2.1963
   25  1.2451e+12     4.0467    25    24     2.2781
   26  1.1764e+12     4.1155    26    25     2.3597
   27  1.1374e+12     4.1567    27    26     2.4411
   28  1.1178e+12     4.1782    28    27     2.5223
   29  1.1149e+12     4.1814    29    28     2.6034
   30  1.1024e+12     4.1953    30    29     2.6844
   31  1.0971e+12     4.2013    31    30     2.7652
   32  9.6552e+11     4.3617    32    31     2.8459
   33  8.8775e+11     4.4696    33    32     2.9266
   34  8.7969e+11     4.4814    34    33     3.0071
   35  8.7498e+11     4.4884    35    34     3.0876
   36  8.5872e+11     4.5129    36    35     3.1680
   37  6.5439e+11     4.8779    37    36     3.2483
   38  6.1199e+11     4.9712    38    37     3.3285
   39  2.6499e+11     6.2487    39    38     3.4087
   40  2.5956e+11     6.2830    40    39     3.4889
   41  2.5183e+11     6.3334    41    40     3.5689
   42  2.4995e+11     6.3460    42    41     3.6490
   43  1.1027e+11     7.8269    43    42     3.7290
   44  1.0551e+11     7.9134    44    43     3.8089
   45  1.0517e+11     7.9197    45    44     3.8889
   46  1.0449e+11     7.9325    46    45     3.9688
   47  9.9819e+10     8.0228    47    46     4.0486
   48  9.9740e+10     8.0243    48    47     4.1285
   49  9.8325e+10     8.0527    49    48     4.2083
   50  9.4813e+10     8.1253    50    49     4.2881
   51  9.2309e+10     8.1791    51    50     4.3678
   52  6.2455e+10     8.9930    52    51     4.4476
   53  5.8638e+10     9.1296    53    52     4.5273
   54  5.8178e+10     9.1468    54    53     4.6070
   55  5.7942e+10     9.1557    55    54     4.6867
   56  5.7617e+10     9.1679    56    55     4.7664
   57  5.7012e+10     9.1910    57    56     4.8460
   58  5.4845e+10     9.2762    58    57     4.9257
   59  4.6317e+10     9.6540    59    58     5.0053
   60  4.3111e+10     9.8177    60    59     5.0849
   61  4.1962e+10     9.8798    61    60     5.1646
   62  4.1562e+10     9.9019    62    61     5.2442
   63  4.1497e+10     9.9056    63    62     5.3238
   64  4.1308e+10     9.9161    64    63     5.4033
   65  3.8594e+10    10.0741    65    64     5.4829
   66  3.8240e+10    10.0957    66    65     5.5625
   67  3.7966e+10    10.1125    67    66     5.6421
   68  3.4731e+10    10.3230    68    67     5.7216
   69  3.4224e+10    10.3580    69    68     5.8012
   70  3.3991e+10    10.3743    70    69     5.8807
   71  3.2731e+10    10.4648    71    70     5.9602
   72  3.0836e+10    10.6088    72    71     6.0398
   73  3.0349e+10    10.6476    73    72     6.1193
   74  2.9689e+10    10.7011    74    73     6.1988
   75  2.9673e+10    10.7025    75    74     6.2783
   76  2.9418e+10    10.7236    76    75     6.3579
   77  2.6139e+10    11.0155    77    76     6.4374
   78  2.5945e+10    11.0340    78    77     6.5169
   79  2.5316e+10    11.0955    79    78     6.5964
   80  2.4300e+10    11.1985    80    79     6.6759
   81  2.3667e+10    11.2652    81    80     6.7554
   82  2.3516e+10    11.2815    82    81     6.8349
   83  2.3402e+10    11.2938    83    82     6.9143
   84  2.3332e+10    11.3013    84    83     6.9938
   85  2.2615e+10    11.3808    85    84     7.0733
   86  2.1858e+10    11.4680    86    85     7.1528
   87  1.9909e+10    11.7096    87    86     7.2323
   88  1.7585e+10    12.0362    88    87     7.3117
   89  1.7330e+10    12.0751    89    88     7.3912
   90  1.4931e+10    12.4766    90    89     7.4707
   91  1.4695e+10    12.5201    91    90     7.5502
   92  1.4571e+10    12.5433    92    91     7.6296
   93  1.4300e+10    12.5947    93    92     7.7091
   94  1.2735e+10    12.9157    94    93     7.7885
   95  1.0391e+10    13.4932    95    94     7.8680
   96  1.0387e+10    13.4945    96    95     7.9475
   97  9.6441e+09    13.7096    97    96     8.0269
   98  9.5329e+09    13.7435    98    97     8.1064
   99  8.0734e+09    14.2351    99    98     8.1858
  100  8.0148e+09    14.2569   100    99     8.2653
