#indx Mass S step-number desc_indx 
    0  1.0000e+13     2.0577     0    -1     0.0134
    1  8.4018e+12     2.1875     1     0     0.1326
    2  8.2578e+12     2.2007     2     1     0.2441
    3  8.0888e+12     2.2166     3     2     0.3500
    4  6.8269e+12     2.3503     4     3     0.4519
    5  6.6503e+12     2.3714     5     4     0.5506
    6  6.5885e+12     2.3790     6     5     0.6467
    7  5.9569e+12     2.4619     7     6     0.7407
    8  5.3850e+12     2.5472     8     7     0.8330
    9  5.2083e+12     2.5758     9     8     0.9238
   10  4.8406e+12     2.6395    10     9     1.0134
   11  4.7336e+12     2.6592    11    10     1.1018
   12  4.6779e+12     2.6697    12    11     1.1894
   13  4.6166e+12     2.6814    13    12     1.2761
   14  4.5901e+12     2.6865    14    13     1.3621
   15  4.5041e+12     2.7034    15    14     1.4474
   16  4.4144e+12     2.7214    16    15     1.5322
   17  4.3982e+12     2.7247    17    16     1.6165
   18  4.2439e+12     2.7569    18    17     1.7003
   19  4.1133e+12     2.7854    19    18     1.7838
   20  3.2430e+12     3.0091    20    19     1.8669
   21  3.1894e+12     3.0253    21    20     1.9496
   22  3.0438e+12     3.0709    22    21     2.0321
   23  2.8676e+12     3.1299    23    22     2.1143
   24  2.5697e+12     3.2407    24    23     2.1963
   25  2.5607e+12     3.2443    25    24     2.2781
   26  2.4259e+12     3.3000    26    25     2.3597
   27  2.3649e+12     3.3265    27    26     2.4411
   28  2.3427e+12     3.3363    28    27     2.5223
   29  2.2835e+12     3.3631    29    28     2.6034
   30  2.2074e+12     3.3989    30    29     2.6844
   31  1.5291e+12     3.8047    31    30     2.7652
   32  1.4561e+12     3.8613    32    31     2.8459
   33  1.4455e+12     3.8698    33    32     2.9266
   34  1.4171e+12     3.8930    34    33     3.0071
   35  1.4134e+12     3.8960    35    34     3.0876
   36  1.3671e+12     3.9352    36    35     3.1680
   37  1.2769e+12     4.0164    37    36     3.2483
   38  1.1130e+12     4.1835    38    37     3.3285
   39  9.8137e+11     4.3410    39    38     3.4087
   40  9.7696e+11     4.3468    40    39     3.4889
   41  9.4458e+11     4.3897    41    40     3.5689
   42  7.1102e+11     4.7642    42    41     3.6490
   43  6.6948e+11     4.8465    43    42     3.7290
   44  6.6898e+11     4.8475    44    43     3.8089
   45  6.6840e+11     4.8487    45    44     3.8889
   46  5.9562e+11     5.0093    46    45     3.9688
   47  5.9023e+11     5.0221    47    46     4.0486
   48  5.4548e+11     5.1343    48    47     4.1285
   49  5.2625e+11     5.1860    49    48     4.2083
   50  5.2452e+11     5.1907    50    49     4.2881
   51  5.1653e+11     5.2129    51    50     4.3678
   52  5.0643e+11     5.2416    52    51     4.4476
   53  4.4335e+11     5.4380    53    52     4.5273
   54  4.0280e+11     5.5829    54    53     4.6070
   55  3.9424e+11     5.6158    55    54     4.6867
   56  3.9089e+11     5.6288    56    55     4.7664
   57  3.6937e+11     5.7162    57    56     4.8460
   58  3.6423e+11     5.7380    58    57     4.9257
   59  3.5111e+11     5.7953    59    58     5.0053
   60  3.4834e+11     5.8077    60    59     5.0849
   61  3.4676e+11     5.8149    61    60     5.1646
   62  1.9165e+11     6.8021    62    61     5.2442
   63  1.4529e+11     7.3025    63    62     5.3238
   64  1.4232e+11     7.3408    64    63     5.4033
   65  1.2631e+11     7.5654    65    64     5.4829
   66  1.2608e+11     7.5689    66    65     5.5625
   67  1.0136e+11     7.9924    67    66     5.6421
   68  9.1930e+10     8.1873    68    67     5.7216
   69  9.1512e+10     8.1965    69    68     5.8012
   70  8.9598e+10     8.2392    70    69     5.8807
   71  8.3890e+10     8.3732    71    70     5.9602
   72  8.1975e+10     8.4205    72    71     6.0398
   73  8.1912e+10     8.4221    73    72     6.1193
   74  8.1612e+10     8.4296    74    73     6.1988
   75  8.1551e+10     8.4312    75    74     6.2783
   76  8.0145e+10     8.4670    76    75     6.3579
   77  6.6654e+10     8.8535    77    76     6.4374
   78  5.8594e+10     9.1312    78    77     6.5169
   79  5.8203e+10     9.1458    79    78     6.5964
   80  5.8149e+10     9.1479    80    79     6.6759
   81  4.8130e+10     9.5672    81    80     6.7554
   82  4.2887e+10     9.8296    82    81     6.8349
   83  3.3561e+10    10.4048    83    82     6.9143
   84  3.3447e+10    10.4129    84    83     6.9938
   85  3.2768e+10    10.4621    85    84     7.0733
   86  3.1043e+10    10.5926    86    85     7.1528
   87  3.0834e+10    10.6090    87    86     7.2323
   88  3.0588e+10    10.6285    88    87     7.3117
   89  3.0032e+10    10.6732    89    88     7.3912
   90  2.9950e+10    10.6798    90    89     7.4707
   91  2.9337e+10    10.7304    91    90     7.5502
   92  2.9227e+10    10.7395    92    91     7.6296
   93  2.9147e+10    10.7462    93    92     7.7091
   94  2.8248e+10    10.8232    94    93     7.7885
   95  2.8138e+10    10.8328    95    94     7.8680
   96  2.6981e+10    10.9367    96    95     7.9475
   97  2.6847e+10    10.9490    97    96     8.0269
   98  2.3289e+10    11.3060    98    97     8.1064
   99  1.9148e+10    11.8113    99    98     8.1858
  100  1.8529e+10    11.8978   100    99     8.2653
