#indx Mass S step-number desc_indx 
    0  1.0000e+13     2.0577     0    -1     0.0134
    1  9.8300e+12     2.0702     1     0     0.1326
    2  9.6437e+12     2.0842     2     1     0.2441
    3  5.7617e+12     2.4899     3     2     0.3500
    4  5.6256e+12     2.5100     4     3     0.4519
    5  5.1174e+12     2.5910     5     4     0.5506
    6  3.4468e+12     2.9505     6     5     0.6467
    7  3.2498e+12     3.0071     7     6     0.7407
    8  3.1748e+12     3.0297     8     7     0.8330
    9  3.1025e+12     3.0522     9     8     0.9238
   10  3.0613e+12     3.0653    10     9     1.0134
   11  2.9716e+12     3.0946    11    10     1.1018
   12  2.5150e+12     3.2627    12    11     1.1894
   13  2.4398e+12     3.2941    13    12     1.2761
   14  2.4098e+12     3.3069    14    13     1.3621
   15  2.2396e+12     3.3836    15    14     1.4474
   16  2.1641e+12     3.4199    16    15     1.5322
   17  2.1146e+12     3.4446    17    16     1.6165
   18  2.0966e+12     3.4538    18    17     1.7003
   19  2.0713e+12     3.4668    19    18     1.7838
   20  1.4439e+12     3.8711    20    19     1.8669
   21  1.4324e+12     3.8804    21    20     1.9496
   22  1.3820e+12     3.9224    22    21     2.0321
   23  1.3267e+12     3.9707    23    22     2.1143
   24  1.3189e+12     3.9777    24    23     2.1963
   25  1.1619e+12     4.1307    25    24     2.2781
   26  1.1510e+12     4.1422    26    25     2.3597
   27  1.1163e+12     4.1799    27    26     2.4411
   28  1.1000e+12     4.1981    28    27     2.5223
   29  1.0869e+12     4.2128    29    28     2.6034
   30  1.0682e+12     4.2345    30    29     2.6844
   31  1.0272e+12     4.2834    31    30     2.7652
   32  9.5787e+11     4.3719    32    31     2.8459
   33  8.2585e+11     4.5640    33    32     2.9266
   34  8.0234e+11     4.6022    34    33     3.0071
   35  2.3129e+11     6.4768    35    34     3.0876
   36  1.8169e+11     6.8965    36    35     3.1680
   37  1.5437e+11     7.1908    37    36     3.2483
   38  1.5409e+11     7.1941    38    37     3.3285
   39  1.5324e+11     7.2042    39    38     3.4087
   40  1.4862e+11     7.2606    40    39     3.4889
   41  1.4576e+11     7.2965    41    40     3.5689
   42  1.4555e+11     7.2993    42    41     3.6490
   43  1.3527e+11     7.4358    43    42     3.7290
   44  1.3327e+11     7.4639    44    43     3.8089
   45  1.3262e+11     7.4731    45    44     3.8889
   46  1.3047e+11     7.5040    46    45     3.9688
   47  1.2491e+11     7.5866    47    46     4.0486
   48  1.2471e+11     7.5896    48    47     4.1285
   49  1.0562e+11     7.9112    49    48     4.2083
   50  1.0426e+11     7.9367    50    49     4.2881
   51  1.0367e+11     7.9479    51    50     4.3678
   52  1.0341e+11     7.9529    52    51     4.4476
   53  1.0313e+11     7.9582    53    52     4.5273
   54  9.7999e+10     8.0593    54    53     4.6070
   55  8.6074e+10     8.3207    55    54     4.6867
   56  7.8069e+10     8.5213    56    55     4.7664
   57  7.7525e+10     8.5358    57    56     4.8460
   58  7.4211e+10     8.6268    58    57     4.9257
   59  7.3982e+10     8.6333    59    58     5.0053
   60  7.3232e+10     8.6546    60    59     5.0849
   61  6.9768e+10     8.7566    61    60     5.1646
   62  6.6950e+10     8.8441    62    61     5.2442
   63  6.3743e+10     8.9491    63    62     5.3238
   64  6.3421e+10     8.9599    64    63     5.4033
   65  6.2125e+10     9.0044    65    64     5.4829
   66  6.1798e+10     9.0158    66    65     5.5625
   67  6.1632e+10     9.0216    67    66     5.6421
   68  6.1425e+10     9.0288    68    67     5.7216
   69  5.9030e+10     9.1151    69    68     5.8012
   70  5.8417e+10     9.1378    70    69     5.8807
   71  5.7094e+10     9.1879    71    70     5.9602
   72  5.2399e+10     9.3771    72    71     6.0398
   73  5.1782e+10     9.4034    73    72     6.1193
   74  5.0635e+10     9.4534    74    73     6.1988
   75  4.9373e+10     9.5099    75    74     6.2783
   76  3.9555e+10    10.0167    76    75     6.3579
   77  3.8450e+10    10.0829    77    76     6.4374
   78  3.6108e+10    10.2307    78    77     6.5169
   79  3.6098e+10    10.2314    79    78     6.5964
   80  3.5974e+10    10.2395    80    79     6.6759
   81  1.6158e+10    12.2625    81    80     6.7554
   82  1.5935e+10    12.3000    82    81     6.8349
   83  1.5599e+10    12.3576    83    82     6.9143
   84  1.5380e+10    12.3960    84    83     6.9938
   85  1.5310e+10    12.4083    85    84     7.0733
   86  1.5235e+10    12.4217    86    85     7.1528
   87  1.5102e+10    12.4456    87    86     7.2323
   88  1.4652e+10    12.5281    88    87     7.3117
   89  1.4621e+10    12.5339    89    88     7.3912
   90  1.3956e+10    12.6617    90    89     7.4707
   91  1.2953e+10    12.8683    91    90     7.5502
   92  1.2740e+10    12.9146    92    91     7.6296
   93  1.2702e+10    12.9229    93    92     7.7091
   94  1.2201e+10    13.0358    94    93     7.7885
   95  1.1962e+10    13.0916    95    94     7.8680
   96  1.0381e+10    13.4960    96    95     7.9475
   97  1.0370e+10    13.4990    97    96     8.0269
   98  1.0349e+10    13.5049    98    97     8.1064
   99  1.0152e+10    13.5606    99    98     8.1858
  100  1.0139e+10    13.5641   100    99     8.2653
