#indx Mass S step-number desc_indx 
    0  1.0000e+13     2.0577     0    -1     0.0134
    1  9.4279e+12     2.1009     1     0     0.1326
    2  9.2972e+12     2.1113     2     1     0.2441
    3  6.9911e+12     2.3312     3     2     0.3500
    4  6.7484e+12     2.3596     4     3     0.4519
    5  6.6206e+12     2.3751     5     4     0.5506
    6  6.4137e+12     2.4009     6     5     0.6467
    7  5.9226e+12     2.4668     7     6     0.7407
    8  5.9123e+12     2.4682     8     7     0.8330
    9  5.8072e+12     2.4832     9     8     0.9238
   10  5.7159e+12     2.4966    10     9     1.0134
   11  5.6980e+12     2.4992    11    10     1.1018
   12  5.6228e+12     2.5104    12    11     1.1894
   13  5.6108e+12     2.5122    13    12     1.2761
   14  5.5106e+12     2.5275    14    13     1.3621
   15  5.3981e+12     2.5451    15    14     1.4474
   16  5.2850e+12     2.5632    16    15     1.5322
   17  5.1828e+12     2.5801    17    16     1.6165
   18  4.9855e+12     2.6137    18    17     1.7003
   19  3.3838e+12     2.9682    19    18     1.7838
   20  3.3236e+12     2.9854    20    19     1.8669
   21  3.2479e+12     3.0076    21    20     1.9496
   22  3.1978e+12     3.0227    22    21     2.0321
   23  3.1500e+12     3.0373    23    22     2.1143
   24  3.0924e+12     3.0554    24    23     2.1963
   25  2.7868e+12     3.1585    25    24     2.2781
   26  2.6460e+12     3.2109    26    25     2.3597
   27  2.4501e+12     3.2897    27    26     2.4411
   28  2.4440e+12     3.2923    28    27     2.5223
   29  2.4020e+12     3.3103    29    28     2.6034
   30  1.8168e+12     3.6099    30    29     2.6844
   31  1.7716e+12     3.6379    31    30     2.7652
   32  1.7458e+12     3.6543    32    31     2.8459
   33  1.7122e+12     3.6760    33    32     2.9266
   34  1.6319e+12     3.7302    34    33     3.0071
   35  1.5823e+12     3.7654    35    34     3.0876
   36  1.2635e+12     4.0291    36    35     3.1680
   37  1.2089e+12     4.0824    37    36     3.2483
   38  1.1497e+12     4.1435    38    37     3.3285
   39  1.1429e+12     4.1508    39    38     3.4087
   40  1.0729e+12     4.2290    40    39     3.4889
   41  1.0667e+12     4.2362    41    40     3.5689
   42  9.0705e+11     4.4418    42    41     3.6490
   43  7.3755e+11     4.7146    43    42     3.7290
   44  7.2886e+11     4.7306    44    43     3.8089
   45  7.0133e+11     4.7829    45    44     3.8889
   46  6.9516e+11     4.7949    46    45     3.9688
   47  6.9383e+11     4.7975    47    46     4.0486
   48  6.0245e+11     4.9932    48    47     4.1285
   49  5.1474e+11     5.2180    49    48     4.2083
   50  5.0738e+11     5.2389    50    49     4.2881
   51  5.0448e+11     5.2473    51    50     4.3678
   52  5.0374e+11     5.2494    52    51     4.4476
   53  4.8311e+11     5.3106    53    52     4.5273
   54  3.6997e+11     5.7137    54    53     4.6070
   55  3.6855e+11     5.7197    55    54     4.6867
   56  3.6704e+11     5.7260    56    55     4.7664
   57  3.5453e+11     5.7801    57    56     4.8460
   58  3.3102e+11     5.8882    58    57     4.9257
   59  3.3063e+11     5.8900    59    58     5.0053
   60  3.2333e+11     5.9255    60    59     5.0849
   61  3.1524e+11     5.9660    61    60     5.1646
   62  3.1129e+11     5.9862    62    61     5.2442
   63  3.0616e+11     6.0129    63    62     5.3238
   64  3.0330e+11     6.0280    64    63     5.4033
   65  2.9635e+11     6.0655    65    64     5.4829
   66  2.8229e+11     6.1446    66    65     5.5625
   67  2.7382e+11     6.1946    67    66     5.6421
   68  2.5644e+11     6.3031    68    67     5.7216
   69  2.3913e+11     6.4204    69    68     5.8012
   70  2.3189e+11     6.4724    70    69     5.8807
   71  2.2972e+11     6.4884    71    70     5.9602
   72  2.2797e+11     6.5015    72    71     6.0398
   73  2.2349e+11     6.5353    73    72     6.1193
   74  2.1417e+11     6.6085    74    73     6.1988
   75  2.1263e+11     6.6209    75    74     6.2783
   76  1.6890e+11     7.0272    76    75     6.3579
   77  9.2460e+10     8.1758    77    76     6.4374
   78  9.0254e+10     8.2245    78    77     6.5169
   79  8.5220e+10     8.3410    79    78     6.5964
   80  8.4882e+10     8.3491    80    79     6.6759
   81  8.2595e+10     8.4050    81    80     6.7554
   82  8.2350e+10     8.4111    82    81     6.8349
   83  8.0857e+10     8.4488    83    82     6.9143
   84  7.6897e+10     8.5527    84    83     6.9938
   85  7.4101e+10     8.6299    85    84     7.0733
   86  7.3580e+10     8.6447    86    85     7.1528
   87  6.8834e+10     8.7851    87    86     7.2323
   88  6.8830e+10     8.7853    88    87     7.3117
   89  6.7741e+10     8.8191    89    88     7.3912
   90  6.3821e+10     8.9464    90    89     7.4707
   91  6.3503e+10     8.9572    91    90     7.5502
   92  3.3685e+10    10.3959    92    91     7.6296
   93  3.3642e+10    10.3990    93    92     7.7091
   94  3.3028e+10    10.4431    94    93     7.7885
   95  3.1285e+10    10.5738    95    94     7.8680
   96  3.0982e+10    10.5974    96    95     7.9475
   97  3.0154e+10    10.6633    97    96     8.0269
   98  2.9990e+10    10.6766    98    97     8.1064
   99  2.9680e+10    10.7019    99    98     8.1858
  100  2.6694e+10    10.9632   100    99     8.2653
