#indx Mass S step-number desc_indx 
    0  1.0000e+13     2.0577     0    -1     0.0134
    1  9.6671e+12     2.0824     1     0     0.1326
    2  9.0083e+12     2.1348     2     1     0.2441
    3  8.8271e+12     2.1501     3     2     0.3500
    4  8.6228e+12     2.1678     4     3     0.4519
    5  8.3910e+12     2.1885     5     4     0.5506
    6  8.3390e+12     2.1933     6     5     0.6467
    7  8.2753e+12     2.1991     7     6     0.7407
    8  8.2119e+12     2.2050     8     7     0.8330
    9  8.1737e+12     2.2086     9     8     0.9238
   10  7.2230e+12     2.3052    10     9     1.0134
   11  5.9112e+12     2.4684    11    10     1.1018
   12  5.7057e+12     2.4981    12    11     1.1894
   13  5.2978e+12     2.5612    13    12     1.2761
   14  5.1488e+12     2.5857    14    13     1.3621
   15  5.1389e+12     2.5874    15    14     1.4474
   16  4.8232e+12     2.6427    16    15     1.5322
   17  4.5612e+12     2.6921    17    16     1.6165
   18  3.2502e+12     3.0069    18    17     1.7003
   19  3.2101e+12     3.0190    19    18     1.7838
   20  3.2074e+12     3.0198    20    19     1.8669
   21  3.1861e+12     3.0263    21    20     1.9496
   22  2.7946e+12     3.1557    22    21     2.0321
   23  2.3593e+12     3.3290    23    22     2.1143
   24  2.2237e+12     3.3911    24    23     2.1963
   25  1.6455e+12     3.7208    25    24     2.2781
   26  1.6328e+12     3.7297    26    25     2.3597
   27  1.6285e+12     3.7326    27    26     2.4411
   28  1.5786e+12     3.7681    28    27     2.5223
   29  1.0706e+12     4.2317    29    28     2.6034
   30  1.0556e+12     4.2493    30    29     2.6844
   31  9.6797e+11     4.3585    31    30     2.7652
   32  8.5218e+11     4.5228    32    31     2.8459
   33  8.4720e+11     4.5305    33    32     2.9266
   34  7.8115e+11     4.6377    34    33     3.0071
   35  6.3978e+11     4.9092    35    34     3.0876
   36  5.5531e+11     5.1087    36    35     3.1680
   37  5.5390e+11     5.1123    37    36     3.2483
   38  5.4013e+11     5.1484    38    37     3.3285
   39  4.6884e+11     5.3549    39    38     3.4087
   40  4.0105e+11     5.5896    40    39     3.4889
   41  3.9979e+11     5.5944    41    40     3.5689
   42  3.9723e+11     5.6042    42    41     3.6490
   43  3.9314e+11     5.6201    43    42     3.7290
   44  3.9188e+11     5.6250    44    43     3.8089
   45  3.7278e+11     5.7020    45    44     3.8889
   46  3.4469e+11     5.8243    46    45     3.9688
   47  3.2115e+11     5.9363    47    46     4.0486
   48  2.4179e+11     6.4017    48    47     4.1285
   49  2.2344e+11     6.5357    49    48     4.2083
   50  2.1379e+11     6.6116    50    49     4.2881
   51  2.1207e+11     6.6255    51    50     4.3678
   52  2.0757e+11     6.6626    52    51     4.4476
   53  2.0444e+11     6.6890    53    52     4.5273
   54  2.0000e+11     6.7273    54    53     4.6070
   55  1.9621e+11     6.7607    55    54     4.6867
   56  1.9511e+11     6.7706    56    55     4.7664
   57  1.6902e+11     7.0259    57    56     4.8460
   58  1.3889e+11     7.3864    58    57     4.9257
   59  1.3836e+11     7.3935    59    58     5.0053
   60  1.3058e+11     7.5024    60    59     5.0849
   61  1.2750e+11     7.5476    61    60     5.1646
   62  5.3225e+10     9.3424    62    61     5.2442
   63  5.2352e+10     9.3791    63    62     5.3238
   64  4.4814e+10     9.7291    64    63     5.4033
   65  4.0433e+10     9.9657    65    64     5.4829
   66  3.9749e+10    10.0054    66    65     5.5625
   67  3.9659e+10    10.0106    67    66     5.6421
   68  3.8086e+10    10.1051    68    67     5.7216
   69  3.7943e+10    10.1140    69    68     5.8012
   70  3.7667e+10    10.1311    70    69     5.8807
   71  3.7317e+10    10.1531    71    70     5.9602
   72  2.8037e+10    10.8416    72    71     6.0398
   73  2.7851e+10    10.8581    73    72     6.1193
   74  2.6400e+10    10.9907    74    73     6.1988
   75  2.6342e+10    10.9962    75    74     6.2783
   76  2.6244e+10    11.0055    76    75     6.3579
   77  2.5546e+10    11.0728    77    76     6.4374
   78  2.5493e+10    11.0779    78    77     6.5169
   79  1.5767e+10    12.3287    79    78     6.5964
   80  1.5362e+10    12.3992    80    79     6.6759
   81  1.5340e+10    12.4031    81    80     6.7554
   82  1.5277e+10    12.4143    82    81     6.8349
   83  1.4961e+10    12.4711    83    82     6.9143
   84  1.3796e+10    12.6936    84    83     6.9938
   85  1.2103e+10    13.0586    85    84     7.0733
   86  1.0985e+10    13.3337    86    85     7.1528
   87  1.0812e+10    13.3790    87    86     7.2323
   88  1.0626e+10    13.4288    88    87     7.3117
   89  1.0567e+10    13.4450    89    88     7.3912
   90  1.0559e+10    13.4469    90    89     7.4707
   91  1.0230e+10    13.5382    91    90     7.5502
   92  8.0448e+09    14.2457    92    91     7.6296
   93  8.0205e+09    14.2548    93    92     7.7091
   94  7.8217e+09    14.3302    94    93     7.7885
   95  7.8061e+09    14.3362    95    94     7.8680
   96  7.7407e+09    14.3616    96    95     7.9475
   97  7.4847e+09    14.4632    97    96     8.0269
   98  7.2090e+09    14.5772    98    97     8.1064
   99  6.9326e+09    14.6967    99    98     8.1858
  100  6.9169e+09    14.7037   100    99     8.2653
