#indx Mass S step-number desc_indx 
    0  1.0000e+13     2.0577     0    -1     0.0134
    1  9.7536e+12     2.0759     1     0     0.1326
    2  7.5918e+12     2.2659     2     1     0.2441
    3  6.4118e+12     2.4012     3     2     0.3500
    4  6.2300e+12     2.4248     4     3     0.4519
    5  5.1080e+12     2.5926     5     4     0.5506
    6  5.0953e+12     2.5948     6     5     0.6467
    7  4.4576e+12     2.7127     7     6     0.7407
    8  1.3218e+12     3.9751     8     7     0.8330
    9  1.2925e+12     4.0018     9     8     0.9238
   10  9.8450e+11     4.3370    10     9     1.0134
   11  9.6713e+11     4.3596    11    10     1.1018
   12  8.5885e+11     4.5127    12    11     1.1894
   13  8.4927e+11     4.5273    13    12     1.2761
   14  7.7413e+11     4.6497    14    13     1.3621
   15  7.4931e+11     4.6934    15    14     1.4474
   16  7.2626e+11     4.7355    16    15     1.5322
   17  6.5290e+11     4.8811    17    16     1.6165
   18  6.4829e+11     4.8909    18    17     1.7003
   19  6.3073e+11     4.9290    19    18     1.7838
   20  6.2641e+11     4.9386    20    19     1.8669
   21  4.4386e+11     5.4363    21    20     1.9496
   22  4.4293e+11     5.4395    22    21     2.0321
   23  4.4025e+11     5.4485    23    22     2.1143
   24  4.2895e+11     5.4876    24    23     2.1963
   25  4.2071e+11     5.5169    25    24     2.2781
   26  4.1737e+11     5.5290    26    25     2.3597
   27  3.6519e+11     5.7339    27    26     2.4411
   28  3.0772e+11     6.0047    28    27     2.5223
   29  3.0584e+11     6.0146    29    28     2.6034
   30  3.0276e+11     6.0309    30    29     2.6844
   31  2.9369e+11     6.0801    31    30     2.7652
   32  2.0480e+11     6.6859    32    31     2.8459
   33  1.9658e+11     6.7575    33    32     2.9266
   34  1.6189e+11     7.1039    34    33     3.0071
   35  1.6131e+11     7.1105    35    34     3.0876
   36  1.5693e+11     7.1607    36    35     3.1680
   37  1.5664e+11     7.1640    37    36     3.2483
   38  1.5608e+11     7.1705    38    37     3.3285
   39  1.5417e+11     7.1932    39    38     3.4087
   40  1.4795e+11     7.2690    40    39     3.4889
   41  1.3216e+11     7.4796    41    40     3.5689
   42  1.3190e+11     7.4834    42    41     3.6490
   43  1.2787e+11     7.5421    43    42     3.7290
   44  1.2720e+11     7.5521    44    43     3.8089
   45  1.1592e+11     7.7299    45    44     3.8889
   46  1.1427e+11     7.7576    46    45     3.9688
   47  1.1381e+11     7.7656    47    46     4.0486
   48  1.1262e+11     7.7858    48    47     4.1285
   49  1.0260e+11     7.9683    49    48     4.2083
   50  9.1912e+10     8.1878    50    49     4.2881
   51  9.0577e+10     8.2172    51    50     4.3678
   52  5.9571e+10     9.0953    52    51     4.4476
   53  5.8563e+10     9.1324    53    52     4.5273
   54  5.8538e+10     9.1333    54    53     4.6070
   55  4.6908e+10     9.6253    55    54     4.6867
   56  4.6444e+10     9.6478    56    55     4.7664
   57  4.6322e+10     9.6538    57    56     4.8460
   58  4.6276e+10     9.6560    58    57     4.9257
   59  4.6217e+10     9.6589    59    58     5.0053
   60  4.5571e+10     9.6909    60    59     5.0849
   61  4.4066e+10     9.7675    61    60     5.1646
   62  4.3814e+10     9.7806    62    61     5.2442
   63  4.3393e+10     9.8027    63    62     5.3238
   64  4.3232e+10     9.8112    64    63     5.4033
   65  4.2892e+10     9.8294    65    64     5.4829
   66  4.2527e+10     9.8490    66    65     5.5625
   67  4.1418e+10     9.9100    67    66     5.6421
   68  4.0821e+10     9.9436    68    67     5.7216
   69  4.0637e+10     9.9540    69    68     5.8012
   70  3.4233e+10    10.3574    70    69     5.8807
   71  3.4109e+10    10.3660    71    70     5.9602
   72  3.4061e+10    10.3694    72    71     6.0398
   73  3.3851e+10    10.3842    73    72     6.1193
   74  3.2592e+10    10.4751    74    73     6.1988
   75  3.1765e+10    10.5370    75    74     6.2783
   76  3.1680e+10    10.5435    76    75     6.3579
   77  9.6738e+09    13.7006    77    76     6.4374
   78  9.5983e+09    13.7235    78    77     6.5169
   79  9.5953e+09    13.7244    79    78     6.5964
   80  9.5267e+09    13.7453    80    79     6.6759
   81  9.5215e+09    13.7469    81    80     6.7554
   82  9.4909e+09    13.7564    82    81     6.8349
   83  9.1753e+09    13.8555    83    82     6.9143
   84  8.3900e+09    14.1202    84    83     6.9938
   85  8.3869e+09    14.1213    85    84     7.0733
   86  8.2852e+09    14.1577    86    85     7.1528
   87  8.2089e+09    14.1853    87    86     7.2323
   88  8.2044e+09    14.1869    88    87     7.3117
   89  8.1793e+09    14.1961    89    88     7.3912
   90  8.1303e+09    14.2141    90    89     7.4707
   91  7.8550e+09    14.3174    91    90     7.5502
   92  7.2773e+09    14.5485    92    91     7.6296
   93  7.1373e+09    14.6077    93    92     7.7091
   94  7.0031e+09    14.6657    94    93     7.7885
   95  6.9990e+09    14.6675    95    94     7.8680
   96  6.1634e+09    15.0603    96    95     7.9475
   97  5.7890e+09    15.2566    97    96     8.0269
   98  5.6588e+09    15.3283    98    97     8.1064
   99  5.4841e+09    15.4276    99    98     8.1858
  100  5.4491e+09    15.4479   100    99     8.2653
