#indx Mass S step-number desc_indx 
    0  1.0000e+13     2.0577     0    -1     0.0134
    1  9.4319e+12     2.1006     1     0     0.1326
    2  9.4114e+12     2.1022     2     1     0.2441
    3  9.1660e+12     2.1219     3     2     0.3500
    4  6.2806e+12     2.4181     4     3     0.4519
    5  4.8097e+12     2.6452     5     4     0.5506
    6  4.4722e+12     2.7097     6     5     0.6467
    7  4.4690e+12     2.7104     7     6     0.7407
    8  4.2023e+12     2.7659     8     7     0.8330
    9  3.9200e+12     2.8297     9     8     0.9238
   10  3.8690e+12     2.8418    10     9     1.0134
   11  3.8418e+12     2.8484    11    10     1.1018
   12  3.7458e+12     2.8719    12    11     1.1894
   13  3.5873e+12     2.9126    13    12     1.2761
   14  3.5524e+12     2.9218    14    13     1.3621
   15  3.4261e+12     2.9563    15    14     1.4474
   16  3.3588e+12     2.9753    16    15     1.5322
   17  3.2700e+12     3.0011    17    16     1.6165
   18  3.1407e+12     3.0402    18    17     1.7003
   19  3.0866e+12     3.0572    19    18     1.7838
   20  3.0556e+12     3.0671    20    19     1.8669
   21  2.6189e+12     3.2213    21    20     1.9496
   22  2.3992e+12     3.3115    22    21     2.0321
   23  2.2768e+12     3.3662    23    22     2.1143
   24  2.2739e+12     3.3676    24    23     2.1963
   25  2.2654e+12     3.3715    25    24     2.2781
   26  2.1497e+12     3.4271    26    25     2.3597
   27  1.9532e+12     3.5304    27    26     2.4411
   28  1.9103e+12     3.5547    28    27     2.5223
   29  1.9045e+12     3.5580    29    28     2.6034
   30  1.8895e+12     3.5667    30    29     2.6844
   31  1.7944e+12     3.6236    31    30     2.7652
   32  1.7320e+12     3.6632    32    31     2.8459
   33  1.4677e+12     3.8520    33    32     2.9266
   34  1.3076e+12     3.9880    34    33     3.0071
   35  1.2667e+12     4.0260    35    34     3.0876
   36  1.0107e+12     4.3038    36    35     3.1680
   37  9.8305e+11     4.3389    37    36     3.2483
   38  8.9933e+11     4.4528    38    37     3.3285
   39  8.0631e+11     4.5956    39    38     3.4087
   40  7.1166e+11     4.7630    40    39     3.4889
   41  6.4632e+11     4.8951    41    40     3.5689
   42  6.4453e+11     4.8989    42    41     3.6490
   43  6.4365e+11     4.9008    43    42     3.7290
   44  5.7061e+11     5.0700    44    43     3.8089
   45  5.6160e+11     5.0926    45    44     3.8889
   46  5.5047e+11     5.1212    46    45     3.9688
   47  5.2620e+11     5.1861    47    46     4.0486
   48  5.1703e+11     5.2115    48    47     4.1285
   49  5.1153e+11     5.2271    49    48     4.2083
   50  4.9354e+11     5.2793    50    49     4.2881
   51  2.7694e+11     6.1759    51    50     4.3678
   52  2.7488e+11     6.1882    52    51     4.4476
   53  2.7286e+11     6.2004    53    52     4.5273
   54  2.7140e+11     6.2092    54    53     4.6070
   55  2.6473e+11     6.2503    55    54     4.6867
   56  2.6046e+11     6.2773    56    55     4.7664
   57  2.3362e+11     6.4598    57    56     4.8460
   58  2.2414e+11     6.5304    58    57     4.9257
   59  2.2207e+11     6.5462    59    58     5.0053
   60  2.2121e+11     6.5529    60    59     5.0849
   61  2.1982e+11     6.5637    61    60     5.1646
   62  2.1870e+11     6.5725    62    61     5.2442
   63  2.1665e+11     6.5886    63    62     5.3238
   64  2.0805e+11     6.6586    64    63     5.4033
   65  2.0186e+11     6.7111    65    64     5.4829
   66  1.9691e+11     6.7545    66    65     5.5625
   67  1.6665e+11     7.0514    67    66     5.6421
   68  1.6608e+11     7.0576    68    67     5.7216
   69  1.6517e+11     7.0676    69    68     5.8012
   70  1.6326e+11     7.0886    70    69     5.8807
   71  1.6131e+11     7.1105    71    70     5.9602
   72  1.3506e+11     7.4388    72    71     6.0398
   73  1.2346e+11     7.6089    73    72     6.1193
   74  7.2812e+10     8.6667    74    73     6.1988
   75  7.2214e+10     8.6840    75    74     6.2783
   76  5.7899e+10     9.1573    76    75     6.3579
   77  5.5855e+10     9.2360    77    76     6.4374
   78  5.5041e+10     9.2683    78    77     6.5169
   79  5.4630e+10     9.2848    79    78     6.5964
   80  5.2805e+10     9.3599    80    79     6.6759
   81  4.5368e+10     9.7010    81    80     6.7554
   82  4.0833e+10     9.9429    82    81     6.8349
   83  3.0878e+10    10.6056    83    82     6.9143
   84  2.2289e+10    11.4180    84    83     6.9938
   85  2.0853e+10    11.5892    85    84     7.0733
   86  1.8240e+10    11.9393    86    85     7.1528
   87  1.7786e+10    12.0060    87    86     7.2323
   88  1.7778e+10    12.0072    88    87     7.3117
   89  1.7681e+10    12.0217    89    88     7.3912
   90  1.7437e+10    12.0586    90    89     7.4707
   91  1.7280e+10    12.0827    91    90     7.5502
   92  1.5204e+10    12.4272    92    91     7.6296
   93  1.3250e+10    12.8053    93    92     7.7091
   94  1.2565e+10    12.9534    94    93     7.7885
   95  1.2215e+10    13.0327    95    94     7.8680
   96  1.2176e+10    13.0415    96    95     7.9475
   97  1.1623e+10    13.1729    97    96     8.0269
   98  1.0571e+10    13.4438    98    97     8.1064
   99  9.7291e+09    13.6840    99    98     8.1858
  100  9.6962e+09    13.6939   100    99     8.2653
