#indx Mass S step-number desc_indx 
    0  1.0000e+13     2.0577     0    -1     0.0134
    1  9.9046e+12     2.0647     1     0     0.1326
    2  9.7313e+12     2.0776     2     1     0.2441
    3  9.2121e+12     2.1181     3     2     0.3500
    4  4.9329e+12     2.6230     4     3     0.4519
    5  4.7663e+12     2.6531     5     4     0.5506
    6  4.5745e+12     2.6895     6     5     0.6467
    7  4.3221e+12     2.7404     7     6     0.7407
    8  4.2910e+12     2.7469     8     7     0.8330
    9  4.2488e+12     2.7559     9     8     0.9238
   10  4.2405e+12     2.7577    10     9     1.0134
   11  4.0991e+12     2.7886    11    10     1.1018
   12  3.9645e+12     2.8193    12    11     1.1894
   13  3.9214e+12     2.8293    13    12     1.2761
   14  3.8007e+12     2.8584    14    13     1.3621
   15  3.7911e+12     2.8607    15    14     1.4474
   16  2.8954e+12     3.1203    16    15     1.5322
   17  1.8218e+12     3.6068    17    16     1.6165
   18  1.8127e+12     3.6124    18    17     1.7003
   19  1.7946e+12     3.6236    19    18     1.7838
   20  1.7405e+12     3.6577    20    19     1.8669
   21  1.6594e+12     3.7113    21    20     1.9496
   22  1.6416e+12     3.7236    22    21     2.0321
   23  1.4323e+12     3.8805    23    22     2.1143
   24  1.2076e+12     4.0836    24    23     2.1963
   25  1.1817e+12     4.1100    25    24     2.2781
   26  1.1613e+12     4.1313    26    25     2.3597
   27  1.1603e+12     4.1324    27    26     2.4411
   28  1.0875e+12     4.2122    28    27     2.5223
   29  1.0755e+12     4.2260    29    28     2.6034
   30  9.7245e+11     4.3526    30    29     2.6844
   31  6.4849e+11     4.8905    31    30     2.7652
   32  6.3370e+11     4.9225    32    31     2.8459
   33  6.3260e+11     4.9249    33    32     2.9266
   34  6.2295e+11     4.9463    34    33     3.0071
   35  5.5025e+11     5.1218    35    34     3.0876
   36  5.4045e+11     5.1476    36    35     3.1680
   37  5.3880e+11     5.1520    37    36     3.2483
   38  5.1566e+11     5.2154    38    37     3.3285
   39  5.1379e+11     5.2207    39    38     3.4087
   40  5.0923e+11     5.2336    40    39     3.4889
   41  5.0882e+11     5.2348    41    40     3.5689
   42  3.7907e+11     5.6761    42    41     3.6490
   43  3.7417e+11     5.6962    43    42     3.7290
   44  3.7052e+11     5.7114    44    43     3.8089
   45  3.4897e+11     5.8049    45    44     3.8889
   46  3.4213e+11     5.8360    46    45     3.9688
   47  3.3548e+11     5.8670    47    46     4.0486
   48  3.3437e+11     5.8722    48    47     4.1285
   49  3.2575e+11     5.9137    49    48     4.2083
   50  3.2480e+11     5.9183    50    49     4.2881
   51  3.0467e+11     6.0208    51    50     4.3678
   52  3.0162e+11     6.0370    52    51     4.4476
   53  2.9333e+11     6.0821    53    52     4.5273
   54  2.9309e+11     6.0834    54    53     4.6070
   55  2.7696e+11     6.1759    55    54     4.6867
   56  2.4649e+11     6.3693    56    55     4.7664
   57  2.2980e+11     6.4879    57    56     4.8460
   58  2.2871e+11     6.4959    58    57     4.9257
   59  2.0176e+11     6.7120    59    58     5.0053
   60  2.0044e+11     6.7234    60    59     5.0849
   61  1.5158e+11     7.2243    61    60     5.1646
   62  1.4998e+11     7.2438    62    61     5.2442
   63  1.4963e+11     7.2481    63    62     5.3238
   64  1.4868e+11     7.2599    64    63     5.4033
   65  1.4753e+11     7.2742    65    64     5.4829
   66  1.3914e+11     7.3830    66    65     5.5625
   67  1.3030e+11     7.5064    67    66     5.6421
   68  1.2797e+11     7.5406    68    67     5.7216
   69  1.1776e+11     7.6995    69    68     5.8012
   70  1.1695e+11     7.7129    70    69     5.8807
   71  1.0221e+11     7.9759    71    70     5.9602
   72  9.9854e+10     8.0221    72    71     6.0398
   73  9.9821e+10     8.0227    73    72     6.1193
   74  9.8334e+10     8.0525    74    73     6.1988
   75  9.7872e+10     8.0619    75    74     6.2783
   76  9.7325e+10     8.0731    76    75     6.3579
   77  6.6222e+10     8.8674    77    76     6.4374
   78  6.5994e+10     8.8747    78    77     6.5169
   79  6.2386e+10     8.9954    79    78     6.5964
   80  5.9828e+10     9.0859    80    79     6.6759
   81  4.3858e+10     9.7783    81    80     6.7554
   82  4.2819e+10     9.8333    82    81     6.8349
   83  4.2293e+10     9.8617    83    82     6.9143
   84  4.2232e+10     9.8650    84    83     6.9938
   85  3.2913e+10    10.4515    85    84     7.0733
   86  2.7798e+10    10.8627    86    85     7.1528
   87  2.7523e+10    10.8873    87    86     7.2323
   88  2.7422e+10    10.8964    88    87     7.3117
   89  2.5076e+10    11.1194    89    88     7.3912
   90  2.4621e+10    11.1654    90    89     7.4707
   91  2.4363e+10    11.1919    91    90     7.5502
   92  2.4042e+10    11.2254    92    91     7.6296
   93  2.2803e+10    11.3597    93    92     7.7091
   94  2.1945e+10    11.4578    94    93     7.7885
   95  2.1844e+10    11.4697    95    94     7.8680
   96  1.5966e+10    12.2948    96    95     7.9475
   97  1.5864e+10    12.3120    97    96     8.0269
   98  1.5834e+10    12.3172    98    97     8.1064
   99  1.5222e+10    12.4239    99    98     8.1858
  100  1.5159e+10    12.4353   100    99     8.2653
