#indx Mass S step-number desc_indx 
    0  1.0000e+13     2.0577     0    -1     0.0134
    1  9.5822e+12     2.0889     1     0     0.1326
    2  8.5798e+12     2.1716     2     1     0.2441
    3  8.5311e+12     2.1759     3     2     0.3500
    4  6.5974e+12     2.3779     4     3     0.4519
    5  6.5616e+12     2.3823     5     4     0.5506
    6  6.5471e+12     2.3841     6     5     0.6467
    7  5.5326e+12     2.5241     7     6     0.7407
    8  5.3574e+12     2.5516     8     7     0.8330
    9  5.1098e+12     2.5923     9     8     0.9238
   10  4.2473e+12     2.7562    10     9     1.0134
   11  4.1421e+12     2.7791    11    10     1.1018
   12  4.0628e+12     2.7967    12    11     1.1894
   13  4.0555e+12     2.7984    13    12     1.2761
   14  3.7020e+12     2.8830    14    13     1.3621
   15  3.6240e+12     2.9030    15    14     1.4474
   16  3.3722e+12     2.9714    16    15     1.5322
   17  2.6760e+12     3.1994    17    16     1.6165
   18  2.6633e+12     3.2043    18    17     1.7003
   19  2.6522e+12     3.2085    19    18     1.7838
   20  2.4878e+12     3.2740    20    19     1.8669
   21  2.4202e+12     3.3025    21    20     1.9496
   22  2.2809e+12     3.3643    22    21     2.0321
   23  2.1934e+12     3.4056    23    22     2.1143
   24  2.1466e+12     3.4286    24    23     2.1963
   25  1.5360e+12     3.7994    25    24     2.2781
   26  1.4912e+12     3.8336    26    25     2.3597
   27  1.4428e+12     3.8720    27    26     2.4411
   28  1.2679e+12     4.0248    28    27     2.5223
   29  1.2171e+12     4.0742    29    28     2.6034
   30  5.8562e+11     5.0331    30    29     2.6844
   31  5.4855e+11     5.1262    31    30     2.7652
   32  5.2107e+11     5.2003    32    31     2.8459
   33  5.1942e+11     5.2049    33    32     2.9266
   34  5.1518e+11     5.2168    34    33     3.0071
   35  5.0765e+11     5.2382    35    34     3.0876
   36  4.8878e+11     5.2935    36    35     3.1680
   37  4.8811e+11     5.2955    37    36     3.2483
   38  4.5386e+11     5.4031    38    37     3.3285
   39  4.5086e+11     5.4130    39    38     3.4087
   40  4.5042e+11     5.4144    40    39     3.4889
   41  4.4800e+11     5.4225    41    40     3.5689
   42  4.3361e+11     5.4713    42    41     3.6490
   43  3.9897e+11     5.5975    43    42     3.7290
   44  3.4542e+11     5.8209    44    43     3.8089
   45  3.4431e+11     5.8260    45    44     3.8889
   46  1.8646e+11     6.8505    46    45     3.9688
   47  1.8216e+11     6.8919    47    46     4.0486
   48  1.5791e+11     7.1493    48    47     4.1285
   49  1.5721e+11     7.1574    49    48     4.2083
   50  1.5595e+11     7.1721    50    49     4.2881
   51  1.5463e+11     7.1877    51    50     4.3678
   52  1.5163e+11     7.2237    52    51     4.4476
   53  1.4940e+11     7.2509    53    52     4.5273
   54  1.4766e+11     7.2726    54    53     4.6070
   55  1.4645e+11     7.2878    55    54     4.6867
   56  1.4195e+11     7.3458    56    55     4.7664
   57  1.4032e+11     7.3672    57    56     4.8460
   58  1.3889e+11     7.3864    58    57     4.9257
   59  1.0133e+11     7.9930    59    58     5.0053
   60  1.0096e+11     8.0002    60    59     5.0849
   61  9.7123e+10     8.0772    61    60     5.1646
   62  9.5797e+10     8.1047    62    61     5.2442
   63  9.4299e+10     8.1362    63    62     5.3238
   64  9.0970e+10     8.2085    64    63     5.4033
   65  8.8732e+10     8.2589    65    64     5.4829
   66  1.1752e+10    13.1416    66    65     5.5625
   67  9.5393e+09    13.7415    67    66     5.6421
   68  9.5330e+09    13.7434    68    67     5.7216
   69  9.5212e+09    13.7470    69    68     5.8012
   70  9.3307e+09    13.8062    70    69     5.8807
   71  9.3159e+09    13.8108    71    70     5.9602
   72  8.7441e+09    13.9975    72    71     6.0398
   73  8.6555e+09    14.0276    73    72     6.1193
   74  8.5979e+09    14.0474    74    73     6.1988
   75  8.5630e+09    14.0595    75    74     6.2783
   76  8.5414e+09    14.0670    76    75     6.3579
   77  8.4753e+09    14.0901    77    76     6.4374
   78  7.8768e+09    14.3091    78    77     6.5169
   79  7.8602e+09    14.3154    79    78     6.5964
   80  7.8382e+09    14.3238    80    79     6.6759
   81  7.7467e+09    14.3592    81    80     6.7554
   82  7.4287e+09    14.4860    82    81     6.8349
   83  6.8246e+09    14.7449    83    82     6.9143
   84  6.8021e+09    14.7550    84    83     6.9938
   85  6.2661e+09    15.0088    85    84     7.0733
   86  5.2691e+09    15.5548    86    85     7.1528
   87  5.1230e+09    15.6448    87    86     7.2323
   88  4.9140e+09    15.7786    88    87     7.3117
   89  4.8505e+09    15.8206    89    88     7.3912
   90  4.8476e+09    15.8225    90    89     7.4707
   91  4.7818e+09    15.8667    91    90     7.5502
   92  4.7491e+09    15.8889    92    91     7.6296
   93  4.3376e+09    16.1844    93    92     7.7091
   94  4.2947e+09    16.2171    94    93     7.7885
   95  4.1695e+09    16.3145    95    94     7.8680
   96  4.1484e+09    16.3313    96    95     7.9475
   97  4.1000e+09    16.3701    97    96     8.0269
   98  3.7533e+09    16.6642    98    97     8.1064
   99  3.7342e+09    16.6813    99    98     8.1858
  100  3.7010e+09    16.7113   100    99     8.2653
