#indx Mass S step-number desc_indx 
    0  1.0000e+13     2.0577     0    -1     0.0134
    1  9.5441e+12     2.0919     1     0     0.1326
    2  9.3336e+12     2.1084     2     1     0.2441
    3  9.0109e+12     2.1346     3     2     0.3500
    4  7.7055e+12     2.2543     4     3     0.4519
    5  7.1816e+12     2.3097     5     4     0.5506
    6  6.9122e+12     2.3403     6     5     0.6467
    7  6.5475e+12     2.3841     7     6     0.7407
    8  6.4967e+12     2.3904     8     7     0.8330
    9  6.0553e+12     2.4483     9     8     0.9238
   10  5.9107e+12     2.4684    10     9     1.0134
   11  5.6424e+12     2.5075    11    10     1.1018
   12  4.6935e+12     2.6667    12    11     1.1894
   13  4.6549e+12     2.6740    13    12     1.2761
   14  4.5683e+12     2.6907    14    13     1.3621
   15  4.4019e+12     2.7240    15    14     1.4474
   16  4.3657e+12     2.7314    16    15     1.5322
   17  4.2057e+12     2.7652    17    16     1.6165
   18  4.0032e+12     2.8103    18    17     1.7003
   19  3.2651e+12     3.0025    19    18     1.7838
   20  3.1815e+12     3.0277    20    19     1.8669
   21  2.7855e+12     3.1590    21    20     1.9496
   22  2.7536e+12     3.1706    22    21     2.0321
   23  2.6571e+12     3.2066    23    22     2.1143
   24  2.5956e+12     3.2304    24    23     2.1963
   25  2.3772e+12     3.3211    25    24     2.2781
   26  2.3262e+12     3.3437    26    25     2.3597
   27  2.2943e+12     3.3582    27    26     2.4411
   28  1.5191e+12     3.8122    28    27     2.5223
   29  1.5137e+12     3.8163    29    28     2.6034
   30  1.4866e+12     3.8372    30    29     2.6844
   31  1.3470e+12     3.9527    31    30     2.7652
   32  1.1328e+12     4.1618    32    31     2.8459
   33  3.3684e+11     5.8606    33    32     2.9266
   34  2.9870e+11     6.0527    34    33     3.0071
   35  2.9734e+11     6.0601    35    34     3.0876
   36  2.3063e+11     6.4817    36    35     3.1680
   37  2.1198e+11     6.6262    37    36     3.2483
   38  2.0551e+11     6.6799    38    37     3.3285
   39  2.0511e+11     6.6833    39    38     3.4087
   40  1.7672e+11     6.9459    40    39     3.4889
   41  1.7632e+11     6.9501    41    40     3.5689
   42  1.7201e+11     6.9944    42    41     3.6490
   43  1.7044e+11     7.0109    43    42     3.7290
   44  1.6885e+11     7.0278    44    43     3.8089
   45  1.6448e+11     7.0752    45    44     3.8889
   46  1.5789e+11     7.1495    46    45     3.9688
   47  1.5551e+11     7.1773    47    46     4.0486
   48  1.5253e+11     7.2128    48    47     4.1285
   49  1.5158e+11     7.2243    49    48     4.2083
   50  1.5035e+11     7.2393    50    49     4.2881
   51  1.4564e+11     7.2980    51    50     4.3678
   52  1.4510e+11     7.3049    52    51     4.4476
   53  1.4374e+11     7.3224    53    52     4.5273
   54  1.4114e+11     7.3563    54    53     4.6070
   55  1.4079e+11     7.3610    55    54     4.6867
   56  1.2306e+11     7.6151    56    55     4.7664
   57  1.1568e+11     7.7340    57    56     4.8460
   58  1.1372e+11     7.7670    58    57     4.9257
   59  1.1098e+11     7.8145    59    58     5.0053
   60  1.0691e+11     7.8874    60    59     5.0849
   61  1.0360e+11     7.9491    61    60     5.1646
   62  6.1547e+10     9.0246    62    61     5.2442
   63  5.8016e+10     9.1529    63    62     5.3238
   64  5.7686e+10     9.1653    64    63     5.4033
   65  5.6013e+10     9.2298    65    64     5.4829
   66  5.3943e+10     9.3127    66    65     5.5625
   67  5.3699e+10     9.3227    67    66     5.6421
   68  5.3135e+10     9.3461    68    67     5.7216
   69  5.2788e+10     9.3607    69    68     5.8012
   70  5.1778e+10     9.4036    70    69     5.8807
   71  5.1361e+10     9.4216    71    70     5.9602
   72  4.5105e+10     9.7143    72    71     6.0398
   73  4.4796e+10     9.7299    73    72     6.1193
   74  4.3269e+10     9.8093    74    73     6.1988
   75  3.5790e+10    10.2517    75    74     6.2783
   76  3.2733e+10    10.4647    76    75     6.3579
   77  3.2699e+10    10.4671    77    76     6.4374
   78  3.2674e+10    10.4690    78    77     6.5169
   79  1.6791e+10    12.1593    79    78     6.5964
   80  1.6493e+10    12.2074    80    79     6.6759
   81  1.6437e+10    12.2165    81    80     6.7554
   82  1.6272e+10    12.2436    82    81     6.8349
   83  1.6212e+10    12.2536    83    82     6.9143
   84  1.4953e+10    12.4725    84    83     6.9938
   85  1.4057e+10    12.6417    85    84     7.0733
   86  1.3945e+10    12.6639    86    85     7.1528
   87  1.3610e+10    12.7309    87    86     7.2323
   88  1.3181e+10    12.8198    88    87     7.3117
   89  1.2983e+10    12.8620    89    88     7.3912
   90  1.2604e+10    12.9446    90    89     7.4707
   91  1.2521e+10    12.9633    91    90     7.5502
   92  1.1284e+10    13.2571    92    91     7.6296
   93  1.1104e+10    13.3028    93    92     7.7091
   94  1.0451e+10    13.4766    94    93     7.7885
   95  1.0441e+10    13.4794    95    94     7.8680
   96  9.5674e+09    13.7329    96    95     7.9475
   97  9.4526e+09    13.7682    97    96     8.0269
   98  9.1093e+09    13.8767    98    97     8.1064
   99  8.9485e+09    13.9292    99    98     8.1858
  100  8.9038e+09    13.9439   100    99     8.2653
