#indx Mass S step-number desc_indx 
    0  1.0000e+13     2.0577     0    -1     0.0134
    1  9.9488e+12     2.0614     1     0     0.1326
    2  8.9594e+12     2.1389     2     1     0.2441
    3  8.5805e+12     2.1715     3     2     0.3500
    4  6.3320e+12     2.4114     4     3     0.4519
    5  4.6582e+12     2.6734     5     4     0.5506
    6  4.3717e+12     2.7301     6     5     0.6467
    7  3.1565e+12     3.0353     7     6     0.7407
    8  3.0147e+12     3.0804     8     7     0.8330
    9  2.7807e+12     3.1607     9     8     0.9238
   10  2.5991e+12     3.2291    10     9     1.0134
   11  2.2296e+12     3.3883    11    10     1.1018
   12  2.1719e+12     3.4161    12    11     1.1894
   13  1.4697e+12     3.8505    13    12     1.2761
   14  1.3693e+12     3.9333    14    13     1.3621
   15  1.3622e+12     3.9395    15    14     1.4474
   16  1.2949e+12     3.9996    16    15     1.5322
   17  1.2813e+12     4.0123    17    16     1.6165
   18  1.0946e+12     4.2041    18    17     1.7003
   19  1.0763e+12     4.2251    19    18     1.7838
   20  1.0054e+12     4.3105    20    19     1.8669
   21  1.0039e+12     4.3123    21    20     1.9496
   22  8.6198e+11     4.5079    22    21     2.0321
   23  8.3425e+11     4.5507    23    22     2.1143
   24  8.1162e+11     4.5869    24    23     2.1963
   25  8.1040e+11     4.5889    25    24     2.2781
   26  7.6479e+11     4.6659    26    25     2.3597
   27  7.6070e+11     4.6731    27    26     2.4411
   28  7.4514e+11     4.7009    28    27     2.5223
   29  7.4357e+11     4.7037    29    28     2.6034
   30  7.2363e+11     4.7404    30    29     2.6844
   31  7.0952e+11     4.7671    31    30     2.7652
   32  4.9885e+11     5.2637    32    31     2.8459
   33  4.4185e+11     5.4431    33    32     2.9266
   34  4.1156e+11     5.5502    34    33     3.0071
   35  3.8651e+11     5.6462    35    34     3.0876
   36  3.8294e+11     5.6605    36    35     3.1680
   37  3.8078e+11     5.6692    37    36     3.2483
   38  3.8025e+11     5.6713    38    37     3.3285
   39  3.7734e+11     5.6832    39    38     3.4087
   40  3.7543e+11     5.6910    40    39     3.4889
   41  3.3598e+11     5.8646    41    40     3.5689
   42  3.3409e+11     5.8736    42    41     3.6490
   43  3.3184e+11     5.8843    43    42     3.7290
   44  3.3119e+11     5.8874    44    43     3.8089
   45  3.0462e+11     6.0210    45    44     3.8889
   46  2.9221e+11     6.0883    46    45     3.9688
   47  2.9127e+11     6.0936    47    46     4.0486
   48  2.8657e+11     6.1200    48    47     4.1285
   49  2.8005e+11     6.1577    49    48     4.2083
   50  2.6993e+11     6.2182    50    49     4.2881
   51  2.6821e+11     6.2287    51    50     4.3678
   52  2.0891e+11     6.6514    52    51     4.4476
   53  1.8176e+11     6.8959    53    52     4.5273
   54  1.7349e+11     6.9790    54    53     4.6070
   55  1.6799e+11     7.0369    55    54     4.6867
   56  1.6521e+11     7.0671    56    55     4.7664
   57  1.6191e+11     7.1037    57    56     4.8460
   58  1.6141e+11     7.1094    58    57     4.9257
   59  1.2672e+11     7.5592    59    58     5.0053
   60  1.2666e+11     7.5601    60    59     5.0849
   61  1.1897e+11     7.6799    61    60     5.1646
   62  1.1858e+11     7.6862    62    61     5.2442
   63  1.1682e+11     7.7150    63    62     5.3238
   64  1.1417e+11     7.7593    64    63     5.4033
   65  1.1340e+11     7.7725    65    64     5.4829
   66  1.1201e+11     7.7964    66    65     5.5625
   67  5.7868e+10     9.1585    67    66     5.6421
   68  5.3204e+10     9.3433    68    67     5.7216
   69  4.6468e+10     9.6466    69    68     5.8012
   70  4.5671e+10     9.6859    70    69     5.8807
   71  4.4595e+10     9.7402    71    70     5.9602
   72  3.6246e+10    10.2217    72    71     6.0398
   73  3.1906e+10    10.5263    73    72     6.1193
   74  3.1805e+10    10.5339    74    73     6.1988
   75  3.1433e+10    10.5624    75    74     6.2783
   76  3.1388e+10    10.5659    76    75     6.3579
   77  3.1271e+10    10.5749    77    76     6.4374
   78  3.0547e+10    10.6317    78    77     6.5169
   79  7.9906e+09    14.2660    79    78     6.5964
   80  7.3498e+09    14.5184    80    79     6.6759
   81  7.1225e+09    14.6141    81    80     6.7554
   82  7.0151e+09    14.6605    82    81     6.8349
   83  7.0042e+09    14.6652    83    82     6.9143
   84  6.9090e+09    14.7071    84    83     6.9938
   85  6.8087e+09    14.7520    85    84     7.0733
   86  6.7465e+09    14.7803    86    85     7.1528
   87  6.6806e+09    14.8105    87    86     7.2323
   88  6.6071e+09    14.8446    88    87     7.3117
   89  6.4839e+09    14.9028    89    88     7.3912
   90  6.4488e+09    14.9196    90    89     7.4707
   91  6.3737e+09    14.9559    91    90     7.5502
   92  6.2439e+09    15.0199    92    91     7.6296
   93  6.2263e+09    15.0287    93    92     7.7091
   94  6.1652e+09    15.0594    94    93     7.7885
   95  6.1351e+09    15.0746    95    94     7.8680
   96  5.8434e+09    15.2272    96    95     7.9475
   97  5.8022e+09    15.2495    97    96     8.0269
   98  5.7504e+09    15.2777    98    97     8.1064
   99  5.7401e+09    15.2833    99    98     8.1858
  100  4.9499e+09    15.7552   100    99     8.2653
