#indx Mass S step-number desc_indx 
    0  1.0000e+13     2.0577     0    -1     0.0134
    1  9.0781e+12     2.1291     1     0     0.1326
    2  9.0318e+12     2.1329     2     1     0.2441
    3  8.8413e+12     2.1489     3     2     0.3500
    4  8.7003e+12     2.1610     4     3     0.4519
    5  6.8965e+12     2.3421     5     4     0.5506
    6  6.4914e+12     2.3911     6     5     0.6467
    7  6.3736e+12     2.4061     7     6     0.7407
    8  3.7638e+12     2.8675     8     7     0.8330
    9  3.6350e+12     2.9001     9     8     0.9238
   10  2.7708e+12     3.1643    10     9     1.0134
   11  2.5716e+12     3.2399    11    10     1.1018
   12  2.5396e+12     3.2528    12    11     1.1894
   13  2.5366e+12     3.2540    13    12     1.2761
   14  2.4629e+12     3.2843    14    13     1.3621
   15  3.4924e+11     5.8037    15    14     1.4474
   16  3.3761e+11     5.8570    16    15     1.5322
   17  2.6954e+11     6.2205    17    16     1.6165
   18  2.6906e+11     6.2235    18    17     1.7003
   19  2.6097e+11     6.2741    19    18     1.7838
   20  2.5905e+11     6.2863    20    19     1.8669
   21  2.5755e+11     6.2959    21    20     1.9496
   22  2.4246e+11     6.3971    22    21     2.0321
   23  1.8075e+11     6.9058    23    22     2.1143
   24  1.7392e+11     6.9745    24    23     2.1963
   25  1.7055e+11     7.0097    25    24     2.2781
   26  1.6952e+11     7.0207    26    25     2.3597
   27  1.6473e+11     7.0724    27    26     2.4411
   28  1.6166e+11     7.1065    28    27     2.5223
   29  1.5612e+11     7.1701    29    28     2.6034
   30  9.2916e+10     8.1659    30    29     2.6844
   31  9.1857e+10     8.1889    31    30     2.7652
   32  9.1376e+10     8.1995    32    31     2.8459
   33  8.7919e+10     8.2775    33    32     2.9266
   34  8.7166e+10     8.2950    34    33     3.0071
   35  6.1364e+10     9.0310    35    34     3.0876
   36  6.0098e+10     9.0761    36    35     3.1680
   37  5.5404e+10     9.2538    37    36     3.2483
   38  5.4921e+10     9.2731    38    37     3.3285
   39  5.4776e+10     9.2789    39    38     3.4087
   40  5.3542e+10     9.3292    40    39     3.4889
   41  4.7361e+10     9.6035    41    40     3.5689
   42  4.6634e+10     9.6385    42    41     3.6490
   43  4.4930e+10     9.7231    43    42     3.7290
   44  2.0766e+10    11.6001    44    43     3.8089
   45  2.0631e+10    11.6170    45    44     3.8889
   46  2.0529e+10    11.6298    46    45     3.9688
   47  2.0266e+10    11.6633    47    46     4.0486
   48  1.9832e+10    11.7196    48    47     4.1285
   49  1.9660e+10    11.7424    49    48     4.2083
   50  1.9225e+10    11.8009    50    49     4.2881
   51  1.9017e+10    11.8294    51    50     4.3678
   52  1.8831e+10    11.8552    52    51     4.4476
   53  1.8665e+10    11.8785    53    52     4.5273
   54  1.6333e+10    12.2336    54    53     4.6070
   55  1.6296e+10    12.2397    55    54     4.6867
   56  1.6291e+10    12.2405    56    55     4.7664
   57  1.5927e+10    12.3014    57    56     4.8460
   58  1.5807e+10    12.3217    58    57     4.9257
   59  1.5714e+10    12.3377    59    58     5.0053
   60  1.5283e+10    12.4131    60    59     5.0849
   61  1.5113e+10    12.4435    61    60     5.1646
   62  1.4850e+10    12.4914    62    61     5.2442
   63  1.4789e+10    12.5027    63    62     5.3238
   64  1.4773e+10    12.5055    64    63     5.4033
   65  1.4614e+10    12.5351    65    64     5.4829
   66  1.4505e+10    12.5557    66    65     5.5625
   67  1.4419e+10    12.5720    67    66     5.6421
   68  1.4121e+10    12.6293    68    67     5.7216
   69  1.3886e+10    12.6756    69    68     5.8012
   70  1.2889e+10    12.8823    70    69     5.8807
   71  1.2740e+10    12.9146    71    70     5.9602
   72  1.2656e+10    12.9332    72    71     6.0398
   73  9.8138e+09    13.6588    73    72     6.1193
   74  9.7063e+09    13.6908    74    73     6.1988
   75  9.6269e+09    13.7148    75    74     6.2783
   76  9.5747e+09    13.7307    76    75     6.3579
   77  9.4787e+09    13.7601    77    76     6.4374
   78  9.1847e+09    13.8525    78    77     6.5169
   79  9.1272e+09    13.8709    79    78     6.5964
   80  8.9160e+09    13.9399    80    79     6.6759
   81  8.9055e+09    13.9434    81    80     6.7554
   82  8.8538e+09    13.9606    82    81     6.8349
   83  8.8306e+09    13.9683    83    82     6.9143
   84  8.7591e+09    13.9924    84    83     6.9938
   85  8.7124e+09    14.0082    85    84     7.0733
   86  8.6566e+09    14.0272    86    85     7.1528
   87  8.6450e+09    14.0312    87    86     7.2323
   88  8.5466e+09    14.0652    88    87     7.3117
   89  8.4771e+09    14.0894    89    88     7.3912
   90  7.9800e+09    14.2700    90    89     7.4707
   91  6.8662e+09    14.7262    91    90     7.5502
   92  6.8448e+09    14.7358    92    91     7.6296
   93  6.3797e+09    14.9530    93    92     7.7091
   94  6.3772e+09    14.9542    94    93     7.7885
   95  5.1723e+09    15.6141    95    94     7.8680
   96  5.0752e+09    15.6748    96    95     7.9475
   97  5.0625e+09    15.6828    97    96     8.0269
   98  4.8608e+09    15.8137    98    97     8.1064
   99  4.8555e+09    15.8172    99    98     8.1858
  100  4.6722e+09    15.9418   100    99     8.2653
