#indx Mass S step-number desc_indx 
    0  1.0000e+13     2.0577     0    -1     0.0134
    1  8.4314e+12     2.1849     1     0     0.1326
    2  8.2804e+12     2.1987     2     1     0.2441
    3  8.2646e+12     2.2001     3     2     0.3500
    4  7.8676e+12     2.2381     4     3     0.4519
    5  7.7751e+12     2.2473     5     4     0.5506
    6  7.6651e+12     2.2584     6     5     0.6467
    7  5.5159e+12     2.5267     7     6     0.7407
    8  5.1142e+12     2.5916     8     7     0.8330
    9  5.0196e+12     2.6078     9     8     0.9238
   10  5.0005e+12     2.6111    10     9     1.0134
   11  4.9817e+12     2.6144    11    10     1.1018
   12  4.2885e+12     2.7475    12    11     1.1894
   13  4.2644e+12     2.7526    13    12     1.2761
   14  3.0659e+12     3.0638    14    13     1.3621
   15  2.5527e+12     3.2475    15    14     1.4474
   16  2.5398e+12     3.2527    16    15     1.5322
   17  2.5050e+12     3.2668    17    16     1.6165
   18  2.4725e+12     3.2803    18    17     1.7003
   19  1.8651e+12     3.5809    19    18     1.7838
   20  1.4625e+12     3.8562    20    19     1.8669
   21  1.3603e+12     3.9411    21    20     1.9496
   22  8.6317e+11     4.5061    22    21     2.0321
   23  7.9918e+11     4.6074    23    22     2.1143
   24  6.7186e+11     4.8416    24    23     2.1963
   25  6.6847e+11     4.8486    25    24     2.2781
   26  6.6271e+11     4.8605    26    25     2.3597
   27  6.6120e+11     4.8636    27    26     2.4411
   28  6.5543e+11     4.8757    28    27     2.5223
   29  6.2461e+11     4.9426    29    28     2.6034
   30  6.0699e+11     4.9827    30    29     2.6844
   31  5.9520e+11     5.0102    31    30     2.7652
   32  5.9405e+11     5.0130    32    31     2.8459
   33  5.8041e+11     5.0458    33    32     2.9266
   34  5.7114e+11     5.0686    34    33     3.0071
   35  5.6545e+11     5.0829    35    34     3.0876
   36  3.3420e+11     5.8730    36    35     3.1680
   37  3.2263e+11     5.9290    37    36     3.2483
   38  3.1948e+11     5.9446    38    37     3.3285
   39  3.1621e+11     5.9611    39    38     3.4087
   40  3.0994e+11     5.9932    40    39     3.4889
   41  2.2334e+11     6.5365    41    40     3.5689
   42  2.1897e+11     6.5704    42    41     3.6490
   43  2.1255e+11     6.6216    43    42     3.7290
   44  2.1218e+11     6.6246    44    43     3.8089
   45  2.0377e+11     6.6947    45    44     3.8889
   46  2.0092e+11     6.7193    46    45     3.9688
   47  1.8821e+11     6.8340    47    46     4.0486
   48  1.8803e+11     6.8357    48    47     4.1285
   49  1.4979e+11     7.2462    49    48     4.2083
   50  1.4291e+11     7.3332    50    49     4.2881
   51  1.3543e+11     7.4336    51    50     4.3678
   52  1.3093e+11     7.4972    52    51     4.4476
   53  1.3013e+11     7.5089    53    52     4.5273
   54  1.2927e+11     7.5214    54    53     4.6070
   55  1.2799e+11     7.5403    55    54     4.6867
   56  1.2493e+11     7.5864    56    55     4.7664
   57  1.2291e+11     7.6174    57    56     4.8460
   58  1.2073e+11     7.6517    58    57     4.9257
   59  1.2027e+11     7.6589    59    58     5.0053
   60  1.1859e+11     7.6861    60    59     5.0849
   61  1.1574e+11     7.7329    61    60     5.1646
   62  1.0210e+11     7.9780    62    61     5.2442
   63  9.9450e+10     8.0301    63    62     5.3238
   64  9.8130e+10     8.0567    64    63     5.4033
   65  9.2820e+10     8.1680    65    64     5.4829
   66  9.1839e+10     8.1893    66    65     5.5625
   67  9.1652e+10     8.1935    67    66     5.6421
   68  8.9673e+10     8.2375    68    67     5.7216
   69  8.9402e+10     8.2436    69    68     5.8012
   70  8.7594e+10     8.2851    70    69     5.8807
   71  8.2757e+10     8.4010    71    70     5.9602
   72  8.0894e+10     8.4478    72    71     6.0398
   73  7.6517e+10     8.5630    73    72     6.1193
   74  6.9760e+10     8.7569    74    73     6.1988
   75  6.8952e+10     8.7815    75    74     6.2783
   76  6.0178e+10     9.0733    76    75     6.3579
   77  5.9917e+10     9.0827    77    76     6.4374
   78  5.9698e+10     9.0906    78    77     6.5169
   79  4.7956e+10     9.5754    79    78     6.5964
   80  4.7855e+10     9.5801    80    79     6.6759
   81  4.6673e+10     9.6366    81    80     6.7554
   82  4.5795e+10     9.6797    82    81     6.8349
   83  3.6347e+10    10.2151    83    82     6.9143
   84  3.6164e+10    10.2270    84    83     6.9938
   85  3.4417e+10    10.3446    85    84     7.0733
   86  3.1784e+10    10.5355    86    85     7.1528
   87  3.1457e+10    10.5605    87    86     7.2323
   88  3.0653e+10    10.6233    88    87     7.3117
   89  3.0436e+10    10.6406    89    88     7.3912
   90  3.0201e+10    10.6595    90    89     7.4707
   91  2.9925e+10    10.6819    91    90     7.5502
   92  2.5398e+10    11.0873    92    91     7.6296
   93  2.4726e+10    11.1547    93    92     7.7091
   94  2.4355e+10    11.1928    94    93     7.7885
   95  2.2019e+10    11.4492    95    94     7.8680
   96  2.0733e+10    11.6042    96    95     7.9475
   97  2.0226e+10    11.6684    97    96     8.0269
   98  2.0193e+10    11.6727    98    97     8.1064
   99  2.0117e+10    11.6824    99    98     8.1858
  100  1.9777e+10    11.7269   100    99     8.2653
