#indx Mass S step-number desc_indx 
    0  1.0000e+13     2.0577     0    -1     0.0134
    1  9.8323e+12     2.0700     1     0     0.1326
    2  9.6032e+12     2.0873     2     1     0.2441
    3  7.0931e+12     2.3196     3     2     0.3500
    4  7.0194e+12     2.3279     4     3     0.4519
    5  6.8089e+12     2.3524     5     4     0.5506
    6  6.7849e+12     2.3552     6     5     0.6467
    7  6.2359e+12     2.4240     7     6     0.7407
    8  5.8228e+12     2.4810     8     7     0.8330
    9  5.7097e+12     2.4975     9     8     0.9238
   10  5.5658e+12     2.5191    10     9     1.0134
   11  5.4241e+12     2.5410    11    10     1.1018
   12  5.0801e+12     2.5974    12    11     1.1894
   13  4.6980e+12     2.6659    13    12     1.2761
   14  4.4201e+12     2.7202    14    13     1.3621
   15  4.3088e+12     2.7432    15    14     1.4474
   16  4.0490e+12     2.7998    16    15     1.5322
   17  3.9535e+12     2.8218    17    16     1.6165
   18  3.9329e+12     2.8266    18    17     1.7003
   19  3.8712e+12     2.8413    19    18     1.7838
   20  3.6753e+12     2.8897    20    19     1.8669
   21  3.6028e+12     2.9085    21    20     1.9496
   22  3.5191e+12     2.9308    22    21     2.0321
   23  2.2728e+12     3.3681    23    22     2.1143
   24  1.3946e+12     3.9117    24    23     2.1963
   25  1.2626e+12     4.0299    25    24     2.2781
   26  1.2465e+12     4.0454    26    25     2.3597
   27  1.2058e+12     4.0855    27    26     2.4411
   28  1.1906e+12     4.1008    28    27     2.5223
   29  1.1795e+12     4.1123    29    28     2.6034
   30  1.1635e+12     4.1289    30    29     2.6844
   31  1.1476e+12     4.1458    31    30     2.7652
   32  1.0816e+12     4.2190    32    31     2.8459
   33  1.0689e+12     4.2336    33    32     2.9266
   34  1.0412e+12     4.2665    34    33     3.0071
   35  9.8947e+11     4.3306    35    34     3.0876
   36  9.8708e+11     4.3337    36    35     3.1680
   37  5.6215e+11     5.0912    37    36     3.2483
   38  5.0933e+11     5.2333    38    37     3.3285
   39  5.0427e+11     5.2479    39    38     3.4087
   40  4.9581e+11     5.2726    40    39     3.4889
   41  4.8446e+11     5.3065    41    40     3.5689
   42  4.8054e+11     5.3185    42    41     3.6490
   43  3.8964e+11     5.6338    43    42     3.7290
   44  3.8759e+11     5.6419    44    43     3.8089
   45  3.8280e+11     5.6610    45    44     3.8889
   46  3.5855e+11     5.7625    46    45     3.9688
   47  3.5502e+11     5.7780    47    46     4.0486
   48  3.4540e+11     5.8210    48    47     4.1285
   49  3.3365e+11     5.8756    49    48     4.2083
   50  3.2481e+11     5.9183    50    49     4.2881
   51  3.2125e+11     5.9358    51    50     4.3678
   52  2.9402e+11     6.0783    52    51     4.4476
   53  2.8871e+11     6.1079    53    52     4.5273
   54  2.8697e+11     6.1178    54    53     4.6070
   55  2.7553e+11     6.1844    55    54     4.6867
   56  2.6735e+11     6.2340    56    55     4.7664
   57  2.5696e+11     6.2998    57    56     4.8460
   58  2.5649e+11     6.3028    58    57     4.9257
   59  2.5389e+11     6.3198    59    58     5.0053
   60  2.5358e+11     6.3218    60    59     5.0849
   61  1.8318e+11     6.8820    61    60     5.1646
   62  1.8077e+11     6.9055    62    61     5.2442
   63  1.7728e+11     6.9403    63    62     5.3238
   64  1.7679e+11     6.9453    64    63     5.4033
   65  5.5542e+10     9.2483    65    64     5.4829
   66  5.3145e+10     9.3457    66    65     5.5625
   67  4.9477e+10     9.5052    67    66     5.6421
   68  4.9322e+10     9.5122    68    67     5.7216
   69  4.9045e+10     9.5248    69    68     5.8012
   70  4.8234e+10     9.5623    70    69     5.8807
   71  4.8165e+10     9.5655    71    70     5.9602
   72  4.4982e+10     9.7205    72    71     6.0398
   73  4.2491e+10     9.8510    73    72     6.1193
   74  4.1960e+10     9.8799    74    73     6.1988
   75  3.7840e+10    10.1204    75    74     6.2783
   76  3.7748e+10    10.1261    76    75     6.3579
   77  3.7658e+10    10.1317    77    76     6.4374
   78  3.7627e+10    10.1336    78    77     6.5169
   79  2.9672e+10    10.7026    79    78     6.5964
   80  2.8422e+10    10.8081    80    79     6.6759
   81  2.8272e+10    10.8211    81    80     6.7554
   82  2.8247e+10    10.8232    82    81     6.8349
   83  2.7457e+10    10.8932    83    82     6.9143
   84  2.7418e+10    10.8968    84    83     6.9938
   85  2.7041e+10    10.9311    85    84     7.0733
   86  2.5336e+10    11.0935    86    85     7.1528
   87  2.5268e+10    11.1002    87    86     7.2323
   88  2.3328e+10    11.3018    88    87     7.3117
   89  2.3241e+10    11.3113    89    88     7.3912
   90  2.3129e+10    11.3236    90    89     7.4707
   91  2.3000e+10    11.3379    91    90     7.5502
   92  2.2818e+10    11.3580    92    91     7.6296
   93  2.2256e+10    11.4218    93    92     7.7091
   94  2.0591e+10    11.6221    94    93     7.7885
   95  2.0185e+10    11.6737    95    94     7.8680
   96  2.0162e+10    11.6767    96    95     7.9475
   97  2.0045e+10    11.6918    97    96     8.0269
   98  1.8306e+10    11.9298    98    97     8.1064
   99  1.8171e+10    11.9493    99    98     8.1858
  100  1.7899e+10    11.9892   100    99     8.2653
