#indx Mass S step-number desc_indx 
    0  1.0000e+13     2.0577     0    -1     0.0134
    1  9.8717e+12     2.0671     1     0     0.1326
    2  9.3093e+12     2.1103     2     1     0.2441
    3  9.2110e+12     2.1182     3     2     0.3500
    4  7.4519e+12     2.2805     4     3     0.4519
    5  6.4844e+12     2.3920     5     4     0.5506
    6  6.4621e+12     2.3948     6     5     0.6467
    7  6.2107e+12     2.4274     7     6     0.7407
    8  4.9243e+12     2.6245     8     7     0.8330
    9  4.8240e+12     2.6425     9     8     0.9238
   10  4.5455e+12     2.6952    10     9     1.0134
   11  3.7622e+12     2.8679    11    10     1.1018
   12  3.7071e+12     2.8817    12    11     1.1894
   13  3.6193e+12     2.9042    13    12     1.2761
   14  3.5214e+12     2.9301    14    13     1.3621
   15  3.0520e+12     3.0683    15    14     1.4474
   16  2.9824e+12     3.0910    16    15     1.5322
   17  2.9778e+12     3.0925    17    16     1.6165
   18  2.9480e+12     3.1025    18    17     1.7003
   19  2.9252e+12     3.1102    19    18     1.7838
   20  2.7336e+12     3.1779    20    19     1.8669
   21  2.0750e+12     3.4649    21    20     1.9496
   22  1.3688e+12     3.9337    22    21     2.0321
   23  1.3260e+12     3.9713    23    22     2.1143
   24  1.3231e+12     3.9740    24    23     2.1963
   25  1.2908e+12     4.0035    25    24     2.2781
   26  1.2876e+12     4.0064    26    25     2.3597
   27  1.2786e+12     4.0147    27    26     2.4411
   28  9.8537e+11     4.3359    28    27     2.5223
   29  9.5222e+11     4.3794    29    28     2.6034
   30  8.7292e+11     4.4915    30    29     2.6844
   31  8.4518e+11     4.5336    31    30     2.7652
   32  7.2735e+11     4.7335    32    31     2.8459
   33  7.1731e+11     4.7523    33    32     2.9266
   34  6.2474e+11     4.9423    34    33     3.0071
   35  4.4658e+11     5.4272    35    34     3.0876
   36  4.4201e+11     5.4426    36    35     3.1680
   37  4.4123e+11     5.4452    37    36     3.2483
   38  3.5477e+11     5.7791    38    37     3.3285
   39  3.5225e+11     5.7902    39    38     3.4087
   40  3.3843e+11     5.8531    40    39     3.4889
   41  3.3269e+11     5.8802    41    40     3.5689
   42  3.2785e+11     5.9035    42    41     3.6490
   43  3.0144e+11     6.0380    43    42     3.7290
   44  2.9055e+11     6.0976    44    43     3.8089
   45  2.7944e+11     6.1612    45    44     3.8889
   46  2.2987e+11     6.4873    46    45     3.9688
   47  1.9079e+11     6.8100    47    46     4.0486
   48  1.8410e+11     6.8731    48    47     4.1285
   49  1.8293e+11     6.8844    49    48     4.2083
   50  1.7740e+11     6.9391    50    49     4.2881
   51  1.7680e+11     6.9452    51    50     4.3678
   52  1.7057e+11     7.0095    52    51     4.4476
   53  1.6626e+11     7.0557    53    52     4.5273
   54  1.6522e+11     7.0670    54    53     4.6070
   55  1.6490e+11     7.0706    55    54     4.6867
   56  1.6353e+11     7.0857    56    55     4.7664
   57  1.5299e+11     7.2073    57    56     4.8460
   58  1.5169e+11     7.2229    58    57     4.9257
   59  1.4466e+11     7.3106    59    58     5.0053
   60  1.4461e+11     7.3112    60    59     5.0849
   61  1.4425e+11     7.3158    61    60     5.1646
   62  1.3634e+11     7.4211    62    61     5.2442
   63  5.4531e+10     9.2888    63    62     5.3238
   64  5.4023e+10     9.3095    64    63     5.4033
   65  5.3527e+10     9.3299    65    64     5.4829
   66  4.6642e+10     9.6381    66    65     5.5625
   67  4.0838e+10     9.9426    67    66     5.6421
   68  4.0563e+10     9.9582    68    67     5.7216
   69  4.0282e+10     9.9744    69    68     5.8012
   70  3.9805e+10    10.0021    70    69     5.8807
   71  3.1020e+10    10.5944    71    70     5.9602
   72  2.5272e+10    11.0998    72    71     6.0398
   73  2.5130e+10    11.1139    73    72     6.1193
   74  2.3801e+10    11.2509    74    73     6.1988
   75  2.3739e+10    11.2575    75    74     6.2783
   76  2.2905e+10    11.3483    76    75     6.3579
   77  2.2357e+10    11.4102    77    76     6.4374
   78  2.2173e+10    11.4313    78    77     6.5169
   79  2.1063e+10    11.5634    79    78     6.5964
   80  2.0927e+10    11.5802    80    79     6.6759
   81  1.4472e+10    12.5620    81    80     6.7554
   82  1.3917e+10    12.6694    82    81     6.8349
   83  1.3566e+10    12.7399    83    82     6.9143
   84  1.3550e+10    12.7432    84    83     6.9938
   85  1.3384e+10    12.7773    85    84     7.0733
   86  1.3219e+10    12.8117    86    85     7.1528
   87  1.0767e+10    13.3910    87    86     7.2323
   88  1.0614e+10    13.4320    88    87     7.3117
   89  1.0584e+10    13.4402    89    88     7.3912
   90  1.0498e+10    13.4639    90    89     7.4707
   91  1.0332e+10    13.5097    91    90     7.5502
   92  7.1218e+09    14.6144    92    91     7.6296
   93  7.0674e+09    14.6378    93    92     7.7091
   94  5.0878e+09    15.6668    94    93     7.7885
   95  4.7384e+09    15.8962    95    94     7.8680
   96  4.4073e+09    16.1322    96    95     7.9475
   97  4.3978e+09    16.1393    97    96     8.0269
   98  4.2868e+09    16.2231    98    97     8.1064
   99  4.2684e+09    16.2373    99    98     8.1858
  100  4.0686e+09    16.3955   100    99     8.2653
