#indx Mass S step-number desc_indx 
    0  1.0000e+13     2.0577     0    -1     0.0134
    1  9.8594e+12     2.0680     1     0     0.1326
    2  6.7570e+12     2.3586     2     1     0.2441
    3  5.7853e+12     2.4864     3     2     0.3500
    4  5.6542e+12     2.5057     4     3     0.4519
    5  4.9297e+12     2.6235     5     4     0.5506
    6  4.8087e+12     2.6454     6     5     0.6467
    7  4.7659e+12     2.6532     7     6     0.7407
    8  4.6921e+12     2.6670     8     7     0.8330
    9  4.5940e+12     2.6857     9     8     0.9238
   10  4.5673e+12     2.6909    10     9     1.0134
   11  4.4876e+12     2.7066    11    10     1.1018
   12  4.4083e+12     2.7226    12    11     1.1894
   13  4.3527e+12     2.7341    13    12     1.2761
   14  4.1719e+12     2.7725    14    13     1.3621
   15  3.8596e+12     2.8441    15    14     1.4474
   16  3.7234e+12     2.8776    16    15     1.5322
   17  3.5506e+12     2.9223    17    16     1.6165
   18  3.4050e+12     2.9622    18    17     1.7003
   19  2.5927e+12     3.2316    19    18     1.7838
   20  2.4569e+12     3.2869    20    19     1.8669
   21  2.2030e+12     3.4010    21    20     1.9496
   22  2.1556e+12     3.4241    22    21     2.0321
   23  2.0877e+12     3.4584    23    22     2.1143
   24  1.8475e+12     3.5914    24    23     2.1963
   25  1.7497e+12     3.6517    25    24     2.2781
   26  1.7150e+12     3.6742    26    25     2.3597
   27  1.7067e+12     3.6797    27    26     2.4411
   28  1.6704e+12     3.7039    28    27     2.5223
   29  1.6318e+12     3.7303    29    28     2.6034
   30  1.6293e+12     3.7321    30    29     2.6844
   31  1.5616e+12     3.7804    31    30     2.7652
   32  1.4966e+12     3.8294    32    31     2.8459
   33  1.3886e+12     3.9168    33    32     2.9266
   34  1.3667e+12     3.9356    34    33     3.0071
   35  1.3579e+12     3.9432    35    34     3.0876
   36  1.2419e+12     4.0498    36    35     3.1680
   37  1.1268e+12     4.1683    37    36     3.2483
   38  1.1125e+12     4.1841    38    37     3.3285
   39  1.0449e+12     4.2620    39    38     3.4087
   40  1.0239e+12     4.2875    40    39     3.4889
   41  1.0101e+12     4.3046    41    40     3.5689
   42  9.6628e+11     4.3607    42    41     3.6490
   43  9.6097e+11     4.3677    43    42     3.7290
   44  9.2542e+11     4.4160    44    43     3.8089
   45  9.0342e+11     4.4470    45    44     3.8889
   46  8.9973e+11     4.4523    46    45     3.9688
   47  8.8040e+11     4.4804    47    46     4.0486
   48  6.5796e+11     4.8704    48    47     4.1285
   49  6.2184e+11     4.9488    49    48     4.2083
   50  6.0956e+11     4.9767    50    49     4.2881
   51  5.2689e+11     5.1842    51    50     4.3678
   52  5.2612e+11     5.1863    52    51     4.4476
   53  3.5704e+11     5.7691    53    52     4.5273
   54  3.5478e+11     5.7790    54    53     4.6070
   55  3.0708e+11     6.0080    55    54     4.6867
   56  3.0344e+11     6.0273    56    55     4.7664
   57  2.9826e+11     6.0551    57    56     4.8460
   58  2.6829e+11     6.2283    58    57     4.9257
   59  2.6403e+11     6.2547    59    58     5.0053
   60  2.5450e+11     6.3158    60    59     5.0849
   61  1.9152e+11     6.8033    61    60     5.1646
   62  1.8642e+11     6.8509    62    61     5.2442
   63  1.8441e+11     6.8701    63    62     5.3238
   64  1.8075e+11     6.9057    64    63     5.4033
   65  1.7924e+11     6.9207    65    64     5.4829
   66  1.6126e+11     7.1110    66    65     5.5625
   67  1.5894e+11     7.1374    67    66     5.6421
   68  1.5312e+11     7.2056    68    67     5.7216
   69  1.5307e+11     7.2063    69    68     5.8012
   70  1.3151e+11     7.4889    70    69     5.8807
   71  1.3040e+11     7.5049    71    70     5.9602
   72  1.2725e+11     7.5512    72    71     6.0398
   73  1.2134e+11     7.6421    73    72     6.1193
   74  1.2019e+11     7.6603    74    73     6.1988
   75  1.2014e+11     7.6612    75    74     6.2783
   76  9.2349e+10     8.1782    76    75     6.3579
   77  8.0799e+10     8.4503    77    76     6.4374
   78  7.9059e+10     8.4952    78    77     6.5169
   79  7.2678e+10     8.6705    79    78     6.5964
   80  7.2220e+10     8.6838    80    79     6.6759
   81  6.4083e+10     8.9376    81    80     6.7554
   82  6.3025e+10     8.9734    82    81     6.8349
   83  6.2206e+10     9.0016    83    82     6.9143
   84  5.9095e+10     9.1127    84    83     6.9938
   85  5.5712e+10     9.2416    85    84     7.0733
   86  5.5422e+10     9.2531    86    85     7.1528
   87  5.5110e+10     9.2655    87    86     7.2323
   88  5.1832e+10     9.4013    88    87     7.3117
   89  5.1138e+10     9.4313    89    88     7.3912
   90  4.8226e+10     9.5627    90    89     7.4707
   91  4.5440e+10     9.6974    91    90     7.5502
   92  4.5397e+10     9.6996    92    91     7.6296
   93  3.9687e+10    10.0090    93    92     7.7091
   94  3.9555e+10    10.0167    94    93     7.7885
   95  3.8312e+10    10.0913    95    94     7.8680
   96  3.7873e+10    10.1183    96    95     7.9475
   97  3.5635e+10    10.2619    97    96     8.0269
   98  3.2456e+10    10.4851    98    97     8.1064
   99  3.1933e+10    10.5243    99    98     8.1858
  100  3.0842e+10    10.6084   100    99     8.2653
