#indx Mass S step-number desc_indx 
    0  1.0000e+13     2.0577     0    -1     0.0134
    1  9.6386e+12     2.0846     1     0     0.1326
    2  9.5753e+12     2.0895     2     1     0.2441
    3  7.8270e+12     2.2421     3     2     0.3500
    4  7.7219e+12     2.2526     4     3     0.4519
    5  7.2546e+12     2.3017     5     4     0.5506
    6  7.1615e+12     2.3120     6     5     0.6467
    7  6.6128e+12     2.3760     7     6     0.7407
    8  5.5892e+12     2.5155     8     7     0.8330
    9  4.3908e+12     2.7262     9     8     0.9238
   10  4.3847e+12     2.7275    10     9     1.0134
   11  4.3612e+12     2.7323    11    10     1.1018
   12  4.3017e+12     2.7447    12    11     1.1894
   13  4.1700e+12     2.7729    13    12     1.2761
   14  3.8256e+12     2.8523    14    13     1.3621
   15  3.3866e+12     2.9674    15    14     1.4474
   16  3.0549e+12     3.0673    16    15     1.5322
   17  2.9881e+12     3.0891    17    16     1.6165
   18  2.8893e+12     3.1224    18    17     1.7003
   19  2.7517e+12     3.1713    19    18     1.7838
   20  2.7338e+12     3.1778    20    19     1.8669
   21  2.6939e+12     3.1927    21    20     1.9496
   22  2.6669e+12     3.2029    22    21     2.0321
   23  2.5946e+12     3.2309    23    22     2.1143
   24  2.4539e+12     3.2881    24    23     2.1963
   25  2.3699e+12     3.3243    25    24     2.2781
   26  2.2690e+12     3.3698    26    25     2.3597
   27  2.0755e+12     3.4646    27    26     2.4411
   28  1.9766e+12     3.5174    28    27     2.5223
   29  1.9363e+12     3.5399    29    28     2.6034
   30  1.8440e+12     3.5935    30    29     2.6844
   31  1.6923e+12     3.6892    31    30     2.7652
   32  1.4829e+12     3.8400    32    31     2.8459
   33  1.3718e+12     3.9312    33    32     2.9266
   34  1.3571e+12     3.9439    34    33     3.0071
   35  1.2626e+12     4.0299    35    34     3.0876
   36  1.2459e+12     4.0459    36    35     3.1680
   37  1.2306e+12     4.0608    37    36     3.2483
   38  1.2262e+12     4.0652    38    37     3.3285
   39  8.0549e+11     4.5970    39    38     3.4087
   40  8.0257e+11     4.6018    40    39     3.4889
   41  7.9992e+11     4.6061    41    40     3.5689
   42  7.7486e+11     4.6485    42    41     3.6490
   43  7.4146e+11     4.7075    43    42     3.7290
   44  4.4032e+11     5.4483    44    43     3.8089
   45  4.1069e+11     5.5534    45    44     3.8889
   46  3.6579e+11     5.7313    46    45     3.9688
   47  3.6374e+11     5.7401    47    46     4.0486
   48  3.5761e+11     5.7666    48    47     4.1285
   49  3.4532e+11     5.8214    49    48     4.2083
   50  3.2199e+11     5.9322    50    49     4.2881
   51  3.2089e+11     5.9376    51    50     4.3678
   52  3.1884e+11     5.9478    52    51     4.4476
   53  3.1711e+11     5.9565    53    52     4.5273
   54  2.8942e+11     6.1039    54    53     4.6070
   55  2.8527e+11     6.1274    55    54     4.6867
   56  2.4854e+11     6.3554    56    55     4.7664
   57  2.4681e+11     6.3672    57    56     4.8460
   58  2.3969e+11     6.4164    58    57     4.9257
   59  2.3756e+11     6.4315    59    58     5.0053
   60  2.3703e+11     6.4352    60    59     5.0849
   61  2.3681e+11     6.4369    61    60     5.1646
   62  2.3433e+11     6.4546    62    61     5.2442
   63  2.3258e+11     6.4674    63    62     5.3238
   64  2.1502e+11     6.6017    64    63     5.4033
   65  2.1072e+11     6.6365    65    64     5.4829
   66  2.1034e+11     6.6396    66    65     5.5625
   67  1.6828e+11     7.0339    67    66     5.6421
   68  1.6714e+11     7.0461    68    67     5.7216
   69  1.6630e+11     7.0552    69    68     5.8012
   70  1.6478e+11     7.0718    70    69     5.8807
   71  1.6238e+11     7.0984    71    70     5.9602
   72  1.6101e+11     7.1138    72    71     6.0398
   73  1.6067e+11     7.1177    73    72     6.1193
   74  1.5996e+11     7.1257    74    73     6.1988
   75  1.5914e+11     7.1351    75    74     6.2783
   76  1.5751e+11     7.1540    76    75     6.3579
   77  1.5333e+11     7.2032    77    76     6.4374
   78  1.0532e+11     7.9167    78    77     6.5169
   79  1.0524e+11     7.9183    79    78     6.5964
   80  1.0068e+11     8.0058    80    79     6.6759
   81  1.0053e+11     8.0087    81    80     6.7554
   82  9.5176e+10     8.1177    82    81     6.8349
   83  9.3920e+10     8.1443    83    82     6.9143
   84  9.2270e+10     8.1799    84    83     6.9938
   85  8.6203e+10     8.3176    85    84     7.0733
   86  5.0431e+10     9.4624    86    85     7.1528
   87  4.6640e+10     9.6382    87    86     7.2323
   88  4.5793e+10     9.6798    88    87     7.3117
   89  4.5388e+10     9.7000    89    88     7.3912
   90  4.4855e+10     9.7270    90    89     7.4707
   91  4.0760e+10     9.9470    91    90     7.5502
   92  2.6901e+10    10.9440    92    91     7.6296
   93  2.5575e+10    11.0700    93    92     7.7091
   94  2.5531e+10    11.0743    94    93     7.7885
   95  2.2450e+10    11.3996    95    94     7.8680
   96  2.1768e+10    11.4786    96    95     7.9475
   97  1.4472e+10    12.5619    97    96     8.0269
   98  1.4353e+10    12.5846    98    97     8.1064
   99  1.4214e+10    12.6112    99    98     8.1858
  100  1.2011e+10    13.0800   100    99     8.2653
