#indx Mass S step-number desc_indx 
    0  1.0000e+13     2.0577     0    -1     0.0134
    1  9.7393e+12     2.0770     1     0     0.1326
    2  9.2900e+12     2.1119     2     1     0.2441
    3  7.3178e+12     2.2948     3     2     0.3500
    4  6.1486e+12     2.4356     4     3     0.4519
    5  6.0924e+12     2.4433     5     4     0.5506
    6  5.8571e+12     2.4761     6     5     0.6467
    7  5.7202e+12     2.4959     7     6     0.7407
    8  5.7030e+12     2.4985     8     7     0.8330
    9  5.5631e+12     2.5195     9     8     0.9238
   10  5.3629e+12     2.5507    10     9     1.0134
   11  4.4442e+12     2.7154    11    10     1.1018
   12  3.9931e+12     2.8126    12    11     1.1894
   13  3.4387e+12     2.9527    13    12     1.2761
   14  3.3967e+12     2.9645    14    13     1.3621
   15  3.3532e+12     2.9769    15    14     1.4474
   16  2.1874e+12     3.4086    16    15     1.5322
   17  2.0707e+12     3.4672    17    16     1.6165
   18  2.0623e+12     3.4715    18    17     1.7003
   19  2.0443e+12     3.4809    19    18     1.7838
   20  1.9958e+12     3.5069    20    19     1.8669
   21  1.9024e+12     3.5592    21    20     1.9496
   22  1.7765e+12     3.6348    22    21     2.0321
   23  1.7693e+12     3.6394    23    22     2.1143
   24  1.6466e+12     3.7201    24    23     2.1963
   25  8.5082e+11     4.5249    25    24     2.2781
   26  8.3434e+11     4.5506    26    25     2.3597
   27  8.3361e+11     4.5517    27    26     2.4411
   28  8.1584e+11     4.5801    28    27     2.5223
   29  7.5519e+11     4.6829    29    28     2.6034
   30  7.0896e+11     4.7682    30    29     2.6844
   31  6.8034e+11     4.8244    31    30     2.7652
   32  6.6004e+11     4.8661    32    31     2.8459
   33  6.5329e+11     4.8803    33    32     2.9266
   34  6.4339e+11     4.9014    34    33     3.0071
   35  6.1529e+11     4.9636    35    34     3.0876
   36  5.1636e+11     5.2134    36    35     3.1680
   37  4.6114e+11     5.3794    37    36     3.2483
   38  4.5168e+11     5.4102    38    37     3.3285
   39  4.2477e+11     5.5024    39    38     3.4087
   40  4.1135e+11     5.5510    40    39     3.4889
   41  4.0691e+11     5.5675    41    40     3.5689
   42  4.0004e+11     5.5934    42    41     3.6490
   43  3.8266e+11     5.6616    43    42     3.7290
   44  3.8083e+11     5.6690    44    43     3.8089
   45  3.7879e+11     5.6773    45    44     3.8889
   46  3.7838e+11     5.6789    46    45     3.9688
   47  3.4421e+11     5.8264    47    46     4.0486
   48  3.4410e+11     5.8270    48    47     4.1285
   49  3.0781e+11     6.0042    49    48     4.2083
   50  2.9755e+11     6.0590    50    49     4.2881
   51  2.9336e+11     6.0819    51    50     4.3678
   52  2.8928e+11     6.1047    52    51     4.4476
   53  2.1687e+11     6.5869    53    52     4.5273
   54  2.1540e+11     6.5986    54    53     4.6070
   55  2.1324e+11     6.6160    55    54     4.6867
   56  2.0953e+11     6.6463    56    55     4.7664
   57  2.0889e+11     6.6516    57    56     4.8460
   58  1.8642e+11     6.8509    58    57     4.9257
   59  1.7844e+11     6.9286    59    58     5.0053
   60  1.7711e+11     6.9420    60    59     5.0849
   61  1.5235e+11     7.2149    61    60     5.1646
   62  1.4255e+11     7.3379    62    61     5.2442
   63  1.3736e+11     7.4072    63    62     5.3238
   64  1.3644e+11     7.4197    64    63     5.4033
   65  1.3101e+11     7.4961    65    64     5.4829
   66  1.3041e+11     7.5048    66    65     5.5625
   67  1.2280e+11     7.6191    67    66     5.6421
   68  1.5773e+10    12.3277    68    67     5.7216
   69  1.3907e+10    12.6713    69    68     5.8012
   70  7.1166e+09    14.6166    70    69     5.8807
   71  7.0907e+09    14.6277    71    70     5.9602
   72  6.5758e+09    14.8592    72    71     6.0398
   73  6.1393e+09    15.0725    73    72     6.1193
   74  6.0201e+09    15.1338    74    73     6.1988
   75  5.8915e+09    15.2014    75    74     6.2783
   76  5.7023e+09    15.3042    76    75     6.3579
   77  5.6026e+09    15.3599    77    76     6.4374
   78  5.5677e+09    15.3796    78    77     6.5169
   79  5.5348e+09    15.3984    79    78     6.5964
   80  5.4886e+09    15.4250    80    79     6.6759
   81  5.3668e+09    15.4963    81    80     6.7554
   82  4.7628e+09    15.8796    82    81     6.8349
   83  3.9929e+09    16.4578    83    82     6.9143
   84  3.9069e+09    16.5303    84    83     6.9938
   85  3.8713e+09    16.5608    85    84     7.0733
   86  3.5031e+09    16.8965    86    85     7.1528
   87  3.1437e+09    17.2656    87    86     7.2323
   88  3.0141e+09    17.4107    88    87     7.3117
   89  2.9570e+09    17.4769    89    88     7.3912
   90  2.6963e+09    17.7989    90    89     7.4707
   91  2.5628e+09    17.9779    91    90     7.5502
   92  2.5280e+09    18.0261    92    91     7.6296
   93  2.5033e+09    18.0609    93    92     7.7091
   94  2.4775e+09    18.0977    94    93     7.7885
   95  2.4057e+09    18.2024    95    94     7.8680
   96  2.2680e+09    18.4135    96    95     7.9475
   97  2.2666e+09    18.4157    97    96     8.0269
   98  2.2647e+09    18.4187    98    97     8.1064
   99  2.0159e+09    18.8407    99    98     8.1858
  100  1.8719e+09    19.1129   100    99     8.2653
