#indx Mass S step-number desc_indx 
    0  1.0000e+13     2.0577     0    -1     0.0134
    1  8.9377e+12     2.1407     1     0     0.1326
    2  8.2388e+12     2.2025     2     1     0.2441
    3  2.0765e+12     3.4641     3     2     0.3500
    4  1.9560e+12     3.5288     4     3     0.4519
    5  1.9489e+12     3.5328     5     4     0.5506
    6  1.9348e+12     3.5407     6     5     0.6467
    7  1.9023e+12     3.5592     7     6     0.7407
    8  1.8486e+12     3.5907     8     7     0.8330
    9  1.4077e+12     3.9008     9     8     0.9238
   10  1.3137e+12     3.9824    10     9     1.0134
   11  1.2420e+12     4.0497    11    10     1.1018
   12  1.1685e+12     4.1237    12    11     1.1894
   13  8.3009e+11     4.5573    13    12     1.2761
   14  7.7652e+11     4.6456    14    13     1.3621
   15  7.6032e+11     4.6738    15    14     1.4474
   16  7.3251e+11     4.7239    16    15     1.5322
   17  6.9789e+11     4.7896    17    16     1.6165
   18  6.9151e+11     4.8021    18    17     1.7003
   19  6.8557e+11     4.8139    19    18     1.7838
   20  6.8514e+11     4.8148    20    19     1.8669
   21  6.8166e+11     4.8217    21    20     1.9496
   22  6.0949e+11     4.9769    22    21     2.0321
   23  5.9676e+11     5.0065    23    22     2.1143
   24  5.6471e+11     5.0848    24    23     2.1963
   25  5.2784e+11     5.1816    25    24     2.2781
   26  4.6419e+11     5.3696    26    25     2.3597
   27  4.2707e+11     5.4942    27    26     2.4411
   28  4.2459e+11     5.5030    28    27     2.5223
   29  4.1749e+11     5.5285    29    28     2.6034
   30  4.0911e+11     5.5593    30    29     2.6844
   31  4.0685e+11     5.5677    31    30     2.7652
   32  4.0123e+11     5.5889    32    31     2.8459
   33  3.9557e+11     5.6106    33    32     2.9266
   34  3.9526e+11     5.6118    34    33     3.0071
   35  3.6988e+11     5.7141    35    34     3.0876
   36  3.6948e+11     5.7158    36    35     3.1680
   37  3.6673e+11     5.7274    37    36     3.2483
   38  3.6333e+11     5.7418    38    37     3.3285
   39  3.6087e+11     5.7525    39    38     3.4087
   40  3.5782e+11     5.7657    40    39     3.4889
   41  3.3916e+11     5.8497    41    40     3.5689
   42  3.3606e+11     5.8642    42    41     3.6490
   43  3.2136e+11     5.9353    43    42     3.7290
   44  3.0578e+11     6.0149    44    43     3.8089
   45  2.8102e+11     6.1520    45    44     3.8889
   46  2.8013e+11     6.1572    46    45     3.9688
   47  2.7271e+11     6.2013    47    46     4.0486
   48  2.6366e+11     6.2570    48    47     4.1285
   49  2.5637e+11     6.3036    49    48     4.2083
   50  1.4332e+11     7.3278    50    49     4.2881
   51  1.2733e+11     7.5501    51    50     4.3678
   52  1.2233e+11     7.6265    52    51     4.4476
   53  1.2102e+11     7.6471    53    52     4.5273
   54  6.8798e+10     8.7863    54    53     4.6070
   55  6.6924e+10     8.8449    55    54     4.6867
   56  6.6782e+10     8.8495    56    55     4.7664
   57  4.1469e+10     9.9071    57    56     4.8460
   58  4.0895e+10     9.9394    58    57     4.9257
   59  3.7221e+10    10.1591    59    58     5.0053
   60  3.6597e+10    10.1989    60    59     5.0849
   61  3.5935e+10    10.2421    61    60     5.1646
   62  3.5739e+10    10.2550    62    61     5.2442
   63  3.5678e+10    10.2591    63    62     5.3238
   64  3.5389e+10    10.2784    64    63     5.4033
   65  3.4296e+10    10.3530    65    64     5.4829
   66  3.4117e+10    10.3654    66    65     5.5625
   67  3.1760e+10    10.5374    67    66     5.6421
   68  3.0741e+10    10.6164    68    67     5.7216
   69  3.0551e+10    10.6314    69    68     5.8012
   70  3.0287e+10    10.6525    70    69     5.8807
   71  3.0122e+10    10.6659    71    70     5.9602
   72  2.9960e+10    10.6790    72    71     6.0398
   73  2.9299e+10    10.7335    73    72     6.1193
   74  2.9249e+10    10.7376    74    73     6.1988
   75  2.7454e+10    10.8935    75    74     6.2783
   76  2.6508e+10    10.9806    76    75     6.3579
   77  2.6456e+10    10.9854    77    76     6.4374
   78  2.6440e+10    10.9869    78    77     6.5169
   79  2.6351e+10    10.9953    79    78     6.5964
   80  2.5968e+10    11.0318    80    79     6.6759
   81  2.5337e+10    11.0934    81    80     6.7554
   82  2.4932e+10    11.1338    82    81     6.8349
   83  2.4915e+10    11.1356    83    82     6.9143
   84  2.3920e+10    11.2383    84    83     6.9938
   85  2.3759e+10    11.2554    85    84     7.0733
   86  2.3595e+10    11.2730    86    85     7.1528
   87  2.2774e+10    11.3630    87    86     7.2323
   88  2.0341e+10    11.6537    88    87     7.3117
   89  2.0284e+10    11.6610    89    88     7.3912
   90  1.8910e+10    11.8442    90    89     7.4707
   91  1.8891e+10    11.8469    91    90     7.5502
   92  1.7927e+10    11.9851    92    91     7.6296
   93  1.5752e+10    12.3312    93    92     7.7091
   94  1.4078e+10    12.6377    94    93     7.7885
   95  1.3566e+10    12.7400    95    94     7.8680
   96  1.3560e+10    12.7411    96    95     7.9475
   97  1.2734e+10    12.9159    97    96     8.0269
   98  1.1581e+10    13.1832    98    97     8.1064
   99  1.1507e+10    13.2014    99    98     8.1858
  100  4.6919e+09    15.9282   100    99     8.2653
