#indx Mass S step-number desc_indx 
    0  1.0000e+13     2.0577     0    -1     0.0134
    1  9.3063e+12     2.1106     1     0     0.1326
    2  3.5458e+12     2.9236     2     1     0.2441
    3  3.2587e+12     3.0044     3     2     0.3500
    4  2.8357e+12     3.1411     4     3     0.4519
    5  2.7236e+12     3.1816     5     4     0.5506
    6  2.7132e+12     3.1855     6     5     0.6467
    7  2.6364e+12     3.2146     7     6     0.7407
    8  2.3378e+12     3.3385     8     7     0.8330
    9  2.3225e+12     3.3454     9     8     0.9238
   10  2.2534e+12     3.3771    10     9     1.0134
   11  2.1236e+12     3.4401    11    10     1.1018
   12  2.1160e+12     3.4440    12    11     1.1894
   13  1.1094e+12     4.1875    13    12     1.2761
   14  1.0208e+12     4.2912    14    13     1.3621
   15  9.3555e+11     4.4020    15    14     1.4474
   16  9.1533e+11     4.4301    16    15     1.5322
   17  9.0988e+11     4.4378    17    16     1.6165
   18  8.7537e+11     4.4878    18    17     1.7003
   19  7.8107e+11     4.6378    19    18     1.7838
   20  7.6088e+11     4.6728    20    19     1.8669
   21  6.2366e+11     4.9447    21    20     1.9496
   22  6.2300e+11     4.9462    22    21     2.0321
   23  4.5406e+11     5.4024    23    22     2.1143
   24  4.1871e+11     5.5241    24    23     2.1963
   25  4.0644e+11     5.5692    25    24     2.2781
   26  4.0604e+11     5.5708    26    25     2.3597
   27  3.5947e+11     5.7585    27    26     2.4411
   28  2.6385e+11     6.2558    28    27     2.5223
   29  2.6347e+11     6.2582    29    28     2.6034
   30  2.2685e+11     6.5098    30    29     2.6844
   31  2.1886e+11     6.5712    31    30     2.7652
   32  2.0824e+11     6.6570    32    31     2.8459
   33  2.0066e+11     6.7215    33    32     2.9266
   34  2.0015e+11     6.7260    34    33     3.0071
   35  1.9321e+11     6.7878    35    34     3.0876
   36  1.6748e+11     7.0425    36    35     3.1680
   37  1.6388e+11     7.0818    37    36     3.2483
   38  5.3721e+10     9.3218    38    37     3.3285
   39  4.8433e+10     9.5530    39    38     3.4087
   40  4.8240e+10     9.5620    40    39     3.4889
   41  4.8158e+10     9.5659    41    40     3.5689
   42  1.4082e+10    12.6370    42    41     3.6490
   43  1.4041e+10    12.6450    43    42     3.7290
   44  1.1078e+10    13.3095    44    43     3.8089
   45  1.1048e+10    13.3174    45    44     3.8889
   46  1.0937e+10    13.3462    46    45     3.9688
   47  1.0857e+10    13.3672    47    46     4.0486
   48  1.0849e+10    13.3694    48    47     4.1285
   49  1.0801e+10    13.3819    49    48     4.2083
   50  1.0776e+10    13.3886    50    49     4.2881
   51  1.0739e+10    13.3985    51    50     4.3678
   52  1.0717e+10    13.4043    52    51     4.4476
   53  1.0071e+10    13.5838    53    52     4.5273
   54  9.8305e+09    13.6538    54    53     4.6070
   55  9.7841e+09    13.6676    55    54     4.6867
   56  9.7787e+09    13.6692    56    55     4.7664
   57  9.7657e+09    13.6731    57    56     4.8460
   58  8.9639e+09    13.9241    58    57     4.9257
   59  8.8442e+09    13.9638    59    58     5.0053
   60  7.7688e+09    14.3506    60    59     5.0849
   61  7.1732e+09    14.5924    61    60     5.1646
   62  6.9428e+09    14.6922    62    61     5.2442
   63  6.9267e+09    14.6993    63    62     5.3238
   64  6.2966e+09    14.9937    64    63     5.4033
   65  6.2924e+09    14.9958    65    64     5.4829
   66  6.2744e+09    15.0047    66    65     5.5625
   67  6.2610e+09    15.0113    67    66     5.6421
   68  6.2499e+09    15.0169    68    67     5.7216
   69  6.2144e+09    15.0346    69    68     5.8012
   70  5.7590e+09    15.2730    70    69     5.8807
   71  5.7333e+09    15.2871    71    70     5.9602
   72  5.7119e+09    15.2989    72    71     6.0398
   73  5.7076e+09    15.3012    73    72     6.1193
   74  5.6987e+09    15.3062    74    73     6.1988
   75  5.6641e+09    15.3254    75    74     6.2783
   76  2.0617e+09    18.7586    76    75     6.3579
   77  1.9498e+09    18.9628    77    76     6.4374
   78  1.8767e+09    19.1034    78    77     6.5169
   79  1.8675e+09    19.1216    79    78     6.5964
   80  1.8570e+09    19.1425    80    79     6.6759
   81  1.8544e+09    19.1475    81    80     6.7554
   82  1.8527e+09    19.1509    82    81     6.8349
   83  1.8517e+09    19.1530    83    82     6.9143
   84  1.8266e+09    19.2035    84    83     6.9938
   85  1.5591e+09    19.7963    85    84     7.0733
   86  5.5646e+08    23.9706    86    85     7.1528
   87  5.5560e+08    23.9774    87    86     7.2323
   88  5.4497e+08    24.0610    88    87     7.3117
   89  5.4351e+08    24.0726    89    88     7.3912
   90  3.9417e+08    25.4946    90    89     7.4707
   91  3.9167e+08    25.5233    91    90     7.5502
   92  3.8504e+08    25.6004    92    91     7.6296
   93  3.8037e+08    25.6558    93    92     7.7091
   94  3.8006e+08    25.6594    94    93     7.7885
   95  3.7548e+08    25.7145    95    94     7.8680
   96  3.7548e+08    25.7145    96    95     7.9475
   97  3.7521e+08    25.7178    97    96     8.0269
   98  3.6896e+08    25.7941    98    97     8.1064
   99  3.6544e+08    25.8378    99    98     8.1858
  100  3.6505e+08    25.8426   100    99     8.2653
