#indx Mass S step-number desc_indx 
    0  1.0000e+13     2.0577     0    -1     0.0134
    1  9.6019e+12     2.0874     1     0     0.1326
    2  8.8653e+12     2.1468     2     1     0.2441
    3  8.7705e+12     2.1549     3     2     0.3500
    4  8.3334e+12     2.1938     4     3     0.4519
    5  8.0108e+12     2.2241     5     4     0.5506
    6  7.6112e+12     2.2639     6     5     0.6467
    7  7.1586e+12     2.3123     7     6     0.7407
    8  6.4387e+12     2.3978     8     7     0.8330
    9  6.2888e+12     2.4171     9     8     0.9238
   10  6.0946e+12     2.4430    10     9     1.0134
   11  6.0385e+12     2.4506    11    10     1.1018
   12  5.7722e+12     2.4883    12    11     1.1894
   13  5.6804e+12     2.5018    13    12     1.2761
   14  5.5906e+12     2.5153    14    13     1.3621
   15  3.0225e+12     3.0778    15    14     1.4474
   16  2.9864e+12     3.0897    16    15     1.5322
   17  2.5628e+12     3.2434    17    16     1.6165
   18  2.5451e+12     3.2505    18    17     1.7003
   19  2.2581e+12     3.3749    19    18     1.7838
   20  2.1534e+12     3.4252    20    19     1.8669
   21  2.0923e+12     3.4560    21    20     1.9496
   22  2.0543e+12     3.4757    22    21     2.0321
   23  2.0495e+12     3.4782    23    22     2.1143
   24  1.9427e+12     3.5362    24    23     2.1963
   25  1.8339e+12     3.5996    25    24     2.2781
   26  1.8148e+12     3.6112    26    25     2.3597
   27  1.5092e+12     3.8197    27    26     2.4411
   28  1.5083e+12     3.8204    28    27     2.5223
   29  1.4701e+12     3.8501    29    28     2.6034
   30  1.4507e+12     3.8656    30    29     2.6844
   31  1.2726e+12     4.0204    31    30     2.7652
   32  1.2222e+12     4.0691    32    31     2.8459
   33  1.2151e+12     4.0762    33    32     2.9266
   34  1.2085e+12     4.0828    34    33     3.0071
   35  1.0636e+12     4.2398    35    34     3.0876
   36  9.9236e+11     4.3269    36    35     3.1680
   37  9.7505e+11     4.3492    37    36     3.2483
   38  9.5600e+11     4.3744    38    37     3.3285
   39  9.4584e+11     4.3880    39    38     3.4087
   40  9.2669e+11     4.4142    40    39     3.4889
   41  8.9124e+11     4.4645    41    40     3.5689
   42  8.6073e+11     4.5098    42    41     3.6490
   43  8.5389e+11     4.5202    43    42     3.7290
   44  8.0855e+11     4.5920    44    43     3.8089
   45  7.9244e+11     4.6186    45    44     3.8889
   46  7.5822e+11     4.6775    46    45     3.9688
   47  7.5469e+11     4.6838    47    46     4.0486
   48  6.6524e+11     4.8552    48    47     4.1285
   49  6.6141e+11     4.8632    49    48     4.2083
   50  6.5214e+11     4.8827    50    49     4.2881
   51  6.4037e+11     4.9079    51    50     4.3678
   52  5.6015e+11     5.0963    52    51     4.4476
   53  5.5205e+11     5.1171    53    52     4.5273
   54  5.3358e+11     5.1660    54    53     4.6070
   55  4.9781e+11     5.2667    55    54     4.6867
   56  4.4914e+11     5.4187    56    55     4.7664
   57  4.4714e+11     5.4253    57    56     4.8460
   58  3.5071e+11     5.7971    58    57     4.9257
   59  2.9079e+11     6.0962    59    58     5.0053
   60  2.8555e+11     6.1258    60    59     5.0849
   61  2.7890e+11     6.1644    61    60     5.1646
   62  2.6675e+11     6.2377    62    61     5.2442
   63  2.6633e+11     6.2403    63    62     5.3238
   64  2.6433e+11     6.2528    64    63     5.4033
   65  2.5707e+11     6.2990    65    64     5.4829
   66  2.3909e+11     6.4207    66    65     5.5625
   67  2.1593e+11     6.5943    67    66     5.6421
   68  2.1385e+11     6.6111    68    67     5.7216
   69  2.1346e+11     6.6142    69    68     5.8012
   70  2.1202e+11     6.6259    70    69     5.8807
   71  2.0742e+11     6.6639    71    70     5.9602
   72  2.0394e+11     6.6932    72    71     6.0398
   73  2.0354e+11     6.6967    73    72     6.1193
   74  1.9717e+11     6.7522    74    73     6.1988
   75  1.9515e+11     6.7703    75    74     6.2783
   76  1.9316e+11     6.7883    76    75     6.3579
   77  1.8483e+11     6.8661    77    76     6.4374
   78  1.8248e+11     6.8888    78    77     6.5169
   79  1.5359e+11     7.2001    79    78     6.5964
   80  1.5100e+11     7.2314    80    79     6.6759
   81  1.4970e+11     7.2472    81    80     6.7554
   82  1.3965e+11     7.3762    82    81     6.8349
   83  1.2122e+11     7.6439    83    82     6.9143
   84  1.0794e+11     7.8686    84    83     6.9938
   85  1.0775e+11     7.8721    85    84     7.0733
   86  1.0576e+11     7.9086    86    85     7.1528
   87  7.1519e+10     8.7043    87    86     7.2323
   88  6.0963e+10     9.0452    88    87     7.3117
   89  6.0715e+10     9.0540    89    88     7.3912
   90  5.9642e+10     9.0927    90    89     7.4707
   91  5.8962e+10     9.1176    91    90     7.5502
   92  5.8788e+10     9.1240    92    91     7.6296
   93  5.6933e+10     9.1941    93    92     7.7091
   94  4.7157e+10     9.6133    94    93     7.7885
   95  4.6557e+10     9.6423    95    94     7.8680
   96  4.5750e+10     9.6819    96    95     7.9475
   97  4.0486e+10     9.9627    97    96     8.0269
   98  4.0403e+10     9.9674    98    97     8.1064
   99  4.0346e+10     9.9707    99    98     8.1858
  100  3.3546e+10    10.4058   100    99     8.2653
