#indx Mass S step-number desc_indx 
    0  1.0000e+13     2.0577     0    -1     0.0134
    1  9.8241e+12     2.0706     1     0     0.1326
    2  9.7960e+12     2.0727     2     1     0.2441
    3  8.9078e+12     2.1433     3     2     0.3500
    4  8.8378e+12     2.1492     4     3     0.4519
    5  8.7452e+12     2.1571     5     4     0.5506
    6  8.5374e+12     2.1753     6     5     0.6467
    7  8.3715e+12     2.1903     7     6     0.7407
    8  8.1791e+12     2.2081     8     7     0.8330
    9  2.6719e+12     3.2010     9     8     0.9238
   10  2.5829e+12     3.2355    10     9     1.0134
   11  2.2406e+12     3.3831    11    10     1.1018
   12  7.1883e+11     4.7494    12    11     1.1894
   13  7.0324e+11     4.7792    13    12     1.2761
   14  6.7381e+11     4.8376    14    13     1.3621
   15  6.1333e+11     4.9681    15    14     1.4474
   16  6.1052e+11     4.9745    16    15     1.5322
   17  6.0460e+11     4.9882    17    16     1.6165
   18  6.0095e+11     4.9967    18    17     1.7003
   19  5.9318e+11     5.0150    19    18     1.7838
   20  5.4527e+11     5.1348    20    19     1.8669
   21  5.4496e+11     5.1357    21    20     1.9496
   22  5.3624e+11     5.1588    22    21     2.0321
   23  5.1926e+11     5.2053    23    22     2.1143
   24  4.9552e+11     5.2735    24    23     2.1963
   25  4.5529e+11     5.3984    25    24     2.2781
   26  4.4268e+11     5.4403    26    25     2.3597
   27  4.1071e+11     5.5533    27    26     2.4411
   28  4.0539e+11     5.5732    28    27     2.5223
   29  3.9260e+11     5.6222    29    28     2.6034
   30  3.6773e+11     5.7232    30    29     2.6844
   31  3.5508e+11     5.7777    31    30     2.7652
   32  3.2220e+11     5.9311    32    31     2.8459
   33  3.0080e+11     6.0414    33    32     2.9266
   34  2.9504e+11     6.0727    34    33     3.0071
   35  1.9340e+11     6.7860    35    34     3.0876
   36  1.9099e+11     6.8081    36    35     3.1680
   37  1.8693e+11     6.8461    37    36     3.2483
   38  1.8628e+11     6.8523    38    37     3.3285
   39  1.8497e+11     6.8647    39    38     3.4087
   40  1.8104e+11     6.9029    40    39     3.4889
   41  1.7872e+11     6.9258    41    40     3.5689
   42  1.7530e+11     6.9604    42    41     3.6490
   43  1.7240e+11     6.9903    43    42     3.7290
   44  1.6433e+11     7.0767    44    43     3.8089
   45  1.5424e+11     7.1923    45    44     3.8889
   46  4.6195e+10     9.6600    46    45     3.9688
   47  4.5218e+10     9.7086    47    46     4.0486
   48  4.4977e+10     9.7207    48    47     4.1285
   49  4.3725e+10     9.7852    49    48     4.2083
   50  4.1214e+10     9.9213    50    49     4.2881
   51  4.0140e+10     9.9826    51    50     4.3678
   52  4.0077e+10     9.9862    52    51     4.4476
   53  2.8727e+10    10.7818    53    52     4.5273
   54  2.8323e+10    10.8167    54    53     4.6070
   55  2.7536e+10    10.8861    55    54     4.6867
   56  2.6524e+10    10.9790    56    55     4.7664
   57  2.6368e+10    10.9937    57    56     4.8460
   58  2.6255e+10    11.0044    58    57     4.9257
   59  2.6227e+10    11.0071    59    58     5.0053
   60  1.5742e+10    12.3329    60    59     5.0849
   61  1.4627e+10    12.5327    61    60     5.1646
   62  1.4542e+10    12.5486    62    61     5.2442
   63  1.4412e+10    12.5732    63    62     5.3238
   64  1.0998e+10    13.3303    64    63     5.4033
   65  1.0984e+10    13.3340    65    64     5.4829
   66  1.0315e+10    13.5145    66    65     5.5625
   67  8.9010e+09    13.9449    67    66     5.6421
   68  8.7763e+09    13.9865    68    67     5.7216
   69  8.5763e+09    14.0549    69    68     5.8012
   70  8.4862e+09    14.0862    70    69     5.8807
   71  7.8031e+09    14.3374    71    70     5.9602
   72  6.4485e+09    14.9198    72    71     6.0398
   73  4.9418e+09    15.7605    73    72     6.1193
   74  4.8499e+09    15.8210    74    73     6.1988
   75  4.7219e+09    15.9075    75    74     6.2783
   76  4.7072e+09    15.9176    76    75     6.3579
   77  4.6360e+09    15.9671    77    76     6.4374
   78  4.2926e+09    16.2187    78    77     6.5169
   79  4.2804e+09    16.2281    79    78     6.5964
   80  4.2734e+09    16.2334    80    79     6.6759
   81  4.1714e+09    16.3130    81    80     6.7554
   82  4.1450e+09    16.3340    82    81     6.8349
   83  4.1273e+09    16.3481    83    82     6.9143
   84  4.1002e+09    16.3699    84    83     6.9938
   85  4.0764e+09    16.3892    85    84     7.0733
   86  4.0360e+09    16.4222    86    85     7.1528
   87  3.9526e+09    16.4915    87    86     7.2323
   88  3.9377e+09    16.5041    88    87     7.3117
   89  3.9319e+09    16.5090    89    88     7.3912
   90  3.8841e+09    16.5498    90    89     7.4707
   91  3.8635e+09    16.5675    91    90     7.5502
   92  3.8422e+09    16.5860    92    91     7.6296
   93  3.8339e+09    16.5931    93    92     7.7091
   94  1.3398e+09    20.3758    94    93     7.7885
   95  9.8684e+08    21.5806    95    94     7.8680
   96  9.7992e+08    21.6089    96    95     7.9475
   97  9.7812e+08    21.6163    97    96     8.0269
   98  9.2242e+08    21.8532    98    97     8.1064
   99  9.2179e+08    21.8559    99    98     8.1858
  100  8.1184e+08    22.3753   100    99     8.2653
