#indx Mass S step-number desc_indx 
    0  1.0000e+13     2.0577     0    -1     0.0134
    1  9.0091e+12     2.1348     1     0     0.1326
    2  8.8502e+12     2.1481     2     1     0.2441
    3  7.8866e+12     2.2362     3     2     0.3500
    4  6.8253e+12     2.3504     4     3     0.4519
    5  6.4257e+12     2.3994     5     4     0.5506
    6  6.3309e+12     2.4116     6     5     0.6467
    7  6.1069e+12     2.4413     7     6     0.7407
    8  5.9788e+12     2.4589     8     7     0.8330
    9  5.2510e+12     2.5688     9     8     0.9238
   10  4.5693e+12     2.6905    10     9     1.0134
   11  4.4411e+12     2.7160    11    10     1.1018
   12  4.0759e+12     2.7938    12    11     1.1894
   13  4.0361e+12     2.8028    13    12     1.2761
   14  3.9164e+12     2.8305    14    13     1.3621
   15  3.8332e+12     2.8504    15    14     1.4474
   16  3.6426e+12     2.8982    16    15     1.5322
   17  3.6232e+12     2.9032    17    16     1.6165
   18  3.0006e+12     3.0850    18    17     1.7003
   19  2.7320e+12     3.1785    19    18     1.7838
   20  2.6535e+12     3.2080    20    19     1.8669
   21  2.5177e+12     3.2616    21    20     1.9496
   22  2.2207e+12     3.3926    22    21     2.0321
   23  2.0998e+12     3.4521    23    22     2.1143
   24  2.0724e+12     3.4662    24    23     2.1963
   25  2.0357e+12     3.4855    25    24     2.2781
   26  1.8448e+12     3.5930    26    25     2.3597
   27  1.8416e+12     3.5949    27    26     2.4411
   28  1.8228e+12     3.6063    28    27     2.5223
   29  1.0638e+12     4.2396    29    28     2.6034
   30  1.0528e+12     4.2526    30    29     2.6844
   31  1.0338e+12     4.2753    31    30     2.7652
   32  1.0093e+12     4.3056    32    31     2.8459
   33  9.9704e+11     4.3210    33    32     2.9266
   34  9.8909e+11     4.3311    34    33     3.0071
   35  9.8006e+11     4.3427    35    34     3.0876
   36  9.7492e+11     4.3494    36    35     3.1680
   37  8.7946e+11     4.4818    37    36     3.2483
   38  6.2065e+11     4.9515    38    37     3.3285
   39  6.1678e+11     4.9602    39    38     3.4087
   40  5.8595e+11     5.0324    40    39     3.4889
   41  5.8218e+11     5.0415    41    40     3.5689
   42  5.0459e+11     5.2470    42    41     3.6490
   43  4.9181e+11     5.2844    43    42     3.7290
   44  4.1282e+11     5.5456    44    43     3.8089
   45  3.7537e+11     5.6913    45    44     3.8889
   46  3.7255e+11     5.7029    46    45     3.9688
   47  3.2652e+11     5.9099    47    46     4.0486
   48  1.8403e+11     6.8738    48    47     4.1285
   49  1.8331e+11     6.8808    49    48     4.2083
   50  1.7603e+11     6.9530    50    49     4.2881
   51  1.7411e+11     6.9726    51    50     4.3678
   52  1.6850e+11     7.0315    52    51     4.4476
   53  1.6181e+11     7.1048    53    52     4.5273
   54  1.6110e+11     7.1128    54    53     4.6070
   55  1.5898e+11     7.1369    55    54     4.6867
   56  1.5566e+11     7.1756    56    55     4.7664
   57  1.4272e+11     7.3356    57    56     4.8460
   58  1.4040e+11     7.3662    58    57     4.9257
   59  1.3611e+11     7.4243    59    58     5.0053
   60  1.3292e+11     7.4688    60    59     5.0849
   61  1.3067e+11     7.5011    61    60     5.1646
   62  1.2695e+11     7.5558    62    61     5.2442
   63  1.2425e+11     7.5968    63    62     5.3238
   64  1.1602e+11     7.7282    64    63     5.4033
   65  7.8397e+10     8.5126    65    64     5.4829
   66  7.8027e+10     8.5224    66    65     5.5625
   67  7.7414e+10     8.5388    67    66     5.6421
   68  7.5948e+10     8.5785    68    67     5.7216
   69  7.5856e+10     8.5810    69    68     5.8012
   70  7.0343e+10     8.7393    70    69     5.8807
   71  6.8554e+10     8.7938    71    70     5.9602
   72  6.7309e+10     8.8327    72    71     6.0398
   73  6.6683e+10     8.8526    73    72     6.1193
   74  6.5034e+10     8.9061    74    73     6.1988
   75  5.7346e+10     9.1782    75    74     6.2783
   76  3.4277e+10    10.3543    76    75     6.3579
   77  3.4183e+10    10.3609    77    76     6.4374
   78  3.3923e+10    10.3791    78    77     6.5169
   79  3.3860e+10    10.3836    79    78     6.5964
   80  3.3826e+10    10.3859    80    79     6.6759
   81  2.7340e+10    10.9038    81    80     6.7554
   82  2.5757e+10    11.0522    82    81     6.8349
   83  2.5438e+10    11.0834    83    82     6.9143
   84  2.5393e+10    11.0879    84    83     6.9938
   85  2.1024e+10    11.5682    85    84     7.0733
   86  2.0538e+10    11.6287    86    85     7.1528
   87  1.8436e+10    11.9111    87    86     7.2323
   88  1.8407e+10    11.9151    88    87     7.3117
   89  1.8141e+10    11.9537    89    88     7.3912
   90  1.7899e+10    11.9892    90    89     7.4707
   91  1.7764e+10    12.0093    91    90     7.5502
   92  1.7622e+10    12.0305    92    91     7.6296
   93  1.7578e+10    12.0372    93    92     7.7091
   94  1.7494e+10    12.0499    94    93     7.7885
   95  1.7388e+10    12.0661    95    94     7.8680
   96  1.7356e+10    12.0710    96    95     7.9475
   97  1.7082e+10    12.1135    97    96     8.0269
   98  1.5888e+10    12.3080    98    97     8.1064
   99  1.5676e+10    12.3443    99    98     8.1858
  100  1.5671e+10    12.3452   100    99     8.2653
