#indx Mass S step-number desc_indx 
    0  1.0000e+13     2.0577     0    -1     0.0134
    1  9.9046e+12     2.0647     1     0     0.1326
    2  5.4920e+12     2.5304     2     1     0.2441
    3  5.4065e+12     2.5438     3     2     0.3500
    4  5.3315e+12     2.5557     4     3     0.4519
    5  5.2125e+12     2.5751     5     4     0.5506
    6  5.2055e+12     2.5763     6     5     0.6467
    7  4.0865e+12     2.7914     7     6     0.7407
    8  3.7636e+12     2.8675     8     7     0.8330
    9  3.7299e+12     2.8759     9     8     0.9238
   10  3.0949e+12     3.0546    10     9     1.0134
   11  2.9996e+12     3.0853    11    10     1.1018
   12  2.3705e+12     3.3240    12    11     1.1894
   13  2.3593e+12     3.3289    13    12     1.2761
   14  1.7126e+12     3.6757    14    13     1.3621
   15  1.5736e+12     3.7717    15    14     1.4474
   16  1.3099e+12     3.9858    16    15     1.5322
   17  1.2971e+12     3.9976    17    16     1.6165
   18  1.2357e+12     4.0559    18    17     1.7003
   19  1.2207e+12     4.0706    19    18     1.7838
   20  1.2138e+12     4.0775    20    19     1.8669
   21  1.1984e+12     4.0929    21    20     1.9496
   22  1.0049e+12     4.3110    22    21     2.0321
   23  9.7387e+11     4.3508    23    22     2.1143
   24  9.5416e+11     4.3768    24    23     2.1963
   25  9.3420e+11     4.4039    25    24     2.2781
   26  8.0809e+11     4.5927    26    25     2.3597
   27  5.8336e+11     5.0386    27    26     2.4411
   28  5.4168e+11     5.1443    28    27     2.5223
   29  4.9354e+11     5.2793    29    28     2.6034
   30  4.9174e+11     5.2847    30    29     2.6844
   31  3.3439e+11     5.8721    31    30     2.7652
   32  3.1889e+11     5.9476    32    31     2.8459
   33  3.0574e+11     6.0151    33    32     2.9266
   34  3.0540e+11     6.0169    34    33     3.0071
   35  2.1275e+11     6.6200    35    34     3.0876
   36  2.0984e+11     6.6438    36    35     3.1680
   37  1.8198e+11     6.8937    37    36     3.2483
   38  1.7281e+11     6.9861    38    37     3.3285
   39  1.6728e+11     7.0447    39    38     3.4087
   40  1.6048e+11     7.1198    40    39     3.4889
   41  8.0459e+10     8.4590    41    40     3.5689
   42  8.0350e+10     8.4617    42    41     3.6490
   43  7.8166e+10     8.5187    43    42     3.7290
   44  4.3808e+10     9.7809    44    43     3.8089
   45  4.3220e+10     9.8119    45    44     3.8889
   46  4.3196e+10     9.8131    46    45     3.9688
   47  4.3119e+10     9.8172    47    46     4.0486
   48  4.1701e+10     9.8942    48    47     4.1285
   49  3.5410e+10    10.2770    49    48     4.2083
   50  3.5363e+10    10.2801    50    49     4.2881
   51  2.7809e+10    10.8618    51    50     4.3678
   52  2.6373e+10    10.9933    52    51     4.4476
   53  2.5399e+10    11.0872    53    52     4.5273
   54  2.2729e+10    11.3680    54    53     4.6070
   55  2.2677e+10    11.3739    55    54     4.6867
   56  2.2439e+10    11.4008    56    55     4.7664
   57  1.8191e+10    11.9464    57    56     4.8460
   58  1.7843e+10    11.9975    58    57     4.9257
   59  1.7146e+10    12.1035    59    58     5.0053
   60  1.6519e+10    12.2031    60    59     5.0849
   61  1.0429e+10    13.4827    61    60     5.1646
   62  1.0365e+10    13.5004    62    61     5.2442
   63  9.6839e+09    13.6976    63    62     5.3238
   64  8.2193e+09    14.1815    64    63     5.4033
   65  8.1790e+09    14.1962    65    64     5.4829
   66  8.1261e+09    14.2156    66    65     5.5625
   67  8.0476e+09    14.2447    67    66     5.6421
   68  8.0387e+09    14.2480    68    67     5.7216
   69  7.9002e+09    14.3002    69    68     5.8012
   70  7.8906e+09    14.3038    70    69     5.8807
   71  7.0716e+09    14.6359    71    70     5.9602
   72  6.9155e+09    14.7043    72    71     6.0398
   73  6.7835e+09    14.7634    73    72     6.1193
   74  5.3506e+09    15.5059    74    73     6.1988
   75  5.3503e+09    15.5061    75    74     6.2783
   76  5.3342e+09    15.5157    76    75     6.3579
   77  5.2830e+09    15.5464    77    76     6.4374
   78  5.1620e+09    15.6204    78    77     6.5169
   79  5.1386e+09    15.6350    79    78     6.5964
   80  4.4467e+09    16.1030    80    79     6.6759
   81  4.4192e+09    16.1234    81    80     6.7554
   82  4.1504e+09    16.3297    82    81     6.8349
   83  4.0770e+09    16.3887    83    82     6.9143
   84  3.9844e+09    16.4649    84    83     6.9938
   85  3.7038e+09    16.7088    85    84     7.0733
   86  3.4306e+09    16.9674    86    85     7.1528
   87  3.4107e+09    16.9872    87    86     7.2323
   88  3.4073e+09    16.9905    88    87     7.3117
   89  3.3927e+09    17.0052    89    88     7.3912
   90  3.3760e+09    17.0219    90    89     7.4707
   91  3.3740e+09    17.0240    91    90     7.5502
   92  2.5997e+09    17.9273    92    91     7.6296
   93  2.5870e+09    17.9446    93    92     7.7091
   94  2.5728e+09    17.9640    94    93     7.7885
   95  2.5613e+09    17.9798    95    94     7.8680
   96  2.5588e+09    17.9833    96    95     7.9475
   97  2.5559e+09    17.9874    97    96     8.0269
   98  2.5483e+09    17.9978    98    97     8.1064
   99  2.5407e+09    18.0085    99    98     8.1858
  100  2.4929e+09    18.0758   100    99     8.2653
